860 722 1
859 722 1
859 723 1
855 727 1
850 738 1
840 757 1
824 790 1
804 830 1
781 877 1
742 955 1
723 988 1
701 1029 1
673 1075 1
638 1126 1
599 1175 1
565 1212 1
532 1244 1
497 1269 1
459 1288 1
417 1298 1
374 1297 1
335 1284 1
306 1261 1
283 1237 1
269 1211 1
259 1185 1
255 1155 1
255 1120 1
262 1076 1
278 1025 1
298 972 1
320 920 1
340 872 1
371 817 1
410 759 1
442 710 1
469 670 1
498 631 1
527 592 1
560 555 1
602 520 1
650 487 1
699 460 1
742 443 1
775 435 1
804 430 1
828 432 1
850 439 1
871 448 1
890 464 1
907 483 1
923 509 1
934 539 1
941 578 1
944 621 1
941 678 1
933 736 1
922 797 1
905 854 1
885 913 1
860 968 1
835 1018 1
807 1066 1
777 1112 1
742 1162 1
705 1212 1
670 1255 1
639 1286 1
608 1313 1
576 1340 1
542 1367 1
511 1389 1
482 1407 1
451 1419 1
417 1426 1
383 1428 1
350 1422 1
321 1413 1
300 1397 1
284 1377 1
270 1351 1
262 1313 1
257 1267 1
258 1215 1
264 1161 1
276 1105 1
288 1050 1
305 991 1
320 939 1
334 891 1
351 841 1
370 786 1
399 725 1
429 669 1
456 628 1
484 592 1
514 555 1
543 522 1
573 492 1
602 468 1
633 447 1
663 434 1
693 425 1
724 422 1
759 426 1
794 434 1
828 451 1
856 469 1
879 492 1
898 520 1
913 558 1
923 600 1
927 658 1
921 717 1
909 777 1
893 838 1
875 897 1
853 958 1
827 1016 1
797 1071 1
764 1123 1
725 1173 1
684 1220 1
643 1262 1
604 1298 1
567 1331 1
531 1360 1
499 1381 1
468 1399 1
439 1412 1
410 1420 1
387 1424 1
366 1425 1
348 1415 1
330 1395 1
315 1362 1
305 1315 1
300 1263 1
300 1211 1
303 1159 1
311 1106 1
322 1054 1
335 1002 1
347 953 1
358 906 1
370 860 1
385 812 1
405 766 1
424 724 1
444 685 1
467 646 1
492 608 1
519 569 1
548 536 1
576 507 1
605 482 1
639 463 1
675 444 1
707 430 1
735 419 1
761 413 1
790 413 1
819 420 1
849 436 1
875 457 1
890 488 1
901 528 1
907 578 1
906 645 1
898 716 1
887 785 1
873 847 1
855 905 1
835 958 1
813 1011 1
784 1064 1
752 1115 1
719 1160 1
684 1201 1
649 1238 1
613 1271 1
580 1298 1
549 1322 1
520 1344 1
488 1362 1
455 1380 1
420 1400 1
387 1416 1
364 1426 1
346 1431 1
331 1435 1
320 1432 1
310 1425 1
299 1408 1
292 1386 1
288 1353 1
288 1314 1
294 1260 1
303 1197 1
315 1123 1
326 1057 1
337 999 1
349 946 1
365 892 1
386 836 1
405 784 1
422 739 1
439 699 1
461 659 1
486 622 1
510 586 1
535 554 1
563 523 1
594 494 1
626 471 1
656 454 1
681 442 1
701 435 1
716 432 1
730 430 1
744 433 1
758 439 1
775 455 1
794 475 1
813 498 1
833 526 1
853 557 1
870 592 1
885 633 1
893 670 1
899 711 1
901 748 1
903 788 1
896 835 1
884 884 1
867 933 1
847 979 1
822 1024 1
795 1066 1
765 1109 1
731 1152 1
695 1194 1
658 1232 1
624 1260 1
592 1284 1
561 1305 1
527 1327 1
491 1346 1
461 1359 1
435 1367 1
415 1371 1
398 1373 1
386 1373 1
375 1368 1
362 1355 1
347 1334 1
330 1300 1
316 1261 1
306 1217 1
299 1173 1
299 1113 1
303 1061 1
314 1011 1
330 963 1
349 916 1
373 869 1
398 823 1
426 776 1
459 729 1
492 685 1
526 643 1
556 603 1
590 565 1
622 528 1
655 491 1
685 460 1
716 431 1
744 409 1
772 395 1
792 390 1
809 388 1
823 395 1
836 408 1
852 431 1
872 472 1
892 525 1
908 584 1
918 644 1
920 701 1
921 756 1
916 810 1
910 864 1
899 917 1
881 967 1
858 1018 1
827 1066 1
794 1110 1
761 1151 1
726 1189 1
692 1222 1
656 1251 1
620 1276 1
584 1296 1
547 1318 1
509 1336 1
474 1350 1
438 1359 1
404 1364 1
375 1366 1
349 1365 1
325 1359 1
302 1343 1
280 1322 1
265 1295 1
253 1265 1
246 1232 1
242 1189 1
242 1138 1
249 1080 1
261 1021 1
278 966 1
296 916 1
316 871 1
340 821 1
370 769 1
406 719 1
443 674 1
480 635 1
516 600 1
547 570 1
579 540 1
612 513 1
649 486 1
685 462 1
723 445 1
760 429 1
790 420 1
816 412 1
837 411 1
854 413 1
868 417 1
880 428 1
891 444 1
899 473 1
906 512 1
909 564 1
910 622 1
904 684 1
897 747 1
887 811 1
872 873 1
853 935 1
833 993 1
809 1050 1
782 1104 1
752 1154 1
723 1199 1
691 1237 1
659 1270 1
626 1299 1
595 1323 1
561 1341 1
529 1351 1
497 1359 1
468 1363 1
440 1366 1
417 1367 1
398 1367 1
385 1363 1
372 1353 1
359 1338 1
346 1313 1
334 1286 1
326 1260 1
319 1234 1
315 1207 1
313 1173 1
313 1124 1
317 1068 1
324 1013 1
335 962 1
348 911 1
364 861 1
384 808 1
408 760 1
434 710 1
467 662 1
499 618 1
528 577 1
557 543 1
589 510 1
623 483 1
656 459 1
686 443 1
715 428 1
743 417 1
769 412 1
791 409 1
806 414 1
820 422 1
836 445 1
851 476 1
863 521 1
869 569 1
872 617 1
868 664 1
864 712 1
856 761 1
849 810 1
836 859 1
821 909 1
802 960 1
778 1014 1
753 1068 1
726 1121 1
695 1172 1
662 1217 1
629 1257 1
599 1283 1
570 1308 1
541 1331 1
511 1350 1
481 1364 1
455 1374 1
428 1380 1
407 1383 1
386 1382 1
368 1375 1
348 1357 1
331 1334 1
319 1300 1
309 1262 1
307 1210 1
308 1147 1
319 1070 1
332 999 1
346 935 1
362 882 1
376 833 1
396 786 1
415 740 1
435 700 1
457 664 1
482 626 1
513 588 1
544 555 1
578 527 1
612 499 1
645 475 1
676 450 1
709 429 1
744 412 1
779 400 1
811 397 1
840 400 1
861 414 1
880 433 1
894 462 1
904 497 1
914 540 1
918 592 1
915 649 1
905 706 1
894 763 1
879 816 1
864 869 1
840 920 1
813 971 1
783 1020 1
754 1069 1
726 1118 1
687 1169 1
645 1219 1
606 1258 1
567 1294 1
529 1326 1
492 1350 1
459 1368 1
428 1378 1
401 1384 1
380 1381 1
362 1373 1
345 1357 1
329 1328 1
316 1289 1
305 1242 1
295 1187 1
293 1122 1
294 1054 1
304 996 1
315 943 1
327 895 1
347 846 1
374 789 1
406 730 1
436 681 1
468 641 1
503 601 1
538 564 1
579 531 1
620 499 1
658 474 1
696 454 1
728 441 1
755 432 1
774 427 1
792 427 1
807 430 1
822 436 1
836 448 1
848 466 1
861 488 1
869 517 1
876 555 1
878 597 1
876 646 1
872 695 1
863 744 1
853 796 1
834 853 1
810 912 1
778 973 1
748 1032 1
717 1094 1
681 1157 1
644 1214 1
614 1259 1
587 1297 1
559 1330 1
530 1360 1
501 1384 1
476 1402 1
449 1414 1
427 1421 1
405 1423 1
382 1417 1
359 1403 1
337 1381 1
319 1347 1
306 1309 1
298 1260 1
293 1210 1
294 1158 1
297 1106 1
304 1053 1
316 995 1
331 934 1
348 874 1
368 817 1
394 768 1
421 721 1
450 677 1
480 633 1
506 591 1
531 556 1
553 524 1
576 497 1
598 473 1
619 453 1
641 437 1
660 425 1
675 418 1
688 414 1
704 413 1
722 415 1
743 421 1
767 430 1
787 444 1
808 460 1
828 477 1
843 493 1
856 509 1
866 529 1
876 550 1
886 578 1
894 609 1
900 645 1
901 684 1
898 726 1
890 773 1
879 821 1
861 870 1
841 920 1
818 966 1
792 1012 1
764 1058 1
732 1105 1
700 1150 1
666 1191 1
629 1233 1
587 1270 1
549 1303 1
516 1330 1
482 1349 1
451 1364 1
420 1374 1
391 1383 1
363 1389 1
339 1391 1
320 1389 1
304 1383 1
290 1372 1
276 1354 1
267 1331 1
259 1297 1
257 1254 1
260 1185 1
271 1107 1
289 1021 1
307 952 1
323 896 1
341 849 1
364 797 1
396 738 1
434 680 1
474 627 1
509 583 1
540 547 1
576 520 1
619 494 1
663 473 1
706 457 1
743 451 1
771 452 1
794 457 1
817 469 1
841 486 1
866 507 1
890 531 1
910 555 1
926 583 1
937 614 1
943 653 1
945 698 1
938 749 1
926 802 1
906 854 1
882 907 1
853 961 1
825 1013 1
795 1064 1
761 1112 1
728 1157 1
696 1195 1
667 1225 1
640 1252 1
611 1275 1
582 1295 1
552 1317 1
523 1336 1
491 1352 1
460 1366 1
428 1377 1
399 1386 1
371 1392 1
348 1393 1
329 1391 1
315 1383 1
303 1373 1
292 1351 1
283 1321 1
279 1279 1
276 1227 1
274 1173 1
276 1122 1
282 1079 1
292 1039 1
306 995 1
323 942 1
342 888 1
361 838 1
382 794 1
404 753 1
431 711 1
463 667 1
498 626 1
529 589 1
560 559 1
592 535 1
625 514 1
658 498 1
687 487 1
717 481 1
747 482 1
778 491 1
811 504 1
840 524 1
865 551 1
886 583 1
902 623 1
915 669 1
919 724 1
915 780 1
902 835 1
883 891 1
858 947 1
826 1006 1
793 1063 1
760 1117 1
727 1168 1
695 1209 1
665 1246 1
633 1277 1
600 1307 1
568 1333 1
540 1353 1
515 1371 1
491 1383 1
464 1391 1
432 1390 1
401 1384 1
374 1373 1
345 1352 1
321 1324 1
305 1287 1
294 1245 1
288 1199 1
287 1157 1
289 1116 1
297 1077 1
311 1037 1
330 993 1
353 948 1
378 900 1
408 851 1
439 804 1
471 757 1
500 713 1
523 674 1
546 638 1
565 611 1
584 584 1
603 559 1
621 537 1
640 515 1
659 496 1
676 481 1
692 472 1
715 465 1
735 467 1
763 475 1
798 494 1
827 516 1
852 541 1
868 566 1
881 593 1
891 626 1
899 663 1
904 707 1
905 753 1
903 802 1
894 852 1
878 904 1
857 954 1
832 1002 1
800 1047 1
766 1093 1
732 1136 1
699 1174 1
666 1209 1
636 1239 1
609 1266 1
584 1288 1
559 1311 1
533 1333 1
511 1348 1
489 1360 1
469 1366 1
449 1371 1
429 1371 1
409 1366 1
387 1353 1
361 1330 1
336 1288 1
314 1239 1
298 1184 1
293 1125 1
294 1068 1
304 1018 1
316 970 1
333 925 1
353 878 1
376 830 1
401 787 1
426 744 1
455 694 1
488 636 1
516 579 1
539 532 1
559 494 1
574 466 1
590 441 1
605 422 1
622 407 1
643 398 1
664 392 1
692 393 1
723 402 1
753 417 1
778 435 1
800 458 1
821 489 1
840 523 1
859 560 1
873 598 1
882 636 1
887 678 1
890 720 1
891 761 1
889 798 1
884 834 1
875 869 1
858 908 1
840 950 1
818 994 1
792 1040 1
765 1085 1
736 1128 1
710 1167 1
685 1197 1
661 1226 1
637 1250 1
610 1272 1
584 1293 1
558 1313 1
533 1332 1
509 1347 1
485 1355 1
464 1362 1
446 1364 1
431 1362 1
412 1352 1
392 1329 1
372 1287 1
355 1239 1
344 1193 1
338 1149 1
338 1105 1
344 1058 1
357 1003 1
375 943 1
394 887 1
415 843 1
434 802 1
454 762 1
475 724 1
500 685 1
525 649 1
550 615 1
571 586 1
593 562 1
615 540 1
637 523 1
661 510 1
686 502 1
711 497 1
733 497 1
756 502 1
777 512 1
800 528 1
821 546 1
840 570 1
856 597 1
867 628 1
875 662 1
879 699 1
881 741 1
876 790 1
868 844 1
854 898 1
834 951 1
813 1002 1
788 1055 1
761 1107 1
725 1158 1
690 1205 1
656 1247 1
623 1282 1
592 1316 1
565 1342 1
538 1364 1
509 1381 1
482 1395 1
452 1400 1
426 1398 1
400 1388 1
377 1369 1
356 1343 1
338 1308 1
326 1269 1
318 1220 1
314 1165 1
314 1107 1
317 1050 1
323 998 1
333 954 1
343 912 1
356 871 1
373 831 1
399 788 1
425 747 1
450 710 1
474 677 1
499 646 1
523 619 1
547 595 1
572 574 1
598 553 1
629 536 1
663 521 1
694 507 1
721 497 1
745 487 1
767 483 1
788 481 1
807 482 1
821 489 1
832 499 1
842 518 1
852 544 1
859 583 1
865 626 1
868 678 1
865 729 1
859 779 1
849 832 1
835 886 1
814 942 1
788 999 1
756 1058 1
724 1114 1
686 1166 1
646 1213 1
606 1254 1
568 1289 1
532 1322 1
499 1350 1
469 1370 1
445 1386 1
427 1397 1
410 1405 1
394 1407 1
377 1406 1
356 1397 1
335 1381 1
312 1352 1
292 1317 1
277 1268 1
267 1212 1
260 1152 1
260 1091 1
264 1030 1
274 973 1
285 916 1
297 864 1
311 816 1
327 771 1
348 729 1
371 692 1
401 655 1
432 619 1
463 592 1
492 568 1
514 553 1
536 543 1
563 535 1
601 531 1
645 533 1
685 542 1
715 553 1
738 568 1
760 584 1
780 603 1
799 625 1
816 647 1
826 673 1
833 700 1
832 737 1
827 778 1
819 824 1
804 871 1
788 916 1
768 958 1
744 1002 1
716 1048 1
688 1095 1
658 1144 1
630 1187 1
604 1221 1
582 1249 1
557 1276 1
531 1307 1
502 1336 1
475 1359 1
448 1379 1
424 1394 1
402 1401 1
383 1404 1
365 1395 1
345 1376 1
326 1338 1
311 1288 1
307 1227 1
307 1165 1
311 1107 1
320 1054 1
332 1002 1
347 951 1
364 893 1
388 832 1
411 778 1
431 735 1
455 694 1
478 659 1
499 634 1
518 613 1
539 597 1
564 581 1
601 560 1
644 541 1
685 527 1
718 519 1
746 515 1
773 520 1
803 531 1
833 552 1
860 579 1
879 611 1
891 651 1
898 696 1
900 745 1
899 794 1
893 842 1
883 889 1
866 934 1
848 975 1
824 1014 1
796 1055 1
767 1095 1
737 1135 1
706 1172 1
674 1206 1
643 1237 1
612 1264 1
586 1286 1
563 1306 1
541 1324 1
518 1342 1
494 1358 1
470 1372 1
448 1383 1
428 1391 1
410 1396 1
396 1397 1
384 1394 1
372 1383 1
360 1361 1
348 1316 1
339 1259 1
340 1180 1
346 1096 1
354 1014 1
361 947 1
368 890 1
374 849 1
383 809 1
401 770 1
423 729 1
452 683 1
479 645 1
509 610 1
537 579 1
569 552 1
603 530 1
641 510 1
674 495 1
704 485 1
726 479 1
740 479 1
751 480 1
760 485 1
769 491 1
777 504 1
783 523 1
789 550 1
795 587 1
802 628 1
808 673 1
813 717 1
814 760 1
813 801 1
809 845 1
803 889 1
794 935 1
779 981 1
762 1026 1
739 1070 1
713 1115 1
678 1158 1
641 1200 1
607 1235 1
577 1260 1
545 1283 1
519 1295 1
491 1307 1
465 1314 1
444 1318 1
429 1320 1
415 1318 1
404 1315 1
391 1304 1
377 1288 1
361 1254 1
347 1205 1
340 1146 1
343 1080 1
352 1018 1
363 963 1
376 909 1
392 854 1
409 799 1
428 746 1
445 705 1
458 674 1
473 649 1
491 626 1
512 603 1
535 576 1
562 552 1
588 534 1
612 519 1
633 510 1
649 503 1
665 503 1
680 504 1
699 510 1
720 519 1
743 531 1
768 547 1
789 563 1
807 583 1
823 608 1
834 635 1
843 666 1
849 700 1
852 735 1
853 774 1
848 816 1
843 859 1
831 903 1
817 944 1
798 985 1
778 1026 1
752 1070 1
724 1112 1
696 1150 1
668 1183 1
643 1212 1
619 1237 1
597 1259 1
578 1275 1
561 1289 1
545 1301 1
527 1313 1
507 1324 1
484 1330 1
459 1334 1
431 1329 1
401 1319 1
372 1290 1
347 1250 1
327 1201 1
317 1145 1
310 1089 1
310 1040 1
312 996 1
319 955 1
328 911 1
342 869 1
354 830 1
368 795 1
383 761 1
401 726 1
423 688 1
451 646 1
481 600 1
509 561 1
535 531 1
562 503 1
594 472 1
637 437 1
679 404 1
711 386 1
735 374 1
751 376 1
764 383 1
777 396 1
791 417 1
806 446 1
823 483 1
840 523 1
854 566 1
867 608 1
873 650 1
876 691 1
878 735 1
875 782 1
868 830 1
853 879 1
836 927 1
815 974 1
791 1023 1
767 1072 1
743 1118 1
716 1162 1
686 1202 1
653 1238 1
621 1265 1
592 1287 1
564 1307 1
537 1325 1
510 1340 1
485 1349 1
460 1354 1
438 1355 1
418 1356 1
400 1353 1
384 1345 1
367 1331 1
347 1307 1
330 1276 1
319 1238 1
313 1202 1
312 1168 1
314 1133 1
320 1095 1
331 1051 1
345 1006 1
362 963 1
380 918 1
401 873 1
421 823 1
445 769 1
470 710 1
502 648 1
536 593 1
566 551 1
592 524 1
614 502 1
636 487 1
658 475 1
680 466 1
703 461 1
723 458 1
744 460 1
764 468 1
785 485 1
804 504 1
820 528 1
832 554 1
843 582 1
854 618 1
863 656 1
870 697 1
875 738 1
876 774 1
877 806 1
872 843 1
864 884 1
853 924 1
840 963 1
828 999 1
815 1037 1
803 1072 1
788 1109 1
772 1144 1
752 1178 1
729 1208 1
702 1236 1
674 1256 1
645 1272 1
614 1283 1
579 1293 1
545 1300 1
517 1304 1
493 1306 1
473 1304 1
454 1299 1
438 1292 1
421 1278 1
405 1257 1
388 1230 1
373 1200 1
363 1163 1
358 1121 1
361 1074 1
367 1028 1
377 981 1
391 936 1
406 890 1
422 846 1
438 805 1
459 760 1
484 715 1
513 673 1
538 638 1
559 614 1
580 595 1
602 577 1
629 561 1
657 547 1
684 536 1
709 528 1
732 525 1
755 523 1
781 524 1
804 527 1
827 535 1
848 547 1
867 561 1
883 577 1
898 594 1
910 613 1
919 637 1
926 666 1
929 701 1
928 738 1
922 782 1
910 828 1
890 879 1
864 929 1
835 976 1
803 1022 1
770 1068 1
737 1112 1
703 1154 1
668 1193 1
635 1229 1
603 1263 1
572 1295 1
542 1325 1
517 1346 1
493 1361 1
476 1371 1
461 1377 1
449 1379 1
438 1379 1
423 1369 1
405 1349 1
385 1314 1
367 1265 1
354 1214 1
344 1159 1
338 1102 1
336 1042 1
337 990 1
339 942 1
343 899 1
351 857 1
364 810 1
379 762 1
401 713 1
426 668 1
451 630 1
476 595 1
502 564 1
531 534 1
568 503 1
611 472 1
652 444 1
686 424 1
711 411 1
735 402 1
759 400 1
785 402 1
812 411 1
837 426 1
856 450 1
873 480 1
883 518 1
888 562 1
892 610 1
888 662 1
881 715 1
870 767 1
861 813 1
848 857 1
834 897 1
812 943 1
790 988 1
767 1032 1
745 1071 1
724 1106 1
695 1142 1
666 1176 1
634 1204 1
603 1231 1
574 1256 1
549 1273 1
527 1289 1
504 1303 1
480 1317 1
459 1327 1
439 1334 1
422 1336 1
407 1331 1
390 1321 1
374 1302 1
359 1278 1
350 1252 1
342 1225 1
338 1196 1
341 1159 1
346 1115 1
358 1060 1
373 1003 1
389 945 1
406 893 1
423 849 1
439 809 1
457 773 1
477 739 1
498 706 1
524 675 1
547 650 1
568 629 1
587 613 1
607 598 1
630 583 1
660 563 1
691 544 1
719 526 1
745 514 1
770 506 1
790 502 1
810 502 1
827 504 1
843 512 1
860 525 1
876 547 1
889 573 1
897 605 1
903 641 1
903 681 1
900 722 1
894 765 1
884 814 1
866 865 1
844 918 1
820 966 1
793 1012 1
767 1055 1
740 1097 1
710 1135 1
675 1171 1
635 1203 1
594 1232 1
556 1257 1
521 1280 1
490 1298 1
457 1316 1
426 1330 1
397 1340 1
370 1345 1
349 1348 1
332 1348 1
314 1340 1
297 1328 1
283 1306 1
271 1280 1
262 1253 1
256 1222 1
252 1192 1
252 1160 1
254 1127 1
262 1091 1
273 1054 1
285 1018 1
298 978 1
312 938 1
330 896 1
349 857 1
374 816 1
404 773 1
432 732 1
461 694 1
491 657 1
523 622 1
551 588 1
579 556 1
609 526 1
640 497 1
670 473 1
697 456 1
722 444 1
742 437 1
759 436 1
774 438 1
791 449 1
808 467 1
824 497 1
836 536 1
845 584 1
848 639 1
845 694 1
838 746 1
828 797 1
813 845 1
793 892 1
768 939 1
741 983 1
715 1024 1
686 1062 1
656 1100 1
624 1138 1
591 1175 1
561 1207 1
531 1236 1
501 1258 1
471 1276 1
444 1289 1
420 1298 1
398 1302 1
378 1303 1
359 1301 1
345 1293 1
330 1278 1
319 1257 1
309 1227 1
303 1193 1
300 1159 1
300 1126 1
302 1094 1
309 1060 1
317 1026 1
329 988 1
340 952 1
350 920 1
358 891 1
365 867 1
373 845 1
384 821 1
398 795 1
412 769 1
428 742 1
442 719 1
458 698 1
476 674 1
523 617 1
554 583 1
586 548 1
620 516 1
652 488 1
680 465 1
699 450 1
715 440 1
731 436 1
748 433 1
765 438 1
783 449 1
802 467 1
818 491 1
833 521 1
844 560 1
850 606 1
851 654 1
847 702 1
842 746 1
833 789 1
819 830 1
800 871 1
777 914 1
750 957 1
723 1001 1
691 1050 1
655 1099 1
619 1145 1
587 1186 1
557 1221 1
530 1250 1
505 1275 1
483 1292 1
464 1306 1
446 1320 1
426 1330 1
407 1337 1
387 1337 1
363 1331 1
342 1314 1
324 1290 1
309 1251 1
300 1206 1
296 1156 1
297 1112 1
302 1069 1
311 1029 1
323 988 1
340 947 1
358 902 1
376 860 1
394 820 1
410 785 1
426 753 1
445 722 1
464 692 1
488 658 1
513 625 1
537 594 1
560 564 1
585 539 1
634 489 1
657 471 1
679 454 1
698 441 1
714 431 1
727 425 1
736 421 1
743 421 1
749 422 1
755 425 1
765 436 1
780 453 1
799 480 1
819 512 1
837 546 1
851 581 1
863 619 1
869 659 1
873 697 1
873 737 1
868 776 1
857 814 1
843 852 1
824 886 1
801 921 1
775 957 1
720 1028 1
693 1063 1
666 1098 1
637 1131 1
609 1162 1
586 1188 1
565 1209 1
547 1226 1
528 1243 1
509 1258 1
490 1269 1
451 1281 1
431 1282 1
409 1276 1
387 1262 1
367 1242 1
353 1213 1
343 1181 1
339 1142 1
340 1098 1
347 1052 1
373 961 1
389 921 1
406 884 1
424 846 1
444 809 1
465 767 1
487 723 1
510 679 1
532 642 1
550 614 1
575 574 1
585 561 1
597 547 1
612 533 1
629 518 1
646 502 1
663 489 1
678 479 1
693 471 1
709 466 1
726 461 1
744 459 1
764 459 1
784 464 1
803 474 1
818 486 1
831 506 1
844 534 1
855 569 1
867 614 1
874 665 1
876 719 1
877 773 1
869 827 1
856 882 1
839 937 1
815 990 1
785 1044 1
751 1099 1
717 1150 1
681 1194 1
647 1231 1
614 1263 1
586 1286 1
559 1307 1
534 1324 1
510 1337 1
460 1355 1
436 1361 1
413 1366 1
391 1369 1
368 1366 1
346 1356 1
325 1335 1
310 1302 1
299 1260 1
297 1212 1
300 1161 1
310 1107 1
342 999 1
356 953 1
371 911 1
389 867 1
410 817 1
432 764 1
453 713 1
471 670 1
511 598 1
533 567 1
558 540 1
587 515 1
619 493 1
652 476 1
679 465 1
700 459 1
720 457 1
743 461 1
768 470 1
792 482 1
811 499 1
824 519 1
834 543 1
841 571 1
845 607 1
848 647 1
846 687 1
843 728 1
837 766 1
828 803 1
816 838 1
799 877 1
777 919 1
751 966 1
725 1014 1
699 1062 1
673 1110 1
643 1156 1
588 1230 1
569 1253 1
552 1271 1
538 1284 1
525 1294 1
511 1303 1
495 1312 1
478 1318 1
461 1322 1
442 1321 1
420 1316 1
396 1304 1
372 1284 1
337 1230 1
326 1192 1
319 1148 1
315 1103 1
316 1062 1
320 1029 1
327 1001 1
343 954 1
354 928 1
366 895 1
379 861 1
393 822 1
409 783 1
425 747 1
443 713 1
463 679 1
486 647 1
506 620 1
522 598 1
536 581 1
551 566 1
570 553 1
622 532 1
653 525 1
682 522 1
708 522 1
732 527 1
756 536 1
780 550 1
801 568 1
836 616 1
850 645 1
859 680 1
863 715 1
861 754 1
855 793 1
847 834 1
834 878 1
817 925 1
796 970 1
773 1014 1
750 1058 1
725 1101 1
703 1140 1
680 1175 1
657 1205 1
632 1235 1
607 1261 1
581 1284 1
556 1305 1
536 1323 1
516 1337 1
495 1347 1
475 1352 1
440 1345 1
422 1330 1
403 1301 1
385 1261 1
374 1215 1
376 1096 1
388 1035 1
400 978 1
415 921 1
433 862 1
452 800 1
473 743 1
495 693 1
521 650 1
544 617 1
567 587 1
592 560 1
622 531 1
654 504 1
685 484 1
732 470 1
753 474 1
774 484 1
796 500 1
837 550 1
853 585 1
865 625 1
873 671 1
877 719 1
871 815 1
856 868 1
835 926 1
806 984 1
772 1045 1
696 1159 1
659 1209 1
623 1247 1
593 1274 1
566 1294 1
518 1323 1
495 1329 1
472 1331 1
450 1328 1
429 1319 1
391 1289 1
380 1273 1
380 1273 1
356 1226 1
342 1181 1
337 1152 1
336 1111 0
361 988 1
385 921 1
411 857 1
435 797 1
457 747 1
479 704 1
525 629 1
548 596 1
574 562 1
604 530 1
656 483 1
677 469 1
696 461 1
714 457 1
732 457 1
774 475 1
800 493 1
827 514 1
851 541 1
872 570 1
900 633 1
907 672 1
910 712 1
908 755 1
901 801 1
866 900 1
842 951 1
814 1001 1
782 1053 1
747 1105 1
711 1158 1
641 1252 1
613 1287 1
589 1320 1
587 1324 1
587 1324 0
