660 1042 1
660 1042 1
660 1042 1
660 1042 1
660 1042 1
660 1042 1
660 1042 1
660 1042 1
660 1042 1
660 1042 1
660 1042 1
660 1042 1
660 1042 1
660 1042 1
660 1042 1
660 1042 1
660 1042 1
660 1042 1
660 1042 1
659 1041 1
659 1039 1
659 1037 1
659 1036 1
659 1034 1
659 1034 1
659 1032 1
660 1030 1
661 1030 1
662 1030 1
663 1030 1
665 1030 1
668 1031 1
671 1033 1
677 1039 1
682 1046 1
685 1054 1
687 1062 1
688 1071 1
687 1079 1
684 1089 1
679 1098 1
673 1106 1
661 1114 1
647 1122 1
634 1124 1
619 1125 1
605 1122 1
591 1116 1
576 1107 1
564 1097 1
555 1085 1
546 1071 1
541 1054 1
539 1038 1
537 1023 1
542 1007 1
548 992 1
555 979 1
565 968 1
577 959 1
589 952 1
603 946 1
620 943 1
640 941 1
660 944 1
680 949 1
700 958 1
719 971 1
735 985 1
749 999 1
760 1013 1
768 1029 1
776 1046 1
780 1063 1
783 1081 1
784 1099 1
782 1115 1
778 1132 1
770 1154 1
762 1168 1
751 1182 1
739 1195 1
727 1205 1
712 1215 1
696 1224 1
679 1232 1
662 1237 1
644 1241 1
624 1244 1
604 1244 1
585 1242 1
567 1238 1
550 1234 1
534 1228 1
519 1219 1
506 1210 1
493 1198 1
481 1184 1
469 1169 1
457 1152 1
446 1133 1
437 1114 1
431 1093 1
426 1073 1
424 1053 1
425 1035 1
428 1016 1
433 997 1
439 979 1
445 963 1
451 948 1
458 936 1
466 924 1
474 913 1
483 901 1
492 888 1
501 880 1
512 871 1
523 862 1
535 855 1
548 848 1
561 842 1
574 838 1
587 836 1
601 834 1
616 835 1
632 838 1
649 843 1
669 850 1
690 859 1
710 868 1
727 879 1
743 890 1
758 901 1
767 909 1
778 919 1
788 928 1
799 939 1
810 951 1
820 965 1
829 977 1
837 990 1
845 1005 1
852 1022 1
859 1041 1
866 1058 1
872 1077 1
878 1096 1
881 1113 1
884 1128 1
885 1145 1
887 1159 1
888 1171 1
887 1181 1
885 1191 1
884 1198 1
882 1206 1
879 1216 1
876 1227 1
870 1240 1
862 1253 1
854 1265 1
845 1277 1
836 1289 1
825 1302 1
812 1315 1
800 1327 1
786 1338 1
774 1345 1
760 1353 1
743 1360 1
724 1367 1
703 1373 1
684 1379 1
667 1384 1
649 1385 1
631 1386 1
613 1385 1
595 1383 1
579 1379 1
564 1374 1
550 1370 1
533 1362 1
513 1353 1
491 1341 1
470 1326 1
453 1315 1
436 1303 1
422 1289 1
409 1273 1
396 1256 1
385 1237 1
374 1216 1
365 1194 1
357 1174 1
350 1151 1
347 1128 1
345 1104 1
345 1080 1
347 1057 1
350 1037 1
355 1018 1
357 999 1
361 980 1
365 959 1
368 939 1
373 920 1
378 900 1
382 881 1
387 864 1
393 849 1
400 832 1
407 817 1
414 802 1
421 787 1
429 776 1
436 765 1
444 757 1
452 750 1
460 745 1
468 741 1
477 736 1
486 732 1
497 729 1
510 725 1
523 723 1
537 720 1
551 719 1
565 719 1
578 721 1
593 722 1
607 724 1
622 725 1
636 728 1
649 730 1
663 735 1
676 738 1
689 744 1
702 750 1
716 757 1
728 763 1
739 771 1
748 778 1
757 784 1
765 790 1
771 797 1
781 805 1
790 815 1
800 825 1
810 836 1
820 848 1
830 859 1
839 873 1
848 885 1
859 900 1
868 912 1
876 925 1
884 938 1
891 952 1
897 965 1
903 979 1
907 990 1
912 1001 1
916 1012 1
919 1023 1
923 1033 1
925 1043 1
928 1052 1
931 1063 1
934 1073 1
936 1085 1
940 1096 1
942 1107 1
944 1118 1
946 1126 1
947 1135 1
949 1143 1
951 1154 1
953 1165 1
955 1175 1
956 1185 1
957 1194 1
958 1206 1
958 1217 1
958 1226 1
958 1237 1
957 1246 1
955 1255 1
953 1263 1
952 1270 1
949 1279 1
945 1289 1
939 1300 1
932 1313 1
924 1325 1
914 1338 1
904 1350 1
894 1364 1
882 1377 1
869 1390 1
860 1399 1
850 1409 1
843 1414 1
834 1420 1
823 1426 1
812 1431 1
802 1437 1
792 1442 1
779 1447 1
766 1453 1
753 1456 1
738 1460 1
721 1464 1
704 1467 1
685 1468 1
662 1469 1
638 1467 1
613 1464 1
590 1461 1
568 1458 1
547 1452 1
529 1446 1
511 1439 1
493 1432 1
474 1422 1
456 1411 1
437 1398 1
418 1385 1
396 1368 1
375 1348 1
353 1325 1
332 1302 1
313 1279 1
294 1255 1
280 1232 1
266 1209 1
256 1186 1
247 1162 1
241 1139 1
235 1118 1
231 1096 1
228 1074 1
226 1050 1
225 1023 1
223 995 1
223 967 1
223 940 1
223 915 1
224 890 1
226 867 1
230 843 1
235 819 1
242 795 1
249 773 1
259 750 1
271 729 1
282 709 1
296 690 1
312 672 1
328 656 1
344 639 1
361 624 1
380 610 1
399 600 1
416 591 1
432 584 1
448 578 1
464 573 1
480 570 1
499 570 1
520 570 1
542 573 1
566 579 1
591 587 1
613 595 1
637 604 1
662 614 1
685 626 1
706 637 1
726 648 1
745 660 1
763 672 1
783 687 1
800 701 1
814 711 1
828 722 1
840 733 1
854 746 1
866 759 1
877 770 1
886 780 1
895 789 1
903 799 1
911 810 1
921 822 1
929 836 1
937 848 1
945 861 1
951 873 1
958 886 1
965 898 1
970 911 1
976 923 1
982 937 1
986 950 1
991 963 1
995 977 1
998 990 1
1001 1004 1
1004 1017 1
1009 1031 1
1011 1046 1
1015 1061 1
1018 1076 1
1019 1091 1
1021 1106 1
1021 1116 1
1022 1126 1
1022 1135 1
1023 1145 1
1023 1155 1
1023 1165 1
1023 1176 1
1023 1185 1
1023 1195 1
1023 1204 1
1023 1213 1
1023 1226 1
1022 1237 1
1022 1249 1
1022 1259 1
1020 1270 1
1021 1281 1
1019 1294 1
1018 1308 1
1017 1320 1
1015 1331 1
1015 1343 1
1013 1354 1
1011 1366 1
1008 1379 1
1005 1389 1
1002 1399 1
997 1407 1
994 1415 1
989 1424 1
984 1433 1
977 1441 1
969 1451 1
961 1460 1
953 1468 1
943 1478 1
932 1488 1
917 1499 1
902 1510 1
886 1523 1
870 1535 1
852 1545 1
835 1554 1
818 1562 1
802 1567 1
788 1572 1
772 1576 1
753 1579 1
731 1584 1
706 1587 1
678 1589 1
652 1593 1
626 1592 1
602 1590 1
579 1587 1
558 1584 1
538 1581 1
517 1574 1
496 1565 1
475 1554 1
454 1540 1
430 1523 1
406 1506 1
382 1487 1
355 1468 1
327 1446 1
299 1420 1
270 1391 1
243 1360 1
216 1329 1
195 1297 1
175 1265 1
158 1234 1
142 1204 1
129 1176 1
119 1149 1
112 1129 1
108 1114 1
105 1105 1
102 1098 1
101 1094 1
101 1090 1
101 1091 0
