73 1243 1
73 1242 1
75 1239 1
86 1233 1
104 1221 1
133 1199 1
167 1175 1
206 1148 1
259 1110 1
312 1070 1
359 1035 1
407 997 1
457 954 1
502 913 1
537 870 1
564 829 1
579 789 1
585 759 1
581 737 1
565 717 1
540 701 1
505 693 1
467 694 1
429 703 1
398 715 1
368 738 1
340 766 1
317 799 1
302 831 1
293 861 1
294 893 1
300 926 1
314 960 1
333 996 1
354 1030 1
378 1064 1
400 1098 1
417 1133 1
430 1161 1
436 1183 1
439 1201 1
437 1216 1
431 1234 1
413 1259 1
387 1283 1
354 1304 1
312 1314 1
269 1318 1
228 1313 1
191 1304 1
167 1291 1
149 1275 1
137 1258 1
131 1245 1
127 1234 1
127 1224 1
129 1214 1
129 1217 0
441 1311 1
442 1306 1
448 1294 1
457 1276 1
475 1250 1
496 1215 1
524 1171 1
570 1098 1
617 1026 1
649 976 1
677 932 1
701 892 1
721 856 1
729 832 1
732 814 1
728 804 1
717 799 1
700 799 1
673 808 1
640 831 1
608 862 1
583 891 1
566 914 1
554 937 1
549 962 1
551 992 1
561 1025 1
584 1061 1
611 1095 1
637 1125 1
660 1152 1
675 1176 1
686 1199 1
690 1222 1
689 1246 1
684 1269 1
661 1293 1
636 1313 1
611 1325 1
586 1331 1
553 1328 1
523 1314 1
504 1285 1
493 1250 1
489 1217 1
492 1193 1
499 1173 1
508 1162 1
505 1167 0
578 1529 1
585 1516 1
605 1487 1
634 1446 1
671 1391 1
730 1306 1
795 1216 1
846 1143 1
884 1085 1
906 1050 1
927 1021 1
944 992 1
960 962 1
965 936 1
962 917 1
950 905 1
923 899 1
887 902 1
848 916 1
815 933 1
793 954 1
777 979 1
769 1007 1
770 1040 1
779 1074 1
800 1116 1
827 1160 1
856 1199 1
881 1236 1
895 1267 1
899 1299 1
897 1332 1
890 1362 1
877 1389 1
856 1413 1
832 1431 1
803 1443 1
772 1449 1
742 1447 1
716 1433 1
697 1410 1
694 1369 1
713 1319 1
745 1278 1
776 1238 1
769 1249 0
