944 475 1
944 475 1
944 475 1
944 475 1
945 481 1
949 497 1
956 522 1
968 559 1
979 602 1
993 649 1
1007 717 1
1014 758 1
1015 791 1
1017 823 1
1016 853 1
1011 879 1
994 902 1
971 921 1
944 937 1
910 947 1
878 954 1
848 956 1
826 954 1
810 951 1
799 941 1
794 930 1
793 918 1
794 907 1
797 897 1
807 891 1
819 890 1
832 893 1
847 903 1
867 922 1
888 949 1
905 982 1
918 1016 1
926 1053 1
931 1097 1
925 1147 1
912 1190 1
897 1224 1
881 1251 1
870 1268 1
864 1274 1
861 1279 1
859 1280 1
857 1282 1
858 1283 1
858 1283 0
554 760 1
554 760 1
554 760 1
554 760 1
560 766 1
567 777 1
583 797 1
602 825 1
631 861 1
660 896 1
697 940 1
712 961 1
722 976 1
726 985 1
728 1000 1
725 1014 1
714 1031 1
687 1052 1
651 1070 1
613 1084 1
583 1089 1
561 1091 1
542 1087 1
530 1081 1
522 1074 1
517 1068 1
515 1062 1
518 1057 1
524 1051 1
535 1045 1
550 1041 1
569 1046 1
591 1059 1
615 1087 1
636 1122 1
651 1165 1
660 1202 1
663 1234 1
663 1259 1
661 1282 1
656 1302 1
650 1320 1
645 1331 1
640 1339 1
637 1343 1
637 1345 1
635 1347 1
636 1348 1
636 1349 1
636 1349 0
292 955 1
292 955 1
292 955 1
293 960 1
299 972 1
310 994 1
329 1028 1
359 1076 1
391 1127 1
437 1195 1
460 1221 1
481 1248 1
493 1271 1
504 1294 1
508 1318 1
508 1339 1
503 1362 1
490 1389 1
469 1419 1
437 1452 1
401 1481 1
364 1495 1
330 1500 1
304 1494 1
289 1486 1
278 1478 1
271 1470 1
267 1462 1
269 1455 1
275 1447 1
289 1436 1
307 1427 1
333 1421 1
362 1424 1
394 1435 1
425 1459 1
453 1488 1
468 1524 1
477 1562 1
478 1599 1
473 1632 1
465 1662 1
453 1689 1
441 1711 1
429 1726 1
424 1732 1
428 1728 0
82 1284 1
82 1284 1
82 1284 1
82 1284 1
87 1295 1
100 1321 1
121 1363 1
153 1421 1
186 1480 1
228 1551 1
248 1588 1
262 1613 1
273 1637 1
282 1658 1
284 1677 1
281 1696 1
265 1715 1
240 1737 1
207 1753 1
176 1762 1
152 1761 1
135 1757 1
123 1749 1
117 1741 1
114 1733 1
116 1720 1
120 1707 1
136 1692 1
158 1681 1
185 1674 1
217 1673 1
250 1677 1
279 1693 1
301 1714 1
316 1743 1
326 1774 1
322 1807 1
313 1839 1
295 1873 1
273 1904 1
251 1935 1
254 1931 0
