46 1614 1
46 1614 1
46 1614 1
46 1614 1
46 1613 1
47 1609 1
50 1600 1
58 1579 1
69 1551 1
85 1515 1
101 1479 1
118 1444 1
142 1394 1
158 1361 1
171 1331 1
181 1305 1
188 1279 1
190 1257 1
189 1241 1
187 1231 1
178 1224 1
166 1222 1
155 1222 1
146 1223 1
138 1230 1
130 1246 1
122 1265 1
117 1290 1
112 1318 1
109 1352 1
109 1385 1
109 1417 1
109 1447 1
110 1475 1
111 1504 1
112 1531 1
115 1550 1
120 1564 1
123 1573 1
126 1581 1
130 1586 1
135 1590 1
146 1592 1
157 1585 1
174 1572 1
199 1543 1
225 1511 1
247 1481 1
264 1454 1
279 1427 1
294 1400 1
308 1368 1
317 1339 1
323 1317 1
327 1300 1
328 1283 1
329 1269 1
327 1260 1
325 1253 1
323 1250 1
318 1247 1
314 1248 1
308 1250 1
298 1260 1
287 1275 1
276 1297 1
265 1324 1
257 1352 1
251 1377 1
248 1399 1
244 1418 1
242 1439 1
242 1459 1
242 1479 1
243 1500 1
246 1519 1
249 1535 1
252 1548 1
255 1557 1
258 1563 1
262 1570 1
267 1575 1
272 1578 1
278 1580 1
286 1578 1
295 1570 1
311 1549 1
329 1520 1
350 1488 1
372 1453 1
391 1419 1
410 1382 1
429 1346 1
442 1317 1
451 1293 1
456 1278 1
459 1267 1
460 1260 1
460 1256 1
458 1254 1
455 1254 1
452 1254 1
446 1256 1
441 1261 1
433 1269 1
425 1280 1
415 1298 1
404 1319 1
393 1342 1
384 1370 1
376 1397 1
371 1422 1
366 1446 1
364 1466 1
364 1484 1
364 1501 1
367 1516 1
370 1527 1
374 1537 1
379 1545 1
385 1551 1
391 1555 1
400 1558 1
411 1557 1
423 1551 1
441 1533 1
461 1505 1
483 1472 1
502 1440 1
515 1414 1
525 1395 1
533 1376 1
540 1357 1
547 1335 1
553 1316 1
558 1298 1
561 1288 1
562 1282 1
563 1278 1
563 1277 1
561 1275 1
560 1275 1
558 1275 1
556 1277 1
551 1281 1
541 1293 1
528 1311 1
515 1332 1
502 1359 1
491 1386 1
485 1412 1
480 1437 1
478 1459 1
476 1485 1
474 1512 1
475 1537 1
476 1559 1
477 1579 1
479 1595 1
480 1607 1
484 1615 1
487 1621 1
491 1624 1
497 1623 1
509 1617 1
525 1602 1
549 1570 1
576 1529 1
599 1489 1
619 1455 1
635 1424 1
649 1391 1
666 1350 1
689 1302 1
708 1264 1
717 1245 1
722 1234 1
723 1229 1
720 1228 1
716 1228 1
708 1233 1
697 1242 1
681 1257 1
664 1274 1
646 1298 1
632 1323 1
620 1350 1
613 1378 1
607 1406 1
604 1432 1
602 1457 1
602 1481 1
603 1506 1
605 1527 1
606 1543 1
609 1557 1
614 1566 1
620 1576 1
628 1581 1
635 1585 1
643 1583 1
653 1578 1
666 1563 1
687 1539 1
708 1511 1
726 1484 1
741 1462 1
749 1440 1
759 1414 1
770 1383 1
783 1350 1
793 1323 1
800 1306 1
803 1295 1
805 1290 1
806 1287 1
807 1284 1
807 1284 1
807 1284 1
807 1284 1
805 1285 1
800 1291 1
791 1302 1
778 1321 1
765 1343 1
753 1366 1
744 1386 1
737 1403 1
732 1421 1
727 1438 1
725 1454 1
723 1471 1
724 1492 1
726 1511 1
730 1528 1
736 1541 1
741 1551 1
750 1558 1
759 1563 1
767 1565 1
777 1565 1
788 1559 1
801 1544 1
816 1526 1
833 1501 1
849 1474 1
862 1445 1
875 1413 1
886 1378 1
895 1347 1
904 1321 1
910 1304 1
915 1291 1
916 1284 1
918 1279 1
919 1278 1
918 1277 1
916 1277 1
912 1279 1
906 1285 1
899 1296 1
889 1313 1
879 1333 1
869 1356 1
861 1379 1
855 1398 1
851 1415 1
849 1430 1
849 1445 1
849 1458 1
851 1469 1
853 1479 1
856 1489 1
859 1494 1
862 1499 1
864 1501 1
869 1503 1
875 1504 1
883 1501 1
894 1494 1
907 1484 1
920 1468 1
933 1447 1
947 1420 1
959 1390 1
970 1361 1
978 1336 1
982 1319 1
986 1304 1
988 1292 1
989 1285 1
989 1280 1
989 1277 1
987 1274 1
987 1274 1
988 1274 1
986 1275 1
983 1280 1
975 1291 1
968 1308 1
960 1328 1
952 1351 1
946 1376 1
943 1398 1
942 1419 1
942 1438 1
943 1456 1
945 1475 1
950 1495 1
958 1517 1
965 1536 1
974 1554 1
983 1569 1
993 1583 1
1003 1594 1
1011 1603 1
1019 1610 1
1024 1613 1
1022 1612 0
