700 864 1
699 864 1
699 864 1
694 869 1
691 876 1
681 890 1
669 906 1
654 924 1
635 943 1
617 960 1
602 971 1
577 984 1
565 982 1
560 977 1
558 967 1
559 949 1
561 932 1
564 917 1
572 904 1
579 896 1
587 890 1
596 884 1
606 879 1
619 876 1
631 874 1
642 873 1
652 874 1
660 878 1
668 882 1
673 893 1
675 905 1
671 927 1
660 956 1
635 994 1
606 1035 1
573 1074 1
542 1105 1
514 1129 1
492 1144 1
477 1149 1
466 1150 1
459 1144 1
455 1121 1
455 1093 1
464 1047 1
481 995 1
502 946 1
527 904 1
552 871 1
578 846 1
602 829 1
624 818 1
642 814 1
659 815 1
673 819 1
686 832 1
697 849 1
703 876 1
705 910 1
699 948 1
680 992 1
656 1035 1
627 1075 1
588 1115 1
553 1152 1
523 1176 1
497 1197 1
475 1209 1
459 1213 1
445 1214 1
432 1204 1
419 1187 1
408 1160 1
404 1120 1
405 1074 1
417 1025 1
435 978 1
462 936 1
494 902 1
528 872 1
566 845 1
596 825 1
626 808 1
649 797 1
670 788 1
686 783 1
697 782 1
706 782 1
711 785 1
713 794 1
715 808 1
711 835 1
702 871 1
686 914 1
662 964 1
633 1013 1
602 1062 1
569 1110 1
534 1156 1
507 1186 1
484 1208 1
469 1218 1
457 1222 1
448 1220 1
442 1209 1
435 1191 1
433 1165 1
437 1128 1
445 1089 1
462 1049 1
483 1010 1
512 969 1
547 929 1
583 891 1
616 860 1
648 838 1
675 822 1
694 817 1
710 815 1
724 818 1
733 825 1
741 834 1
745 849 1
744 872 1
733 905 1
704 954 1
666 1008 1
620 1061 1
571 1106 1
524 1149 1
485 1183 1
452 1209 1
427 1224 1
410 1228 1
397 1227 1
388 1219 1
382 1190 1
383 1150 1
395 1096 1
411 1040 1
431 992 1
453 952 1
478 917 1
505 887 1
534 860 1
565 836 1
589 822 1
611 812 1
627 806 1
642 802 1
654 801 1
664 804 1
673 808 1
680 815 1
686 830 1
690 853 1
691 886 1
686 923 1
676 961 1
656 1005 1
633 1049 1
603 1095 1
572 1141 1
540 1181 1
514 1208 1
491 1228 1
471 1237 1
455 1240 1
441 1239 1
430 1227 1
420 1209 1
413 1182 1
416 1143 1
424 1100 1
438 1056 1
455 1016 1
475 979 1
498 949 1
525 919 1
553 893 1
582 869 1
610 850 1
634 837 1
654 827 1
668 822 1
676 820 1
682 820 1
686 821 1
689 825 1
690 832 1
689 849 1
683 872 1
671 904 1
652 941 1
629 981 1
599 1022 1
572 1058 1
546 1090 1
520 1118 1
500 1140 1
484 1154 1
472 1163 1
462 1169 1
456 1169 1
450 1166 1
446 1161 1
441 1150 1
439 1132 1
439 1103 1
443 1070 1
452 1033 1
466 995 1
485 959 1
514 925 1
546 889 1
578 860 1
605 837 1
628 822 1
647 815 1
661 813 1
674 813 1
684 818 1
694 825 1
702 836 1
708 850 1
712 867 1
713 887 1
705 921 1
691 957 1
666 1001 1
639 1041 1
606 1084 1
572 1119 1
540 1152 1
513 1178 1
488 1197 1
471 1209 1
461 1214 1
452 1216 1
445 1214 1
440 1201 1
436 1181 1
436 1147 1
439 1107 1
446 1065 1
460 1022 1
478 980 1
504 939 1
538 897 1
573 860 1
606 833 1
634 812 1
658 799 1
675 792 1
689 789 1
697 790 1
705 793 1
710 800 1
714 811 1
716 827 1
714 850 1
704 889 1
687 930 1
661 977 1
631 1023 1
599 1066 1
566 1106 1
534 1143 1
505 1171 1
480 1193 1
460 1207 1
446 1211 1
435 1212 1
425 1207 1
415 1191 1
408 1167 1
404 1130 1
405 1090 1
412 1048 1
424 1009 1
439 973 1
461 937 1
486 901 1
517 866 1
548 839 1
581 814 1
609 796 1
636 784 1
658 776 1
677 772 1
695 770 1
712 772 1
726 776 1
736 781 1
744 788 1
748 802 1
749 821 1
741 851 1
728 885 1
710 922 1
685 960 1
660 997 1
632 1032 1
602 1069 1
570 1105 1
539 1135 1
513 1159 1
491 1173 1
472 1184 1
457 1189 1
447 1189 1
439 1185 1
431 1180 1
425 1160 1
419 1136 1
419 1103 1
421 1068 1
426 1032 1
439 998 1
455 964 1
474 931 1
503 894 1
530 862 1
561 834 1
590 811 1
616 793 1
641 780 1
662 769 1
680 763 1
694 759 1
705 758 1
713 759 1
721 761 1
726 765 1
728 772 1
730 785 1
725 809 1
714 841 1
695 881 1
668 928 1
640 971 1
612 1012 1
587 1046 1
562 1077 1
540 1104 1
521 1126 1
504 1142 1
491 1153 1
478 1160 1
467 1163 1
457 1164 1
447 1161 1
438 1151 1
429 1135 1
421 1108 1
415 1076 1
414 1042 1
420 1009 1
431 976 1
445 946 1
467 911 1
491 880 1
518 851 1
546 827 1
574 806 1
605 790 1
633 776 1
660 767 1
682 762 1
700 759 1
713 759 1
722 760 1
729 761 1
732 763 1
734 767 1
732 778 1
725 797 1
713 828 1
691 865 1
668 905 1
645 944 1
624 982 1
604 1016 1
588 1045 1
571 1074 1
553 1101 1
533 1125 1
515 1146 1
498 1163 1
482 1176 1
470 1184 1
458 1185 1
449 1182 1
439 1177 1
431 1162 1
425 1145 1
424 1120 1
426 1090 1
433 1057 1
448 1022 1
466 987 1
489 955 1
521 925 1
549 901 1
576 884 1
600 874 1
620 866 1
636 864 1
650 862 1
661 861 1
670 863 1
680 866 1
687 870 1
695 875 1
702 881 1
707 891 1
712 908 1
708 940 1
696 983 1
674 1036 1
631 1097 1
581 1159 1
529 1211 1
482 1251 1
436 1281 1
406 1291 1
381 1296 1
364 1293 1
350 1273 1
340 1243 1
339 1194 1
346 1137 1
362 1073 1
390 1004 1
419 942 1
454 890 1
487 845 1
521 810 1
549 787 1
576 767 1
600 754 1
623 745 1
643 741 1
661 741 1
679 745 1
698 752 1
716 765 1
731 779 1
743 796 1
753 815 1
760 839 1
760 872 1
753 912 1
734 964 1
705 1018 1
662 1081 1
599 1147 1
528 1208 1
458 1255 1
379 1282 1
310 1292 1
262 1278 1
225 1257 1
202 1226 1
199 1176 1
206 1118 1
234 1047 1
274 971 1
324 894 1
378 827 1
432 768 1
487 723 1
540 688 1
583 665 1
620 656 1
648 652 1
667 654 1
682 658 1
694 668 1
702 684 1
708 707 1
711 736 1
707 774 1
699 816 1
680 866 1
655 918 1
621 975 1
580 1029 1
539 1081 1
495 1127 1
448 1170 1
402 1206 1
361 1229 1
323 1246 1
296 1249 1
275 1248 1
258 1241 1
248 1224 1
241 1197 1
237 1159 1
243 1101 1
254 1038 1
277 971 1
306 902 1
342 833 1
392 764 1
441 701 1
488 655 1
534 617 1
581 589 1
624 575 1
664 565 1
698 562 1
727 563 1
750 566 1
764 570 1
774 573 1
781 575 1
782 577 1
784 579 1
784 581 1
781 587 1
776 596 1
768 612 1
759 629 1
749 646 1
738 665 1
730 683 1
724 693 1
719 702 1
717 709 1
716 711 1
714 714 1
714 715 1
714 717 1
715 718 1
715 718 1
716 721 1
717 727 1
719 733 1
722 739 1
726 744 1
729 750 1
732 757 1
732 767 1
730 776 1
728 787 1
722 802 1
710 823 1
688 858 1
661 894 1
633 931 1
598 968 1
564 1002 1
532 1030 1
495 1059 1
463 1083 1
429 1103 1
394 1123 1
363 1134 1
335 1142 1
309 1143 1
287 1136 1
269 1124 1
254 1111 1
248 1086 1
248 1058 1
266 1017 1
293 968 1
327 920 1
363 876 1
398 838 1
433 808 1
466 781 1
502 756 1
537 736 1
571 717 1
602 699 1
631 685 1
660 674 1
686 667 1
712 662 1
731 661 1
746 668 1
757 678 1
763 703 1
765 735 1
761 779 1
746 828 1
727 878 1
706 923 1
678 970 1
649 1014 1
617 1054 1
582 1095 1
544 1136 1
507 1173 1
472 1204 1
441 1227 1
412 1244 1
385 1255 1
364 1255 1
347 1252 1
334 1244 1
325 1230 1
318 1206 1
327 1156 1
351 1088 1
392 1011 1
449 934 1
499 872 1
540 827 1
581 789 1
617 757 1
652 738 1
684 721 1
706 714 1
726 712 1
742 715 1
753 723 1
763 732 1
771 744 1
773 764 1
774 789 1
765 825 1
749 868 1
719 926 1
678 987 1
633 1045 1
587 1095 1
541 1140 1
500 1180 1
464 1206 1
431 1225 1
407 1233 1
385 1233 1
368 1227 1
358 1207 1
352 1176 1
353 1131 1
364 1073 1
384 1016 1
413 964 1
447 917 1
488 874 1
531 842 1
573 815 1
614 800 1
649 790 1
679 786 1
703 788 1
723 790 1
739 793 1
750 797 1
759 803 1
766 811 1
770 823 1
772 843 1
760 880 1
740 928 1
712 979 1
668 1037 1
622 1086 1
576 1124 1
533 1158 1
496 1187 1
468 1201 1
444 1211 1
423 1210 1
404 1200 1
387 1178 1
376 1126 1
373 1066 1
380 1009 1
402 952 1
432 897 1
480 839 1
534 782 1
592 734 1
642 704 1
681 685 1
703 681 1
721 683 1
733 690 1
739 703 1
741 721 1
738 749 1
730 782 1
719 821 1
704 862 1
689 906 1
674 947 1
658 988 1
639 1026 1
613 1062 1
584 1098 1
552 1133 1
514 1168 1
477 1198 1
439 1218 1
402 1231 1
366 1238 1
338 1233 1
311 1224 1
290 1211 1
276 1190 1
268 1158 1
275 1109 1
295 1051 1
327 988 1
376 925 1
436 860 1
496 801 1
563 751 1
622 714 1
663 694 1
696 682 1
722 678 1
738 680 1
751 687 1
761 698 1
766 713 1
768 737 1
762 774 1
751 820 1
735 869 1
709 922 1
681 976 1
652 1024 1
619 1067 1
580 1105 1
542 1132 1
506 1153 1
476 1169 1
447 1176 1
423 1177 1
405 1169 1
389 1152 1
379 1118 1
385 1052 1
399 983 1
433 913 1
475 849 1
524 794 1
572 758 1
617 731 1
655 717 1
685 707 1
708 703 1
725 706 1
739 712 1
750 722 1
759 741 1
766 763 1
769 791 1
770 823 1
767 855 1
759 886 1
749 916 1
733 949 1
713 982 1
688 1017 1
655 1054 1
616 1090 1
578 1117 1
538 1137 1
505 1149 1
480 1156 1
459 1158 1
443 1155 1
430 1133 1
421 1092 1
430 1022 1
451 949 1
484 885 1
526 833 1
571 784 1
621 743 1
666 705 1
706 677 1
734 662 1
757 653 1
775 651 1
790 653 1
803 660 1
814 671 1
823 693 1
830 719 1
830 753 1
825 789 1
812 835 1
789 886 1
761 941 1
725 993 1
686 1041 1
644 1080 1
601 1107 1
562 1127 1
529 1138 1
504 1139 1
482 1132 1
462 1108 1
447 1075 1
439 1033 1
444 980 1
458 928 1
484 878 1
526 824 1
569 777 1
617 735 1
661 700 1
699 675 1
731 664 1
757 655 1
775 656 1
789 657 1
799 659 1
803 670 1
802 691 1
788 730 1
760 788 1
718 866 1
666 945 1
616 1015 1
571 1066 1
527 1107 1
490 1137 1
459 1153 1
429 1164 1
405 1170 1
387 1169 1
369 1165 1
357 1151 1
348 1127 1
343 1089 1
353 1039 1
370 986 1
398 930 1
439 873 1
481 821 1
521 785 1
561 755 1
601 734 1
633 723 1
659 714 1
674 711 1
683 710 1
690 711 1
694 713 1
697 720 1
698 734 1
696 764 1
692 794 1
683 824 1
672 853 1
658 882 1
639 916 1
616 956 1
586 999 1
554 1042 1
520 1083 1
485 1115 1
450 1144 1
418 1166 1
390 1181 1
367 1191 1
351 1196 1
338 1198 1
329 1192 1
322 1169 1
320 1130 1
327 1085 1
345 1035 1
362 997 1
385 958 1
422 915 1
459 877 1
500 844 1
541 816 1
580 796 1
615 779 1
647 764 1
666 757 1
683 752 1
694 751 1
700 752 1
707 756 1
712 761 1
716 769 1
720 779 1
720 793 1
718 811 1
711 838 1
699 873 1
682 915 1
655 962 1
623 1010 1
586 1055 1
543 1099 1
504 1136 1
469 1167 1
437 1191 1
410 1206 1
392 1212 1
377 1216 1
368 1217 1
360 1215 1
354 1211 1
349 1198 1
346 1178 1
348 1152 1
353 1117 1
361 1083 1
375 1051 1
393 1019 1
414 991 1
437 964 1
463 938 1
493 911 1
526 885 1
562 859 1
595 833 1
628 812 1
656 794 1
678 781 1
697 773 1
712 769 1
724 768 1
734 769 1
740 778 1
745 794 1
743 822 1
733 860 1
712 910 1
679 968 1
642 1026 1
595 1084 1
549 1137 1
504 1183 1
467 1211 1
436 1233 1
411 1247 1
397 1252 1
386 1255 1
379 1255 1
373 1248 1
366 1234 1
360 1203 1
358 1169 1
360 1133 1
368 1097 1
380 1058 1
401 1015 1
426 972 1
456 928 1
491 888 1
529 851 1
565 821 1
600 796 1
633 775 1
659 762 1
681 752 1
697 750 1
709 754 1
721 765 1
732 782 1
741 814 1
748 854 1
750 895 1
746 933 1
735 969 1
712 1001 1
684 1037 1
640 1078 1
591 1119 1
539 1161 1
494 1193 1
455 1219 1
424 1236 1
403 1247 1
386 1253 1
377 1254 1
368 1252 1
360 1245 1
352 1225 1
345 1198 1
343 1162 1
345 1122 1
354 1081 1
376 1035 1
403 988 1
437 941 1
482 893 1
528 851 1
572 820 1
611 799 1
643 787 1
665 788 1
684 790 1
696 797 1
705 811 1
715 831 1
722 861 1
727 894 1
728 930 1
722 964 1
712 996 1
692 1031 1
662 1069 1
621 1113 1
571 1160 1
523 1203 1
483 1237 1
445 1264 1
415 1281 1
397 1289 1
381 1295 1
368 1298 1
358 1295 1
348 1287 1
339 1269 1
332 1243 1
330 1205 1
337 1152 1
353 1095 1
383 1035 1
418 980 1
454 930 1
498 888 1
544 851 1
591 823 1
635 807 1
671 799 1
695 800 1
714 806 1
728 814 1
737 828 1
744 848 1
750 873 1
747 907 1
737 944 1
718 980 1
692 1018 1
657 1055 1
610 1093 1
564 1128 1
527 1155 1
483 1183 1
447 1200 1
416 1209 1
392 1215 1
374 1217 1
359 1214 1
345 1206 1
335 1191 1
326 1169 1
324 1132 1
329 1085 1
342 1030 1
369 969 1
401 912 1
431 869 1
467 835 1
501 808 1
529 792 1
556 778 1
577 765 1
597 755 1
614 747 1
625 743 1
634 740 1
643 738 1
648 739 1
654 745 1
660 758 1
666 779 1
670 805 1
668 837 1
663 873 1
655 905 1
638 947 1
619 986 1
593 1028 1
564 1071 1
532 1110 1
497 1144 1
460 1173 1
426 1191 1
395 1204 1
372 1210 1
355 1206 1
341 1196 1
330 1178 1
327 1148 1
330 1110 1
345 1064 1
374 1003 1
408 944 1
445 887 1
483 839 1
518 804 1
550 782 1
581 767 1
608 760 1
629 758 1
648 759 1
664 764 1
678 772 1
692 781 1
701 797 1
709 816 1
716 839 1
715 873 1
709 909 1
692 947 1
669 986 1
641 1024 1
605 1058 1
568 1091 1
535 1117 1
505 1138 1
475 1156 1
448 1169 1
422 1179 1
401 1186 1
388 1187 1
379 1185 1
371 1176 1
367 1154 1
370 1109 1
390 1039 1
418 972 1
452 914 1
489 864 1
525 825 1
556 800 1
586 781 1
612 769 1
635 763 1
657 761 1
680 765 1
701 772 1
719 782 1
732 793 1
744 807 1
748 822 1
750 842 1
744 868 1
724 911 1
693 962 1
654 1016 1
607 1063 1
562 1104 1
522 1132 1
488 1155 1
462 1171 1
439 1179 1
420 1183 1
408 1183 1
399 1180 1
390 1171 1
388 1150 1
390 1117 1
402 1064 1
425 994 1
452 923 1
480 858 1
506 810 1
529 778 1
551 762 1
572 752 1
595 747 1
617 744 1
640 745 1
660 745 1
682 749 1
702 756 1
721 766 1
737 777 1
747 791 1
754 808 1
754 834 1
734 880 1
700 934 1
648 995 1
591 1053 1
538 1103 1
497 1136 1
464 1159 1
444 1169 1
425 1172 1
412 1169 1
403 1161 1
397 1149 1
395 1128 1
402 1088 1
416 1045 1
436 999 1
459 955 1
488 909 1
526 861 1
565 820 1
598 791 1
629 771 1
652 758 1
676 751 1
693 747 1
708 748 1
719 751 1
730 757 1
740 766 1
749 776 1
756 790 1
760 810 1
759 837 1
751 872 1
723 927 1
689 978 1
638 1029 1
587 1073 1
539 1109 1
497 1136 1
466 1153 1
443 1162 1
421 1162 1
405 1156 1
391 1140 1
381 1120 1
379 1095 1
381 1066 1
391 1033 1
412 990 1
439 945 1
474 899 1
519 853 1
563 817 1
603 790 1
640 769 1
668 758 1
687 754 1
704 755 1
718 761 1
729 771 1
740 783 1
747 801 1
753 822 1
754 846 1
747 878 1
733 918 1
710 957 1
666 1007 1
617 1050 1
569 1086 1
525 1114 1
491 1134 1
461 1143 1
436 1146 1
417 1140 1
403 1130 1
392 1115 1
388 1093 1
389 1062 1
396 1022 1
417 962 1
440 908 1
468 861 1
497 822 1
523 793 1
550 773 1
581 755 1
615 744 1
649 737 1
681 733 1
704 734 1
725 738 1
742 745 1
754 757 1
761 771 1
763 790 1
755 817 1
735 857 1
697 912 1
650 973 1
598 1031 1
550 1085 1
504 1130 1
471 1160 1
444 1183 1
425 1196 1
411 1204 1
400 1206 1
393 1206 1
388 1202 1
382 1193 1
377 1178 1
372 1153 1
374 1109 1
382 1057 1
398 1000 1
426 942 1
461 889 1
504 847 1
547 813 1
589 789 1
636 771 1
677 758 1
707 752 1
730 749 1
746 750 1
755 754 1
763 761 1
768 769 1
768 791 1
762 822 1
742 870 1
712 925 1
674 986 1
626 1042 1
579 1092 1
536 1132 1
497 1166 1
464 1193 1
440 1206 1
419 1215 1
403 1218 1
387 1214 1
372 1206 1
360 1193 1
350 1178 1
343 1157 1
343 1125 1
348 1084 1
364 1033 1
393 962 1
426 889 1
464 820 1
500 762 1
536 720 1
567 694 1
595 675 1
623 664 1
649 661 1
674 661 1
697 667 1
721 678 1
743 694 1
760 713 1
774 735 1
782 760 1
781 801 1
769 848 1
735 913 1
688 980 1
629 1046 1
573 1101 1
525 1140 1
486 1172 1
455 1195 1
431 1209 1
412 1213 1
396 1214 1
385 1209 1
375 1197 1
367 1180 1
363 1149 1
364 1107 1
371 1046 1
389 968 1
411 893 1
436 834 1
464 789 1
490 759 1
513 743 1
536 730 1
559 722 1
587 717 1
616 713 1
642 712 1
666 713 1
685 717 1
698 723 1
708 733 1
715 748 1
708 781 1
691 825 1
662 876 1
609 947 1
559 1008 1
516 1056 1
475 1102 1
442 1136 1
414 1165 1
391 1187 1
375 1198 1
363 1206 1
355 1210 1
349 1211 1
345 1208 1
340 1202 1
335 1189 1
334 1167 1
345 1120 1
366 1065 1
402 1004 1
443 946 1
491 890 1
536 850 1
577 820 1
612 803 1
639 795 1
661 789 1
678 788 1
690 788 1
700 789 1
706 792 1
709 797 1
710 806 1
705 824 1
693 856 1
663 908 1
626 963 1
579 1017 1
534 1064 1
495 1103 1
462 1132 1
432 1153 1
407 1167 1
385 1175 1
368 1178 1
357 1176 1
348 1169 1
343 1154 1
347 1114 1
363 1053 1
391 974 1
434 884 1
478 807 1
519 751 1
556 712 1
592 687 1
620 680 1
645 676 1
662 680 1
679 687 1
695 698 1
710 711 1
724 724 1
735 740 1
744 758 1
750 783 1
745 821 1
728 871 1
693 931 1
646 992 1
592 1049 1
543 1097 1
498 1137 1
461 1167 1
431 1188 1
406 1200 1
385 1205 1
370 1201 1
357 1193 1
346 1180 1
337 1161 1
333 1136 1
341 1090 1
361 1031 1
390 963 1
434 882 1
478 809 1
518 760 1
552 726 1
586 701 1
612 689 1
635 683 1
651 683 1
665 686 1
679 691 1
692 701 1
706 714 1
720 734 1
729 760 1
733 789 1
728 826 1
714 868 1
689 914 1
647 965 1
601 1016 1
555 1060 1
512 1097 1
476 1126 1
445 1142 1
418 1151 1
398 1155 1
385 1149 1
373 1141 1
368 1123 1
365 1096 1
371 1058 1
386 1007 1
407 958 1
435 911 1
469 867 1
507 830 1
547 804 1
586 781 1
623 764 1
651 753 1
675 745 1
694 742 1
710 743 1
722 747 1
732 756 1
739 769 1
743 790 1
740 820 1
726 864 1
694 925 1
649 993 1
596 1063 1
544 1117 1
497 1163 1
460 1193 1
432 1210 1
411 1219 1
397 1221 1
386 1219 1
379 1214 1
376 1196 1
376 1165 1
388 1110 1
407 1047 1
431 987 1
467 920 1
503 863 1
539 817 1
579 781 1
616 755 1
649 741 1
678 733 1
701 731 1
719 731 1
736 735 1
747 745 1
756 758 1
760 777 1
754 813 1
737 862 1
699 935 1
648 1011 1
591 1083 1
534 1141 1
485 1187 1
444 1217 1
411 1237 1
386 1248 1
370 1252 1
359 1253 1
351 1250 1
345 1244 1
338 1230 1
334 1193 1
338 1137 1
357 1058 1
393 967 1
436 879 1
482 810 1
523 759 1
563 721 1
596 700 1
623 688 1
642 686 1
655 686 1
664 690 1
671 696 1
676 703 1
679 713 1
680 734 1
673 765 1
654 810 1
617 872 1
570 934 1
517 997 1
469 1049 1
424 1091 1
386 1120 1
356 1140 1
335 1151 1
323 1155 1
314 1156 1
308 1152 1
303 1142 1
299 1123 1
303 1078 1
318 1025 1
347 965 1
382 908 1
425 853 1
473 812 1
523 773 1
577 747 1
629 724 1
671 711 1
697 708 1
717 706 1
730 709 1
738 712 1
744 718 1
747 731 1
749 752 1
746 783 1
728 840 1
703 906 1
663 980 1
614 1048 1
565 1107 1
519 1151 1
481 1188 1
451 1212 1
428 1227 1
411 1237 1
400 1239 1
392 1238 1
382 1226 1
375 1199 1
372 1157 1
382 1102 1
399 1045 1
422 991 1
461 932 1
504 874 1
546 828 1
602 787 1
647 762 1
683 751 1
722 756 1
733 782 1
719 839 1
660 944 1
613 1008 1
468 1158 1
427 1189 1
395 1209 1
374 1218 1
361 1223 1
352 1225 1
349 1225 1
346 1223 1
345 1219 1
345 1203 1
349 1176 1
365 1127 1
389 1072 1
417 1014 1
453 961 1
490 913 1
529 870 1
566 839 1
600 812 1
631 794 1
657 781 1
678 775 1
696 776 1
709 780 1
719 789 1
727 802 1
733 818 1
732 844 1
726 877 1
711 917 1
674 970 1
627 1026 1
574 1079 1
522 1126 1
474 1167 1
436 1194 1
405 1212 1
383 1218 1
367 1220 1
356 1216 1
348 1204 1
345 1180 1
351 1141 1
367 1088 1
395 1028 1
430 969 1
468 912 1
510 863 1
551 831 1
594 807 1
636 795 1
673 788 1
700 787 1
717 790 1
727 794 1
734 803 1
736 817 1
735 838 1
728 869 1
703 919 1
671 971 1
620 1029 1
570 1080 1
524 1120 1
486 1146 1
450 1168 1
422 1178 1
403 1184 1
389 1184 1
381 1178 1
377 1168 1
375 1150 1
377 1109 1
384 1066 1
400 1019 1
420 976 1
445 937 1
479 899 1
518 864 1
569 836 1
620 817 1
666 807 1
700 802 1
725 802 1
739 804 1
748 809 1
754 817 1
754 830 1
749 853 1
730 894 1
701 943 1
664 996 1
621 1050 1
578 1096 1
542 1129 1
513 1151 1
489 1166 1
468 1176 1
453 1177 1
440 1176 1
429 1168 1
417 1149 1
409 1119 1
404 1081 1
404 1046 1
408 1017 1
418 990 1
432 962 1
458 924 1
492 881 1
533 834 1
586 787 1
638 748 1
678 720 1
710 702 1
733 691 1
750 689 1
765 690 1
777 697 1
789 711 1
799 730 1
807 751 1
808 778 1
802 811 1
785 856 1
753 911 1
706 970 1
651 1027 1
593 1074 1
543 1109 1
476 1148 1
457 1151 1
443 1152 1
433 1146 1
425 1136 1
422 1120 1
422 1095 1
427 1062 1
455 984 1
475 939 1
502 898 1
531 861 1
560 834 1
590 810 1
621 792 1
652 776 1
707 756 1
724 754 1
739 755 1
750 757 1
757 763 1
764 770 1
770 780 1
772 799 1
773 826 1
764 867 1
749 914 1
726 965 1
688 1024 1
644 1079 1
597 1132 1
545 1178 1
505 1210 1
476 1223 1
452 1230 1
432 1231 1
414 1224 1
399 1212 1
390 1192 1
385 1166 1
388 1129 1
406 1072 1
430 1007 1
465 937 1
502 874 1
538 825 1
570 799 1
604 777 1
638 765 1
665 763 1
686 764 1
701 771 1
713 780 1
720 791 1
724 803 1
728 816 1
729 828 1
729 842 1
723 879 1
716 906 1
706 937 1
691 971 1
671 1007 1
646 1044 1
587 1125 1
594 1116 0
