578 1047 1
578 1047 1
578 1047 1
578 1047 1
578 1047 1
578 1047 1
578 1047 1
578 1047 1
578 1047 1
578 1047 1
578 1047 1
578 1047 1
577 1047 1
574 1047 1
572 1048 1
570 1048 1
567 1046 1
565 1045 1
563 1044 1
561 1042 1
560 1040 1
560 1039 1
560 1036 1
560 1035 1
561 1033 1
562 1032 1
565 1030 1
569 1028 1
575 1027 1
580 1027 1
585 1027 1
590 1028 1
594 1030 1
598 1032 1
601 1036 1
604 1040 1
606 1045 1
607 1051 1
607 1056 1
604 1062 1
600 1069 1
593 1078 1
584 1085 1
574 1093 1
563 1098 1
553 1103 1
545 1105 1
538 1105 1
531 1103 1
526 1100 1
522 1095 1
517 1088 1
516 1077 1
514 1065 1
516 1053 1
518 1041 1
522 1029 1
528 1017 1
535 1006 1
543 995 1
553 986 1
565 979 1
577 973 1
589 969 1
601 966 1
611 967 1
621 967 1
629 968 1
637 971 1
646 975 1
652 981 1
657 986 1
663 994 1
667 1004 1
672 1015 1
674 1028 1
676 1041 1
675 1056 1
673 1070 1
665 1088 1
656 1105 1
644 1119 1
631 1134 1
616 1148 1
597 1163 1
579 1174 1
562 1183 1
547 1188 1
533 1190 1
515 1189 1
504 1186 1
497 1181 1
492 1174 1
485 1163 1
481 1151 1
477 1137 1
475 1125 1
472 1108 1
470 1091 1
470 1076 1
470 1063 1
471 1050 1
473 1038 1
477 1025 1
481 1011 1
488 996 1
496 981 1
505 969 1
517 955 1
529 943 1
542 932 1
553 922 1
563 914 1
575 907 1
586 901 1
597 897 1
609 892 1
620 890 1
632 887 1
643 884 1
652 883 1
663 884 1
673 885 1
682 888 1
692 893 1
701 899 1
709 906 1
717 914 1
725 923 1
731 932 1
737 944 1
743 954 1
747 965 1
753 976 1
754 985 1
757 993 1
759 1002 1
761 1012 1
762 1023 1
762 1033 1
759 1043 1
756 1055 1
751 1066 1
746 1080 1
738 1093 1
727 1109 1
718 1122 1
707 1133 1
697 1144 1
687 1154 1
676 1166 1
663 1177 1
650 1187 1
636 1197 1
622 1206 1
608 1213 1
595 1219 1
582 1226 1
568 1230 1
556 1234 1
543 1235 1
531 1237 1
519 1236 1
507 1233 1
497 1230 1
487 1226 1
478 1219 1
468 1209 1
458 1198 1
449 1185 1
443 1172 1
437 1159 1
432 1144 1
428 1131 1
425 1117 1
423 1105 1
421 1090 1
420 1076 1
421 1060 1
422 1044 1
422 1029 1
423 1010 1
424 994 1
426 976 1
429 958 1
431 942 1
435 924 1
441 909 1
447 893 1
453 878 1
462 862 1
470 849 1
478 837 1
487 825 1
494 816 1
501 806 1
508 797 1
515 789 1
523 782 1
531 775 1
541 768 1
551 762 1
562 757 1
573 752 1
581 750 1
590 747 1
596 745 1
603 743 1
609 741 1
615 740 1
619 738 1
623 738 1
627 738 1
631 736 1
636 736 1
642 736 1
647 734 1
655 735 1
662 735 1
668 735 1
674 736 1
683 736 1
690 737 1
698 740 1
708 743 1
717 745 1
727 749 1
736 754 1
746 759 1
757 763 1
766 768 1
776 773 1
784 777 1
792 782 1
799 788 1
806 792 1
813 797 1
820 803 1
827 809 1
835 816 1
841 822 1
848 830 1
853 837 1
860 845 1
865 852 1
871 860 1
876 870 1
881 878 1
886 888 1
891 898 1
895 907 1
898 916 1
901 924 1
904 935 1
907 945 1
908 956 1
909 965 1
910 975 1
909 984 1
907 995 1
906 1005 1
904 1016 1
902 1027 1
899 1037 1
896 1047 1
891 1057 1
887 1068 1
882 1079 1
877 1092 1
869 1105 1
862 1116 1
853 1127 1
845 1138 1
837 1149 1
827 1162 1
819 1173 1
809 1184 1
797 1195 1
785 1206 1
772 1216 1
758 1226 1
745 1237 1
727 1248 1
712 1259 1
694 1267 1
677 1275 1
659 1282 1
641 1287 1
622 1292 1
605 1296 1
588 1299 1
572 1302 1
557 1303 1
542 1305 1
528 1305 1
514 1304 1
502 1302 1
491 1301 1
480 1299 1
470 1297 1
461 1294 1
450 1290 1
441 1285 1
429 1277 1
418 1269 1
409 1259 1
401 1249 1
394 1236 1
387 1222 1
380 1207 1
377 1190 1
373 1173 1
370 1156 1
368 1138 1
366 1121 1
365 1102 1
366 1084 1
367 1065 1
368 1048 1
369 1030 1
371 1013 1
372 995 1
374 976 1
374 957 1
375 939 1
377 920 1
378 902 1
379 884 1
382 867 1
384 851 1
388 834 1
392 819 1
398 803 1
403 787 1
410 773 1
416 760 1
423 748 1
431 735 1
438 723 1
445 710 1
455 698 1
464 689 1
473 679 1
483 670 1
493 660 1
500 653 1
511 644 1
521 638 1
531 630 1
542 625 1
553 619 1
563 615 1
574 611 1
585 609 1
595 607 1
604 606 1
611 604 1
620 605 1
628 604 1
639 605 1
650 605 1
662 606 1
673 607 1
682 608 1
691 610 1
699 611 1
706 613 1
712 616 1
718 618 1
725 621 1
730 623 1
737 626 1
743 629 1
749 633 1
756 637 1
763 641 1
772 647 1
781 653 1
792 661 1
803 671 1
814 680 1
824 690 1
834 700 1
842 708 1
851 718 1
860 729 1
869 740 1
876 750 1
884 761 1
890 770 1
895 778 1
900 786 1
904 794 1
909 803 1
914 811 1
918 819 1
924 828 1
927 836 1
932 843 1
936 852 1
940 860 1
944 868 1
947 877 1
950 886 1
953 895 1
956 904 1
958 913 1
961 923 1
963 934 1
966 946 1
967 958 1
970 969 1
971 978 1
972 988 1
972 998 1
972 1010 1
972 1021 1
971 1032 1
969 1041 1
970 1049 1
967 1056 1
965 1063 1
964 1072 1
961 1080 1
958 1090 1
953 1100 1
948 1109 1
944 1119 1
938 1128 1
931 1139 1
925 1150 1
917 1162 1
909 1174 1
902 1186 1
894 1196 1
886 1207 1
877 1218 1
868 1229 1
857 1241 1
846 1253 1
834 1264 1
821 1273 1
808 1283 1
795 1292 1
778 1302 1
761 1313 1
743 1324 1
725 1334 1
706 1342 1
687 1350 1
667 1357 1
647 1362 1
625 1367 1
604 1372 1
583 1376 1
561 1379 1
540 1383 1
518 1384 1
496 1386 1
476 1385 1
458 1385 1
441 1382 1
426 1380 1
414 1377 1
402 1375 1
392 1373 1
382 1368 1
371 1363 1
361 1356 1
348 1348 1
338 1336 1
330 1325 1
323 1314 1
317 1302 1
312 1288 1
306 1272 1
302 1257 1
299 1240 1
295 1221 1
291 1203 1
289 1184 1
286 1165 1
284 1146 1
283 1125 1
281 1103 1
281 1082 1
281 1060 1
281 1040 1
282 1018 1
284 996 1
285 975 1
288 953 1
291 932 1
295 911 1
300 892 1
304 872 1
309 856 1
313 839 1
319 825 1
323 807 1
330 790 1
336 774 1
343 760 1
350 745 1
356 732 1
362 718 1
366 706 1
371 694 1
376 683 1
382 672 1
387 662 1
393 651 1
398 640 1
404 630 1
410 622 1
416 614 1
421 606 1
429 598 1
436 589 1
445 580 1
455 570 1
467 561 1
477 552 1
489 546 1
499 539 1
511 535 1
523 531 1
534 528 1
546 523 1
557 519 1
569 516 1
580 513 1
592 511 1
603 509 1
613 507 1
621 506 1
628 504 1
635 503 1
641 503 1
647 501 1
651 501 1
656 501 1
660 501 1
666 501 1
671 501 1
678 502 1
687 502 1
697 503 1
706 504 1
716 507 1
726 508 1
737 509 1
745 512 1
754 513 1
762 515 1
770 517 1
777 520 1
785 523 1
790 526 1
797 530 1
806 535 1
813 540 1
820 545 1
827 552 1
835 557 1
842 564 1
849 570 1
857 577 1
865 584 1
874 593 1
883 604 1
892 614 1
900 624 1
907 634 1
914 643 1
921 652 1
927 661 1
933 672 1
939 683 1
944 692 1
949 701 1
953 709 1
956 718 1
961 729 1
965 740 1
969 750 1
973 759 1
976 767 1
979 777 1
981 785 1
984 795 1
987 805 1
991 814 1
993 825 1
996 836 1
998 847 1
1001 859 1
1002 872 1
1005 885 1
1007 898 1
1008 910 1
1010 921 1
1011 934 1
1012 946 1
1013 958 1
1014 970 1
1014 979 1
1014 989 1
1014 999 1
1012 1010 1
1012 1021 1
1012 1031 1
1010 1040 1
1009 1047 1
1007 1054 1
1006 1061 1
1004 1071 1
1002 1081 1
1000 1089 1
997 1099 1
995 1107 1
992 1115 1
988 1123 1
985 1130 1
979 1140 1
974 1150 1
967 1160 1
959 1171 1
952 1182 1
943 1192 1
934 1202 1
926 1210 1
915 1221 1
905 1233 1
894 1243 1
883 1254 1
874 1263 1
864 1271 1
853 1279 1
844 1287 1
834 1296 1
824 1304 1
816 1312 1
806 1322 1
798 1329 1
791 1336 1
783 1342 1
775 1348 1
766 1355 1
756 1362 1
746 1371 1
735 1379 1
722 1389 1
707 1399 1
693 1408 1
678 1416 1
664 1423 1
649 1430 1
637 1436 1
623 1441 1
608 1448 1
593 1455 1
579 1460 1
563 1464 1
549 1469 1
534 1472 1
520 1475 1
505 1478 1
490 1479 1
476 1481 1
462 1482 1
447 1483 1
433 1483 1
420 1482 1
408 1480 1
396 1477 1
386 1476 1
375 1473 1
366 1469 1
356 1465 1
348 1461 1
339 1456 1
331 1451 1
322 1444 1
312 1435 1
303 1424 1
291 1412 1
282 1398 1
272 1385 1
263 1368 1
255 1350 1
246 1334 1
238 1316 1
231 1296 1
225 1277 1
220 1259 1
215 1241 1
210 1222 1
206 1202 1
203 1184 1
201 1166 1
200 1148 1
200 1132 1
201 1116 1
201 1101 1
202 1083 1
202 1065 1
202 1046 1
203 1029 1
204 1010 1
206 991 1
209 973 1
213 953 1
216 934 1
217 916 1
220 898 1
223 880 1
226 862 1
229 845 1
233 825 1
237 804 1
241 782 1
246 763 1
251 743 1
256 724 1
263 706 1
270 687 1
276 667 1
282 648 1
289 630 1
296 611 1
304 593 1
311 575 1
319 560 1
328 544 1
336 529 1
344 516 1
351 503 1
358 493 1
364 483 1
371 475 1
377 466 1
384 458 1
391 450 1
399 442 1
408 432 1
416 424 1
424 417 1
431 412 1
435 408 1
439 405 1
442 404 1
443 402 1
445 400 1
446 400 1
448 398 1
448 398 1
449 398 1
449 398 1
449 398 1
450 397 1
450 397 1
451 397 1
451 397 1
451 397 1
452 396 1
454 395 1
458 392 1
463 391 1
471 389 1
480 386 1
492 384 1
505 382 1
516 379 1
526 377 1
536 374 1
544 373 1
552 372 1
561 370 1
573 369 1
584 369 1
595 367 1
608 368 1
622 368 1
636 368 1
648 368 1
661 369 1
672 369 1
682 370 1
692 372 1
703 373 1
713 376 1
722 377 1
731 380 1
740 383 1
749 386 1
758 390 1
766 392 1
773 396 1
778 399 1
784 403 1
790 406 1
796 411 1
802 414 1
807 418 1
813 424 1
819 427 1
826 431 1
833 437 1
842 443 1
850 450 1
860 458 1
870 467 1
881 475 1
890 483 1
900 492 1
910 500 1
917 507 1
926 514 1
933 523 1
940 532 1
948 541 1
955 549 1
960 557 1
966 564 1
970 571 1
975 578 1
980 586 1
985 594 1
989 602 1
993 611 1
996 619 1
999 626 1
1002 633 1
1005 640 1
1008 647 1
1011 656 1
1013 665 1
1016 675 1
1018 682 1
1020 689 1
1021 696 1
1022 702 1
1024 709 1
1026 716 1
1028 723 1
1029 731 1
1030 740 1
1031 748 1
1031 755 1
1032 762 1
1032 768 1
1032 773 1
1033 782 1
1034 790 1
1035 798 1
1036 806 1
1036 814 1
1036 823 1
1036 830 1
1037 837 1
1037 846 1
1038 853 1
1038 862 1
1038 872 1
1038 882 1
1038 891 1
1038 898 1
1038 905 1
1038 914 1
1038 922 1
1038 932 1
1038 941 1
1038 950 1
1038 960 1
1038 966 1
1038 974 1
1038 981 1
1038 988 1
1038 996 1
1038 1006 1
1038 1016 1
1039 1025 1
1039 1033 1
1037 1042 1
1038 1048 1
1038 1055 1
1036 1064 1
1037 1070 1
1037 1082 1
1037 1091 1
1037 1101 1
1035 1108 1
1036 1115 1
1036 1122 1
1035 1128 1
1033 1136 1
1034 1144 1
1034 1155 1
1034 1165 1
1034 1174 1
1034 1181 1
1032 1189 1
1032 1196 1
1032 1206 1
1030 1215 1
1030 1228 1
1028 1239 1
1026 1248 1
1023 1257 1
1022 1267 1
1017 1277 1
1012 1290 1
1004 1301 1
994 1314 1
983 1327 1
971 1337 1
957 1347 1
945 1359 1
933 1368 1
921 1379 1
910 1388 1
898 1397 1
887 1405 1
877 1412 1
866 1419 1
856 1426 1
844 1432 1
833 1439 1
820 1446 1
807 1454 1
793 1462 1
777 1471 1
762 1478 1
746 1485 1
729 1492 1
713 1497 1
697 1503 1
682 1508 1
669 1514 1
657 1519 1
645 1525 1
633 1530 1
623 1536 1
612 1540 1
603 1543 1
593 1547 1
584 1550 1
574 1552 1
565 1554 1
558 1555 1
550 1557 1
542 1558 1
533 1559 1
524 1561 1
512 1562 1
500 1562 1
489 1563 1
480 1562 1
470 1562 1
460 1561 1
449 1559 1
440 1557 1
428 1556 1
419 1553 1
408 1551 1
399 1547 1
389 1543 1
380 1538 1
368 1532 1
355 1525 1
344 1519 1
331 1512 1
320 1506 1
305 1496 1
291 1486 1
276 1476 1
263 1466 1
249 1455 1
235 1444 1
220 1430 1
205 1416 1
192 1402 1
180 1388 1
168 1373 1
158 1358 1
148 1342 1
140 1325 1
132 1309 1
125 1293 1
119 1276 1
114 1259 1
110 1243 1
107 1227 1
105 1209 1
103 1195 1
101 1180 1
102 1165 1
102 1147 1
103 1131 1
105 1114 1
109 1097 1
112 1080 1
114 1064 1
116 1049 1
118 1037 1
120 1024 1
121 1011 1
122 997 1
123 985 1
124 972 1
125 959 1
126 947 1
127 936 1
129 926 1
130 916 1
131 909 1
133 902 1
134 895 1
136 886 1
136 876 1
137 868 1
138 859 1
138 852 1
138 845 1
140 838 1
140 831 1
141 825 1
141 818 1
141 811 1
142 805 1
142 807 0
