104 1322 1
106 1315 1
110 1304 1
118 1279 1
126 1248 1
134 1215 1
146 1164 1
157 1114 1
176 1030 1
186 975 1
196 923 1
196 885 1
194 857 1
187 840 1
180 830 1
169 822 1
154 824 1
137 831 1
121 846 1
106 870 1
95 896 1
94 928 1
97 961 1
113 998 1
139 1032 1
165 1060 1
189 1086 1
213 1111 1
231 1133 1
241 1158 1
246 1181 1
246 1206 1
235 1232 1
218 1257 1
192 1278 1
167 1294 1
140 1305 1
122 1309 1
110 1312 1
102 1313 1
97 1313 1
95 1311 1
96 1312 0
368 1243 1
368 1241 1
369 1240 1
375 1232 1
386 1219 1
400 1197 1
420 1154 1
442 1105 1
471 1031 1
488 971 1
493 929 1
489 893 1
475 864 1
456 846 1
437 835 1
418 830 1
400 833 1
382 844 1
369 862 1
359 882 1
355 905 1
359 934 1
370 964 1
393 994 1
422 1025 1
454 1059 1
480 1092 1
498 1126 1
501 1159 1
497 1190 1
481 1221 1
452 1242 1
422 1256 1
392 1255 1
368 1244 1
350 1222 1
345 1184 1
350 1146 1
370 1114 1
394 1089 1
393 1091 0
742 1133 1
752 1088 1
768 1022 1
786 945 1
807 839 1
811 800 1
809 778 1
805 764 1
791 755 1
775 751 1
753 753 1
724 769 1
695 800 1
677 835 1
670 867 1
674 894 1
698 922 1
737 955 1
788 993 1
838 1037 1
878 1077 1
897 1113 1
909 1147 1
909 1177 1
899 1200 1
878 1213 1
835 1211 1
787 1191 1
741 1156 1
714 1094 1
705 1074 1
714 1094 0
