899 283 1
897 283 1
897 283 1
897 283 1
897 283 1
899 286 1
900 293 1
903 309 1
907 331 1
913 361 1
923 397 1
933 436 1
944 475 1
960 541 1
966 578 1
970 611 1
973 640 1
974 668 1
975 693 1
976 715 1
976 736 1
976 753 1
974 769 1
969 786 1
962 802 1
952 819 1
941 835 1
927 852 1
906 868 1
882 884 1
855 896 1
830 903 1
807 906 1
791 904 1
778 900 1
768 892 1
760 877 1
754 863 1
753 851 1
753 840 1
754 830 1
755 824 1
757 819 1
759 815 1
768 808 1
777 807 1
792 808 1
808 812 1
826 827 1
841 844 1
857 862 1
866 884 1
873 904 1
876 928 1
873 953 1
867 976 1
858 996 1
848 1017 1
838 1036 1
831 1047 1
826 1055 1
823 1059 1
821 1064 1
819 1065 1
820 1065 0
507 449 1
507 449 1
511 455 1
517 467 1
530 485 1
544 508 1
561 533 1
578 564 1
596 594 1
613 624 1
639 671 1
653 697 1
664 725 1
676 755 1
685 787 1
691 816 1
697 844 1
698 870 1
699 896 1
697 922 1
690 943 1
678 965 1
665 983 1
650 996 1
636 1006 1
624 1010 1
614 1012 1
609 1013 1
604 1013 1
600 1013 1
599 1012 1
597 1012 1
597 1011 1
598 1009 1
599 1008 1
602 1008 1
610 1006 1
621 1008 1
634 1010 1
648 1018 1
661 1031 1
673 1044 1
679 1054 1
683 1062 1
685 1070 1
686 1078 1
687 1088 1
687 1096 1
686 1103 1
687 1108 1
687 1111 1
687 1114 1
687 1114 0
359 560 1
360 566 1
373 595 1
389 626 1
409 664 1
427 698 1
447 734 1
468 782 1
477 808 1
483 833 1
487 859 1
488 886 1
486 911 1
482 935 1
474 954 1
465 971 1
457 985 1
444 998 1
430 1010 1
410 1021 1
389 1029 1
370 1031 1
356 1030 1
346 1028 1
340 1026 1
339 1013 1
340 1001 1
345 989 1
355 979 1
369 973 1
385 974 1
401 977 1
418 992 1
434 1010 1
449 1037 1
459 1072 1
464 1111 1
462 1150 1
459 1182 1
450 1206 1
442 1225 1
436 1241 1
432 1250 1
429 1256 1
428 1260 1
427 1262 1
428 1261 0
89 738 1
89 739 1
93 754 1
103 777 1
120 810 1
146 853 1
171 900 1
202 964 1
225 1016 1
240 1049 1
251 1077 1
262 1105 1
272 1134 1
281 1162 1
286 1184 1
287 1198 1
286 1208 1
282 1220 1
273 1232 1
260 1245 1
242 1257 1
225 1266 1
216 1271 1
209 1271 1
203 1273 1
200 1273 1
197 1273 1
196 1272 1
196 1270 1
198 1264 1
207 1257 1
221 1250 1
239 1246 1
261 1248 1
282 1254 1
301 1265 1
315 1276 1
326 1287 1
335 1307 1
339 1329 1
337 1358 1
328 1389 1
313 1419 1
297 1442 1
281 1465 1
270 1480 1
275 1474 0
