48 1413 1
48 1411 1
48 1409 1
49 1405 1
51 1401 1
51 1396 1
53 1391 1
55 1383 1
57 1371 1
59 1358 1
61 1341 1
65 1324 1
68 1304 1
71 1284 1
74 1261 1
77 1237 1
81 1199 1
84 1176 1
88 1156 1
92 1134 1
96 1113 1
104 1091 1
110 1067 1
117 1047 1
121 1026 1
124 1008 1
125 990 1
123 971 1
122 952 1
120 936 1
116 923 1
111 914 1
107 908 1
103 902 1
98 898 1
95 895 1
93 894 1
90 894 1
86 892 1
82 894 1
77 903 1
71 921 1
69 937 1
69 951 1
70 965 1
72 983 1
81 1005 1
91 1029 1
98 1050 1
105 1071 1
109 1091 1
113 1109 1
116 1125 1
121 1140 1
125 1156 1
127 1166 1
130 1176 1
132 1183 1
135 1192 1
137 1200 1
140 1210 1
143 1221 1
146 1232 1
149 1244 1
153 1254 1
156 1264 1
159 1275 1
161 1286 1
164 1298 1
167 1310 1
169 1319 1
171 1326 1
172 1333 1
173 1336 1
175 1340 1
176 1343 1
177 1345 1
178 1346 1
179 1348 1
182 1350 1
185 1351 1
189 1351 1
195 1351 1
203 1346 1
211 1341 1
220 1332 1
229 1322 1
238 1309 1
249 1291 1
259 1272 1
267 1252 1
272 1230 1
278 1207 1
282 1185 1
287 1160 1
291 1137 1
295 1113 1
297 1089 1
299 1065 1
299 1042 1
299 1020 1
296 999 1
293 981 1
289 966 1
285 953 1
279 941 1
275 934 1
272 927 1
270 923 1
268 921 1
266 919 1
265 918 1
262 919 1
261 920 1
257 923 1
254 927 1
249 936 1
244 948 1
240 960 1
237 977 1
234 995 1
233 1014 1
234 1035 1
235 1057 1
236 1079 1
238 1100 1
239 1119 1
240 1138 1
243 1157 1
244 1174 1
246 1190 1
246 1204 1
247 1217 1
248 1231 1
249 1243 1
250 1254 1
251 1262 1
252 1272 1
254 1282 1
255 1293 1
258 1304 1
260 1312 1
262 1320 1
265 1326 1
267 1332 1
269 1336 1
271 1341 1
273 1345 1
276 1349 1
279 1352 1
281 1355 1
284 1358 1
286 1361 1
289 1364 1
292 1365 1
295 1366 1
301 1367 1
307 1367 1
314 1364 1
323 1359 1
333 1347 1
343 1333 1
353 1315 1
360 1293 1
369 1272 1
373 1249 1
378 1224 1
382 1201 1
385 1176 1
389 1150 1
391 1121 1
395 1093 1
397 1068 1
399 1045 1
400 1027 1
401 1009 1
402 992 1
403 980 1
403 969 1
403 962 1
403 958 1
403 955 1
403 953 1
401 953 1
402 951 1
402 951 1
402 951 1
402 951 1
402 951 1
402 951 1
402 951 1
402 951 1
400 955 1
397 959 1
394 966 1
389 975 1
384 987 1
380 1001 1
378 1018 1
376 1034 1
377 1050 1
377 1068 1
378 1085 1
379 1103 1
380 1120 1
381 1137 1
382 1154 1
384 1171 1
385 1187 1
387 1204 1
388 1223 1
389 1238 1
391 1254 1
392 1268 1
393 1284 1
396 1300 1
398 1313 1
400 1326 1
403 1337 1
404 1346 1
406 1353 1
407 1360 1
409 1364 1
410 1368 1
411 1370 1
412 1372 1
412 1373 1
412 1375 1
413 1375 1
413 1375 1
414 1375 1
418 1373 1
422 1371 1
430 1364 1
440 1354 1
451 1340 1
462 1323 1
472 1302 1
481 1280 1
488 1258 1
494 1234 1
499 1211 1
503 1186 1
507 1159 1
511 1132 1
516 1105 1
519 1079 1
523 1053 1
524 1029 1
527 1009 1
527 992 1
527 979 1
527 970 1
525 964 1
525 960 1
524 957 1
523 956 1
523 954 1
521 955 1
519 955 1
516 957 1
510 961 1
504 969 1
497 981 1
491 994 1
487 1009 1
485 1026 1
483 1042 1
485 1059 1
487 1076 1
488 1093 1
490 1109 1
492 1126 1
494 1143 1
497 1159 1
498 1176 1
500 1189 1
503 1203 1
505 1219 1
507 1236 1
508 1252 1
510 1270 1
512 1288 1
513 1306 1
514 1322 1
517 1338 1
520 1354 1
522 1369 1
524 1381 1
526 1390 1
528 1397 1
529 1403 1
531 1407 1
532 1410 1
533 1411 1
535 1414 1
538 1415 1
542 1415 1
548 1412 1
557 1404 1
569 1394 1
584 1377 1
600 1355 1
615 1330 1
627 1304 1
639 1279 1
646 1254 1
651 1230 1
655 1207 1
657 1184 1
659 1162 1
660 1140 1
660 1118 1
660 1096 1
656 1073 1
652 1052 1
648 1032 1
643 1011 1
639 993 1
633 978 1
629 967 1
625 959 1
623 954 1
621 950 1
620 948 1
618 948 1
617 946 1
617 949 1
615 953 1
615 964 1
613 979 1
614 1000 1
614 1027 1
615 1054 1
616 1082 1
619 1106 1
620 1130 1
623 1153 1
625 1175 1
627 1195 1
628 1215 1
629 1234 1
630 1251 1
631 1265 1
631 1275 1
633 1285 1
633 1292 1
634 1298 1
636 1304 1
638 1310 1
640 1316 1
641 1322 1
642 1328 1
645 1334 1
646 1341 1
648 1347 1
653 1356 1
655 1365 1
658 1374 1
661 1382 1
663 1388 1
666 1394 1
670 1399 1
673 1404 1
675 1408 1
679 1410 1
682 1413 1
687 1414 1
693 1415 1
698 1415 1
708 1410 1
717 1404 1
728 1395 1
739 1381 1
750 1362 1
760 1338 1
770 1313 1
776 1286 1
782 1256 1
784 1226 1
787 1193 1
789 1158 1
790 1124 1
791 1090 1
791 1060 1
790 1033 1
788 1007 1
785 986 1
782 968 1
778 953 1
774 941 1
770 931 1
766 925 1
764 921 1
761 918 1
758 917 1
755 917 1
753 919 1
749 924 1
745 935 1
739 953 1
735 976 1
733 1004 1
733 1036 1
735 1070 1
738 1100 1
742 1128 1
747 1153 1
753 1177 1
757 1198 1
761 1218 1
766 1237 1
768 1253 1
770 1266 1
772 1277 1
773 1288 1
774 1298 1
776 1309 1
777 1319 1
780 1333 1
781 1345 1
782 1360 1
785 1376 1
786 1391 1
789 1403 1
791 1416 1
793 1427 1
795 1439 1
797 1447 1
799 1453 1
800 1457 1
801 1459 1
802 1462 1
804 1463 1
808 1463 1
811 1460 1
818 1454 1
827 1444 1
837 1428 1
847 1410 1
857 1389 1
865 1366 1
872 1344 1
878 1320 1
884 1296 1
888 1276 1
891 1255 1
893 1234 1
894 1212 1
894 1190 1
894 1169 1
893 1150 1
893 1133 1
893 1120 1
892 1108 1
892 1097 1
889 1083 1
886 1068 1
884 1056 1
880 1044 1
875 1035 1
873 1026 1
869 1017 1
867 1011 1
863 1005 1
861 999 1
859 996 1
857 994 1
856 992 1
855 991 1
855 991 1
855 991 1
854 992 1
852 993 1
852 1001 1
850 1013 1
849 1033 1
849 1057 1
850 1084 1
852 1113 1
855 1141 1
859 1165 1
864 1187 1
868 1208 1
871 1226 1
875 1246 1
879 1264 1
884 1283 1
886 1302 1
891 1319 1
894 1336 1
897 1352 1
901 1369 1
905 1381 1
907 1391 1
910 1397 1
911 1402 1
913 1406 1
915 1409 1
916 1410 1
919 1412 1
923 1413 1
929 1410 1
937 1404 1
950 1394 1
964 1379 1
978 1360 1
989 1336 1
999 1312 1
1004 1286 1
1010 1261 1
1013 1235 1
1015 1209 1
1017 1186 1
1017 1163 1
1017 1141 1
1015 1117 1
1014 1091 1
1012 1067 1
1010 1044 1
1008 1022 1
1006 1003 1
1003 987 1
1000 974 1
999 966 1
997 959 1
996 954 1
996 951 1
996 949 1
994 947 1
995 947 1
995 945 1
995 945 1
995 945 1
995 945 1
995 945 1
994 947 1
991 952 1
988 960 1
986 973 1
983 991 1
980 1013 1
979 1037 1
979 1060 1
979 1086 1
980 1105 1
982 1125 1
983 1142 1
985 1160 1
988 1175 1
989 1188 1
992 1200 1
994 1213 1
996 1225 1
999 1238 1
1002 1249 1
1004 1260 1
1006 1270 1
1009 1281 1
1012 1295 1
1014 1307 1
1017 1318 1
1020 1328 1
1023 1336 1
1027 1343 1
1030 1350 1
1033 1356 1
1036 1362 1
1038 1367 1
1039 1369 1
1039 1368 0
