429 785 1
428 785 1
425 786 1
424 787 1
422 790 1
421 792 1
419 797 1
414 809 1
408 825 1
398 852 1
386 887 1
373 932 1
361 978 1
350 1048 1
348 1084 1
346 1112 1
347 1126 1
348 1136 1
349 1141 1
352 1144 1
366 1148 1
387 1146 1
421 1129 1
457 1102 1
484 1070 1
510 1038 1
532 1004 1
551 969 1
567 930 1
576 894 1
581 862 1
582 834 1
581 806 1
575 779 1
566 757 1
555 742 1
538 732 1
517 727 1
491 735 1
461 752 1
431 782 1
401 821 1
374 872 1
347 927 1
327 977 1
308 1024 1
295 1063 1
287 1096 1
283 1121 1
284 1141 1
289 1158 1
299 1172 1
310 1181 1
323 1185 1
339 1184 1
359 1176 1
384 1162 1
412 1133 1
442 1094 1
473 1052 1
498 1010 1
518 972 1
531 936 1
542 898 1
547 862 1
548 830 1
546 805 1
543 784 1
539 771 1
533 762 1
523 755 1
505 754 1
481 761 1
444 783 1
404 812 1
370 848 1
339 888 1
314 935 1
292 984 1
275 1033 1
264 1073 1
258 1104 1
255 1124 1
255 1137 1
258 1145 1
264 1151 1
275 1154 1
293 1156 1
322 1151 1
363 1136 1
406 1108 1
447 1077 1
482 1044 1
512 1009 1
537 975 1
557 941 1
572 903 1
581 862 1
583 820 1
579 789 1
573 764 1
563 747 1
552 735 1
536 728 1
514 731 1
482 746 1
438 779 1
392 820 1
354 866 1
320 913 1
292 963 1
268 1014 1
251 1059 1
242 1092 1
238 1114 1
236 1125 1
236 1131 1
238 1136 1
243 1139 1
255 1143 1
271 1146 1
299 1149 1
330 1149 1
368 1138 1
410 1120 1
449 1097 1
483 1068 1
512 1039 1
539 1003 1
564 965 1
578 927 1
587 892 1
590 863 1
588 841 1
584 823 1
575 803 1
563 784 1
546 770 1
528 758 1
503 755 1
473 759 1
436 779 1
397 811 1
358 852 1
323 901 1
291 952 1
265 998 1
245 1037 1
236 1067 1
231 1092 1
231 1112 1
233 1129 1
240 1144 1
250 1157 1
265 1167 1
284 1173 1
306 1175 1
330 1171 1
359 1161 1
395 1140 1
433 1117 1
462 1091 1
490 1063 1
513 1033 1
537 1002 1
558 969 1
574 935 1
586 900 1
593 870 1
598 845 1
599 827 1
595 808 1
585 788 1
575 771 1
558 759 1
541 751 1
517 747 1
490 752 1
460 763 1
429 782 1
399 806 1
373 832 1
350 859 1
329 888 1
310 915 1
295 942 1
280 967 1
270 994 1
261 1023 1
257 1058 1
256 1088 1
257 1114 1
259 1133 1
262 1149 1
270 1162 1
279 1173 1
293 1181 1
308 1186 1
328 1182 1
352 1173 1
380 1157 1
410 1132 1
439 1106 1
463 1079 1
484 1054 1
502 1032 1
519 1007 1
536 983 1
550 959 1
560 938 1
567 920 1
573 903 1
576 886 1
578 866 1
576 847 1
573 830 1
565 814 1
553 798 1
534 786 1
511 775 1
484 770 1
454 775 1
421 790 1
387 817 1
355 851 1
327 890 1
300 933 1
276 974 1
254 1016 1
239 1050 1
231 1081 1
228 1107 1
229 1129 1
233 1146 1
238 1159 1
245 1170 1
258 1179 1
274 1186 1
294 1186 1
318 1180 1
354 1163 1
394 1139 1
430 1108 1
459 1079 1
485 1051 1
512 1020 1
537 992 1
560 965 1
578 941 1
591 917 1
601 895 1
606 878 1
608 861 1
605 846 1
599 830 1
590 816 1
574 805 1
553 797 1
524 797 1
490 805 1
448 826 1
406 853 1
367 888 1
335 923 1
310 960 1
291 994 1
277 1026 1
270 1052 1
265 1075 1
264 1095 1
264 1111 1
265 1122 1
268 1133 1
274 1140 1
279 1146 1
288 1151 1
300 1154 1
317 1155 1
342 1146 1
375 1130 1
409 1108 1
438 1086 1
462 1064 1
487 1041 1
514 1017 1
538 991 1
559 966 1
574 942 1
584 920 1
590 901 1
593 883 1
592 862 1
586 839 1
571 813 1
550 789 1
523 773 1
493 769 1
451 783 1
397 820 1
346 866 1
304 919 1
268 971 1
244 1019 1
226 1060 1
214 1097 1
206 1125 1
203 1140 1
204 1152 1
206 1160 1
212 1167 1
224 1171 1
242 1172 1
266 1169 1
298 1157 1
334 1137 1
376 1110 1
415 1082 1
448 1055 1
478 1029 1
507 1001 1
535 970 1
559 939 1
575 906 1
589 878 1
594 858 1
598 844 1
600 836 1
598 829 1
592 822 1
576 812 1
549 802 1
509 799 1
466 803 1
421 824 1
374 857 1
328 905 1
289 959 1
257 1018 1
236 1067 1
222 1107 1
216 1132 1
214 1147 1
215 1155 1
218 1162 1
228 1166 1
242 1168 1
263 1167 1
290 1159 1
322 1142 1
364 1116 1
407 1084 1
440 1054 1
468 1027 1
490 1003 1
508 981 1
524 960 1
538 940 1
548 920 1
555 902 1
559 886 1
561 872 1
560 858 1
556 846 1
549 835 1
535 826 1
519 821 1
499 824 1
476 832 1
447 850 1
418 874 1
391 901 1
369 928 1
351 956 1
336 982 1
324 1007 1
316 1025 1
311 1038 1
310 1044 1
310 1049 1
313 1053 1
322 1054 1
336 1053 1
356 1047 1
379 1037 1
405 1022 1
432 1000 1
461 974 1
488 947 1
508 922 1
522 901 1
530 883 1
536 866 1
540 852 1
541 842 1
543 834 1
542 828 1
540 825 1
536 824 1
528 824 1
512 832 1
488 848 1
453 877 1
417 911 1
385 950 1
361 986 1
342 1021 1
328 1053 1
318 1077 1
314 1091 1
312 1099 1
312 1103 1
313 1108 1
320 1110 1
332 1109 1
349 1105 1
372 1093 1
399 1077 1
427 1053 1
453 1029 1
479 1003 1
499 979 1
515 957 1
527 936 1
535 916 1
539 897 1
541 880 1
541 865 1
539 852 1
536 838 1
530 827 1
519 820 1
502 815 1
471 824 1
432 842 1
388 877 1
351 914 1
323 961 1
300 1006 1
281 1051 1
268 1089 1
260 1121 1
257 1139 1
255 1152 1
255 1157 1
255 1162 1
258 1164 1
266 1165 1
280 1163 1
304 1155 1
340 1135 1
384 1103 1
427 1066 1
465 1029 1
500 994 1
523 966 1
542 940 1
553 916 1
561 892 1
567 866 1
568 843 1
565 820 1
562 803 1
557 788 1
550 777 1
538 769 1
520 768 1
497 772 1
457 791 1
417 817 1
380 846 1
349 877 1
320 914 1
295 954 1
275 994 1
263 1025 1
255 1047 1
252 1060 1
251 1069 1
253 1075 1
257 1080 1
264 1086 1
278 1091 1
297 1093 1
323 1092 1
355 1084 1
389 1070 1
419 1052 1
446 1031 1
467 1011 1
485 991 1
500 968 1
516 940 1
527 909 1
535 879 1
540 857 1
543 842 1
544 833 1
544 827 1
542 822 1
539 817 1
531 812 1
516 808 1
494 808 1
463 815 1
426 831 1
388 858 1
350 895 1
317 944 1
289 991 1
269 1033 1
258 1061 1
252 1082 1
250 1094 1
251 1104 1
254 1110 1
258 1118 1
268 1124 1
280 1130 1
297 1132 1
319 1131 1
349 1120 1
385 1102 1
418 1080 1
447 1055 1
474 1029 1
498 1003 1
520 976 1
536 950 1
549 925 1
555 902 1
562 881 1
565 863 1
565 850 1
563 838 1
560 828 1
556 818 1
551 810 1
545 802 1
533 799 1
518 800 1
491 816 1
458 844 1
414 888 1
378 931 1
349 970 1
329 1005 1
313 1039 1
304 1063 1
299 1080 1
296 1089 1
294 1097 1
295 1100 1
299 1107 1
308 1110 1
328 1108 1
357 1100 1
390 1082 1
426 1058 1
458 1030 1
492 1001 1
520 969 1
543 938 1
559 907 1
571 881 1
578 858 1
584 843 1
588 834 1
589 827 1
588 822 1
585 815 1
578 808 1
564 805 1
537 810 1
500 827 1
461 852 1
423 887 1
390 927 1
359 970 1
331 1013 1
306 1052 1
291 1082 1
281 1107 1
278 1120 1
276 1129 1
276 1133 1
277 1136 1
280 1139 1
287 1141 1
301 1142 1
322 1137 1
348 1126 1
379 1106 1
412 1078 1
446 1047 1
477 1017 1
505 982 1
527 951 1
542 924 1
553 899 1
559 877 1
564 857 1
566 837 1
567 819 1
567 805 1
564 797 1
559 791 1
547 787 1
527 790 1
498 798 1
461 821 1
423 850 1
388 886 1
357 923 1
332 963 1
311 1000 1
295 1036 1
284 1069 1
278 1092 1
275 1110 1
275 1122 1
275 1128 1
277 1135 1
281 1139 1
287 1144 1
300 1146 1
316 1148 1
344 1139 1
376 1124 1
408 1098 1
434 1073 1
456 1049 1
475 1025 1
494 1001 1
512 975 1
529 949 1
541 922 1
552 894 1
559 870 1
564 850 1
569 837 1
570 826 1
571 817 1
570 808 1
566 800 1
557 795 1
542 792 1
519 795 1
491 807 1
454 830 1
419 861 1
384 903 1
352 945 1
325 983 1
306 1011 1
291 1035 1
282 1051 1
275 1063 1
273 1070 1
270 1075 1
268 1078 1
269 1079 1
270 1081 1
272 1083 1
281 1085 1
298 1086 1
323 1084 1
355 1079 1
389 1071 1
419 1058 1
445 1044 1
467 1031 1
491 1014 1
515 996 1
538 976 1
559 954 1
573 933 1
584 914 1
591 896 1
596 877 1
598 862 1
600 847 1
596 835 1
590 825 1
578 816 1
556 809 1
528 806 1
497 809 1
465 816 1
432 830 1
402 846 1
374 867 1
347 893 1
319 925 1
299 958 1
281 991 1
270 1023 1
261 1051 1
257 1073 1
257 1093 1
259 1109 1
262 1123 1
265 1133 1
269 1143 1
271 1148 1
272 1153 1
275 1158 1
278 1162 1
282 1166 1
291 1170 1
300 1171 1
315 1168 1
335 1160 1
360 1141 1
390 1117 1
419 1089 1
447 1059 1
473 1031 1
497 1005 1
518 981 1
532 968 1
541 957 1
548 951 1
553 946 1
556 943 1
557 940 1
560 936 1
561 929 1
563 920 1
564 908 1
567 895 1
568 878 1
570 858 1
572 834 1
573 810 1
575 789 1
575 775 1
573 766 1
570 760 1
566 757 1
554 756 1
539 759 1
515 768 1
487 780 1
454 798 1
425 817 1
399 836 1
378 854 1
360 872 1
342 893 1
326 915 1
313 943 1
302 971 1
294 997 1
289 1020 1
287 1037 1
285 1051 1
285 1061 1
286 1070 1
291 1079 1
304 1092 1
322 1103 1
346 1107 1
372 1106 1
397 1099 1
422 1088 1
443 1072 1
461 1055 1
478 1035 1
496 1013 1
513 987 1
527 962 1
539 937 1
549 915 1
559 896 1
565 880 1
571 861 1
576 842 1
579 824 1
583 809 1
584 799 1
585 792 1
585 788 1
583 785 1
582 783 1
577 781 1
567 782 1
553 784 1
534 790 1
508 803 1
477 826 1
438 861 1
402 898 1
371 936 1
346 972 1
323 1009 1
304 1044 1
291 1076 1
282 1104 1
278 1122 1
277 1133 1
275 1139 1
276 1143 1
277 1145 1
278 1146 1
284 1148 1
298 1147 1
322 1139 1
361 1121 1
399 1100 1
431 1076 1
457 1053 1
480 1031 1
501 1009 1
522 987 1
539 965 1
553 944 1
562 925 1
570 908 1
573 898 1
575 889 1
578 877 1
579 861 1
581 845 1
581 829 1
581 816 1
579 810 1
576 802 1
570 794 1
561 785 1
545 779 1
525 777 1
502 782 1
476 796 1
449 818 1
418 850 1
388 887 1
361 926 1
336 964 1
317 1001 1
300 1037 1
288 1071 1
283 1099 1
279 1119 1
279 1130 1
279 1137 1
279 1141 1
281 1144 1
286 1145 1
297 1146 1
320 1134 1
355 1113 1
397 1077 1
432 1040 1
464 1005 1
490 971 1
514 940 1
534 907 1
551 874 1
563 846 1
571 821 1
576 805 1
579 794 1
580 786 1
581 782 1
579 779 1
576 775 1
571 772 1
559 769 1
543 769 1
521 775 1
495 784 1
462 805 1
427 833 1
388 877 1
361 914 1
340 948 1
322 979 1
306 1007 1
292 1034 1
281 1058 1
274 1077 1
271 1089 1
268 1097 1
268 1103 1
269 1108 1
272 1114 1
281 1119 1
294 1124 1
313 1125 1
341 1115 1
372 1097 1
404 1067 1
433 1038 1
455 1010 1
473 986 1
488 965 1
500 947 1
511 929 1
520 909 1
528 889 1
532 871 1
535 858 1
536 852 1
537 846 1
538 843 1
538 841 1
536 838 1
534 835 1
530 832 1
520 831 1
505 832 1
480 842 1
453 858 1
422 884 1
393 912 1
368 941 1
347 969 1
330 996 1
315 1024 1
303 1052 1
295 1077 1
288 1099 1
286 1113 1
284 1122 1
284 1126 1
285 1130 1
291 1134 1
299 1135 1
312 1134 1
333 1125 1
361 1108 1
388 1085 1
414 1061 1
436 1038 1
459 1012 1
484 981 1
506 949 1
528 907 1
543 873 1
554 846 1
559 833 1
562 824 1
563 820 1
564 818 1
564 817 1
564 817 1
561 816 1
556 815 1
546 816 1
527 820 1
505 828 1
479 843 1
453 863 1
427 889 1
401 918 1
376 953 1
352 988 1
335 1019 1
322 1048 1
313 1074 1
307 1095 1
304 1112 1
303 1121 1
301 1127 1
302 1129 1
303 1131 1
306 1133 1
310 1131 1
320 1127 1
338 1116 1
362 1099 1
389 1073 1
415 1048 1
438 1022 1
459 995 1
478 968 1
498 936 1
515 900 1
529 865 1
537 838 1
541 822 1
543 812 1
543 807 1
544 805 1
544 804 1
542 804 1
540 803 1
532 804 1
514 812 1
484 828 1
451 851 1
415 885 1
382 924 1
353 964 1
329 1002 1
310 1037 1
294 1070 1
287 1098 1
281 1124 1
278 1139 1
279 1150 1
279 1158 1
279 1162 1
280 1164 1
284 1166 1
290 1167 1
302 1165 1
319 1159 1
349 1139 1
386 1112 1
418 1081 1
444 1051 1
467 1021 1
488 989 1
510 954 1
527 915 1
541 876 1
550 841 1
558 814 1
563 796 1
566 785 1
568 778 1
568 775 1
568 773 1
562 773 1
552 776 1
534 784 1
514 794 1
492 810 1
466 830 1
433 860 1
402 890 1
375 917 1
357 939 1
340 964 1
324 992 1
309 1021 1
298 1046 1
290 1066 1
286 1082 1
284 1095 1
284 1103 1
283 1109 1
284 1115 1
289 1120 1
297 1126 1
313 1131 1
335 1133 1
363 1126 1
395 1111 1
424 1091 1
447 1068 1
466 1046 1
485 1023 1
504 998 1
519 973 1
534 947 1
547 919 1
559 892 1
568 864 1
576 840 1
580 824 1
582 814 1
583 807 1
580 803 1
575 800 1
559 798 1
536 800 1
504 809 1
471 822 1
439 842 1
409 864 1
381 890 1
358 915 1
336 942 1
318 969 1
302 997 1
289 1025 1
281 1049 1
276 1068 1
274 1083 1
274 1093 1
274 1100 1
276 1106 1
280 1111 1
286 1117 1
298 1122 1
312 1127 1
333 1129 1
358 1124 1
388 1112 1
417 1094 1
441 1069 1
462 1040 1
481 1011 1
499 979 1
516 945 1
529 910 1
539 878 1
544 853 1
547 831 1
547 819 1
545 810 1
542 804 1
539 802 1
532 802 1
516 805 1
494 813 1
462 830 1
428 851 1
397 878 1
371 902 1
354 927 1
339 949 1
324 971 1
313 993 1
302 1017 1
294 1038 1
288 1056 1
284 1071 1
282 1086 1
282 1096 1
282 1105 1
284 1112 1
289 1119 1
298 1126 1
310 1132 1
328 1137 1
351 1139 1
377 1136 1
406 1124 1
432 1109 1
455 1090 1
477 1068 1
497 1046 1
517 1022 1
536 994 1
551 967 1
564 939 1
577 912 1
588 882 1
596 850 1
604 817 1
609 790 1
611 769 1
610 757 1
609 749 1
606 743 1
600 739 1
589 735 1
571 733 1
548 734 1
522 739 1
494 749 1
465 766 1
438 787 1
413 812 1
393 836 1
373 865 1
355 894 1
339 926 1
326 958 1
317 986 1
309 1007 1
303 1026 1
299 1043 1
296 1057 1
296 1069 1
298 1081 1
303 1094 1
311 1106 1
322 1117 1
342 1126 1
368 1134 1
399 1138 1
428 1137 1
451 1131 1
474 1121 1
493 1111 1
510 1097 1
527 1079 1
544 1056 1
562 1032 1
580 1004 1
595 976 1
606 950 1
614 923 1
622 899 1
629 874 1
636 847 1
640 821 1
641 795 1
639 776 1
636 761 1
632 753 1
626 747 1
618 743 1
607 738 1
589 737 1
567 739 1
541 744 1
512 755 1
482 770 1
453 788 1
426 807 1
401 830 1
378 853 1
356 881 1
338 908 1
322 937 1
312 961 1
303 986 1
298 1006 1
295 1025 1
296 1040 1
297 1053 1
301 1066 1
307 1080 1
315 1092 1
326 1103 1
340 1112 1
360 1117 1
381 1118 1
406 1110 1
431 1097 1
455 1077 1
478 1051 1
502 1022 1
524 993 1
542 966 1
556 941 1
567 913 1
575 887 1
581 862 1
586 841 1
589 823 1
589 808 1
589 794 1
588 783 1
585 772 1
577 764 1
569 758 1
557 754 1
539 759 1
513 772 1
481 796 1
445 824 1
417 854 1
392 883 1
371 917 1
355 948 1
342 979 1
332 1007 1
322 1033 1
318 1056 1
315 1076 1
315 1092 1
315 1103 1
317 1111 1
322 1117 1
330 1123 1
342 1126 1
364 1124 1
390 1118 1
420 1108 1
446 1094 1
474 1072 1
495 1050 1
515 1027 1
533 1002 1
547 978 1
556 956 1
563 934 1
568 909 1
571 882 1
573 858 1
573 840 1
574 828 1
573 820 1
570 814 1
564 806 1
553 798 1
537 792 1
518 790 1
494 794 1
465 806 1
436 825 1
406 850 1
381 878 1
361 904 1
344 932 1
328 959 1
316 988 1
303 1017 1
294 1042 1
288 1067 1
285 1088 1
283 1108 1
285 1121 1
288 1132 1
291 1140 1
296 1146 1
303 1153 1
310 1159 1
323 1162 1
339 1162 1
358 1158 1
384 1146 1
410 1126 1
433 1103 1
455 1077 1
472 1051 1
488 1027 1
497 1005 1
503 989 1
508 975 1
512 964 1
514 955 1
515 949 1
516 944 1
516 939 1
514 931 1
513 919 1
511 908 1
509 899 1
508 888 1
506 877 1
502 864 1
498 850 1
491 839 1
485 829 1
475 823 1
463 820 1
445 826 1
426 836 1
400 856 1
375 883 1
350 915 1
327 949 1
306 985 1
291 1016 1
280 1044 1
276 1067 1
274 1083 1
274 1097 1
275 1107 1
278 1117 1
286 1124 1
298 1132 1
320 1134 1
351 1129 1
394 1106 1
431 1077 1
465 1036 1
498 991 1
528 945 1
552 894 1
567 848 1
574 810 1
576 778 1
575 759 1
572 743 1
567 737 1
563 735 1
550 742 1
526 763 1
497 796 1
464 841 1
430 887 1
401 928 1
376 964 1
359 994 1
345 1020 1
333 1044 1
326 1065 1
321 1082 1
319 1093 1
319 1102 1
321 1110 1
327 1117 1
338 1123 1
356 1126 1
387 1122 1
418 1111 1
449 1091 1
476 1065 1
500 1036 1
521 1005 1
538 975 1
549 948 1
557 921 1
562 898 1
565 878 1
567 860 1
569 846 1
570 836 1
568 830 1
565 825 1
559 823 1
547 824 1
522 832 1
489 847 1
445 875 1
403 907 1
368 946 1
344 981 1
329 1015 1
319 1047 1
314 1076 1
314 1096 1
315 1111 1
318 1119 1
324 1126 1
337 1133 1
357 1136 1
384 1132 1
413 1117 1
444 1091 1
470 1061 1
493 1031 1
510 1003 1
525 978 1
535 950 1
541 922 1
543 895 1
545 870 1
542 855 1
538 845 1
533 839 1
524 837 1
512 839 1
491 852 1
462 876 1
427 913 1
393 953 1
365 992 1
343 1031 1
328 1065 1
321 1093 1
319 1114 1
321 1129 1
325 1140 1
333 1148 1
346 1152 1
370 1152 1
399 1143 1
429 1120 1
455 1094 1
477 1056 1
497 1017 1
513 976 1
521 938 1
523 906 1
522 888 1
520 876 1
518 870 1
515 864 1
509 859 1
500 858 1
486 861 1
461 874 1
430 896 1
397 927 1
368 961 1
347 993 1
330 1025 1
320 1052 1
312 1075 1
308 1092 1
307 1103 1
308 1111 1
311 1117 1
317 1121 1
331 1121 1
352 1115 1
384 1093 1
422 1062 1
456 1021 1
485 980 1
505 947 1
515 920 1
522 899 1
525 886 1
526 877 1
524 870 1
519 862 1
512 853 1
501 847 1
485 846 1
465 850 1
434 868 1
400 894 1
366 928 1
335 966 1
310 1005 1
290 1043 1
273 1100 1
270 1118 1
268 1125 1
270 1131 1
273 1136 1
281 1140 1
294 1142 1
321 1132 1
357 1111 1
396 1072 1
431 1033 1
455 996 1
474 962 1
483 937 1
488 918 1
491 904 1
491 894 1
489 886 1
487 881 1
484 875 1
478 871 1
467 869 1
449 874 1
425 887 1
391 914 1
355 950 1
321 991 1
295 1035 1
275 1076 1
266 1106 1
259 1129 1
257 1144 1
257 1155 1
260 1161 1
265 1166 1
277 1170 1
296 1169 1
324 1162 1
365 1140 1
411 1109 1
453 1071 1
489 1033 1
518 993 1
543 958 1
561 923 1
575 887 1
583 854 1
586 831 1
586 816 1
584 808 1
580 804 1
571 805 1
558 811 1
530 830 1
498 856 1
459 892 1
422 930 1
390 968 1
365 1003 1
346 1036 1
335 1065 1
327 1087 1
326 1100 1
326 1110 1
329 1117 1
339 1125 1
357 1129 1
384 1124 1
416 1112 1
450 1088 1
479 1059 1
504 1027 1
526 994 1
541 962 1
550 928 1
553 894 1
551 865 1
549 843 1
547 831 1
545 823 1
541 819 1
537 816 1
525 816 1
507 820 1
479 834 1
449 853 1
412 882 1
379 912 1
348 946 1
324 980 1
302 1014 1
287 1045 1
278 1072 1
274 1092 1
271 1107 1
272 1116 1
273 1125 1
278 1133 1
288 1141 1
304 1147 1
329 1150 1
358 1147 1
395 1130 1
429 1106 1
458 1070 1
486 1029 1
508 981 1
525 932 1
536 885 1
539 850 1
540 827 1
539 815 1
536 807 1
530 803 1
520 800 1
497 805 1
464 818 1
423 845 1
387 874 1
360 906 1
337 938 1
320 966 1
309 991 1
301 1012 1
297 1029 1
295 1045 1
296 1065 1
302 1088 1
312 1112 1
327 1134 1
345 1152 1
366 1161 1
392 1163 1
419 1153 1
445 1134 1
466 1109 1
485 1080 1
502 1048 1
515 1019 1
523 988 1
528 957 1
532 925 1
533 888 1
531 855 1
527 833 1
521 820 1
510 813 1
500 810 1
481 814 1
455 828 1
425 848 1
390 877 1
359 909 1
332 941 1
310 971 1
297 997 1
288 1021 1
282 1045 1
277 1066 1
276 1085 1
276 1102 1
280 1117 1
286 1129 1
293 1141 1
305 1150 1
319 1155 1
339 1156 1
362 1147 1
390 1128 1
416 1103 1
439 1073 1
460 1041 1
480 1003 1
497 962 1
512 919 1
522 883 1
527 856 1
529 841 1
530 831 1
526 824 1
518 818 1
504 813 1
485 814 1
448 826 1
408 850 1
370 881 1
341 917 1
317 952 1
297 988 1
281 1023 1
269 1056 1
261 1084 1
257 1105 1
258 1121 1
259 1134 1
264 1143 1
273 1153 1
287 1161 1
305 1164 1
333 1162 1
365 1148 1
402 1124 1
435 1092 1
462 1060 1
485 1027 1
505 998 1
519 974 1
528 954 1
532 933 1
535 913 1
535 896 1
533 883 1
530 870 1
526 860 1
518 849 1
506 840 1
487 836 1
458 841 1
422 854 1
384 879 1
351 909 1
325 943 1
305 977 1
290 1012 1
283 1042 1
279 1067 1
280 1086 1
284 1103 1
293 1116 1
304 1126 1
323 1130 1
353 1126 1
395 1107 1
441 1075 1
480 1034 1
511 994 1
536 955 1
553 915 1
565 875 1
569 836 1
572 803 1
571 778 1
568 763 1
564 754 1
555 749 1
543 748 1
523 754 1
486 775 1
442 809 1
399 849 1
361 898 1
328 946 1
302 996 1
283 1045 1
274 1086 1
268 1119 1
267 1137 1
269 1148 1
272 1156 1
279 1162 1
290 1166 1
309 1165 1
337 1158 1
377 1132 1
420 1096 1
458 1056 1
488 1017 1
511 980 1
526 949 1
535 920 1
539 897 1
540 873 1
537 854 1
534 836 1
525 824 1
514 814 1
497 807 1
471 807 1
435 814 1
396 838 1
356 872 1
324 914 1
298 955 1
281 995 1
269 1032 1
263 1064 1
262 1091 1
263 1112 1
267 1126 1
275 1138 1
283 1145 1
296 1152 1
316 1151 1
341 1142 1
377 1118 1
414 1086 1
447 1047 1
474 1007 1
494 970 1
506 936 1
514 907 1
517 885 1
519 866 1
519 852 1
515 840 1
510 829 1
500 821 1
487 816 1
466 820 1
439 833 1
400 858 1
362 893 1
329 932 1
301 972 1
282 1011 1
269 1043 1
262 1069 1
259 1088 1
259 1103 1
261 1113 1
265 1120 1
274 1127 1
289 1131 1
358 1114 1
402 1086 1
441 1056 1
472 1022 1
498 991 1
520 963 1
533 935 1
543 908 1
547 885 1
548 865 1
547 849 1
544 839 1
540 832 1
535 827 1
527 822 1
513 822 1
493 826 1
463 840 1
431 860 1
400 885 1
376 910 1
356 939 1
339 973 1
325 1015 1
316 1057 1
311 1092 1
309 1113 1
309 1125 1
309 1131 1
311 1134 1
318 1136 1
330 1134 1
362 1118 1
400 1091 1
439 1056 1
473 1017 1
502 978 1
523 938 1
537 900 1
544 858 1
546 815 1
544 778 1
540 754 1
534 740 1
525 733 1
510 734 1
486 747 1
452 773 1
414 811 1
381 852 1
356 891 1
338 928 1
325 960 1
317 987 1
312 1012 1
311 1033 1
313 1052 1
316 1067 1
324 1080 1
335 1090 1
352 1095 1
377 1092 1
405 1078 1
437 1055 1
465 1025 1
489 990 1
508 953 1
521 918 1
527 889 1
526 862 1
520 839 1
516 830 1
519 837 0
300 973 1
293 997 1
282 1045 1
277 1102 1
278 1091 0
