593 1047 1
593 1047 1
593 1047 1
593 1047 1
593 1047 1
593 1047 1
593 1047 1
593 1047 1
593 1047 1
593 1047 1
593 1047 1
593 1047 1
593 1047 1
592 1046 1
592 1046 1
589 1046 1
588 1044 1
585 1044 1
582 1041 1
579 1039 1
577 1038 1
575 1036 1
573 1035 1
571 1033 1
570 1031 1
567 1029 1
567 1027 1
565 1025 1
565 1023 1
564 1021 1
562 1018 1
563 1016 1
563 1013 1
563 1011 1
563 1008 1
563 1005 1
564 1003 1
564 1001 1
565 998 1
567 996 1
568 994 1
570 993 1
571 992 1
574 990 1
576 990 1
578 990 1
580 989 1
582 989 1
584 989 1
587 989 1
589 989 1
591 989 1
593 990 1
594 991 1
596 992 1
598 992 1
599 993 1
600 994 1
600 994 1
600 994 1
600 994 1
601 995 1
601 995 1
601 996 1
602 997 1
602 999 1
603 1001 1
604 1003 1
604 1005 1
605 1008 1
606 1010 1
606 1014 1
607 1016 1
607 1019 1
607 1022 1
608 1027 1
608 1030 1
608 1034 1
609 1038 1
609 1041 1
609 1044 1
609 1046 1
609 1048 1
609 1051 1
609 1053 1
609 1056 1
609 1058 1
609 1060 1
609 1062 1
609 1064 1
608 1066 1
608 1068 1
608 1070 1
608 1072 1
608 1072 1
608 1073 1
608 1073 1
607 1073 1
607 1074 1
607 1074 1
607 1074 1
606 1075 1
606 1076 1
605 1077 1
603 1078 1
604 1080 1
602 1081 1
602 1081 1
602 1082 1
602 1082 1
602 1082 1
600 1083 1
600 1083 1
600 1083 1
600 1083 1
600 1084 1
598 1084 1
598 1084 1
597 1084 1
596 1085 1
596 1085 1
596 1085 1
595 1085 1
593 1086 1
593 1086 1
591 1087 1
591 1087 1
590 1087 1
588 1088 1
588 1088 1
588 1088 1
588 1088 1
588 1088 1
587 1088 1
587 1088 1
586 1088 1
586 1088 1
586 1088 1
585 1088 1
582 1088 1
581 1088 1
579 1088 1
578 1088 1
576 1088 1
576 1088 1
575 1088 1
575 1088 1
574 1088 1
574 1088 1
574 1088 1
574 1088 1
574 1088 1
573 1088 1
573 1088 1
572 1088 1
572 1088 1
570 1088 1
570 1088 1
569 1088 1
569 1088 1
569 1087 1
569 1087 1
569 1087 1
568 1087 1
568 1087 1
567 1087 1
567 1087 1
566 1085 1
566 1085 1
564 1086 1
564 1086 1
563 1086 1
563 1086 1
563 1085 1
563 1085 1
563 1085 1
562 1085 1
561 1084 1
561 1084 1
561 1084 1
560 1082 1
560 1082 1
558 1083 1
559 1082 1
557 1081 1
557 1079 1
555 1079 1
555 1077 1
553 1076 1
553 1076 1
552 1074 1
550 1072 1
550 1072 1
550 1070 1
549 1069 1
547 1069 1
546 1066 1
546 1065 1
546 1065 1
545 1064 1
545 1064 1
545 1064 1
544 1061 1
543 1060 1
543 1058 1
542 1058 1
540 1056 1
539 1054 1
539 1052 1
537 1049 1
537 1047 1
535 1045 1
535 1043 1
535 1043 1
534 1042 1
534 1042 1
534 1041 1
534 1041 1
534 1040 1
534 1040 1
533 1039 1
533 1039 1
533 1037 1
532 1036 1
532 1034 1
531 1033 1
531 1031 1
531 1030 1
529 1028 1
530 1027 1
528 1025 1
529 1024 1
527 1022 1
528 1020 1
527 1020 1
527 1018 1
527 1017 1
527 1015 1
527 1014 1
527 1012 1
527 1011 1
525 1008 1
526 1007 1
527 1004 1
527 1001 1
527 999 1
527 995 1
528 992 1
529 990 1
529 987 1
530 984 1
531 982 1
532 979 1
532 977 1
533 974 1
535 972 1
536 970 1
537 968 1
538 966 1
540 964 1
541 963 1
543 961 1
544 961 1
546 959 1
547 958 1
549 956 1
551 956 1
553 954 1
555 954 1
557 953 1
559 951 1
561 951 1
563 951 1
565 950 1
568 950 1
570 949 1
572 949 1
572 949 1
573 947 1
573 947 1
574 948 1
574 948 1
574 948 1
575 948 1
575 947 1
576 947 1
577 947 1
578 947 1
579 947 1
581 947 1
582 947 1
584 947 1
585 947 1
586 947 1
588 947 1
589 947 1
590 947 1
591 948 1
593 948 1
594 948 1
595 948 1
596 949 1
598 949 1
601 950 1
603 951 1
606 952 1
607 952 1
608 952 1
609 953 1
609 953 1
609 953 1
610 953 1
610 953 1
610 953 1
611 953 1
611 953 1
611 953 1
612 953 1
613 954 1
614 954 1
616 955 1
617 955 1
618 956 1
619 956 1
621 957 1
622 957 1
623 958 1
624 959 1
625 959 1
627 960 1
627 960 1
629 961 1
629 961 1
631 962 1
632 963 1
633 964 1
635 965 1
635 965 1
637 967 1
638 967 1
639 968 1
640 969 1
641 970 1
642 971 1
643 972 1
644 973 1
645 974 1
646 976 1
647 977 1
648 978 1
649 979 1
650 980 1
650 981 1
652 982 1
652 983 1
653 984 1
654 985 1
655 986 1
655 987 1
656 989 1
656 989 1
657 990 1
658 992 1
658 993 1
659 994 1
659 995 1
659 996 1
660 997 1
660 998 1
660 999 1
661 1001 1
661 1001 1
661 1003 1
662 1005 1
662 1007 1
663 1009 1
663 1012 1
663 1015 1
663 1017 1
664 1020 1
664 1023 1
664 1026 1
664 1030 1
665 1033 1
665 1038 1
665 1041 1
666 1044 1
666 1047 1
664 1049 1
665 1051 1
665 1054 1
665 1056 1
665 1058 1
665 1060 1
663 1062 1
664 1064 1
664 1066 1
664 1067 1
664 1067 1
663 1067 1
663 1068 1
663 1069 1
663 1069 1
662 1071 1
661 1072 1
661 1074 1
660 1075 1
659 1076 1
659 1078 1
658 1079 1
658 1081 1
656 1083 1
654 1086 1
654 1088 1
652 1090 1
651 1092 1
651 1094 1
649 1096 1
647 1098 1
647 1100 1
645 1102 1
643 1105 1
643 1106 1
641 1108 1
640 1110 1
638 1112 1
638 1113 1
636 1115 1
635 1116 1
633 1118 1
634 1119 1
632 1119 1
633 1120 1
631 1120 1
632 1121 1
632 1121 1
632 1121 1
631 1122 1
631 1122 1
631 1122 1
630 1122 1
630 1123 1
630 1123 1
629 1123 1
629 1124 1
629 1124 1
627 1124 1
628 1125 1
628 1125 1
628 1125 1
627 1126 1
627 1126 1
626 1126 1
626 1126 1
624 1127 1
624 1128 1
622 1129 1
620 1130 1
618 1131 1
618 1131 1
618 1132 1
615 1133 1
614 1133 1
612 1134 1
612 1134 1
610 1135 1
608 1136 1
608 1136 1
608 1137 1
608 1137 1
607 1137 1
605 1137 1
603 1138 1
602 1138 1
599 1139 1
596 1139 1
591 1140 1
589 1140 1
586 1141 1
582 1141 1
580 1142 1
578 1142 1
576 1142 1
574 1142 1
573 1142 1
573 1142 1
572 1142 1
572 1142 1
572 1142 1
572 1142 1
572 1142 1
571 1142 1
571 1142 1
570 1142 1
569 1142 1
569 1142 1
568 1142 1
568 1142 1
567 1141 1
565 1141 1
565 1141 1
564 1141 1
561 1139 1
559 1139 1
556 1137 1
554 1137 1
551 1137 1
549 1135 1
547 1133 1
545 1133 1
542 1131 1
538 1128 1
535 1126 1
533 1124 1
531 1123 1
529 1120 1
527 1119 1
525 1117 1
523 1115 1
521 1113 1
520 1112 1
518 1110 1
515 1107 1
514 1106 1
512 1104 1
511 1102 1
509 1100 1
508 1098 1
505 1095 1
504 1092 1
501 1088 1
499 1084 1
497 1078 1
494 1072 1
493 1067 1
490 1058 1
489 1050 1
487 1043 1
488 1035 1
488 1027 1
488 1019 1
489 1011 1
490 1002 1
493 994 1
495 987 1
498 979 1
501 974 1
503 969 1
505 964 1
508 959 1
510 955 1
513 951 1
516 948 1
518 945 1
521 942 1
523 939 1
526 936 1
528 934 1
530 932 1
533 929 1
535 928 1
537 926 1
538 925 1
541 923 1
542 922 1
544 922 1
546 920 1
547 920 1
548 919 1
548 919 1
549 917 1
549 917 1
549 917 1
549 917 1
550 918 1
550 918 1
550 918 1
551 917 1
553 917 1
554 917 1
556 917 1
558 917 1
560 917 1
562 917 1
565 917 1
568 917 1
570 917 1
573 917 1
575 917 1
578 917 1
580 918 1
583 918 1
585 918 1
589 919 1
591 919 1
592 919 1
595 920 1
597 920 1
599 921 1
601 921 1
603 922 1
605 923 1
607 924 1
609 925 1
612 926 1
614 927 1
616 927 1
618 928 1
620 929 1
622 930 1
624 931 1
626 932 1
628 933 1
630 934 1
631 935 1
633 936 1
635 937 1
639 939 1
640 941 1
642 942 1
644 944 1
645 945 1
648 947 1
649 948 1
651 950 1
652 951 1
654 953 1
656 954 1
658 956 1
660 958 1
661 959 1
663 961 1
664 962 1
666 964 1
667 966 1
669 968 1
670 969 1
672 971 1
673 973 1
675 975 1
676 977 1
678 979 1
680 982 1
681 984 1
683 986 1
684 988 1
686 990 1
687 991 1
688 994 1
689 995 1
691 997 1
692 999 1
693 1001 1
694 1003 1
695 1003 1
695 1004 1
695 1004 1
695 1005 1
696 1006 1
696 1007 1
696 1008 1
697 1010 1
698 1013 1
699 1015 1
701 1019 1
703 1024 1
705 1028 1
706 1031 1
707 1035 1
708 1038 1
709 1041 1
709 1044 1
710 1046 1
710 1049 1
711 1051 1
711 1053 1
712 1056 1
712 1059 1
712 1060 1
712 1063 1
712 1065 1
712 1067 1
711 1069 1
711 1072 1
711 1073 1
709 1076 1
710 1078 1
710 1080 1
709 1082 1
709 1085 1
708 1088 1
707 1090 1
705 1092 1
706 1094 1
704 1097 1
704 1099 1
702 1102 1
701 1104 1
701 1106 1
699 1108 1
699 1111 1
696 1114 1
695 1116 1
695 1119 1
693 1121 1
691 1123 1
691 1125 1
689 1127 1
689 1129 1
687 1131 1
686 1133 1
686 1135 1
683 1137 1
683 1139 1
681 1141 1
680 1142 1
680 1144 1
678 1145 1
676 1148 1
675 1149 1
673 1151 1
672 1152 1
670 1154 1
667 1157 1
666 1158 1
662 1161 1
659 1162 1
657 1164 1
654 1166 1
650 1168 1
646 1170 1
643 1173 1
639 1175 1
636 1178 1
632 1181 1
629 1182 1
626 1184 1
623 1185 1
620 1187 1
615 1187 1
611 1188 1
605 1189 1
599 1190 1
594 1191 1
589 1192 1
583 1193 1
579 1193 1
575 1194 1
571 1194 1
568 1195 1
566 1195 1
563 1195 1
560 1195 1
558 1195 1
556 1195 1
553 1195 1
548 1193 1
542 1192 1
535 1190 1
529 1190 1
524 1188 1
518 1186 1
514 1183 1
509 1180 1
506 1177 1
502 1173 1
499 1170 1
494 1163 1
490 1157 1
485 1148 1
480 1139 1
474 1131 1
469 1122 1
466 1114 1
462 1105 1
457 1094 1
454 1081 1
451 1065 1
449 1051 1
449 1037 1
451 1024 1
453 1011 1
456 997 1
460 985 1
464 973 1
469 962 1
473 953 1
479 942 1
485 933 1
491 924 1
499 913 1
506 906 1
513 899 1
518 894 1
522 890 1
526 887 1
529 884 1
533 881 1
538 878 1
543 875 1
549 872 1
555 869 1
561 867 1
566 865 1
571 863 1
575 862 1
578 862 1
581 860 1
584 860 1
587 859 1
589 859 1
592 858 1
594 858 1
597 859 1
600 859 1
603 859 1
605 859 1
609 860 1
612 860 1
616 861 1
621 862 1
626 864 1
631 864 1
634 867 1
639 869 1
642 870 1
645 872 1
648 873 1
651 875 1
654 876 1
657 878 1
659 879 1
661 881 1
664 883 1
667 885 1
670 888 1
672 891 1
675 893 1
677 895 1
679 898 1
681 901 1
683 903 1
685 906 1
688 909 1
690 911 1
692 914 1
695 918 1
696 920 1
699 923 1
700 926 1
702 929 1
703 931 1
705 934 1
706 937 1
708 940 1
709 943 1
712 948 1
714 952 1
715 955 1
717 960 1
718 964 1
719 967 1
720 970 1
721 973 1
722 976 1
722 979 1
723 981 1
724 985 1
725 987 1
725 989 1
726 992 1
726 994 1
726 997 1
726 1001 1
727 1006 1
727 1010 1
728 1015 1
729 1020 1
730 1024 1
730 1028 1
731 1032 1
731 1036 1
731 1040 1
732 1043 1
732 1046 1
732 1049 1
732 1051 1
732 1054 1
732 1057 1
733 1059 1
733 1062 1
733 1063 1
733 1066 1
733 1067 1
733 1069 1
733 1070 1
733 1071 1
733 1071 1
733 1072 1
733 1074 1
733 1075 1
733 1077 1
733 1077 1
733 1079 1
733 1080 1
733 1082 1
733 1083 1
733 1084 1
734 1086 1
734 1087 1
734 1089 1
734 1089 1
734 1091 1
734 1092 1
734 1094 1
734 1095 1
734 1096 1
734 1098 1
734 1101 1
734 1104 1
734 1107 1
734 1110 1
734 1112 1
734 1115 1
734 1117 1
734 1120 1
734 1122 1
732 1125 1
733 1128 1
733 1130 1
731 1132 1
732 1133 1
732 1135 1
732 1135 1
732 1136 1
731 1136 1
731 1136 1
731 1137 1
729 1138 1
728 1141 1
728 1144 1
726 1146 1
724 1149 1
722 1152 1
721 1155 1
719 1158 1
718 1161 1
716 1164 1
713 1168 1
708 1173 1
705 1177 1
703 1180 1
700 1183 1
699 1186 1
696 1188 1
695 1191 1
692 1193 1
691 1195 1
689 1197 1
688 1198 1
686 1200 1
684 1202 1
683 1204 1
680 1206 1
679 1207 1
676 1209 1
674 1210 1
672 1211 1
669 1212 1
664 1214 1
660 1216 1
654 1218 1
648 1221 1
644 1222 1
640 1223 1
636 1224 1
633 1226 1
629 1227 1
624 1229 1
621 1230 1
616 1231 1
611 1233 1
606 1233 1
601 1234 1
595 1235 1
588 1236 1
583 1236 1
578 1237 1
575 1237 1
570 1238 1
567 1239 1
563 1239 1
560 1240 1
557 1240 1
553 1241 1
550 1241 1
547 1241 1
545 1241 1
540 1241 1
537 1241 1
532 1241 1
528 1241 1
524 1241 1
520 1241 1
516 1241 1
513 1241 1
508 1239 1
502 1237 1
496 1235 1
487 1232 1
477 1225 1
466 1217 1
454 1205 1
444 1192 1
434 1176 1
426 1154 1
419 1132 1
415 1107 1
412 1084 1
412 1063 1
412 1045 1
412 1027 1
412 1012 1
413 998 1
414 985 1
417 972 1
421 958 1
426 946 1
430 932 1
438 919 1
445 904 1
455 890 1
461 881 1
469 871 1
475 863 1
482 855 1
490 847 1
497 840 1
504 833 1
513 826 1
522 820 1
531 814 1
540 809 1
549 804 1
556 800 1
563 797 1
569 794 1
574 792 1
580 791 1
584 789 1
589 789 1
594 789 1
598 789 1
603 789 1
607 790 1
611 790 1
615 791 1
619 791 1
623 792 1
627 793 1
630 795 1
635 797 1
638 799 1
642 800 1
646 803 1
648 805 1
651 807 1
654 809 1
656 810 1
659 813 1
661 815 1
664 817 1
666 819 1
668 823 1
672 825 1
674 827 1
676 830 1
678 832 1
680 835 1
682 837 1
685 840 1
686 842 1
688 845 1
690 847 1
692 850 1
694 852 1
696 854 1
699 857 1
702 860 1
703 861 1
704 863 1
706 865 1
708 866 1
710 869 1
711 870 1
713 872 1
714 874 1
715 876 1
717 878 1
718 880 1
719 882 1
720 883 1
722 885 1
723 886 1
724 888 1
725 889 1
726 891 1
727 893 1
728 895 1
730 897 1
731 899 1
732 901 1
733 903 1
734 905 1
735 907 1
736 910 1
737 911 1
738 914 1
739 916 1
740 918 1
742 921 1
742 923 1
744 925 1
745 927 1
746 929 1
747 931 1
748 934 1
749 937 1
751 940 1
752 943 1
754 947 1
755 950 1
757 954 1
759 958 1
760 962 1
761 966 1
762 970 1
764 975 1
765 978 1
766 981 1
767 985 1
768 989 1
769 992 1
769 995 1
770 999 1
771 1003 1
773 1007 1
774 1013 1
776 1018 1
777 1023 1
779 1028 1
779 1031 1
780 1036 1
782 1040 1
783 1043 1
784 1047 1
784 1051 1
785 1054 1
785 1057 1
786 1060 1
786 1064 1
786 1067 1
787 1072 1
787 1077 1
787 1082 1
787 1086 1
787 1091 1
787 1096 1
785 1100 1
786 1105 1
786 1108 1
786 1112 1
786 1115 1
784 1119 1
785 1122 1
785 1125 1
784 1128 1
782 1131 1
783 1133 1
783 1136 1
782 1138 1
782 1141 1
781 1143 1
779 1145 1
780 1148 1
779 1151 1
779 1153 1
778 1156 1
778 1159 1
778 1161 1
776 1163 1
776 1165 1
774 1167 1
773 1170 1
773 1172 1
773 1174 1
772 1176 1
770 1178 1
770 1180 1
768 1182 1
768 1185 1
766 1187 1
765 1189 1
765 1191 1
764 1194 1
762 1196 1
762 1198 1
760 1200 1
760 1202 1
759 1203 1
757 1204 1
757 1204 1
757 1204 1
757 1205 1
757 1205 1
755 1207 1
755 1208 1
753 1210 1
752 1212 1
749 1215 1
747 1218 1
745 1223 1
742 1226 1
739 1229 1
735 1234 1
733 1237 1
728 1240 1
725 1243 1
721 1245 1
718 1247 1
715 1250 1
713 1251 1
710 1253 1
709 1254 1
706 1256 1
703 1259 1
700 1260 1
697 1262 1
694 1263 1
690 1266 1
686 1267 1
683 1270 1
678 1271 1
672 1274 1
668 1275 1
662 1277 1
657 1279 1
653 1280 1
648 1282 1
643 1283 1
639 1286 1
632 1287 1
625 1289 1
619 1290 1
611 1292 1
606 1293 1
598 1297 1
590 1298 1
583 1299 1
578 1301 1
572 1302 1
567 1305 1
561 1306 1
555 1307 1
547 1308 1
539 1310 1
532 1311 1
526 1313 1
519 1313 1
515 1314 1
510 1314 1
505 1313 1
498 1313 1
490 1311 1
483 1309 1
474 1307 1
466 1305 1
459 1302 1
455 1300 1
449 1297 1
444 1294 1
439 1290 1
432 1284 1
425 1276 1
418 1270 1
413 1264 1
408 1258 1
403 1253 1
398 1247 1
393 1241 1
387 1235 1
383 1230 1
378 1224 1
373 1217 1
370 1210 1
366 1202 1
364 1196 1
361 1190 1
359 1184 1
357 1179 1
355 1171 1
353 1162 1
351 1154 1
351 1144 1
349 1135 1
347 1126 1
347 1120 1
345 1111 1
345 1103 1
345 1094 1
344 1084 1
344 1075 1
344 1066 1
344 1058 1
344 1050 1
344 1042 1
344 1034 1
344 1024 1
344 1015 1
344 1006 1
345 998 1
345 990 1
346 984 1
346 979 1
347 973 1
347 966 1
347 961 1
348 955 1
349 949 1
350 944 1
350 937 1
352 931 1
353 925 1
355 919 1
357 911 1
361 903 1
364 895 1
368 888 1
371 881 1
375 873 1
378 867 1
382 859 1
387 852 1
389 846 1
392 840 1
395 836 1
399 833 1
403 828 1
406 824 1
410 820 1
413 816 1
417 812 1
421 807 1
425 803 1
432 797 1
438 792 1
442 786 1
448 780 1
454 774 1
459 769 1
465 764 1
470 759 1
475 756 1
481 753 1
485 750 1
490 747 1
495 744 1
500 741 1
505 737 1
511 735 1
515 733 1
522 730 1
530 728 1
539 725 1
546 724 1
554 722 1
562 721 1
568 721 1
573 721 1
581 721 1
589 721 1
596 721 1
602 722 1
608 722 1
614 722 1
619 722 1
623 723 1
627 723 1
632 724 1
634 724 1
638 725 1
640 725 1
642 726 1
645 726 1
647 727 1
650 728 1
652 728 1
655 730 1
658 731 1
661 732 1
665 734 1
670 736 1
676 741 1
681 744 1
687 748 1
692 752 1
697 756 1
702 759 1
705 762 1
709 765 1
712 770 1
716 773 1
719 776 1
722 779 1
725 782 1
727 785 1
730 788 1
733 791 1
735 794 1
737 797 1
739 801 1
741 805 1
744 810 1
746 814 1
748 820 1
750 825 1
753 830 1
754 836 1
757 840 1
758 846 1
760 851 1
761 855 1
763 860 1
764 865 1
764 869 1
766 875 1
766 881 1
767 889 1
768 895 1
769 902 1
771 909 1
773 917 1
776 924 1
779 932 1
782 939 1
783 944 1
785 948 1
786 951 1
787 954 1
788 956 1
788 958 1
789 960 1
790 963 1
791 966 1
792 968 1
793 971 1
794 974 1
795 977 1
796 979 1
797 981 1
798 983 1
800 986 1
801 989 1
803 992 1
805 996 1
806 999 1
808 1002 1
809 1005 1
811 1008 1
812 1012 1
814 1015 1
815 1019 1
817 1024 1
818 1028 1
820 1033 1
822 1038 1
822 1042 1
824 1046 1
824 1049 1
825 1053 1
826 1057 1
827 1061 1
828 1066 1
829 1071 1
829 1075 1
830 1080 1
830 1084 1
831 1088 1
831 1091 1
831 1095 1
831 1098 1
832 1103 1
832 1108 1
832 1112 1
833 1117 1
834 1121 1
835 1125 1
837 1129 1
837 1132 1
839 1136 1
839 1139 1
840 1142 1
841 1147 1
841 1150 1
842 1155 1
843 1160 1
843 1165 1
843 1169 1
841 1174 1
842 1179 1
842 1182 1
841 1185 1
841 1188 1
841 1191 1
839 1193 1
839 1195 1
837 1199 1
835 1202 1
833 1205 1
830 1208 1
827 1212 1
824 1215 1
821 1220 1
818 1225 1
815 1230 1
810 1235 1
805 1241 1
799 1246 1
793 1252 1
786 1258 1
780 1263 1
774 1269 1
766 1273 1
760 1279 1
754 1284 1
750 1287 1
744 1291 1
737 1294 1
730 1297 1
723 1301 1
717 1304 1
710 1308 1
705 1311 1
700 1314 1
697 1317 1
694 1319 1
690 1322 1
687 1323 1
684 1325 1
681 1327 1
678 1329 1
674 1331 1
670 1334 1
665 1337 1
659 1339 1
652 1341 1
646 1343 1
640 1345 1
637 1346 1
633 1348 1
630 1348 1
627 1349 1
625 1350 1
622 1351 1
620 1351 1
618 1352 1
616 1352 1
614 1352 1
612 1352 1
610 1352 1
606 1353 1
601 1353 1
596 1354 1
589 1355 1
585 1357 1
579 1359 1
573 1361 1
568 1363 1
562 1365 1
553 1369 1
546 1371 1
538 1373 1
527 1373 1
517 1375 1
506 1375 1
495 1375 1
481 1375 1
469 1373 1
457 1373 1
445 1371 1
435 1369 1
424 1368 1
414 1366 1
403 1364 1
394 1362 1
386 1360 1
379 1357 1
374 1356 1
368 1353 1
364 1349 1
358 1343 1
352 1337 1
347 1331 1
342 1324 1
336 1316 1
330 1306 1
325 1294 1
320 1282 1
317 1272 1
314 1264 1
312 1256 1
309 1248 1
307 1238 1
305 1226 1
303 1216 1
301 1207 1
299 1199 1
297 1190 1
295 1180 1
293 1169 1
290 1157 1
287 1146 1
285 1137 1
282 1129 1
281 1121 1
279 1114 1
278 1106 1
278 1098 1
276 1090 1
276 1080 1
276 1070 1
276 1061 1
276 1053 1
276 1044 1
277 1034 1
276 1025 1
276 1018 1
276 1009 1
276 1001 1
275 994 1
275 986 1
275 978 1
275 970 1
275 964 1
276 956 1
277 947 1
277 940 1
278 932 1
279 923 1
280 915 1
281 908 1
283 899 1
284 891 1
287 882 1
289 874 1
292 865 1
296 857 1
299 850 1
302 843 1
305 837 1
309 830 1
314 824 1
320 817 1
326 810 1
332 804 1
339 796 1
345 788 1
351 782 1
358 776 1
363 768 1
367 762 1
372 756 1
376 751 1
380 747 1
383 742 1
388 737 1
392 732 1
398 726 1
407 719 1
416 712 1
425 706 1
433 701 1
440 695 1
448 689 1
456 685 1
466 681 1
475 676 1
487 673 1
498 668 1
509 666 1
519 662 1
528 660 1
538 658 1
549 656 1
560 656 1
573 656 1
585 656 1
596 656 1
605 656 1
612 657 1
618 657 1
624 658 1
630 659 1
636 660 1
642 661 1
650 663 1
658 665 1
669 667 1
679 669 1
689 672 1
697 674 1
705 678 1
712 681 1
719 684 1
726 688 1
732 692 1
738 696 1
744 699 1
749 703 1
755 708 1
760 711 1
767 716 1
772 721 1
777 726 1
782 732 1
788 737 1
792 744 1
797 750 1
802 756 1
804 762 1
808 767 1
810 772 1
813 776 1
815 781 1
818 786 1
821 792 1
824 798 1
826 803 1
829 809 1
832 815 1
835 822 1
838 828 1
840 834 1
842 840 1
844 846 1
846 850 1
847 856 1
848 861 1
849 866 1
850 872 1
850 879 1
850 885 1
851 893 1
851 900 1
851 907 1
853 915 1
854 922 1
856 928 1
856 935 1
858 943 1
859 951 1
860 958 1
862 965 1
863 972 1
864 977 1
865 983 1
866 989 1
867 995 1
869 1001 1
869 1010 1
871 1020 1
872 1028 1
872 1035 1
873 1042 1
873 1048 1
873 1052 1
873 1058 1
873 1064 1
874 1070 1
874 1078 1
875 1085 1
876 1093 1
877 1102 1
878 1109 1
880 1115 1
880 1121 1
882 1125 1
883 1131 1
884 1136 1
885 1141 1
886 1148 1
887 1155 1
887 1163 1
887 1170 1
887 1177 1
885 1182 1
886 1188 1
884 1193 1
885 1196 1
883 1201 1
881 1207 1
881 1214 1
878 1223 1
877 1232 1
875 1240 1
873 1247 1
870 1253 1
867 1259 1
862 1265 1
858 1269 1
855 1273 1
852 1275 1
850 1278 1
848 1281 1
845 1284 1
841 1290 1
835 1296 1
829 1305 1
821 1312 1
813 1320 1
803 1327 1
796 1331 1
788 1336 1
781 1339 1
773 1343 1
766 1347 1
758 1350 1
748 1354 1
739 1357 1
731 1360 1
722 1364 1
713 1367 1
704 1370 1
695 1373 1
685 1378 1
676 1382 1
666 1386 1
657 1389 1
651 1392 1
645 1395 1
639 1398 1
634 1399 1
628 1401 1
622 1402 1
616 1404 1
609 1405 1
602 1407 1
594 1408 1
587 1410 1
579 1411 1
571 1413 1
560 1415 1
548 1416 1
535 1418 1
522 1420 1
509 1422 1
498 1424 1
484 1426 1
471 1427 1
460 1429 1
452 1430 1
447 1430 1
440 1431 1
435 1431 1
429 1431 1
420 1430 1
409 1428 1
397 1424 1
384 1419 1
373 1413 1
361 1407 1
349 1398 1
337 1390 1
323 1383 1
313 1375 1
303 1367 1
294 1360 1
286 1351 1
276 1341 1
268 1333 1
261 1326 1
253 1317 1
243 1306 1
234 1293 1
226 1281 1
218 1268 1
213 1258 1
208 1248 1
205 1239 1
201 1228 1
198 1219 1
196 1208 1
194 1197 1
192 1187 1
192 1175 1
192 1163 1
192 1150 1
192 1138 1
192 1127 1
193 1118 1
194 1108 1
195 1097 1
195 1087 1
196 1076 1
197 1071 1
197 1074 0
