324 683 1
324 683 1
324 683 1
324 683 1
324 683 1
324 683 1
324 683 1
324 683 1
322 683 1
319 684 1
313 687 1
280 762 1
283 771 1
287 780 1
290 790 1
294 798 1
298 806 1
304 813 1
311 819 1
321 826 1
331 832 1
343 839 1
352 843 1
361 849 1
368 852 1
374 857 1
380 860 1
384 863 1
388 865 1
392 868 1
395 871 1
399 874 1
402 877 1
406 881 1
409 886 1
412 899 1
409 914 1
399 933 1
389 950 1
379 962 1
372 969 1
365 974 1
358 980 1
351 983 1
345 986 1
336 990 1
318 993 1
302 994 1
282 994 1
265 993 1
249 991 1
234 986 1
219 977 1
206 967 1
196 957 1
185 944 1
178 934 1
173 925 1
170 915 1
168 907 1
169 897 1
173 888 1
178 881 1
186 873 1
194 868 1
199 866 1
206 864 1
213 865 1
222 865 1
239 865 1
258 863 1
275 860 1
289 857 1
300 855 1
311 853 1
319 850 1
329 849 1
337 847 1
343 846 1
348 844 1
352 842 1
355 841 1
357 838 1
393 766 1
394 757 1
395 744 1
390 730 1
381 715 1
362 699 1
341 686 1
323 678 1
324 679 0
689 781 1
689 781 1
689 781 1
688 780 1
688 780 1
688 780 1
685 779 1
681 780 1
669 781 1
655 786 1
641 791 1
630 796 1
621 801 1
614 804 1
610 808 1
606 812 1
604 816 1
602 822 1
602 829 1
601 837 1
602 846 1
605 855 1
607 863 1
610 872 1
613 881 1
616 889 1
619 899 1
622 905 1
627 912 1
632 920 1
638 928 1
645 937 1
651 947 1
656 958 1
660 969 1
662 979 1
663 990 1
662 999 1
660 1008 1
658 1018 1
656 1025 1
646 1034 1
637 1041 1
626 1046 1
615 1051 1
603 1055 1
589 1056 1
576 1057 1
565 1057 1
556 1055 1
549 1053 1
543 1053 1
540 1051 1
538 1051 1
536 1049 1
537 1048 1
535 1045 1
536 1039 1
537 1033 1
537 1028 1
537 1024 1
538 1021 1
538 1017 1
540 1014 1
542 1009 1
547 1006 1
553 1002 1
558 999 1
562 996 1
566 995 1
571 995 1
575 993 1
578 993 1
583 992 1
588 990 1
596 988 1
604 987 1
613 985 1
623 982 1
631 978 1
639 975 1
647 972 1
661 966 1
676 958 1
693 950 1
709 940 1
718 934 1
725 929 1
731 923 1
736 918 1
739 912 1
741 905 1
742 892 1
739 880 1
732 870 1
722 859 1
715 852 1
708 845 1
710 847 0
967 799 1
965 799 1
965 799 1
961 799 1
956 801 1
949 804 1
941 810 1
935 815 1
927 822 1
922 828 1
917 834 1
912 841 1
908 849 1
904 856 1
899 863 1
897 871 1
895 880 1
893 890 1
891 900 1
892 908 1
893 916 1
896 922 1
898 931 1
901 937 1
903 944 1
905 949 1
906 954 1
908 959 1
910 964 1
914 970 1
920 975 1
925 981 1
931 986 1
935 988 1
938 991 1
941 994 1
943 995 1
946 997 1
952 997 1
958 1000 1
964 1003 1
969 1005 1
972 1009 1
973 1012 1
974 1015 1
974 1019 1
974 1022 1
974 1024 1
972 1026 1
971 1029 1
965 1035 1
951 1044 1
930 1054 1
910 1062 1
892 1069 1
878 1072 1
869 1074 1
862 1076 1
856 1077 1
850 1078 1
844 1076 1
837 1074 1
829 1070 1
822 1065 1
816 1061 1
811 1055 1
808 1049 1
805 1042 1
806 1035 1
807 1027 1
810 1020 1
813 1013 1
815 1007 1
818 1004 1
820 999 1
824 996 1
828 991 1
838 984 1
850 977 1
868 968 1
886 960 1
904 953 1
920 948 1
929 945 1
938 943 1
945 940 1
950 939 1
956 935 1
964 928 1
972 918 1
981 900 1
990 878 1
995 857 1
996 841 1
994 825 1
992 815 1
990 810 1
991 811 0
