1042 480 1
1042 480 1
1042 480 1
1042 480 1
1042 480 1
1042 480 1
1042 480 1
1042 480 1
1042 480 1
1042 480 1
1040 480 1
1041 481 1
1039 482 1
1039 485 1
1038 487 1
1036 489 1
1036 492 1
1035 495 1
1033 499 1
1033 504 1
1033 509 1
1032 516 1
1030 524 1
1030 534 1
1030 542 1
1029 549 1
1029 555 1
1028 564 1
1028 572 1
1028 582 1
1028 591 1
1028 600 1
1028 607 1
1026 614 1
1027 618 1
1027 623 1
1027 627 1
1027 632 1
1027 636 1
1027 639 1
1027 643 1
1026 646 1
1026 649 1
1026 653 1
1026 658 1
1026 663 1
1026 669 1
1025 676 1
1025 683 1
1025 690 1
1025 695 1
1025 700 1
1025 705 1
1025 709 1
1025 714 1
1025 719 1
1024 724 1
1024 732 1
1024 738 1
1024 743 1
1024 749 1
1024 754 1
1024 757 1
1023 760 1
1023 763 1
1023 765 1
1023 768 1
1023 769 1
1023 771 1
1021 773 1
1021 773 1
1022 775 1
1022 775 1
1022 777 1
1022 778 1
1022 781 1
1021 785 1
1021 790 1
1021 793 1
1021 796 1
1021 801 1
1021 803 1
1021 806 1
1020 807 1
1020 809 1
1020 810 1
1020 811 1
1020 814 1
1020 817 1
1018 822 1
1019 823 1
1019 827 1
1019 828 1
1017 830 1
1018 831 1
1018 832 1
1017 833 1
1017 834 1
1017 835 1
1017 836 1
1016 836 1
1016 838 1
1014 839 1
1014 839 1
1014 841 1
1013 841 1
1011 842 1
1011 843 1
1009 844 1
1009 844 1
1008 845 1
1006 846 1
1006 846 1
1006 847 1
1004 847 1
1004 848 1
1002 848 1
1002 849 1
1001 849 1
999 849 1
998 849 1
998 849 1
996 848 1
992 847 1
988 845 1
984 844 1
980 844 1
976 842 1
973 840 1
970 840 1
968 838 1
966 838 1
964 838 1
963 837 1
963 835 1
960 836 1
960 835 1
957 835 1
955 834 1
952 834 1
949 834 1
946 834 1
942 834 1
939 834 1
936 834 1
933 834 1
930 834 1
929 834 1
927 835 1
926 835 1
924 836 1
923 837 1
921 838 1
920 839 1
918 841 1
917 841 1
915 843 1
914 844 1
912 845 1
910 847 1
909 848 1
907 850 1
905 850 1
902 852 1
900 853 1
897 855 1
892 856 1
887 858 1
883 859 1
877 861 1
872 863 1
868 863 1
864 864 1
861 864 1
858 865 1
855 865 1
853 865 1
851 864 1
848 862 1
845 861 1
840 859 1
837 854 1
835 848 1
833 842 1
834 837 1
834 831 1
834 826 1
835 821 1
835 817 1
837 814 1
838 811 1
839 809 1
841 806 1
842 805 1
844 803 1
845 803 1
847 801 1
847 801 1
848 802 1
848 802 1
849 802 1
851 802 1
853 804 1
858 807 1
861 811 1
866 818 1
871 827 1
875 836 1
879 845 1
881 854 1
883 862 1
885 870 1
885 878 1
885 888 1
885 896 1
884 904 1
881 910 1
880 918 1
877 926 1
873 936 1
867 947 1
861 959 1
855 970 1
847 978 1
842 985 1
836 992 1
830 997 1
825 1003 1
820 1009 1
816 1016 1
817 1015 0
724 541 1
724 541 1
724 541 1
724 541 1
724 541 1
724 541 1
724 541 1
724 541 1
724 541 1
724 541 1
724 541 1
724 542 1
724 544 1
724 546 1
724 548 1
724 551 1
724 553 1
725 555 1
725 558 1
725 561 1
725 563 1
725 565 1
725 568 1
726 570 1
726 573 1
726 575 1
727 578 1
727 580 1
728 583 1
728 585 1
728 589 1
729 593 1
729 596 1
729 600 1
730 603 1
730 607 1
730 610 1
731 613 1
731 617 1
731 620 1
732 623 1
732 626 1
732 629 1
733 632 1
733 634 1
734 637 1
734 641 1
734 645 1
735 650 1
736 657 1
737 664 1
738 670 1
739 676 1
740 681 1
741 686 1
741 691 1
741 694 1
742 697 1
742 700 1
742 703 1
742 706 1
742 708 1
743 712 1
743 715 1
743 718 1
744 722 1
745 725 1
745 728 1
745 731 1
746 733 1
746 736 1
746 737 1
746 739 1
747 740 1
747 741 1
747 742 1
747 743 1
747 746 1
747 748 1
747 751 1
748 754 1
748 757 1
748 761 1
748 764 1
749 767 1
749 770 1
749 774 1
750 776 1
750 780 1
750 781 1
751 783 1
751 785 1
751 787 1
752 788 1
752 790 1
752 790 1
753 791 1
753 792 1
753 793 1
754 794 1
754 795 1
754 796 1
754 797 1
754 798 1
755 798 1
755 799 1
755 800 1
755 801 1
755 801 1
755 801 1
755 801 1
755 801 1
755 801 1
755 801 1
755 801 1
755 801 1
756 802 1
756 802 1
756 802 1
756 803 1
756 805 1
756 806 1
756 808 1
757 810 1
757 811 1
757 813 1
757 814 1
758 816 1
758 818 1
758 820 1
758 823 1
758 826 1
758 830 1
758 833 1
758 838 1
758 842 1
758 845 1
759 849 1
759 852 1
759 856 1
759 859 1
759 863 1
760 866 1
760 871 1
760 876 1
760 881 1
760 885 1
758 888 1
759 892 1
759 895 1
759 898 1
759 901 1
759 904 1
760 907 1
760 910 1
761 914 1
761 916 1
762 917 1
762 919 1
763 919 1
763 920 1
764 921 1
765 922 1
765 923 1
766 925 1
767 926 1
769 930 1
770 935 1
771 940 1
772 945 1
772 950 1
773 954 1
773 957 1
773 962 1
773 964 1
774 967 1
774 970 1
774 975 1
774 978 1
774 981 1
774 984 1
774 987 1
774 990 1
774 993 1
774 995 1
773 997 1
773 999 1
773 1000 1
773 1001 1
773 1002 1
772 1003 1
772 1004 1
772 1004 1
771 1005 1
771 1005 1
770 1006 1
769 1006 1
769 1007 1
769 1007 1
767 1007 1
767 1007 1
767 1007 1
767 1007 1
767 1007 1
766 1008 1
764 1008 1
762 1008 1
760 1008 1
757 1006 1
753 1007 1
747 1006 1
740 1006 1
735 1004 1
727 1003 1
720 1002 1
713 1000 1
706 997 1
698 994 1
692 990 1
688 987 1
683 985 1
678 982 1
676 981 1
673 979 1
668 978 1
666 979 1
663 976 1
661 977 1
659 975 1
658 975 1
656 975 1
656 974 1
656 972 1
655 972 1
653 970 1
653 970 1
653 968 1
650 964 1
650 961 1
650 956 1
649 952 1
649 948 1
648 944 1
648 941 1
648 938 1
648 935 1
648 932 1
648 929 1
648 926 1
649 923 1
649 920 1
649 917 1
650 913 1
651 910 1
652 907 1
653 903 1
654 900 1
655 896 1
657 893 1
658 889 1
660 886 1
662 881 1
663 879 1
665 876 1
666 875 1
667 875 1
668 874 1
669 872 1
669 871 1
671 869 1
672 868 1
673 866 1
675 864 1
676 863 1
678 861 1
679 860 1
681 860 1
682 858 1
683 856 1
684 856 1
685 856 1
686 855 1
687 855 1
688 855 1
688 855 1
688 855 1
689 855 1
689 855 1
689 856 1
690 857 1
691 858 1
692 861 1
693 867 1
694 872 1
696 879 1
698 885 1
699 891 1
700 897 1
701 902 1
702 907 1
702 913 1
702 917 1
701 923 1
699 928 1
699 935 1
699 941 1
696 950 1
695 957 1
693 965 1
693 971 1
691 976 1
691 983 1
689 989 1
689 995 1
687 1002 1
686 1010 1
684 1018 1
682 1027 1
681 1034 1
679 1042 1
678 1050 1
676 1058 1
674 1066 1
670 1075 1
664 1085 1
658 1093 1
651 1102 1
645 1110 1
638 1118 1
633 1125 1
625 1133 1
617 1143 1
608 1154 1
598 1164 1
589 1172 1
579 1180 1
569 1187 1
559 1194 1
548 1200 1
537 1206 1
525 1213 1
502 1220 1
484 1223 1
463 1224 1
440 1220 1
428 1218 1
436 1220 0
578 570 1
578 570 1
578 570 1
578 571 1
579 571 1
579 571 1
579 571 1
579 571 1
579 571 1
579 571 1
579 572 1
578 573 1
578 574 1
578 575 1
578 577 1
577 580 1
576 582 1
576 585 1
575 587 1
575 590 1
575 592 1
573 595 1
574 599 1
572 602 1
572 608 1
571 613 1
571 620 1
570 625 1
570 631 1
569 636 1
569 642 1
568 648 1
568 654 1
568 659 1
568 666 1
567 674 1
567 682 1
564 689 1
565 696 1
564 703 1
563 710 1
561 717 1
562 724 1
562 732 1
561 738 1
561 743 1
561 747 1
559 752 1
560 756 1
560 761 1
558 766 1
559 769 1
559 774 1
558 778 1
558 781 1
558 786 1
556 789 1
557 794 1
555 797 1
556 802 1
554 807 1
553 813 1
553 818 1
553 823 1
552 826 1
552 829 1
551 831 1
551 833 1
551 834 1
549 836 1
549 838 1
547 843 1
546 849 1
545 855 1
545 861 1
544 865 1
542 870 1
543 875 1
541 880 1
542 886 1
542 891 1
542 895 1
542 900 1
542 902 1
542 907 1
543 910 1
543 913 1
544 917 1
544 920 1
545 923 1
546 927 1
547 931 1
548 935 1
550 940 1
551 944 1
553 949 1
556 954 1
559 957 1
562 961 1
565 965 1
568 967 1
569 970 1
571 973 1
572 974 1
573 976 1
574 977 1
575 979 1
576 981 1
577 982 1
578 983 1
579 984 1
580 986 1
581 987 1
581 989 1
582 989 1
582 990 1
583 991 1
583 992 1
583 993 1
583 994 1
583 995 1
583 996 1
581 997 1
582 998 1
580 1000 1
579 1001 1
577 1004 1
575 1007 1
572 1010 1
568 1014 1
563 1017 1
560 1020 1
557 1021 1
554 1023 1
550 1024 1
546 1025 1
542 1025 1
537 1026 1
533 1026 1
528 1027 1
522 1027 1
516 1028 1
511 1026 1
505 1027 1
499 1027 1
493 1025 1
486 1025 1
479 1023 1
473 1021 1
466 1020 1
458 1017 1
450 1009 1
445 1004 1
440 996 1
436 991 1
432 986 1
430 982 1
428 979 1
427 977 1
427 974 1
426 973 1
426 971 1
425 971 1
425 969 1
425 969 1
425 968 1
425 966 1
425 966 1
425 964 1
425 964 1
425 962 1
426 962 1
427 960 1
428 959 1
429 957 1
431 956 1
432 956 1
433 954 1
434 954 1
436 954 1
439 953 1
442 953 1
446 952 1
451 952 1
453 952 1
456 952 1
458 952 1
462 952 1
463 952 1
464 952 1
466 952 1
466 953 1
467 953 1
468 954 1
469 954 1
469 955 1
471 957 1
472 959 1
474 962 1
475 969 1
475 973 1
476 979 1
477 983 1
478 986 1
478 990 1
478 995 1
478 998 1
478 1003 1
478 1009 1
478 1015 1
478 1022 1
477 1029 1
477 1035 1
476 1041 1
474 1048 1
474 1053 1
474 1059 1
471 1067 1
468 1078 1
461 1088 1
455 1099 1
449 1110 1
442 1122 1
436 1134 1
430 1147 1
423 1160 1
417 1169 1
411 1176 1
403 1183 1
386 1197 1
373 1203 1
354 1209 1
330 1214 1
308 1213 1
283 1204 1
261 1182 1
242 1150 1
232 1127 1
237 1137 0
342 590 1
342 590 1
342 590 1
342 590 1
342 590 1
341 590 1
341 593 1
341 598 1
341 604 1
341 611 1
341 617 1
341 621 1
341 626 1
341 632 1
341 640 1
341 649 1
342 660 1
343 670 1
343 681 1
343 687 1
344 695 1
345 703 1
345 711 1
347 719 1
349 726 1
351 735 1
353 743 1
356 751 1
357 758 1
359 766 1
360 773 1
361 781 1
362 789 1
362 796 1
363 804 1
363 810 1
363 815 1
363 818 1
364 821 1
363 826 1
363 829 1
361 834 1
361 838 1
359 841 1
359 845 1
357 848 1
357 851 1
355 854 1
354 860 1
352 867 1
350 873 1
349 878 1
347 884 1
346 890 1
344 895 1
343 899 1
343 902 1
341 906 1
341 909 1
340 912 1
338 916 1
338 919 1
336 923 1
334 927 1
333 930 1
331 934 1
328 938 1
323 941 1
320 944 1
315 946 1
311 949 1
308 950 1
306 952 1
304 952 1
302 953 1
301 953 1
299 954 1
299 954 1
297 955 1
296 956 1
294 957 1
292 958 1
291 959 1
289 960 1
287 961 1
284 962 1
281 963 1
279 963 1
277 964 1
275 964 1
273 965 1
270 965 1
266 966 1
260 966 1
252 964 1
246 964 1
238 961 1
232 957 1
226 951 1
221 946 1
218 941 1
213 934 1
210 929 1
208 922 1
206 917 1
204 912 1
204 908 1
204 903 1
203 900 1
203 897 1
203 894 1
204 891 1
204 887 1
204 887 1
204 885 1
204 885 1
204 885 1
204 885 1
204 885 1
204 885 1
205 886 1
206 884 1
206 883 1
208 881 1
211 880 1
215 877 1
221 874 1
227 869 1
232 865 1
238 860 1
246 854 1
252 850 1
258 846 1
262 844 1
266 842 1
269 842 1
271 842 1
273 842 1
276 842 1
277 843 1
279 844 1
280 846 1
280 849 1
281 858 1
281 868 1
281 878 1
280 890 1
278 900 1
277 911 1
275 923 1
272 935 1
269 949 1
264 962 1
258 981 1
252 999 1
246 1017 1
240 1034 1
235 1046 1
229 1057 1
221 1067 1
212 1078 1
194 1093 1
181 1101 1
167 1108 1
152 1106 1
135 1096 1
116 1058 1
102 1006 1
98 957 1
101 979 0
