159 1412 1
159 1412 1
159 1412 1
159 1412 1
159 1412 1
159 1412 1
159 1412 1
158 1411 1
158 1407 1
156 1404 1
156 1399 1
154 1394 1
154 1390 1
154 1384 1
151 1377 1
152 1369 1
152 1362 1
152 1353 1
152 1345 1
152 1336 1
153 1329 1
154 1320 1
155 1311 1
157 1301 1
158 1293 1
160 1282 1
161 1274 1
164 1267 1
166 1260 1
169 1252 1
170 1245 1
172 1239 1
173 1232 1
174 1224 1
176 1216 1
176 1209 1
178 1201 1
178 1192 1
180 1183 1
181 1173 1
183 1161 1
184 1149 1
187 1138 1
188 1131 1
190 1123 1
192 1115 1
193 1108 1
196 1102 1
198 1095 1
200 1087 1
201 1079 1
203 1073 1
204 1067 1
205 1062 1
205 1057 1
206 1051 1
207 1044 1
207 1037 1
208 1030 1
209 1020 1
210 1011 1
210 1001 1
211 990 1
212 978 1
214 966 1
215 952 1
219 938 1
222 925 1
225 914 1
229 903 1
232 893 1
235 884 1
238 875 1
241 866 1
243 858 1
245 850 1
246 844 1
247 840 1
247 836 1
247 834 1
247 831 1
247 830 1
247 828 1
246 827 1
246 825 1
245 824 1
243 822 1
243 821 1
241 819 1
239 817 1
237 817 1
234 815 1
229 814 1
223 814 1
216 814 1
207 814 1
196 815 1
189 817 1
180 821 1
172 827 1
166 835 1
161 842 1
156 849 1
152 857 1
147 873 1
144 887 1
142 902 1
139 919 1
137 935 1
137 949 1
137 960 1
137 971 1
136 983 1
136 996 1
135 1009 1
135 1020 1
134 1029 1
134 1037 1
134 1044 1
134 1052 1
134 1061 1
134 1070 1
135 1081 1
136 1090 1
137 1099 1
137 1107 1
139 1115 1
139 1122 1
141 1130 1
142 1140 1
144 1150 1
147 1162 1
152 1173 1
156 1183 1
160 1193 1
163 1202 1
166 1213 1
169 1224 1
172 1236 1
174 1247 1
177 1256 1
179 1263 1
180 1271 1
181 1280 1
182 1291 1
184 1303 1
188 1315 1
192 1326 1
197 1337 1
202 1345 1
206 1353 1
211 1362 1
216 1373 1
219 1382 1
222 1390 1
224 1397 1
225 1402 1
227 1407 1
227 1411 1
228 1414 1
228 1416 1
229 1418 1
230 1420 1
231 1423 1
231 1425 1
233 1430 1
235 1435 1
237 1440 1
240 1445 1
242 1451 1
245 1455 1
247 1461 1
249 1466 1
250 1469 1
252 1472 1
254 1476 1
256 1480 1
258 1483 1
259 1485 1
261 1488 1
261 1489 1
262 1491 1
263 1492 1
263 1492 1
263 1492 1
263 1492 1
263 1492 1
263 1492 1
263 1492 1
263 1492 1
263 1488 1
264 1483 1
265 1477 1
265 1470 1
267 1463 1
268 1451 1
268 1440 1
269 1428 1
269 1418 1
268 1408 1
267 1400 1
265 1391 1
266 1383 1
264 1372 1
264 1360 1
264 1348 1
263 1335 1
262 1322 1
262 1308 1
262 1294 1
263 1282 1
264 1272 1
264 1261 1
265 1254 1
266 1245 1
266 1238 1
268 1229 1
269 1221 1
269 1213 1
270 1206 1
270 1199 1
271 1193 1
271 1187 1
272 1180 1
273 1170 1
274 1158 1
274 1146 1
275 1135 1
277 1125 1
280 1112 1
284 1098 1
289 1084 1
293 1071 1
298 1059 1
301 1050 1
304 1044 1
306 1039 1
309 1033 1
311 1027 1
314 1021 1
316 1013 1
318 1006 1
320 998 1
322 990 1
324 982 1
327 975 1
330 961 1
333 946 1
339 924 1
343 901 1
348 879 1
351 862 1
353 850 1
353 842 1
352 834 1
353 827 1
353 821 1
352 815 1
352 810 1
351 807 1
350 804 1
348 802 1
348 800 1
348 798 1
348 798 1
346 797 1
346 797 1
346 798 1
346 797 1
344 797 1
342 797 1
339 798 1
334 799 1
330 801 1
324 804 1
318 809 1
311 815 1
303 823 1
297 832 1
293 839 1
288 847 1
285 857 1
280 868 1
276 880 1
273 894 1
270 908 1
267 922 1
266 936 1
264 950 1
262 963 1
261 975 1
261 988 1
259 1001 1
257 1015 1
257 1027 1
257 1038 1
256 1049 1
254 1061 1
254 1073 1
253 1086 1
251 1097 1
251 1108 1
249 1118 1
248 1126 1
246 1134 1
244 1142 1
242 1151 1
241 1158 1
238 1166 1
234 1173 1
231 1180 1
227 1186 1
224 1193 1
221 1200 1
218 1208 1
215 1217 1
212 1227 1
210 1238 1
208 1248 1
209 1259 1
209 1270 1
210 1282 1
212 1296 1
215 1309 1
218 1322 1
222 1333 1
226 1346 1
231 1356 1
236 1368 1
241 1379 1
247 1389 1
251 1400 1
254 1408 1
257 1415 1
261 1424 1
265 1434 1
269 1445 1
272 1457 1
277 1467 1
281 1477 1
285 1485 1
290 1493 1
295 1501 1
299 1508 1
303 1516 1
307 1522 1
310 1526 1
312 1530 1
314 1532 1
316 1534 1
317 1535 1
319 1537 1
320 1536 1
322 1534 1
327 1528 1
333 1519 1
340 1505 1
348 1489 1
356 1472 1
363 1453 1
370 1433 1
375 1414 1
380 1395 1
383 1376 1
384 1362 1
386 1347 1
386 1337 1
386 1326 1
385 1315 1
383 1303 1
382 1292 1
380 1280 1
379 1272 1
377 1263 1
375 1253 1
374 1241 1
372 1228 1
371 1215 1
368 1203 1
368 1191 1
366 1179 1
367 1165 1
367 1150 1
368 1134 1
369 1121 1
372 1108 1
373 1096 1
375 1085 1
376 1076 1
379 1068 1
381 1059 1
383 1050 1
387 1039 1
390 1029 1
393 1018 1
396 1004 1
399 988 1
405 971 1
410 952 1
415 937 1
419 924 1
421 914 1
423 904 1
425 895 1
426 886 1
427 875 1
428 866 1
428 858 1
426 853 1
427 849 1
427 847 1
426 845 1
426 845 1
426 844 1
426 844 1
426 844 1
426 844 1
425 844 1
423 845 1
421 847 1
418 850 1
414 854 1
408 861 1
402 869 1
395 880 1
389 891 1
383 902 1
377 913 1
370 926 1
365 941 1
360 956 1
355 970 1
352 983 1
349 996 1
346 1010 1
343 1024 1
341 1038 1
338 1049 1
337 1059 1
337 1071 1
335 1084 1
333 1098 1
333 1110 1
333 1124 1
332 1138 1
332 1153 1
332 1167 1
332 1181 1
330 1192 1
331 1203 1
329 1217 1
329 1229 1
330 1241 1
330 1253 1
331 1264 1
332 1274 1
334 1286 1
335 1299 1
336 1312 1
337 1323 1
337 1332 1
338 1340 1
338 1348 1
339 1356 1
340 1364 1
340 1371 1
340 1379 1
340 1387 1
340 1396 1
341 1404 1
343 1414 1
346 1427 1
349 1438 1
352 1447 1
355 1455 1
358 1463 1
363 1471 1
366 1478 1
369 1485 1
372 1492 1
376 1498 1
380 1503 1
383 1510 1
388 1517 1
390 1522 1
393 1527 1
397 1531 1
400 1533 1
403 1536 1
406 1538 1
409 1540 1
414 1542 1
418 1545 1
423 1547 1
428 1549 1
431 1550 1
436 1552 1
440 1553 1
443 1553 1
447 1551 1
452 1550 1
455 1547 1
459 1543 1
462 1537 1
464 1532 1
466 1524 1
468 1514 1
469 1502 1
471 1487 1
473 1469 1
475 1450 1
475 1431 1
473 1414 1
473 1399 1
471 1385 1
471 1368 1
469 1354 1
468 1342 1
469 1333 1
469 1323 1
470 1312 1
470 1298 1
469 1284 1
467 1271 1
467 1261 1
467 1249 1
467 1230 1
468 1205 1
470 1180 1
471 1160 1
471 1147 1
469 1136 1
467 1127 1
467 1120 1
465 1114 1
465 1111 1
465 1108 1
463 1104 1
464 1101 1
464 1096 1
464 1089 1
465 1081 1
466 1070 1
468 1058 1
470 1046 1
473 1031 1
478 1014 1
483 999 1
489 983 1
493 969 1
496 956 1
498 945 1
500 935 1
501 927 1
502 920 1
504 908 1
506 897 1
509 887 1
511 879 1
513 873 1
513 869 1
514 866 1
514 864 1
514 862 1
513 860 1
511 858 1
510 858 1
508 858 1
503 858 1
499 858 1
494 859 1
489 860 1
482 862 1
474 868 1
465 875 1
458 885 1
452 894 1
447 904 1
443 913 1
438 926 1
434 941 1
429 957 1
426 971 1
423 984 1
424 997 1
424 1010 1
423 1025 1
423 1039 1
422 1053 1
421 1068 1
419 1084 1
419 1100 1
419 1114 1
419 1128 1
420 1142 1
420 1156 1
420 1168 1
418 1180 1
419 1192 1
419 1205 1
419 1221 1
420 1235 1
420 1249 1
420 1262 1
420 1274 1
421 1286 1
421 1297 1
425 1308 1
426 1317 1
427 1323 1
428 1328 1
429 1332 1
430 1336 1
430 1340 1
432 1346 1
433 1353 1
437 1363 1
441 1373 1
445 1384 1
450 1396 1
455 1408 1
458 1419 1
462 1431 1
467 1442 1
471 1454 1
476 1465 1
480 1476 1
484 1483 1
487 1491 1
490 1498 1
493 1506 1
495 1514 1
498 1520 1
501 1527 1
503 1533 1
508 1541 1
511 1547 1
513 1554 1
515 1559 1
517 1564 1
518 1567 1
519 1569 1
520 1571 1
521 1573 1
522 1575 1
524 1577 1
526 1578 1
527 1578 1
529 1576 1
532 1573 1
536 1569 1
542 1559 1
548 1546 1
551 1528 1
554 1508 1
555 1490 1
554 1472 1
551 1455 1
548 1437 1
545 1420 1
542 1403 1
540 1388 1
539 1376 1
539 1365 1
538 1353 1
538 1339 1
539 1324 1
540 1309 1
542 1295 1
543 1283 1
546 1272 1
547 1261 1
550 1249 1
551 1236 1
553 1224 1
556 1210 1
558 1196 1
561 1179 1
564 1160 1
567 1143 1
569 1129 1
571 1117 1
572 1102 1
575 1085 1
578 1067 1
580 1052 1
583 1037 1
584 1025 1
586 1014 1
587 1002 1
588 989 1
587 977 1
587 966 1
585 954 1
583 945 1
582 937 1
578 930 1
575 924 1
573 920 1
571 917 1
571 915 1
569 915 1
570 914 1
570 914 1
569 913 1
569 913 1
565 913 1
562 914 1
555 917 1
549 921 1
542 928 1
533 938 1
524 951 1
516 967 1
509 984 1
504 1005 1
501 1024 1
500 1040 1
499 1054 1
500 1068 1
501 1082 1
504 1096 1
508 1109 1
511 1121 1
514 1136 1
517 1151 1
522 1166 1
524 1181 1
527 1194 1
528 1209 1
530 1226 1
531 1242 1
533 1257 1
534 1271 1
537 1287 1
539 1305 1
540 1320 1
542 1334 1
543 1346 1
546 1358 1
548 1373 1
551 1387 1
554 1399 1
557 1408 1
561 1417 1
563 1424 1
566 1431 1
568 1437 1
571 1445 1
574 1451 1
579 1457 1
582 1463 1
587 1469 1
590 1475 1
592 1480 1
596 1485 1
599 1491 1
603 1498 1
607 1504 1
612 1510 1
613 1513 1
615 1516 1
617 1519 1
618 1521 1
619 1522 1
620 1523 1
620 1523 1
620 1523 1
620 1523 1
621 1522 1
622 1520 1
624 1515 1
627 1511 1
629 1502 1
631 1493 1
633 1482 1
635 1471 1
637 1462 1
639 1451 1
641 1440 1
642 1429 1
643 1420 1
644 1412 1
645 1403 1
646 1391 1
646 1377 1
646 1363 1
646 1352 1
646 1342 1
646 1335 1
646 1329 1
646 1322 1
646 1316 1
644 1308 1
644 1302 1
644 1296 1
643 1289 1
641 1280 1
642 1271 1
642 1258 1
642 1240 1
643 1220 1
644 1200 1
644 1182 1
646 1166 1
648 1152 1
652 1138 1
655 1126 1
658 1116 1
659 1106 1
661 1095 1
664 1083 1
665 1073 1
667 1062 1
668 1052 1
669 1043 1
669 1036 1
669 1027 1
669 1016 1
670 1007 1
671 997 1
671 988 1
672 981 1
672 976 1
673 970 1
673 964 1
674 958 1
674 954 1
675 950 1
675 947 1
675 945 1
674 943 1
674 941 1
674 941 1
674 940 1
674 940 1
673 940 1
671 940 1
668 940 1
665 942 1
661 943 1
656 946 1
651 953 1
643 961 1
635 973 1
626 987 1
619 1002 1
612 1020 1
608 1036 1
604 1053 1
601 1071 1
600 1089 1
600 1106 1
597 1119 1
596 1133 1
596 1149 1
594 1164 1
594 1179 1
594 1192 1
595 1204 1
597 1215 1
599 1226 1
601 1238 1
601 1249 1
603 1262 1
605 1275 1
608 1292 1
609 1309 1
611 1321 1
612 1331 1
613 1339 1
614 1347 1
615 1354 1
616 1362 1
617 1369 1
619 1377 1
619 1384 1
621 1391 1
622 1398 1
624 1404 1
626 1413 1
630 1424 1
632 1434 1
635 1444 1
638 1455 1
641 1465 1
644 1476 1
647 1486 1
650 1497 1
652 1508 1
656 1519 1
658 1527 1
661 1534 1
663 1541 1
665 1546 1
667 1550 1
668 1554 1
670 1559 1
672 1562 1
676 1566 1
678 1569 1
679 1571 1
681 1573 1
683 1573 1
685 1574 1
687 1574 1
690 1572 1
696 1567 1
702 1559 1
711 1547 1
719 1534 1
726 1520 1
732 1507 1
736 1494 1
739 1482 1
744 1468 1
746 1451 1
748 1434 1
749 1419 1
747 1407 1
747 1396 1
745 1385 1
745 1371 1
744 1354 1
744 1338 1
744 1325 1
744 1317 1
744 1311 1
744 1305 1
745 1296 1
746 1285 1
747 1273 1
748 1259 1
750 1242 1
752 1221 1
755 1197 1
757 1170 1
759 1149 1
761 1133 1
761 1122 1
762 1113 1
762 1104 1
760 1094 1
761 1084 1
761 1072 1
762 1060 1
763 1047 1
766 1030 1
769 1014 1
772 994 1
776 978 1
779 960 1
783 942 1
787 925 1
791 911 1
794 901 1
795 895 1
797 890 1
798 888 1
798 888 1
798 886 1
798 886 1
796 885 1
796 884 1
794 884 1
794 882 1
791 880 1
787 881 1
782 881 1
775 885 1
767 889 1
753 900 1
741 911 1
730 925 1
719 942 1
708 962 1
701 985 1
695 1010 1
690 1033 1
685 1058 1
681 1080 1
679 1100 1
679 1117 1
678 1135 1
680 1154 1
681 1172 1
683 1186 1
683 1200 1
686 1214 1
689 1228 1
692 1243 1
697 1260 1
703 1278 1
711 1297 1
718 1314 1
723 1329 1
726 1343 1
728 1356 1
731 1370 1
733 1384 1
736 1396 1
737 1407 1
739 1418 1
740 1429 1
743 1441 1
744 1449 1
745 1459 1
746 1465 1
748 1473 1
751 1483 1
755 1496 1
762 1511 1
770 1528 1
778 1542 1
784 1555 1
790 1566 1
794 1575 1
799 1583 1
804 1590 1
809 1596 1
814 1601 1
818 1604 1
821 1606 1
824 1607 1
827 1608 1
830 1607 1
835 1604 1
839 1599 1
846 1590 1
851 1573 1
855 1551 1
859 1526 1
863 1504 1
866 1485 1
868 1471 1
871 1455 1
871 1438 1
872 1421 1
872 1405 1
871 1391 1
869 1376 1
868 1360 1
866 1344 1
865 1326 1
862 1305 1
861 1285 1
861 1266 1
862 1252 1
865 1235 1
868 1217 1
871 1196 1
874 1174 1
877 1156 1
879 1140 1
879 1126 1
880 1112 1
881 1096 1
883 1079 1
887 1060 1
890 1044 1
891 1027 1
892 1010 1
893 993 1
892 978 1
892 962 1
890 949 1
887 935 1
886 926 1
885 918 1
883 913 1
883 910 1
883 908 1
882 908 1
882 908 1
882 908 1
882 908 1
882 908 1
878 908 1
873 908 1
868 908 1
861 911 1
852 915 1
843 919 1
835 924 1
827 930 1
819 936 1
811 944 1
804 955 1
798 966 1
791 977 1
787 987 1
783 995 1
780 1007 1
777 1019 1
774 1032 1
771 1046 1
770 1063 1
770 1082 1
771 1102 1
771 1122 1
774 1142 1
778 1161 1
782 1180 1
786 1199 1
789 1221 1
791 1244 1
795 1266 1
798 1287 1
802 1307 1
807 1324 1
814 1342 1
821 1361 1
829 1380 1
837 1396 1
842 1408 1
849 1421 1
858 1433 1
867 1448 1
876 1462 1
888 1478 1
902 1497 1
916 1518 1
931 1538 1
947 1557 1
962 1572 1
978 1586 1
990 1597 1
999 1604 1
1008 1609 1
1015 1612 1
1014 1612 0
