365 247 1
366 249 1
375 259 1
389 275 1
407 296 1
432 322 1
457 349 1
481 378 1
525 431 1
547 455 1
571 487 1
593 520 1
615 555 1
641 590 1
668 628 1
693 664 1
711 699 1
729 731 1
745 762 1
760 796 1
775 833 1
791 871 1
808 904 1
821 933 1
833 962 1
842 992 1
850 1023 1
856 1053 1
861 1078 1
864 1104 1
867 1129 1
870 1154 1
871 1179 1
871 1202 1
871 1226 1
870 1249 1
868 1274 1
863 1302 1
857 1328 1
847 1354 1
836 1376 1
822 1394 1
811 1409 1
801 1420 1
792 1429 1
781 1437 1
770 1445 1
758 1452 1
746 1457 1
733 1462 1
717 1467 1
700 1470 1
681 1473 1
664 1472 1
646 1470 1
626 1465 1
605 1458 1
584 1448 1
566 1438 1
547 1426 1
530 1415 1
514 1405 1
501 1397 1
487 1389 1
475 1381 1
462 1371 1
448 1358 1
434 1345 1
420 1332 1
408 1318 1
394 1298 1
379 1272 1
363 1246 1
346 1219 1
333 1195 1
322 1173 1
312 1149 1
303 1127 1
293 1106 1
285 1084 1
277 1060 1
268 1031 1
259 999 1
250 963 1
242 929 1
233 899 1
223 870 1
214 838 1
205 801 1
196 765 1
190 733 1
185 703 1
184 678 1
182 651 1
183 625 1
183 599 1
183 573 1
184 550 1
186 528 1
188 508 1
191 489 1
194 471 1
195 456 1
197 441 1
197 425 1
198 410 1
198 393 1
199 374 1
200 353 1
201 332 1
204 312 1
207 295 1
212 282 1
216 270 1
219 262 1
223 255 1
226 249 1
231 243 1
234 240 1
239 237 1
246 235 1
254 233 1
264 233 1
273 233 1
283 234 1
295 238 1
308 241 1
324 246 1
343 252 1
361 262 1
380 274 1
397 287 1
418 302 1
438 321 1
457 341 1
473 362 1
489 387 1
506 414 1
519 439 1
533 464 1
548 488 1
564 513 1
580 542 1
599 573 1
618 604 1
635 631 1
651 659 1
667 684 1
682 712 1
696 738 1
708 765 1
719 790 1
728 812 1
737 835 1
747 861 1
758 888 1
769 917 1
780 947 1
789 975 1
798 999 1
808 1024 1
817 1049 1
826 1075 1
834 1100 1
840 1121 1
844 1137 1
848 1151 1
851 1164 1
853 1176 1
855 1187 1
857 1199 1
859 1211 1
860 1226 1
862 1242 1
864 1262 1
864 1287 1
862 1319 1
857 1355 1
851 1391 1
844 1422 1
836 1448 1
826 1465 1
819 1478 1
811 1486 1
805 1492 1
799 1498 1
791 1504 1
782 1510 1
773 1515 1
762 1520 1
750 1525 1
737 1527 1
721 1529 1
705 1529 1
690 1527 1
676 1524 1
661 1521 1
646 1516 1
629 1513 1
614 1510 1
600 1506 1
586 1503 1
572 1497 1
558 1492 1
543 1485 1
526 1477 1
508 1468 1
491 1458 1
474 1444 1
459 1430 1
447 1416 1
436 1404 1
427 1393 1
414 1376 1
402 1356 1
390 1335 1
378 1312 1
365 1292 1
356 1274 1
346 1257 1
336 1235 1
325 1213 1
312 1182 1
299 1148 1
285 1112 1
273 1075 1
264 1039 1
256 1005 1
250 970 1
241 936 1
232 904 1
224 874 1
216 845 1
209 816 1
204 786 1
199 756 1
193 727 1
188 703 1
183 679 1
178 658 1
175 634 1
172 611 1
168 585 1
164 557 1
160 527 1
156 499 1
155 473 1
155 448 1
156 426 1
159 404 1
163 387 1
165 372 1
168 359 1
171 345 1
174 334 1
178 323 1
182 314 1
187 305 1
192 297 1
198 290 1
206 283 1
214 276 1
224 270 1
237 263 1
252 258 1
269 255 1
284 254 1
299 254 1
317 258 1
337 265 1
359 274 1
378 286 1
395 299 1
413 312 1
428 327 1
442 343 1
455 357 1
466 371 1
475 387 1
484 402 1
491 416 1
500 428 1
510 444 1
521 461 1
532 477 1
543 492 1
555 509 1
569 528 1
587 548 1
604 570 1
625 596 1
643 627 1
663 659 1
683 695 1
699 731 1
714 765 1
728 797 1
745 831 1
761 864 1
776 895 1
789 923 1
801 950 1
810 974 1
818 997 1
826 1022 1
831 1045 1
836 1069 1
840 1091 1
846 1111 1
850 1129 1
854 1148 1
858 1166 1
860 1183 1
863 1199 1
864 1214 1
868 1230 1
870 1246 1
873 1265 1
875 1285 1
876 1308 1
876 1334 1
876 1359 1
874 1383 1
872 1401 1
870 1416 1
867 1429 1
864 1439 1
861 1449 1
858 1456 1
853 1462 1
847 1470 1
841 1476 1
835 1483 1
825 1491 1
811 1499 1
795 1509 1
776 1519 1
755 1526 1
734 1533 1
714 1538 1
695 1540 1
679 1541 1
664 1539 1
651 1536 1
643 1534 1
635 1531 1
626 1528 1
616 1526 1
604 1523 1
592 1519 1
579 1515 1
566 1511 1
554 1505 1
541 1499 1
528 1493 1
514 1485 1
501 1476 1
487 1468 1
475 1460 1
464 1449 1
453 1438 1
441 1426 1
429 1413 1
419 1402 1
410 1391 1
401 1378 1
392 1361 1
381 1344 1
372 1328 1
364 1314 1
355 1300 1
345 1284 1
334 1266 1
322 1243 1
308 1213 1
294 1181 1
282 1153 1
271 1129 1
262 1110 1
255 1091 1
248 1071 1
242 1051 1
238 1029 1
234 1007 1
231 986 1
228 965 1
223 944 1
218 922 1
213 897 1
207 872 1
200 852 1
196 834 1
190 815 1
185 795 1
183 773 1
183 753 1
183 732 1
181 715 1
179 699 1
177 682 1
175 665 1
173 646 1
172 626 1
170 606 1
169 581 1
166 554 1
162 525 1
159 495 1
157 465 1
157 438 1
160 413 1
165 394 1
168 379 1
169 370 1
170 360 1
172 352 1
176 343 1
180 333 1
184 325 1
188 318 1
193 310 1
201 302 1
210 292 1
223 283 1
241 271 1
261 260 1
284 249 1
304 242 1
321 237 1
336 237 1
349 237 1
361 240 1
372 246 1
386 258 1
402 271 1
421 288 1
441 309 1
462 332 1
486 361 1
509 390 1
531 416 1
550 442 1
567 466 1
583 491 1
599 518 1
619 550 1
639 582 1
659 616 1
676 648 1
692 681 1
704 713 1
715 743 1
726 774 1
736 805 1
744 833 1
752 863 1
760 887 1
767 911 1
773 934 1
778 959 1
783 983 1
787 1007 1
793 1031 1
799 1054 1
805 1077 1
812 1100 1
819 1125 1
827 1151 1
833 1174 1
839 1194 1
843 1213 1
849 1232 1
855 1249 1
859 1263 1
863 1277 1
864 1291 1
864 1309 1
863 1326 1
861 1342 1
859 1356 1
856 1368 1
852 1381 1
851 1385 1
851 1385 1
842 1402 1
835 1415 1
826 1428 1
817 1441 1
809 1452 1
807 1455 1
800 1462 0
798 1463 1
790 1472 1
782 1479 1
775 1486 1
767 1491 1
759 1497 1
751 1500 1
742 1503 1
731 1505 1
717 1507 1
702 1507 1
690 1507 1
678 1504 1
668 1502 1
656 1499 1
643 1495 1
628 1489 1
612 1481 1
596 1473 1
580 1463 1
564 1456 1
550 1448 1
538 1441 1
526 1433 1
516 1425 1
506 1417 1
496 1410 1
488 1402 1
480 1396 1
474 1387 1
465 1376 1
456 1359 1
445 1339 1
432 1317 1
419 1293 1
408 1272 1
398 1250 1
386 1226 1
374 1202 1
362 1179 1
350 1157 1
337 1136 1
324 1115 1
312 1095 1
300 1073 1
290 1051 1
279 1029 1
270 1007 1
261 985 1
252 965 1
244 942 1
237 917 1
230 892 1
223 867 1
216 843 1
209 818 1
205 795 1
200 771 1
196 747 1
191 725 1
187 707 1
185 694 1
185 683 1
184 674 1
182 664 1
183 651 1
183 638 1
181 625 1
181 608 1
179 589 1
180 565 1
182 537 1
184 508 1
186 481 1
189 457 1
192 434 1
194 412 1
195 393 1
197 375 1
198 360 1
200 347 1
203 336 1
205 327 1
208 319 1
210 311 1
213 304 1
215 297 1
217 289 1
220 284 1
224 276 1
227 272 1
230 268 1
234 264 1
242 259 1
253 254 1
262 250 1
273 247 1
283 244 1
295 243 1
309 244 1
325 246 1
340 250 1
355 259 1
369 266 1
385 275 1
404 286 1
421 297 1
439 310 1
457 325 1
478 342 1
499 360 1
519 379 1
536 399 1
549 416 1
562 434 1
575 452 1
588 475 1
602 496 1
615 519 1
626 543 1
639 567 1
652 593 1
668 620 1
680 646 1
693 673 1
702 701 1
710 729 1
718 758 1
727 787 1
736 811 1
746 836 1
754 860 1
762 883 1
771 902 1
778 918 1
784 931 1
790 945 1
796 957 1
803 972 1
809 988 1
816 1006 1
823 1026 1
831 1047 1
838 1071 1
844 1099 1
850 1128 1
857 1157 1
863 1186 1
868 1214 1
873 1240 1
876 1261 1
878 1280 1
880 1299 1
882 1318 1
880 1339 1
878 1360 1
875 1379 1
873 1394 1
870 1404 1
869 1412 1
867 1419 1
863 1426 1
858 1434 1
850 1445 1
839 1456 1
825 1467 1
805 1478 1
781 1489 1
754 1499 1
724 1508 1
698 1514 1
674 1517 1
653 1519 1
638 1518 1
624 1516 1
612 1514 1
600 1511 1
591 1508 1
581 1504 1
569 1500 1
555 1490 1
540 1479 1
525 1468 1
510 1457 1
495 1447 1
482 1437 1
470 1427 1
459 1418 1
448 1409 1
437 1399 1
425 1388 1
411 1376 1
394 1358 1
374 1337 1
353 1314 1
332 1291 1
313 1268 1
293 1242 1
273 1218 1
258 1193 1
244 1169 1
233 1147 1
226 1126 1
220 1109 1
217 1092 1
214 1074 1
211 1054 1
208 1033 1
203 1008 1
198 984 1
192 961 1
186 937 1
180 914 1
174 890 1
170 867 1
166 845 1
162 823 1
161 801 1
159 779 1
159 761 1
159 743 1
159 728 1
159 714 1
158 701 1
158 686 1
156 672 1
156 656 1
154 640 1
154 625 1
154 607 1
154 586 1
152 562 1
150 533 1
148 505 1
146 480 1
147 460 1
148 441 1
149 423 1
152 406 1
154 389 1
155 376 1
156 364 1
157 353 1
159 342 1
163 332 1
166 323 1
170 315 1
173 309 1
176 302 1
180 296 1
184 290 1
192 283 1
199 277 1
208 271 1
219 266 1
234 260 1
252 256 1
272 254 1
293 254 1
313 256 1
335 262 1
356 271 1
378 285 1
400 302 1
423 322 1
443 340 1
462 356 1
478 373 1
494 392 1
510 411 1
524 430 1
538 452 1
551 474 1
565 496 1
578 519 1
592 546 1
608 574 1
624 604 1
637 630 1
651 655 1
665 683 1
677 715 1
687 749 1
698 779 1
709 811 1
720 839 1
732 867 1
744 894 1
753 919 1
760 944 1
767 969 1
775 996 1
782 1023 1
788 1048 1
793 1073 1
798 1096 1
803 1122 1
807 1150 1
812 1178 1
819 1209 1
825 1238 1
832 1265 1
839 1290 1
842 1313 1
844 1334 1
846 1352 1
847 1368 1
849 1384 1
849 1397 1
849 1409 1
847 1419 1
846 1428 1
843 1437 1
838 1448 1
830 1459 1
817 1474 1
801 1492 1
776 1514 1
751 1537 1
724 1560 1
699 1579 1
677 1595 1
664 1603 1
653 1608 1
645 1610 1
639 1610 1
633 1608 1
627 1606 1
620 1603 1
615 1600 1
610 1598 1
607 1596 1
603 1592 1
598 1587 1
590 1578 1
580 1565 1
567 1548 1
552 1529 1
538 1509 1
524 1491 1
510 1474 1
498 1460 1
484 1445 1
473 1432 1
462 1418 1
455 1406 1
447 1393 1
439 1379 1
427 1360 1
415 1340 1
402 1319 1
388 1297 1
373 1274 1
359 1251 1
346 1228 1
334 1206 1
323 1184 1
312 1162 1
301 1140 1
291 1118 1
282 1096 1
273 1076 1
265 1057 1
259 1041 1
254 1027 1
248 1009 1
243 993 1
239 977 1
234 959 1
229 940 1
224 919 1
218 898 1
211 877 1
205 855 1
200 834 1
194 811 1
190 788 1
187 762 1
185 735 1
184 710 1
182 686 1
180 666 1
179 644 1
177 625 1
177 607 1
177 586 1
177 562 1
177 536 1
177 506 1
177 482 1
177 460 1
177 444 1
179 428 1
180 415 1
182 403 1
183 392 1
183 383 1
184 374 1
185 366 1
188 357 1
191 348 1
196 337 1
201 326 1
207 315 1
213 305 1
218 295 1
226 286 1
234 277 1
244 267 1
254 258 1
263 249 1
274 242 1
283 238 1
292 233 1
303 231 1
316 231 1
333 233 1
352 238 1
374 247 1
397 260 1
420 274 1
441 292 1
462 311 1
484 335 1
505 359 1
524 378 1
542 397 1
554 414 1
564 429 1
573 445 1
583 461 1
591 480 1
600 500 1
610 522 1
621 543 1
632 565 1
643 587 1
656 612 1
669 638 1
683 664 1
695 691 1
706 717 1
717 741 1
727 763 1
737 785 1
746 808 1
755 835 1
764 861 1
777 888 1
790 914 1
802 939 1
814 963 1
824 988 1
833 1015 1
841 1041 1
848 1069 1
854 1095 1
860 1120 1
865 1145 1
869 1166 1
872 1186 1
875 1206 1
876 1224 1
878 1242 1
876 1259 1
873 1276 1
870 1293 1
867 1309 1
864 1323 1
861 1338 1
857 1355 1
851 1374 1
845 1392 1
836 1410 1
828 1427 1
818 1442 1
809 1456 1
802 1466 1
795 1474 1
788 1481 1
783 1485 1
777 1490 1
770 1496 1
762 1501 1
753 1507 1
744 1511 1
735 1515 1
725 1516 1
716 1518 1
708 1518 1
702 1518 1
697 1518 1
693 1517 1
689 1515 1
683 1514 1
677 1512 1
671 1510 1
661 1506 1
651 1501 1
640 1495 1
629 1488 1
619 1483 1
609 1477 1
600 1472 1
591 1467 1
580 1461 1
571 1457 1
562 1452 1
554 1449 1
547 1446 1
540 1442 1
534 1439 1
526 1434 1
519 1429 1
511 1423 1
501 1416 1
490 1408 1
480 1401 1
472 1395 1
466 1390 1
458 1384 1
451 1377 1
443 1369 1
433 1358 1
423 1346 1
414 1335 1
404 1324 1
395 1313 1
387 1301 1
377 1286 1
367 1270 1
356 1253 1
344 1235 1
334 1214 1
324 1194 1
315 1174 1
307 1153 1
297 1133 1
288 1115 1
281 1099 1
274 1085 1
267 1072 1
262 1058 1
257 1045 1
252 1031 1
247 1017 1
242 1003 1
238 989 1
233 973 1
227 959 1
221 942 1
214 924 1
206 905 1
200 887 1
195 872 1
189 856 1
184 842 1
180 826 1
175 806 1
172 784 1
167 760 1
164 739 1
160 714 1
157 692 1
153 670 1
151 651 1
149 633 1
148 618 1
148 604 1
148 587 1
147 569 1
145 550 1
143 533 1
141 514 1
140 497 1
138 482 1
138 467 1
139 453 1
142 437 1
145 422 1
149 408 1
155 395 1
160 385 1
163 377 1
167 369 1
170 361 1
175 353 1
181 345 1
188 338 1
195 331 1
202 325 1
211 317 1
220 311 1
229 306 1
238 301 1
249 296 1
262 292 1
274 288 1
287 285 1
302 285 1
319 285 1
338 289 1
357 295 1
374 303 1
393 312 1
414 323 1
432 336 1
451 348 1
465 360 1
479 371 1
491 383 1
503 397 1
514 413 1
527 427 1
538 446 1
551 467 1
564 490 1
575 516 1
586 540 1
598 562 1
610 584 1
624 607 1
637 630 1
650 653 1
660 674 1
668 694 1
677 712 1
685 729 1
693 747 1
701 764 1
708 785 1
716 806 1
726 831 1
736 860 1
747 890 1
757 920 1
766 950 1
775 980 1
783 1007 1
791 1033 1
797 1056 1
803 1079 1
809 1103 1
815 1125 1
819 1145 1
822 1165 1
825 1183 1
828 1201 1
832 1223 1
836 1244 1
840 1266 1
842 1286 1
843 1306 1
845 1323 1
845 1339 1
845 1357 1
841 1374 1
838 1391 1
832 1406 1
824 1420 1
815 1433 1
806 1442 1
800 1448 1
794 1455 1
788 1459 1
780 1464 1
769 1470 1
755 1476 1
739 1481 1
723 1487 1
707 1493 1
692 1498 1
678 1503 1
663 1507 1
650 1510 1
636 1512 1
625 1514 1
615 1514 1
604 1516 1
594 1516 1
584 1514 1
573 1512 1
563 1509 1
554 1506 1
542 1501 1
530 1496 1
517 1489 1
501 1480 1
487 1471 1
473 1461 1
459 1452 1
444 1441 1
427 1428 1
411 1414 1
396 1402 1
383 1390 1
372 1379 1
359 1367 1
347 1354 1
336 1340 1
325 1326 1
315 1313 1
304 1298 1
293 1281 1
282 1264 1
272 1248 1
263 1231 1
255 1213 1
248 1196 1
240 1177 1
231 1157 1
223 1138 1
218 1118 1
213 1096 1
210 1074 1
206 1051 1
202 1028 1
196 1005 1
190 981 1
183 953 1
176 927 1
169 903 1
164 884 1
157 864 1
151 844 1
144 824 1
138 804 1
132 784 1
128 764 1
124 743 1
122 724 1
120 704 1
118 683 1
116 664 1
114 644 1
113 628 1
113 612 1
112 595 1
112 576 1
112 559 1
112 542 1
112 525 1
114 511 1
116 498 1
118 487 1
121 476 1
125 466 1
128 456 1
134 445 1
139 434 1
148 420 1
155 407 1
163 394 1
169 383 1
174 372 1
181 361 1
187 351 1
195 340 1
203 329 1
211 320 1
217 311 1
225 303 1
232 296 1
241 288 1
252 280 1
261 274 1
273 269 1
282 267 1
291 265 1
302 266 1
316 269 1
333 276 1
353 285 1
373 299 1
392 315 1
412 332 1
434 352 1
457 372 1
477 390 1
495 407 1
511 420 1
526 433 1
538 446 1
546 459 1
554 472 1
562 488 1
568 506 1
576 527 1
586 551 1
597 577 1
611 604 1
626 637 1
640 672 1
654 707 1
668 738 1
682 768 1
693 792 1
706 817 1
715 841 1
726 863 1
738 886 1
751 908 1
763 930 1
772 951 1
782 971 1
789 990 1
795 1009 1
804 1029 1
811 1048 1
817 1068 1
822 1090 1
827 1113 1
831 1139 1
834 1164 1
837 1189 1
841 1216 1
844 1241 1
848 1265 1
851 1289 1
854 1311 1
857 1331 1
858 1347 1
859 1362 1
857 1375 1
857 1385 1
855 1393 1
853 1400 1
851 1406 1
848 1411 1
843 1417 1
837 1423 1
829 1430 1
821 1436 1
813 1443 1
802 1451 1
789 1460 1
774 1470 1
757 1478 1
740 1487 1
723 1493 1
709 1500 1
694 1505 1
684 1507 1
675 1509 1
666 1511 1
658 1511 1
651 1511 1
643 1510 1
636 1508 1
629 1506 1
621 1503 1
614 1500 1
604 1495 1
593 1489 1
581 1481 1
568 1473 1
557 1464 1
546 1456 1
535 1450 1
524 1444 1
512 1434 1
499 1423 1
487 1412 1
477 1404 1
468 1397 1
461 1391 1
455 1383 1
446 1375 1
438 1364 1
431 1352 1
421 1341 1
412 1328 1
405 1318 1
397 1308 1
392 1297 1
386 1286 1
378 1275 1
370 1263 1
360 1251 1
351 1236 1
340 1220 1
331 1204 1
322 1185 1
309 1161 1
298 1136 1
285 1111 1
274 1087 1
265 1064 1
256 1041 1
249 1018 1
243 993 1
237 970 1
230 946 1
223 922 1
216 900 1
209 881 1
202 863 1
196 843 1
191 822 1
187 796 1
183 769 1
179 742 1
176 717 1
173 692 1
170 666 1
165 643 1
163 617 1
160 594 1
157 573 1
154 552 1
150 532 1
145 512 1
139 493 1
135 473 1
130 455 1
127 439 1
126 426 1
126 415 1
125 406 1
125 398 1
125 387 1
127 378 1
129 369 1
132 361 1
136 353 1
141 344 1
145 336 1
150 328 1
156 320 1
161 314 1
167 307 1
173 302 1
182 296 1
191 291 1
200 286 1
210 281 1
221 278 1
234 275 1
245 271 1
258 270 1
272 268 1
286 269 1
300 270 1
315 272 1
331 277 1
347 282 1
363 289 1
377 300 1
392 312 1
409 327 1
427 344 1
444 360 1
460 372 1
474 386 1
487 399 1
500 413 1
512 426 1
525 441 1
538 455 1
548 471 1
558 487 1
571 508 1
585 526 1
599 546 1
612 564 1
625 582 1
636 604 1
650 627 1
664 654 1
678 680 1
691 706 1
702 729 1
714 755 1
725 779 1
737 801 1
750 823 1
761 846 1
773 873 1
784 901 1
794 928 1
804 953 1
815 975 1
823 995 1
830 1016 1
834 1036 1
837 1056 1
840 1078 1
844 1098 1
848 1118 1
851 1139 1
855 1158 1
859 1178 1
862 1199 1
867 1221 1
870 1243 1
874 1266 1
877 1287 1
879 1307 1
880 1329 1
880 1349 1
879 1368 1
876 1382 1
874 1393 1
871 1404 1
864 1414 1
854 1426 1
840 1440 1
824 1453 1
807 1464 1
787 1473 1
769 1481 1
750 1487 1
733 1492 1
719 1497 1
704 1501 1
691 1503 1
680 1505 1
670 1506 1
660 1506 1
649 1504 1
635 1502 1
624 1499 1
613 1496 1
602 1491 1
591 1486 1
578 1480 1
564 1472 1
552 1465 1
540 1459 1
528 1453 1
515 1446 1
501 1439 1
485 1428 1
470 1417 1
455 1406 1
442 1398 1
428 1390 1
417 1380 1
406 1371 1
395 1358 1
385 1346 1
376 1333 1
365 1318 1
354 1300 1
343 1283 1
333 1267 1
327 1254 1
322 1240 1
317 1226 1
311 1212 1
306 1197 1
300 1183 1
293 1169 1
286 1152 1
280 1136 1
274 1118 1
270 1101 1
265 1083 1
260 1066 1
256 1052 1
251 1038 1
246 1024 1
243 1013 1
240 1002 1
237 990 1
234 979 1
231 967 1
228 956 1
223 942 1
218 927 1
211 911 1
203 894 1
195 877 1
187 861 1
179 845 1
172 828 1
166 812 1
160 795 1
154 778 1
147 759 1
139 739 1
131 719 1
127 702 1
122 684 1
117 667 1
114 652 1
110 637 1
107 623 1
104 608 1
102 593 1
100 578 1
98 560 1
98 540 1
96 520 1
96 501 1
96 484 1
97 470 1
97 456 1
98 442 1
99 426 1
101 411 1
102 399 1
104 388 1
105 378 1
106 368 1
108 360 1
110 351 1
114 341 1
118 332 1
123 323 1
129 314 1
136 306 1
142 300 1
147 294 1
154 289 1
160 285 1
166 281 1
175 277 1
184 274 1
195 271 1
205 269 1
216 268 1
227 266 1
239 266 1
252 266 1
263 267 1
273 269 1
282 271 1
294 274 1
306 277 1
321 285 1
336 293 1
351 302 1
367 313 1
384 327 1
404 341 1
424 356 1
445 373 1
466 392 1
485 409 1
502 426 1
516 442 1
529 457 1
541 474 1
552 492 1
563 512 1
573 535 1
584 559 1
595 581 1
607 604 1
619 624 1
629 643 1
638 659 1
644 676 1
653 692 1
661 707 1
669 722 1
677 738 1
684 754 1
692 773 1
700 790 1
709 807 1
718 824 1
727 840 1
737 857 1
747 876 1
756 895 1
765 916 1
774 939 1
780 961 1
788 984 1
795 1007 1
802 1029 1
808 1050 1
814 1071 1
818 1094 1
822 1118 1
826 1140 1
830 1160 1
834 1177 1
839 1192 1
842 1206 1
845 1221 1
847 1236 1
850 1250 1
851 1265 1
853 1282 1
855 1301 1
855 1321 1
855 1342 1
853 1360 1
850 1376 1
848 1390 1
845 1401 1
839 1414 1
832 1429 1
824 1444 1
812 1459 1
801 1472 1
791 1483 1
782 1492 1
774 1499 1
766 1505 1
760 1511 1
753 1517 1
747 1523 1
738 1530 1
730 1536 1
722 1541 1
713 1546 1
703 1550 1
694 1553 1
686 1555 1
679 1557 1
671 1560 1
661 1561 1
650 1564 1
638 1565 1
626 1566 1
614 1564 1
603 1564 1
590 1562 1
581 1560 1
571 1557 1
562 1553 1
554 1547 1
547 1542 1
540 1539 1
534 1534 1
526 1529 1
518 1524 1
506 1518 1
495 1509 1
481 1498 1
469 1485 1
455 1472 1
442 1459 1
428 1445 1
416 1431 1
405 1417 1
397 1404 1
389 1390 1
381 1372 1
372 1351 1
361 1329 1
350 1304 1
340 1282 1
333 1264 1
327 1245 1
320 1226 1
315 1204 1
309 1177 1
301 1144 1
291 1107 1
282 1074 1
272 1044 1
265 1019 1
257 998 1
251 978 1
245 957 1
239 933 1
231 904 1
221 875 1
208 845 1
197 818 1
189 793 1
183 769 1
177 744 1
170 714 1
163 681 1
157 647 1
154 613 1
153 581 1
150 550 1
147 519 1
146 489 1
144 462 1
144 440 1
144 421 1
144 404 1
144 389 1
145 377 1
146 365 1
149 356 1
151 347 1
154 340 1
158 332 1
163 325 1
167 319 1
173 313 1
179 307 1
189 299 1
200 293 1
210 288 1
221 283 1
233 280 1
246 278 1
259 276 1
274 276 1
290 277 1
311 281 1
332 287 1
352 298 1
371 313 1
391 330 1
414 351 1
438 374 1
464 399 1
487 423 1
514 452 1
537 481 1
562 516 1
585 548 1
607 580 1
628 611 1
646 642 1
662 672 1
679 702 1
693 732 1
704 760 1
714 785 1
724 810 1
736 837 1
750 868 1
764 902 1
776 934 1
787 967 1
796 1000 1
804 1032 1
812 1063 1
817 1096 1
822 1127 1
826 1158 1
829 1186 1
832 1209 1
834 1229 1
834 1248 1
832 1265 1
830 1281 1
826 1300 1
822 1321 1
816 1348 1
808 1382 1
797 1419 1
802 1404 0
