482 1009 1
482 1009 1
482 1009 1
482 1009 1
482 1009 1
482 1009 1
482 1009 1
482 1009 1
482 1009 1
482 1009 1
482 1009 1
482 1009 1
482 1009 1
482 1009 1
481 1008 1
479 1004 1
480 1002 1
478 999 1
479 996 1
479 993 1
479 991 1
479 988 1
480 986 1
481 983 1
484 980 1
489 977 1
497 974 1
506 972 1
515 970 1
524 970 1
530 970 1
535 970 1
539 970 1
542 971 1
543 971 1
545 972 1
547 974 1
549 977 1
551 982 1
553 988 1
555 998 1
556 1007 1
556 1017 1
555 1025 1
555 1033 1
554 1038 1
552 1041 1
552 1045 1
551 1049 1
549 1051 1
549 1053 1
547 1056 1
546 1058 1
544 1060 1
540 1062 1
534 1065 1
525 1068 1
516 1070 1
507 1072 1
499 1072 1
490 1072 1
483 1072 1
475 1070 1
467 1069 1
459 1067 1
451 1063 1
444 1059 1
436 1053 1
429 1047 1
423 1042 1
416 1035 1
411 1028 1
408 1019 1
405 1008 1
402 999 1
403 990 1
404 981 1
406 973 1
409 965 1
412 958 1
417 951 1
422 945 1
430 939 1
441 933 1
452 930 1
465 928 1
476 928 1
487 930 1
500 932 1
517 937 1
536 943 1
556 951 1
572 961 1
583 968 1
591 974 1
597 979 1
602 984 1
605 989 1
608 995 1
612 1003 1
617 1013 1
619 1025 1
622 1037 1
624 1049 1
625 1062 1
626 1076 1
626 1089 1
626 1100 1
626 1109 1
624 1117 1
622 1125 1
620 1131 1
617 1138 1
615 1144 1
612 1151 1
608 1157 1
603 1163 1
599 1169 1
593 1175 1
587 1180 1
581 1185 1
575 1189 1
568 1194 1
562 1199 1
553 1202 1
544 1206 1
532 1210 1
520 1212 1
508 1214 1
496 1214 1
483 1214 1
467 1210 1
450 1205 1
433 1198 1
419 1190 1
405 1183 1
394 1176 1
385 1170 1
376 1164 1
370 1158 1
362 1148 1
354 1138 1
347 1127 1
342 1114 1
336 1100 1
330 1084 1
324 1066 1
320 1049 1
315 1030 1
311 1008 1
309 990 1
307 973 1
308 958 1
309 943 1
310 931 1
312 921 1
315 911 1
320 903 1
324 896 1
329 890 1
335 884 1
343 878 1
352 873 1
361 869 1
368 867 1
376 865 1
384 863 1
391 863 1
399 862 1
410 862 1
423 863 1
436 864 1
448 864 1
460 866 1
476 868 1
495 872 1
516 877 1
536 882 1
554 888 1
568 893 1
581 897 1
591 903 1
599 908 1
608 916 1
618 925 1
629 939 1
641 954 1
652 971 1
661 986 1
671 1004 1
679 1022 1
687 1039 1
693 1057 1
697 1072 1
702 1086 1
705 1099 1
708 1113 1
709 1125 1
711 1138 1
711 1151 1
710 1165 1
708 1177 1
707 1185 1
705 1193 1
704 1198 1
702 1203 1
698 1209 1
693 1215 1
689 1223 1
685 1229 1
680 1235 1
674 1241 1
668 1246 1
662 1252 1
654 1257 1
648 1260 1
641 1264 1
634 1268 1
627 1271 1
622 1274 1
615 1276 1
609 1279 1
600 1281 1
591 1283 1
582 1286 1
574 1287 1
566 1290 1
556 1291 1
545 1293 1
533 1294 1
521 1294 1
511 1294 1
503 1294 1
496 1294 1
489 1293 1
483 1293 1
477 1292 1
471 1290 1
463 1289 1
452 1287 1
442 1282 1
431 1275 1
418 1267 1
404 1258 1
391 1250 1
382 1244 1
374 1241 1
369 1235 1
365 1232 1
360 1227 1
356 1222 1
352 1217 1
348 1211 1
343 1205 1
340 1200 1
335 1195 1
329 1189 1
322 1182 1
316 1173 1
308 1163 1
302 1152 1
297 1140 1
291 1131 1
285 1121 1
280 1112 1
274 1103 1
269 1093 1
265 1084 1
261 1075 1
256 1066 1
252 1058 1
247 1050 1
243 1041 1
239 1032 1
235 1023 1
232 1011 1
230 998 1
227 986 1
225 975 1
222 965 1
221 952 1
219 940 1
220 927 1
220 916 1
221 906 1
223 898 1
225 889 1
228 881 1
232 872 1
236 863 1
240 855 1
245 847 1
251 840 1
259 833 1
267 827 1
277 820 1
287 816 1
300 811 1
321 805 1
344 799 1
369 792 1
393 787 1
411 784 1
426 781 1
437 781 1
450 782 1
464 783 1
479 784 1
493 786 1
504 788 1
516 793 1
532 799 1
551 806 1
570 817 1
589 828 1
607 839 1
621 850 1
634 860 1
647 871 1
662 884 1
675 897 1
686 910 1
697 922 1
706 935 1
717 949 1
726 965 1
737 982 1
744 998 1
751 1016 1
757 1033 1
763 1049 1
766 1063 1
769 1076 1
772 1088 1
774 1102 1
776 1115 1
777 1127 1
778 1139 1
778 1151 1
778 1162 1
778 1173 1
777 1182 1
775 1191 1
774 1199 1
772 1209 1
768 1218 1
765 1230 1
760 1242 1
755 1254 1
750 1264 1
748 1271 1
745 1279 1
741 1285 1
738 1291 1
735 1298 1
730 1304 1
726 1311 1
721 1318 1
716 1324 1
712 1329 1
706 1336 1
700 1340 1
694 1345 1
688 1350 1
680 1355 1
671 1359 1
662 1363 1
654 1368 1
648 1370 1
638 1374 1
630 1378 1
622 1380 1
615 1382 1
608 1384 1
600 1386 1
593 1387 1
587 1389 1
579 1391 1
572 1393 1
566 1395 1
560 1396 1
552 1399 1
544 1401 1
536 1403 1
528 1405 1
519 1407 1
510 1409 1
503 1411 1
495 1413 1
485 1414 1
475 1415 1
464 1416 1
453 1417 1
441 1418 1
430 1418 1
417 1415 1
404 1414 1
393 1411 1
384 1409 1
376 1407 1
370 1405 1
365 1402 1
359 1399 1
355 1397 1
350 1394 1
344 1390 1
336 1386 1
328 1381 1
322 1376 1
316 1373 1
310 1370 1
304 1364 1
299 1360 1
294 1355 1
289 1349 1
284 1344 1
281 1341 1
278 1338 1
273 1333 1
269 1329 1
263 1323 1
256 1317 1
248 1308 1
241 1299 1
235 1291 1
229 1282 1
223 1274 1
218 1267 1
214 1262 1
210 1255 1
206 1250 1
203 1244 1
200 1239 1
196 1231 1
193 1223 1
190 1215 1
187 1205 1
182 1192 1
178 1180 1
173 1166 1
170 1155 1
166 1144 1
163 1133 1
161 1123 1
158 1112 1
155 1099 1
153 1087 1
150 1073 1
148 1058 1
145 1042 1
143 1026 1
140 1009 1
138 994 1
137 980 1
135 966 1
136 955 1
136 943 1
136 930 1
136 921 1
136 913 1
136 905 1
136 897 1
136 890 1
137 883 1
137 875 1
139 869 1
140 862 1
141 857 1
143 851 1
144 846 1
146 843 1
148 839 1
150 834 1
152 832 1
156 827 1
159 823 1
162 819 1
166 814 1
171 808 1
176 802 1
181 796 1
188 787 1
197 778 1
205 771 1
211 765 1
217 760 1
222 756 1
227 752 1
232 749 1
236 746 1
241 742 1
247 738 1
252 735 1
258 731 1
266 727 1
276 724 1
287 719 1
299 714 1
312 710 1
327 705 1
341 701 1
358 699 1
378 696 1
400 694 1
419 694 1
436 692 1
451 692 1
465 692 1
480 693 1
494 696 1
508 698 1
522 701 1
537 705 1
553 710 1
567 714 1
583 721 1
600 728 1
620 736 1
638 746 1
653 755 1
668 763 1
681 771 1
695 779 1
704 786 1
712 791 1
718 796 1
723 801 1
730 806 1
737 814 1
743 821 1
752 831 1
760 839 1
769 849 1
779 860 1
788 872 1
800 887 1
811 902 1
822 916 1
831 930 1
837 942 1
844 956 1
849 970 1
853 984 1
857 997 1
860 1012 1
863 1026 1
865 1040 1
868 1054 1
872 1068 1
874 1081 1
875 1095 1
876 1109 1
876 1120 1
875 1132 1
875 1143 1
874 1155 1
874 1166 1
872 1176 1
872 1184 1
870 1191 1
869 1198 1
867 1206 1
864 1216 1
861 1225 1
857 1234 1
853 1243 1
850 1251 1
847 1258 1
844 1266 1
841 1273 1
838 1282 1
833 1291 1
828 1303 1
821 1315 1
817 1325 1
811 1336 1
805 1347 1
799 1358 1
792 1371 1
786 1383 1
778 1395 1
771 1406 1
763 1420 1
756 1435 1
751 1449 1
745 1459 1
740 1468 1
734 1478 1
728 1485 1
722 1493 1
716 1499 1
711 1506 1
706 1510 1
703 1513 1
700 1515 1
697 1517 1
692 1520 1
688 1523 1
682 1526 1
673 1529 1
663 1534 1
652 1537 1
641 1540 1
632 1544 1
623 1545 1
612 1547 1
602 1548 1
592 1550 1
582 1551 1
573 1552 1
562 1552 1
548 1552 1
535 1552 1
521 1550 1
507 1548 1
490 1545 1
471 1540 1
452 1534 1
432 1528 1
415 1522 1
397 1518 1
383 1514 1
374 1512 1
367 1510 1
362 1508 1
359 1506 1
355 1505 1
352 1504 1
348 1501 1
342 1498 1
333 1494 1
324 1487 1
314 1481 1
304 1474 1
295 1469 1
286 1463 1
276 1458 1
265 1452 1
257 1446 1
248 1440 1
240 1432 1
232 1424 1
224 1415 1
216 1405 1
207 1396 1
197 1384 1
187 1370 1
178 1358 1
169 1345 1
164 1337 1
158 1329 1
153 1321 1
148 1313 1
144 1307 1
141 1300 1
138 1292 1
133 1282 1
130 1273 1
124 1262 1
120 1253 1
116 1245 1
111 1234 1
108 1223 1
103 1209 1
98 1197 1
95 1187 1
90 1178 1
88 1168 1
86 1156 1
84 1141 1
87 1121 1
92 1093 1
94 1060 1
94 1032 1
92 1011 1
94 993 1
96 973 1
98 949 1
98 929 1
96 916 1
94 906 1
94 898 1
92 889 1
90 878 1
88 868 1
86 858 1
86 849 1
86 840 1
86 828 1
87 814 1
89 801 1
92 787 1
94 775 1
96 764 1
99 753 1
102 743 1
105 732 1
109 720 1
114 709 1
119 697 1
123 687 1
129 677 1
135 666 1
143 655 1
151 644 1
161 633 1
172 621 1
184 610 1
199 599 1
216 586 1
236 572 1
256 560 1
275 548 1
292 541 1
311 535 1
326 529 1
342 525 1
354 522 1
365 520 1
376 518 1
389 518 1
404 516 1
423 517 1
442 519 1
463 522 1
483 526 1
502 530 1
522 536 1
545 543 1
568 552 1
589 561 1
611 567 1
631 575 1
647 581 1
664 587 1
680 595 1
694 604 1
708 615 1
721 628 1
737 643 1
756 663 1
775 684 1
791 704 1
806 726 1
822 749 1
837 772 1
852 796 1
867 818 1
881 838 1
892 858 1
901 877 1
909 896 1
917 917 1
924 937 1
931 957 1
936 978 1
939 996 1
944 1015 1
948 1034 1
952 1053 1
955 1071 1
957 1089 1
960 1104 1
961 1119 1
962 1132 1
960 1147 1
961 1162 1
961 1176 1
959 1191 1
956 1205 1
955 1221 1
952 1238 1
948 1254 1
945 1270 1
940 1286 1
936 1303 1
933 1319 1
928 1336 1
920 1355 1
912 1373 1
903 1390 1
896 1405 1
890 1416 1
886 1425 1
882 1435 1
879 1443 1
874 1450 1
867 1457 1
861 1465 1
852 1477 1
843 1491 1
831 1509 1
818 1528 1
805 1548 1
793 1565 1
781 1580 1
773 1591 1
765 1600 1
759 1606 1
753 1612 1
746 1618 1
738 1624 1
729 1630 1
720 1634 1
712 1638 1
706 1641 1
699 1644 1
692 1648 1
681 1653 1
668 1659 1
653 1664 1
638 1669 1
623 1673 1
608 1677 1
590 1682 1
573 1685 1
559 1689 1
544 1692 1
530 1694 1
517 1695 1
507 1696 1
498 1697 1
488 1697 1
478 1696 1
467 1694 1
454 1692 1
442 1690 1
430 1687 1
416 1683 1
400 1679 1
386 1673 1
370 1667 1
357 1661 1
343 1655 1
331 1648 1
319 1642 1
310 1637 1
302 1631 1
294 1625 1
287 1619 1
281 1614 1
272 1608 1
265 1603 1
257 1597 1
248 1589 1
240 1581 1
231 1571 1
221 1561 1
213 1553 1
206 1545 1
199 1538 1
194 1533 1
189 1527 1
183 1521 1
177 1515 1
173 1510 1
167 1504 1
160 1495 1
154 1488 1
147 1480 1
141 1472 1
134 1464 1
129 1455 1
123 1446 1
117 1435 1
112 1425 1
108 1416 1
105 1408 1
101 1400 1
98 1394 1
95 1387 1
92 1377 1
87 1368 1
84 1357 1
81 1347 1
78 1336 1
73 1324 1
69 1311 1
66 1296 1
63 1282 1
61 1269 1
59 1258 1
57 1247 1
57 1236 1
55 1224 1
54 1211 1
54 1200 1
52 1191 1
52 1183 1
50 1178 1
50 1174 1
50 1170 1
49 1167 1
49 1163 1
48 1158 1
48 1153 1
47 1151 1
47 1146 1
46 1141 1
45 1137 1
45 1134 1
45 1136 0
