77 1197 1
77 1196 1
78 1194 1
80 1192 1
84 1189 1
89 1184 1
97 1179 1
106 1172 1
116 1165 1
130 1153 1
147 1138 1
166 1119 1
186 1100 1
204 1081 1
234 1050 1
239 1042 1
245 1034 1
250 1028 1
253 1023 1
256 1019 1
257 1015 1
257 1010 1
254 1003 1
246 997 1
235 989 1
222 982 1
208 977 1
193 973 1
182 970 1
172 970 1
165 970 1
155 972 1
144 980 1
129 996 1
116 1013 1
106 1026 1
103 1035 1
101 1043 1
101 1049 1
103 1057 1
106 1063 1
115 1073 1
130 1082 1
149 1093 1
171 1105 1
191 1115 1
207 1123 1
218 1129 1
228 1134 1
231 1136 1
234 1138 1
236 1141 1
238 1144 1
238 1148 1
235 1157 1
229 1166 1
221 1176 1
209 1187 1
196 1196 1
184 1205 1
170 1212 1
154 1219 1
139 1222 1
125 1221 1
114 1218 1
104 1211 1
95 1205 1
88 1198 1
81 1186 1
77 1181 1
80 1185 0
340 1220 1
340 1220 1
340 1220 1
340 1220 1
340 1220 1
340 1220 1
340 1220 1
340 1220 1
340 1218 1
342 1216 1
349 1208 1
360 1197 1
373 1180 1
388 1157 1
403 1134 1
418 1113 1
432 1092 1
449 1066 1
461 1049 1
469 1037 1
475 1026 1
481 1017 1
484 1008 1
488 1000 1
490 994 1
492 990 1
492 988 1
492 985 1
492 985 1
490 983 1
488 984 1
482 984 1
472 984 1
455 984 1
435 985 1
422 987 1
409 990 1
398 994 1
386 999 1
375 1003 1
365 1006 1
357 1010 1
349 1014 1
342 1017 1
338 1021 1
335 1024 1
333 1028 1
331 1033 1
333 1039 1
337 1047 1
346 1056 1
361 1065 1
379 1073 1
398 1082 1
415 1088 1
427 1093 1
437 1098 1
445 1102 1
450 1104 1
455 1107 1
458 1109 1
461 1111 1
462 1114 1
463 1119 1
465 1124 1
465 1132 1
465 1144 1
464 1157 1
462 1170 1
459 1180 1
456 1190 1
451 1199 1
445 1210 1
435 1220 1
426 1229 1
416 1238 1
408 1244 1
399 1248 1
391 1252 1
382 1254 1
375 1256 1
370 1255 1
366 1253 1
362 1251 1
358 1248 1
354 1243 1
349 1238 1
344 1230 1
338 1221 1
331 1212 1
327 1206 1
324 1203 1
326 1205 0
554 1241 1
553 1240 1
553 1240 1
553 1239 1
554 1237 1
555 1236 1
557 1233 1
562 1225 1
570 1214 1
583 1199 1
598 1182 1
613 1165 1
629 1147 1
644 1130 1
660 1112 1
687 1080 1
700 1064 1
712 1046 1
722 1034 1
728 1025 1
733 1017 1
737 1009 1
740 1001 1
742 996 1
744 993 1
744 990 1
745 988 1
742 987 1
734 985 1
718 987 1
701 988 1
682 992 1
664 998 1
645 1006 1
628 1014 1
614 1020 1
601 1030 1
589 1038 1
577 1047 1
567 1055 1
558 1061 1
554 1065 1
551 1068 1
548 1070 1
546 1072 1
545 1074 1
546 1075 1
548 1078 1
554 1082 1
566 1089 1
583 1096 1
603 1103 1
622 1112 1
639 1120 1
654 1126 1
668 1131 1
678 1135 1
685 1139 1
691 1143 1
696 1147 1
701 1152 1
706 1160 1
710 1167 1
713 1175 1
715 1184 1
716 1192 1
712 1203 1
707 1214 1
696 1227 1
684 1238 1
669 1248 1
655 1255 1
642 1260 1
627 1264 1
613 1267 1
601 1268 1
592 1269 1
584 1269 1
580 1267 1
575 1264 1
570 1261 1
566 1259 1
563 1257 1
560 1254 1
558 1253 1
559 1254 0
