1027 228 1
1025 228 1
1025 228 1
1024 232 1
1022 236 1
1021 241 1
1019 248 1
1017 257 1
1015 269 1
1013 286 1
1011 306 1
1011 328 1
1011 349 1
1012 371 1
1012 400 1
1013 425 1
1013 448 1
1013 472 1
1013 494 1
1014 514 1
1015 533 1
1015 551 1
1015 568 1
1014 585 1
1012 604 1
1011 620 1
1008 637 1
1000 652 1
995 665 1
990 676 1
985 688 1
978 699 1
972 709 1
966 716 1
961 722 1
956 728 1
950 732 1
944 734 1
938 736 1
929 737 1
920 737 1
909 735 1
898 732 1
890 727 1
878 718 1
866 707 1
855 694 1
846 684 1
841 676 1
836 669 1
834 663 1
831 655 1
827 647 1
825 641 1
823 635 1
823 631 1
821 628 1
822 625 1
822 623 1
822 620 1
822 618 1
822 616 1
823 616 1
824 614 1
825 613 1
827 613 1
833 611 1
839 611 1
846 611 1
852 611 1
859 613 1
864 614 1
869 617 1
873 621 1
876 627 1
879 634 1
882 641 1
884 652 1
886 662 1
888 671 1
888 679 1
888 687 1
888 704 1
888 719 1
887 731 1
887 742 1
886 753 1
884 765 1
878 790 1
870 809 1
860 830 1
846 853 1
827 881 1
801 910 1
775 939 1
782 932 0
627 345 1
626 345 1
627 346 1
627 349 1
627 355 1
627 360 1
627 368 1
628 378 1
631 391 1
633 405 1
636 422 1
638 438 1
643 454 1
646 470 1
651 486 1
657 505 1
667 539 1
673 566 1
677 593 1
680 617 1
684 639 1
690 660 1
694 677 1
699 696 1
704 716 1
706 732 1
708 744 1
708 752 1
709 760 1
709 767 1
707 774 1
707 780 1
705 787 1
703 793 1
702 798 1
699 804 1
694 809 1
688 814 1
682 817 1
674 822 1
659 826 1
648 827 1
639 828 1
628 827 1
616 827 1
604 822 1
592 816 1
581 809 1
570 801 1
564 793 1
558 786 1
553 779 1
548 772 1
544 765 1
539 758 1
536 752 1
532 746 1
528 738 1
525 732 1
523 727 1
521 723 1
522 718 1
520 715 1
521 712 1
521 710 1
521 708 1
521 706 1
521 706 1
521 706 1
521 706 1
521 706 1
521 706 1
521 706 1
521 706 1
521 706 1
522 706 1
522 706 1
523 705 1
525 705 1
526 705 1
529 706 1
535 706 1
541 707 1
548 709 1
553 710 1
558 713 1
563 719 1
569 727 1
576 738 1
581 748 1
585 757 1
587 767 1
589 775 1
589 786 1
590 797 1
589 809 1
589 821 1
587 834 1
585 845 1
584 856 1
580 868 1
574 878 1
566 891 1
552 909 1
539 923 1
524 940 1
506 957 1
485 980 1
492 973 0
393 386 1
393 386 1
393 386 1
393 386 1
393 386 1
393 386 1
393 387 1
393 390 1
395 396 1
396 404 1
398 414 1
400 426 1
403 442 1
407 461 1
412 480 1
418 500 1
423 520 1
428 539 1
431 556 1
434 571 1
441 592 1
446 606 1
450 621 1
453 636 1
456 652 1
456 664 1
457 673 1
458 681 1
458 689 1
458 696 1
458 703 1
457 709 1
455 715 1
453 723 1
452 730 1
449 737 1
443 746 1
436 753 1
431 760 1
426 766 1
422 771 1
417 776 1
411 782 1
405 788 1
399 793 1
393 799 1
386 803 1
380 807 1
374 810 1
369 812 1
364 814 1
359 815 1
356 815 1
353 816 1
349 815 1
344 815 1
340 815 1
335 813 1
331 812 1
327 812 1
323 812 1
318 810 1
314 808 1
308 806 1
305 804 1
300 801 1
296 796 1
292 792 1
289 788 1
286 782 1
283 776 1
280 770 1
276 760 1
271 748 1
269 738 1
265 728 1
263 720 1
262 713 1
262 708 1
261 704 1
261 701 1
261 698 1
261 696 1
261 693 1
261 693 1
261 693 1
261 693 1
261 692 1
262 691 1
263 690 1
265 691 1
267 691 1
271 691 1
274 691 1
279 692 1
285 695 1
292 701 1
300 713 1
307 729 1
313 748 1
320 771 1
327 794 1
330 812 1
332 827 1
333 843 1
334 862 1
333 885 1
331 913 1
323 951 1
317 978 1
317 978 0
165 404 1
165 404 1
165 404 1
165 404 1
165 404 1
165 404 1
165 404 1
165 404 1
165 404 1
165 404 1
165 407 1
166 412 1
168 424 1
172 442 1
177 467 1
184 495 1
192 522 1
197 547 1
204 579 1
209 607 1
213 629 1
216 653 1
217 672 1
217 690 1
217 705 1
217 720 1
215 734 1
215 745 1
213 754 1
213 764 1
211 773 1
211 780 1
209 788 1
207 795 1
206 800 1
206 806 1
204 810 1
202 813 1
202 815 1
200 818 1
199 820 1
198 820 1
196 821 1
195 822 1
193 823 1
188 823 1
182 824 1
174 824 1
166 823 1
157 823 1
147 821 1
138 819 1
131 817 1
121 812 1
115 807 1
109 799 1
103 792 1
99 784 1
95 776 1
91 765 1
88 755 1
86 745 1
86 737 1
85 731 1
85 725 1
85 719 1
85 715 1
85 711 1
86 709 1
86 706 1
86 705 1
87 705 1
87 704 1
89 704 1
91 704 1
93 704 1
96 705 1
101 706 1
106 707 1
109 709 1
112 712 1
118 719 1
122 726 1
126 735 1
128 745 1
130 754 1
131 762 1
132 770 1
133 778 1
133 790 1
133 802 1
133 814 1
131 824 1
131 832 1
129 840 1
128 847 1
126 856 1
116 870 1
111 879 1
111 879 0
