28 1132 1
26 1132 1
26 1132 1
26 1132 1
26 1132 1
26 1132 1
26 1132 1
26 1132 1
26 1132 1
28 1131 1
30 1128 1
36 1123 1
47 1113 1
64 1095 1
80 1076 1
94 1058 1
105 1042 1
113 1029 1
121 1014 1
132 986 1
141 969 1
147 952 1
152 936 1
156 919 1
159 902 1
164 882 1
168 858 1
172 832 1
175 806 1
177 783 1
179 766 1
179 750 1
180 733 1
179 714 1
177 695 1
175 676 1
172 659 1
167 645 1
161 632 1
156 620 1
149 610 1
144 601 1
140 593 1
135 587 1
129 578 1
122 571 1
116 566 1
110 560 1
107 557 1
103 555 1
100 553 1
96 551 1
94 552 1
92 552 1
90 552 1
88 553 1
87 554 1
85 556 1
84 560 1
82 566 1
80 576 1
81 592 1
82 609 1
84 628 1
87 647 1
91 663 1
94 681 1
98 695 1
100 708 1
103 721 1
105 731 1
108 739 1
110 748 1
113 757 1
116 766 1
120 776 1
125 787 1
130 797 1
135 808 1
144 822 1
151 837 1
160 854 1
169 871 1
178 889 1
184 904 1
190 918 1
195 931 1
199 945 1
202 958 1
205 969 1
206 980 1
207 991 1
209 1000 1
212 1011 1
215 1022 1
219 1031 1
221 1039 1
223 1044 1
225 1047 1
227 1051 1
227 1052 1
228 1054 1
229 1055 1
231 1055 1
233 1052 1
238 1047 1
244 1033 1
253 1011 1
264 982 1
275 950 1
285 923 1
290 905 1
294 892 1
298 880 1
300 868 1
303 855 1
305 840 1
307 823 1
308 803 1
308 785 1
308 769 1
308 755 1
305 738 1
299 718 1
293 698 1
286 680 1
279 663 1
273 650 1
268 639 1
265 630 1
262 622 1
257 615 1
254 608 1
252 601 1
249 595 1
247 591 1
246 588 1
246 585 1
243 583 1
244 582 1
244 582 1
244 582 1
244 582 1
244 582 1
244 582 1
244 582 1
244 582 1
244 582 1
244 582 1
244 582 1
244 582 1
243 584 1
242 591 1
242 602 1
242 618 1
242 636 1
243 654 1
244 672 1
246 689 1
246 704 1
247 720 1
248 733 1
248 744 1
248 752 1
248 759 1
250 767 1
251 774 1
253 783 1
255 792 1
257 801 1
258 812 1
260 821 1
263 832 1
267 845 1
272 857 1
276 872 1
282 886 1
288 902 1
294 917 1
300 931 1
306 944 1
311 954 1
316 963 1
319 969 1
321 974 1
325 979 1
327 984 1
330 988 1
332 992 1
334 994 1
337 997 1
339 998 1
341 999 1
344 1000 1
346 1000 1
348 1000 1
352 998 1
355 994 1
361 986 1
367 976 1
373 964 1
380 952 1
385 941 1
388 931 1
391 921 1
392 908 1
393 894 1
392 877 1
392 858 1
392 842 1
391 827 1
389 810 1
386 792 1
384 774 1
382 760 1
380 746 1
379 729 1
377 715 1
375 702 1
374 691 1
372 680 1
371 669 1
369 659 1
368 649 1
366 641 1
364 634 1
363 630 1
363 625 1
360 620 1
358 614 1
356 611 1
353 608 1
350 604 1
349 603 1
347 601 1
347 601 1
347 601 1
347 601 1
347 601 1
347 601 1
347 601 1
345 603 1
345 606 1
345 612 1
344 621 1
342 633 1
342 647 1
342 663 1
341 678 1
340 691 1
340 704 1
339 715 1
337 728 1
338 739 1
339 750 1
339 761 1
341 772 1
343 784 1
346 796 1
349 808 1
353 821 1
358 835 1
363 850 1
369 865 1
375 880 1
380 893 1
386 906 1
391 918 1
395 929 1
400 940 1
406 953 1
411 966 1
419 981 1
428 995 1
436 1008 1
443 1018 1
446 1024 1
449 1029 1
451 1032 1
453 1034 1
454 1037 1
455 1037 1
455 1038 1
455 1038 1
455 1038 1
455 1038 1
455 1038 1
455 1038 1
455 1038 1
455 1036 1
457 1033 1
459 1027 1
464 1017 1
469 1006 1
474 994 1
478 982 1
480 964 1
481 946 1
481 927 1
481 912 1
479 896 1
478 880 1
476 863 1
474 849 1
472 837 1
469 824 1
467 812 1
464 799 1
461 788 1
458 776 1
455 763 1
453 752 1
449 740 1
446 727 1
443 716 1
440 705 1
437 697 1
435 687 1
433 679 1
429 670 1
426 660 1
421 651 1
417 641 1
414 632 1
412 626 1
409 620 1
408 616 1
406 613 1
406 610 1
404 608 1
404 606 1
404 606 1
402 605 1
402 605 1
402 605 1
402 605 1
402 605 1
403 607 1
403 609 1
403 613 1
403 619 1
403 627 1
404 636 1
406 647 1
408 658 1
409 671 1
411 682 1
412 696 1
415 710 1
419 727 1
426 746 1
431 767 1
436 783 1
439 796 1
443 808 1
446 819 1
450 830 1
453 841 1
458 852 1
461 864 1
465 875 1
470 887 1
473 899 1
477 912 1
482 926 1
486 938 1
489 948 1
492 956 1
495 964 1
498 971 1
501 978 1
504 984 1
508 990 1
512 997 1
515 1001 1
517 1004 1
519 1007 1
520 1009 1
522 1011 1
523 1012 1
524 1014 1
525 1015 1
525 1015 1
525 1015 1
525 1015 1
525 1015 1
525 1015 1
526 1015 1
529 1010 1
533 1004 1
538 994 1
544 979 1
549 961 1
554 940 1
557 921 1
559 904 1
561 886 1
561 871 1
559 855 1
557 838 1
554 818 1
550 795 1
545 772 1
539 750 1
533 728 1
527 707 1
521 686 1
517 664 1
513 645 1
510 632 1
508 620 1
506 613 1
503 607 1
501 601 1
501 597 1
499 594 1
499 591 1
499 589 1
498 587 1
498 587 1
498 586 1
498 586 1
498 586 1
498 586 1
498 586 1
498 586 1
498 586 1
498 586 1
497 587 1
494 589 1
492 592 1
489 598 1
486 608 1
484 617 1
482 628 1
479 638 1
478 650 1
476 663 1
476 674 1
475 683 1
475 691 1
475 699 1
475 707 1
476 717 1
477 728 1
480 738 1
481 747 1
483 755 1
485 765 1
488 776 1
492 785 1
498 796 1
504 808 1
510 819 1
515 828 1
519 837 1
523 846 1
528 855 1
533 866 1
539 877 1
545 886 1
551 895 1
555 903 1
560 912 1
564 919 1
569 929 1
574 938 1
580 947 1
586 956 1
591 965 1
596 973 1
601 982 1
607 992 1
614 1005 1
623 1019 1
631 1031 1
638 1041 1
644 1050 1
648 1054 1
651 1058 1
652 1060 1
654 1062 1
655 1063 1
655 1064 1
655 1064 1
655 1064 1
656 1061 1
659 1057 1
661 1049 1
664 1035 1
667 1020 1
671 1001 1
675 983 1
679 965 1
683 949 1
686 935 1
688 919 1
691 905 1
692 891 1
694 876 1
694 862 1
695 848 1
694 837 1
694 824 1
692 809 1
692 792 1
689 776 1
686 762 1
681 748 1
678 734 1
672 720 1
667 707 1
663 696 1
660 686 1
656 675 1
653 664 1
651 655 1
648 646 1
646 638 1
644 633 1
641 628 1
640 623 1
637 620 1
635 616 1
633 613 1
631 611 1
628 608 1
625 606 1
622 605 1
620 605 1
618 604 1
615 604 1
613 605 1
610 606 1
605 609 1
602 613 1
598 619 1
594 627 1
591 636 1
588 647 1
588 660 1
588 675 1
592 693 1
597 713 1
601 732 1
607 749 1
612 762 1
615 773 1
620 784 1
625 793 1
630 803 1
635 811 1
640 819 1
646 826 1
650 834 1
655 843 1
661 854 1
670 867 1
678 879 1
687 891 1
695 902 1
703 914 1
711 928 1
718 942 1
726 956 1
734 970 1
740 980 1
745 989 1
750 995 1
753 1001 1
756 1006 1
758 1008 1
760 1011 1
762 1013 1
763 1013 1
763 1014 1
763 1014 1
764 1012 1
764 1012 1
766 1007 1
768 998 1
772 984 1
775 963 1
778 942 1
781 921 1
782 899 1
783 878 1
782 854 1
780 830 1
779 810 1
779 794 1
779 780 1
778 767 1
776 753 1
773 736 1
768 718 1
764 702 1
759 688 1
753 674 1
748 662 1
743 650 1
739 642 1
736 634 1
734 629 1
731 624 1
730 621 1
727 616 1
725 613 1
723 611 1
721 609 1
720 608 1
720 606 1
719 607 1
719 607 1
719 607 1
719 607 1
719 607 1
719 607 1
719 607 1
718 609 1
716 615 1
713 629 1
713 648 1
714 675 1
717 701 1
720 723 1
722 737 1
725 750 1
726 759 1
729 770 1
731 781 1
735 794 1
738 807 1
740 819 1
742 831 1
746 842 1
752 855 1
757 866 1
764 879 1
769 888 1
773 897 1
778 905 1
784 912 1
788 919 1
796 927 1
802 936 1
810 943 1
815 949 1
821 954 1
826 959 1
830 962 1
835 965 1
838 967 1
842 968 1
847 969 1
853 967 1
858 965 1
864 961 1
871 955 1
876 949 1
882 939 1
888 927 1
895 912 1
899 894 1
903 872 1
904 845 1
904 817 1
902 793 1
900 772 1
897 756 1
892 739 1
886 718 1
878 697 1
872 678 1
864 661 1
858 646 1
854 635 1
849 626 1
843 617 1
837 609 1
829 600 1
821 592 1
813 585 1
808 581 1
802 578 1
799 577 1
794 576 1
790 577 1
787 577 1
784 578 1
781 579 1
776 581 1
774 584 1
772 587 1
770 592 1
770 596 1
771 603 1
774 614 1
778 627 1
787 645 1
796 665 1
806 687 1
817 710 1
832 737 1
846 764 1
859 790 1
869 811 1
877 829 1
882 840 1
887 851 1
893 858 1
897 865 1
902 871 1
908 877 1
914 884 1
922 889 1
932 895 1
946 901 1
963 908 1
979 914 1
991 918 1
987 917 0
