629 559 1
629 559 1
629 559 1
629 559 1
629 559 1
629 559 1
629 559 1
629 559 1
629 559 1
629 559 1
627 559 1
624 562 1
620 566 1
607 574 1
592 586 1
572 604 1
549 623 1
526 647 1
500 673 1
459 715 1
437 737 1
411 764 1
383 794 1
356 830 1
328 867 1
302 904 1
278 943 1
257 983 1
241 1021 1
229 1058 1
218 1095 1
210 1129 1
206 1164 1
205 1199 1
206 1231 1
208 1258 1
216 1279 1
226 1299 1
238 1318 1
252 1331 1
269 1344 1
288 1350 1
308 1356 1
327 1357 1
346 1355 1
366 1351 1
386 1341 1
410 1330 1
438 1314 1
469 1295 1
499 1273 1
532 1249 1
564 1221 1
596 1193 1
622 1166 1
646 1142 1
666 1117 1
685 1093 1
703 1065 1
718 1038 1
732 1009 1
746 978 1
759 945 1
772 910 1
785 877 1
797 846 1
806 817 1
813 789 1
821 762 1
827 737 1
831 715 1
834 697 1
834 681 1
835 667 1
833 654 1
830 641 1
828 628 1
823 618 1
819 606 1
812 595 1
803 584 1
793 571 1
782 562 1
772 553 1
761 547 1
747 542 1
732 540 1
709 542 1
682 548 1
654 560 1
622 573 1
596 587 1
574 602 1
552 617 1
530 633 1
507 654 1
483 677 1
458 702 1
433 729 1
407 757 1
379 788 1
353 821 1
328 853 1
303 892 1
282 928 1
264 964 1
249 999 1
236 1036 1
226 1072 1
218 1107 1
215 1138 1
212 1167 1
213 1193 1
215 1213 1
218 1231 1
226 1247 1
235 1261 1
247 1270 1
262 1279 1
278 1283 1
299 1286 1
322 1287 1
346 1282 1
377 1275 1
408 1263 1
437 1251 1
469 1234 1
498 1216 1
527 1194 1
554 1172 1
580 1148 1
603 1126 1
624 1102 1
645 1078 1
663 1052 1
681 1025 1
698 995 1
714 965 1
727 939 1
740 911 1
754 884 1
766 857 1
777 831 1
787 805 1
795 778 1
803 747 1
810 720 1
815 696 1
819 678 1
820 664 1
821 651 1
820 640 1
818 632 1
817 624 1
814 617 1
811 610 1
806 604 1
799 597 1
791 590 1
780 584 1
770 578 1
756 576 1
739 576 1
718 578 1
688 585 1
656 594 1
623 608 1
589 626 1
557 644 1
525 666 1
496 690 1
467 715 1
442 743 1
418 770 1
397 799 1
376 829 1
355 862 1
334 900 1
316 938 1
301 977 1
288 1013 1
280 1052 1
275 1085 1
272 1118 1
270 1147 1
270 1173 1
270 1195 1
273 1211 1
277 1227 1
284 1241 1
291 1252 1
301 1264 1
315 1271 1
331 1276 1
352 1279 1
377 1276 1
406 1270 1
437 1257 1
468 1240 1
502 1215 1
539 1184 1
575 1150 1
606 1116 1
635 1083 1
660 1053 1
682 1024 1
703 995 1
721 968 1
740 940 1
758 913 1
776 883 1
794 854 1
811 823 1
825 793 1
839 761 1
847 731 1
853 704 1
854 683 1
855 666 1
853 652 1
851 643 1
848 634 1
845 627 1
842 621 1
838 617 1
834 611 1
827 606 1
819 599 1
808 593 1
796 588 1
779 584 1
760 582 1
739 581 1
712 583 1
684 588 1
653 597 1
623 608 1
591 623 1
558 643 1
526 665 1
496 690 1
467 716 1
437 747 1
409 783 1
382 821 1
354 863 1
329 907 1
305 953 1
285 997 1
267 1039 1
252 1081 1
238 1118 1
226 1155 1
219 1186 1
214 1214 1
215 1238 1
217 1258 1
221 1277 1
231 1293 1
240 1308 1
252 1320 1
267 1328 1
283 1332 1
305 1329 1
331 1320 1
363 1306 1
402 1279 1
440 1251 1
479 1215 1
518 1179 1
555 1142 1
589 1109 1
621 1077 1
651 1049 1
679 1021 1
704 993 1
724 966 1
740 940 1
754 915 1
763 888 1
770 863 1
777 835 1
783 805 1
789 773 1
794 741 1
800 711 1
803 685 1
806 661 1
810 639 1
810 623 1
812 608 1
812 595 1
810 585 1
809 576 1
803 568 1
796 559 1
786 553 1
772 547 1
754 542 1
727 544 1
695 551 1
657 563 1
614 582 1
578 600 1
544 622 1
513 644 1
482 669 1
454 694 1
425 723 1
398 754 1
372 786 1
347 821 1
323 860 1
300 903 1
284 946 1
269 990 1
257 1030 1
246 1069 1
238 1104 1
231 1137 1
227 1168 1
224 1195 1
222 1219 1
222 1239 1
224 1256 1
229 1268 1
237 1280 1
251 1289 1
268 1297 1
291 1301 1
318 1299 1
353 1292 1
388 1280 1
432 1258 1
471 1237 1
507 1211 1
542 1185 1
573 1156 1
606 1124 1
636 1094 1
664 1062 1
689 1032 1
714 1000 1
735 963 1
754 927 1
771 890 1
786 856 1
797 824 1
807 795 1
817 766 1
826 734 1
836 702 1
844 672 1
850 644 1
854 621 1
856 607 1
854 595 1
852 585 1
845 577 1
837 568 1
827 561 1
809 553 1
789 546 1
764 545 1
731 548 1
685 562 1
635 582 1
582 608 1
539 635 1
499 663 1
465 692 1
436 721 1
406 754 1
379 786 1
352 823 1
326 862 1
302 907 1
281 950 1
266 992 1
255 1031 1
248 1066 1
247 1097 1
247 1125 1
248 1149 1
253 1173 1
259 1194 1
268 1213 1
277 1232 1
287 1250 1
299 1263 1
310 1273 1
318 1280 1
327 1285 1
337 1291 1
353 1291 1
374 1290 1
402 1280 1
435 1264 1
470 1243 1
506 1214 1
540 1185 1
573 1152 1
601 1122 1
627 1091 1
647 1062 1
666 1036 1
681 1011 1
695 987 1
709 957 1
724 928 1
738 897 1
750 866 1
762 837 1
773 807 1
783 778 1
793 749 1
801 721 1
808 699 1
814 680 1
817 662 1
819 646 1
820 632 1
821 621 1
822 610 1
820 601 1
817 593 1
815 585 1
808 576 1
801 567 1
792 560 1
781 553 1
770 548 1
754 545 1
736 543 1
715 547 1
683 555 1
652 567 1
620 579 1
591 593 1
564 609 1
537 625 1
511 642 1
484 663 1
459 683 1
438 704 1
419 723 1
402 742 1
384 763 1
367 784 1
349 809 1
331 838 1
314 870 1
298 902 1
284 935 1
271 972 1
259 1010 1
247 1047 1
237 1084 1
230 1114 1
224 1140 1
223 1162 1
221 1182 1
222 1199 1
223 1213 1
227 1227 1
234 1238 1
243 1249 1
256 1257 1
271 1263 1
289 1265 1
313 1261 1
345 1251 1
380 1237 1
418 1216 1
454 1194 1
487 1171 1
520 1146 1
552 1121 1
586 1094 1
618 1068 1
646 1042 1
672 1017 1
696 993 1
718 964 1
737 934 1
757 903 1
773 871 1
787 840 1
797 815 1
807 792 1
814 771 1
820 753 1
824 736 1
827 720 1
830 706 1
831 691 1
832 676 1
833 660 1
833 645 1
831 631 1
830 620 1
826 611 1
822 602 1
814 594 1
805 586 1
791 579 1
775 574 1
754 572 1
728 576 1
690 586 1
650 599 1
609 617 1
571 636 1
536 659 1
503 685 1
472 710 1
448 733 1
424 758 1
401 783 1
382 809 1
362 835 1
345 864 1
327 900 1
309 937 1
293 976 1
279 1013 1
269 1047 1
263 1075 1
259 1103 1
257 1127 1
257 1150 1
258 1173 1
261 1188 1
264 1202 1
270 1210 1
277 1219 1
284 1226 1
297 1231 1
311 1234 1
331 1233 1
354 1229 1
380 1222 1
411 1210 1
443 1195 1
475 1178 1
508 1160 1
539 1140 1
571 1116 1
599 1092 1
623 1066 1
647 1036 1
671 1005 1
694 973 1
717 939 1
740 906 1
757 874 1
771 845 1
782 818 1
792 791 1
801 766 1
809 739 1
816 715 1
821 694 1
823 672 1
825 652 1
823 634 1
820 618 1
818 603 1
813 591 1
807 581 1
798 571 1
786 563 1
773 558 1
746 557 1
712 560 1
668 574 1
622 591 1
577 615 1
539 640 1
503 667 1
471 695 1
440 724 1
409 757 1
377 795 1
345 836 1
317 880 1
291 925 1
268 967 1
252 1006 1
240 1042 1
235 1075 1
233 1105 1
235 1136 1
241 1166 1
249 1192 1
256 1212 1
265 1225 1
276 1237 1
289 1247 1
305 1254 1
325 1260 1
350 1261 1
379 1259 1
410 1252 1
447 1237 1
482 1220 1
515 1195 1
549 1168 1
581 1135 1
613 1099 1
645 1060 1
675 1018 1
703 977 1
725 938 1
745 897 1
761 861 1
771 829 1
780 799 1
788 771 1
792 743 1
798 715 1
802 689 1
808 661 1
812 635 1
814 614 1
816 596 1
816 582 1
814 571 1
810 561 1
803 554 1
792 547 1
778 543 1
757 539 1
726 542 1
680 556 1
631 573 1
589 595 1
544 623 1
505 650 1
468 681 1
434 711 1
403 742 1
375 773 1
350 804 1
329 835 1
309 867 1
290 902 1
274 944 1
261 984 1
251 1025 1
244 1063 1
240 1096 1
240 1123 1
242 1150 1
247 1172 1
255 1192 1
265 1212 1
281 1231 1
298 1248 1
318 1260 1
339 1269 1
365 1271 1
394 1266 1
429 1255 1
466 1235 1
508 1209 1
548 1178 1
589 1142 1
625 1103 1
658 1063 1
689 1023 1
718 982 1
741 944 1
762 908 1
775 876 1
786 846 1
794 819 1
800 791 1
804 760 1
807 727 1
809 688 1
811 651 1
812 626 1
810 605 1
809 588 1
803 573 1
796 560 1
786 551 1
772 543 1
756 536 1
723 535 1
685 538 1
638 552 1
589 572 1
542 596 1
495 626 1
450 658 1
408 690 1
370 725 1
334 764 1
303 807 1
279 850 1
260 895 1
246 942 1
238 986 1
237 1027 1
237 1065 1
240 1100 1
246 1138 1
255 1172 1
266 1201 1
280 1228 1
297 1249 1
313 1261 1
330 1271 1
346 1274 1
366 1275 1
389 1269 1
420 1254 1
454 1238 1
495 1211 1
538 1181 1
581 1146 1
623 1106 1
663 1066 1
695 1027 1
724 989 1
749 953 1
769 920 1
784 888 1
797 859 1
807 832 1
814 807 1
818 783 1
821 759 1
824 737 1
824 713 1
824 691 1
823 670 1
820 649 1
819 631 1
816 618 1
812 607 1
806 598 1
798 589 1
787 581 1
771 574 1
754 570 1
733 569 1
697 575 1
657 586 1
615 605 1
575 625 1
537 649 1
503 676 1
472 702 1
442 732 1
412 762 1
382 794 1
356 823 1
332 854 1
312 881 1
292 914 1
277 946 1
265 980 1
256 1015 1
251 1052 1
248 1087 1
248 1119 1
249 1146 1
252 1169 1
254 1187 1
257 1199 1
261 1209 1
267 1219 1
275 1229 1
287 1237 1
305 1241 1
328 1243 1
355 1238 1
397 1221 1
442 1200 1
488 1174 1
534 1145 1
576 1117 1
620 1080 1
657 1045 1
690 1009 1
718 973 1
739 939 1
757 906 1
773 873 1
784 844 1
794 815 1
800 789 1
806 760 1
812 733 1
814 705 1
817 675 1
820 650 1
820 627 1
821 608 1
819 595 1
817 583 1
815 574 1
811 565 1
805 557 1
796 549 1
785 542 1
769 537 1
749 532 1
721 532 1
686 540 1
647 554 1
604 574 1
566 597 1
531 620 1
500 646 1
468 674 1
439 701 1
410 731 1
382 760 1
357 791 1
331 823 1
307 855 1
283 887 1
261 923 1
242 961 1
226 997 1
213 1032 1
202 1066 1
194 1100 1
190 1132 1
188 1160 1
186 1185 1
189 1208 1
191 1228 1
197 1246 1
204 1260 1
213 1272 1
225 1283 1
240 1290 1
256 1297 1
277 1301 1
301 1303 1
330 1300 1
361 1290 1
393 1276 1
425 1255 1
458 1230 1
490 1199 1
522 1164 1
555 1124 1
591 1080 1
626 1033 1
658 987 1
689 939 1
715 895 1
737 860 1
756 830 1
773 804 1
788 784 1
802 763 1
814 744 1
824 725 1
831 709 1
836 695 1
839 685 1
839 675 1
838 665 1
835 654 1
830 642 1
823 631 1
815 620 1
805 612 1
794 607 1
783 602 1
773 597 1
764 595 1
751 595 1
738 595 1
722 596 1
697 601 1
674 608 1
647 620 1
620 633 1
590 650 1
558 673 1
525 698 1
489 731 1
453 766 1
416 805 1
380 852 1
341 904 1
305 955 1
271 1016 1
244 1070 1
227 1116 1
214 1158 1
209 1192 1
209 1223 1
212 1250 1
221 1274 1
233 1296 1
249 1317 1
273 1333 1
298 1345 1
325 1350 1
355 1349 1
388 1341 1
425 1319 1
464 1295 1
504 1263 1
545 1226 1
587 1185 1
630 1139 1
670 1091 1
705 1044 1
733 999 1
758 953 1
774 916 1
787 881 1
799 852 1
806 822 1
812 795 1
817 772 1
820 753 1
821 736 1
821 720 1
818 706 1
814 694 1
807 681 1
797 668 1
782 654 1
765 642 1
745 634 1
722 630 1
694 631 1
660 636 1
625 644 1
584 661 1
540 686 1
490 721 1
436 770 1
386 818 1
345 869 1
309 918 1
281 965 1
265 1008 1
253 1051 1
248 1091 1
244 1126 1
245 1160 1
248 1188 1
252 1213 1
256 1231 1
263 1250 1
271 1264 1
283 1273 1
298 1278 1
317 1281 1
342 1276 1
375 1263 1
417 1239 1
460 1211 1
505 1179 1
550 1147 1
595 1112 1
640 1074 1
680 1037 1
712 998 1
741 960 1
766 925 1
785 895 1
801 865 1
815 838 1
825 813 1
832 787 1
836 764 1
839 740 1
839 719 1
837 699 1
835 681 1
830 665 1
823 648 1
813 634 1
799 620 1
783 609 1
759 601 1
731 596 1
702 594 1
663 597 1
627 606 1
590 623 1
549 646 1
503 678 1
444 729 1
384 787 1
331 845 1
288 900 1
252 955 1
229 1007 1
212 1056 1
207 1099 1
207 1138 1
212 1171 1
225 1196 1
240 1217 1
261 1233 1
284 1248 1
311 1261 1
340 1269 1
372 1273 1
402 1270 1
438 1258 1
473 1243 1
509 1222 1
546 1195 1
585 1160 1
628 1113 1
670 1064 1
707 1013 1
741 960 1
769 909 1
788 864 1
804 823 1
813 790 1
820 763 1
825 738 1
828 715 1
831 694 1
833 675 1
834 658 1
834 642 1
832 629 1
828 615 1
821 603 1
811 589 1
797 577 1
778 567 1
754 561 1
723 562 1
672 573 1
623 587 1
578 609 1
533 633 1
491 661 1
447 695 1
405 730 1
363 774 1
321 819 1
280 870 1
244 920 1
217 967 1
199 1010 1
186 1051 1
178 1087 1
176 1117 1
177 1145 1
184 1169 1
196 1189 1
212 1208 1
234 1224 1
260 1240 1
292 1255 1
326 1265 1
368 1267 1
417 1257 1
466 1243 1
511 1225 1
554 1202 1
593 1175 1
632 1137 1
673 1096 1
711 1055 1
746 1015 1
775 978 1
797 946 1
815 913 1
829 880 1
841 846 1
849 812 1
855 781 1
859 751 1
862 723 1
863 699 1
863 677 1
859 658 1
854 641 1
849 627 1
840 614 1
830 601 1
815 589 1
797 576 1
772 566 1
730 565 1
681 572 1
622 592 1
559 621 1
495 661 1
434 711 1
374 769 1
321 831 1
278 890 1
242 948 1
222 998 1
206 1045 1
201 1084 1
198 1118 1
201 1145 1
209 1169 1
219 1190 1
235 1208 1
254 1227 1
277 1246 1
301 1259 1
325 1270 1
349 1276 1
376 1278 1
405 1270 1
444 1253 1
485 1231 1
529 1201 1
572 1168 1
620 1129 1
662 1089 1
702 1052 1
733 1016 1
761 982 1
783 948 1
801 910 1
818 868 1
832 821 1
846 775 1
859 733 1
869 690 1
878 647 1
883 614 1
884 582 1
885 558 1
879 538 1
871 521 1
858 505 1
839 487 1
817 475 1
785 466 1
743 463 1
684 472 1
609 502 1
538 540 1
477 583 1
424 626 1
376 669 1
336 716 1
299 763 1
270 809 1
245 853 1
227 895 1
217 934 1
212 973 1
214 1009 1
220 1046 1
231 1082 1
246 1113 1
262 1140 1
281 1165 1
301 1185 1
321 1202 1
340 1211 1
357 1218 1
375 1224 1
392 1224 1
410 1225 1
433 1217 1
459 1205 1
488 1190 1
519 1169 1
549 1146 1
578 1121 1
606 1092 1
634 1063 1
658 1035 1
680 1006 1
700 975 1
720 944 1
739 912 1
759 876 1
779 840 1
796 804 1
811 768 1
825 734 1
834 704 1
841 676 1
845 654 1
845 633 1
843 617 1
840 604 1
836 591 1
829 579 1
818 568 1
803 558 1
782 556 1
755 557 1
719 562 1
675 578 1
632 596 1
585 623 1
536 654 1
489 689 1
442 731 1
397 776 1
357 820 1
321 864 1
289 908 1
262 951 1
237 993 1
218 1032 1
202 1069 1
191 1103 1
186 1132 1
183 1161 1
184 1185 1
188 1206 1
195 1224 1
210 1241 1
228 1254 1
247 1265 1
277 1271 1
306 1275 1
339 1269 1
375 1259 1
414 1242 1
453 1220 1
491 1191 1
527 1157 1
563 1120 1
602 1076 1
644 1030 1
689 983 1
734 932 1
776 882 1
808 841 1
832 803 1
849 771 1
856 744 1
859 720 1
860 700 1
858 678 1
852 660 1
846 642 1
839 627 1
832 614 1
824 598 1
813 584 1
797 569 1
778 556 1
756 547 1
718 546 1
672 552 1
618 573 1
566 601 1
515 632 1
464 674 1
415 718 1
367 769 1
322 823 1
281 878 1
253 933 1
232 985 1
218 1034 1
209 1078 1
205 1115 1
207 1146 1
212 1175 1
221 1199 1
233 1221 1
247 1243 1
264 1260 1
283 1274 1
304 1285 1
326 1288 1
350 1290 1
379 1281 1
415 1266 1
453 1244 1
497 1212 1
545 1174 1
594 1128 1
643 1078 1
689 1028 1
724 981 1
754 934 1
776 891 1
792 853 1
805 819 1
813 791 1
818 766 1
823 745 1
826 723 1
827 705 1
825 689 1
821 675 1
812 657 1
799 640 1
783 624 1
765 611 1
742 599 1
716 590 1
677 588 1
631 590 1
577 608 1
519 637 1
459 676 1
396 737 1
340 800 1
294 856 1
255 911 1
226 961 1
208 1009 1
192 1054 1
183 1094 1
178 1125 1
176 1152 1
179 1172 1
183 1190 1
192 1206 1
204 1221 1
221 1235 1
245 1249 1
272 1260 1
301 1268 1
331 1272 1
367 1270 1
408 1258 1
450 1243 1
494 1219 1
534 1191 1
573 1156 1
612 1115 1
648 1073 1
682 1034 1
714 995 1
745 958 1
770 920 1
790 885 1
807 851 1
819 815 1
829 783 1
837 755 1
843 731 1
848 709 1
852 690 1
855 672 1
856 654 1
856 638 1
854 624 1
850 613 1
846 602 1
837 590 1
825 578 1
809 568 1
791 560 1
768 556 1
739 558 1
706 564 1
668 577 1
626 596 1
583 619 1
538 647 1
495 681 1
456 715 1
417 753 1
381 790 1
350 823 1
324 856 1
299 891 1
275 927 1
250 965 1
226 1005 1
207 1042 1
190 1078 1
179 1107 1
170 1136 1
166 1164 1
164 1184 1
165 1203 1
167 1217 1
171 1231 1
176 1243 1
184 1256 1
194 1268 1
206 1281 1
219 1292 1
233 1304 1
249 1313 1
264 1320 1
282 1327 1
304 1331 1
326 1333 1
349 1332 1
373 1329 1
396 1322 1
422 1313 1
447 1302 1
474 1285 1
501 1267 1
526 1247 1
551 1224 1
573 1202 1
596 1178 1
619 1152 1
642 1126 1
663 1099 1
681 1070 1
700 1039 1
718 1004 1
738 967 1
757 925 1
775 883 1
792 848 1
808 810 1
824 778 1
835 749 1
843 723 1
850 702 1
853 685 1
855 671 1
856 661 1
857 650 1
857 639 1
855 628 1
853 620 1
852 612 1
849 603 1
845 595 1
839 583 1
831 572 1
820 562 1
809 553 1
797 546 1
782 540 1
766 536 1
748 535 1
718 539 1
683 549 1
641 567 1
598 589 1
558 614 1
518 643 1
484 673 1
449 706 1
415 743 1
377 785 1
340 830 1
305 875 1
276 922 1
252 971 1
233 1020 1
221 1066 1
213 1105 1
209 1138 1
207 1169 1
209 1193 1
213 1210 1
219 1225 1
227 1239 1
238 1252 1
253 1263 1
274 1273 1
298 1280 1
325 1283 1
355 1282 1
390 1274 1
433 1254 1
478 1230 1
520 1197 1
563 1156 1
603 1110 1
642 1059 1
677 1007 1
709 960 1
739 917 1
762 880 1
781 847 1
795 818 1
804 793 1
811 766 1
817 742 1
819 717 1
822 694 1
823 671 1
823 648 1
820 628 1
815 608 1
809 590 1
799 574 1
788 560 1
773 547 1
757 539 1
738 531 1
713 530 1
669 541 1
617 564 1
558 600 1
501 644 1
446 693 1
394 749 1
346 803 1
306 855 1
274 903 1
250 949 1
234 993 1
221 1039 1
214 1084 1
213 1124 1
214 1160 1
219 1185 1
227 1207 1
236 1225 1
246 1238 1
257 1249 1
271 1258 1
286 1264 1
303 1268 1
327 1265 1
356 1258 1
390 1244 1
430 1225 1
474 1201 1
515 1169 1
555 1135 1
591 1099 1
625 1062 1
657 1026 1
686 988 1
712 950 1
735 911 1
754 873 1
772 837 1
786 806 1
800 778 1
811 755 1
818 730 1
824 705 1
826 680 1
827 656 1
825 636 1
822 619 1
819 603 1
813 583 1
805 566 1
798 551 1
785 537 1
771 526 1
751 518 1
723 515 1
684 520 1
622 549 1
556 589 1
488 644 1
420 704 1
362 764 1
317 820 1
280 873 1
252 922 1
230 970 1
215 1018 1
209 1059 1
206 1096 1
208 1124 1
212 1144 1
218 1159 1
227 1174 1
238 1188 1
250 1202 1
268 1215 1
286 1229 1
308 1240 1
331 1250 1
354 1256 1
380 1256 1
408 1252 1
437 1241 1
464 1231 1
494 1215 1
522 1196 1
552 1175 1
583 1150 1
612 1125 1
640 1100 1
663 1075 1
685 1051 1
702 1028 1
719 1003 1
736 975 1
752 944 1
767 910 1
779 876 1
790 840 1
799 801 1
807 763 1
814 727 1
820 696 1
824 668 1
827 644 1
828 625 1
830 608 1
827 591 1
825 577 1
819 566 1
810 555 1
798 547 1
783 539 1
759 534 1
732 531 1
688 539 1
635 558 1
580 586 1
522 626 1
466 669 1
419 716 1
376 763 1
334 810 1
303 851 1
273 893 1
250 928 1
231 962 1
217 994 1
208 1025 1
201 1054 1
198 1082 1
195 1107 1
196 1130 1
200 1150 1
205 1171 1
214 1187 1
225 1201 1
238 1214 1
257 1226 1
281 1239 1
308 1251 1
338 1259 1
369 1264 1
399 1261 1
430 1256 1
458 1246 1
489 1231 1
518 1211 1
548 1185 1
577 1156 1
606 1124 1
635 1089 1
662 1057 1
686 1025 1
708 992 1
729 955 1
747 913 1
762 873 1
773 834 1
784 797 1
793 764 1
800 733 1
806 704 1
809 678 1
811 651 1
812 629 1
810 609 1
806 589 1
799 570 1
789 553 1
778 539 1
763 527 1
746 518 1
725 511 1
693 512 1
652 519 1
608 535 1
566 556 1
526 581 1
487 611 1
452 641 1
420 674 1
390 709 1
361 744 1
338 782 1
317 818 1
302 853 1
287 886 1
276 917 1
265 948 1
257 976 1
250 1001 1
246 1025 1
244 1043 1
244 1061 1
246 1078 1
252 1096 1
261 1115 1
275 1134 1
292 1152 1
313 1171 1
337 1187 1
359 1199 1
383 1210 1
407 1215 1
430 1219 1
452 1221 1
474 1222 1
497 1219 1
520 1214 1
543 1205 1
565 1193 1
588 1179 1
609 1163 1
630 1144 1
651 1122 1
669 1095 1
687 1063 1
704 1029 1
718 996 1
734 951 1
746 913 1
757 877 1
766 843 1
778 808 1
787 766 1
794 727 1
798 698 1
800 675 1
800 657 1
797 645 1
795 633 1
791 624 1
786 617 1
781 609 1
772 602 1
762 594 1
747 588 1
729 583 1
706 578 1
677 580 1
646 584 1
612 593 1
571 611 1
530 635 1
485 667 1
440 704 1
396 744 1
357 787 1
322 827 1
292 866 1
266 904 1
243 942 1
226 977 1
212 1012 1
201 1045 1
190 1079 1
182 1111 1
178 1142 1
176 1167 1
178 1188 1
181 1205 1
186 1219 1
195 1232 1
208 1246 1
222 1259 1
238 1270 1
255 1280 1
275 1287 1
296 1294 1
318 1298 1
343 1300 1
368 1298 1
395 1290 1
424 1276 1
455 1260 1
488 1233 1
520 1205 1
550 1175 1
581 1143 1
609 1112 1
638 1078 1
663 1048 1
686 1019 1
707 990 1
723 964 1
737 937 1
749 909 1
761 881 1
771 852 1
783 819 1
790 784 1
797 750 1
801 721 1
803 696 1
804 676 1
800 657 1
794 637 1
787 621 1
777 605 1
766 591 1
750 579 1
732 569 1
706 566 1
671 569 1
627 580 1
570 608 1
514 643 1
460 687 1
408 735 1
362 785 1
326 835 1
298 879 1
277 927 1
261 976 1
250 1025 1
243 1076 1
238 1128 1
240 1177 1
240 1159 0
