582 958 1
581 958 1
579 958 1
577 958 1
574 959 1
570 959 1
567 959 1
565 959 1
563 957 1
560 955 1
559 955 1
557 953 1
556 951 1
555 950 1
556 947 1
557 944 1
560 940 1
565 938 1
572 934 1
577 932 1
584 931 1
589 931 1
595 932 1
600 935 1
604 940 1
607 951 1
608 959 1
608 964 1
606 976 1
602 989 1
596 1000 1
589 1009 1
581 1015 1
572 1020 1
565 1021 1
557 1023 1
547 1021 1
539 1020 1
531 1017 1
522 1011 1
514 1003 1
507 992 1
504 981 1
502 968 1
506 954 1
512 938 1
520 923 1
531 911 1
543 900 1
556 893 1
569 888 1
583 883 1
597 882 1
612 883 1
627 885 1
640 892 1
654 900 1
666 912 1
678 925 1
688 940 1
693 957 1
695 973 1
693 991 1
689 1009 1
680 1032 1
670 1048 1
656 1064 1
644 1078 1
629 1091 1
614 1102 1
590 1116 1
573 1121 1
553 1122 1
530 1119 1
508 1114 1
490 1107 1
473 1100 1
459 1091 1
447 1080 1
437 1068 1
430 1056 1
423 1037 1
417 1018 1
417 994 1
419 967 1
424 939 1
437 911 1
453 886 1
468 864 1
485 846 1
502 832 1
516 824 1
528 818 1
540 813 1
553 810 1
568 807 1
587 808 1
608 811 1
630 815 1
653 824 1
677 834 1
696 845 1
712 857 1
727 871 1
738 886 1
748 903 1
755 921 1
760 941 1
762 964 1
763 987 1
760 1012 1
756 1034 1
749 1056 1
740 1078 1
725 1101 1
707 1123 1
690 1143 1
667 1162 1
643 1179 1
618 1191 1
592 1201 1
565 1209 1
537 1215 1
506 1220 1
474 1219 1
441 1216 1
409 1211 1
379 1200 1
354 1188 1
334 1176 1
318 1165 1
304 1154 1
292 1137 1
284 1119 1
277 1097 1
273 1071 1
274 1044 1
277 1013 1
284 986 1
293 959 1
304 931 1
316 906 1
327 884 1
337 866 1
347 850 1
358 835 1
370 822 1
383 808 1
398 797 1
413 787 1
433 776 1
452 766 1
472 759 1
494 753 1
517 748 1
538 745 1
562 742 1
584 741 1
607 741 1
628 742 1
646 743 1
666 746 1
683 750 1
702 756 1
719 763 1
737 772 1
754 782 1
770 792 1
784 804 1
798 817 1
812 834 1
826 852 1
838 871 1
848 892 1
855 915 1
859 939 1
861 964 1
858 993 1
853 1021 1
844 1050 1
833 1076 1
822 1101 1
810 1124 1
797 1147 1
783 1169 1
770 1189 1
757 1205 1
744 1221 1
729 1236 1
715 1249 1
696 1263 1
676 1276 1
654 1289 1
630 1299 1
606 1309 1
581 1318 1
556 1327 1
527 1335 1
499 1343 1
470 1350 1
442 1353 1
415 1357 1
390 1356 1
365 1354 1
340 1348 1
318 1338 1
295 1326 1
274 1312 1
254 1295 1
235 1275 1
219 1254 1
205 1231 1
193 1206 1
185 1185 1
179 1162 1
175 1139 1
174 1111 1
175 1078 1
178 1039 1
182 1001 1
184 966 1
187 940 1
190 914 1
194 892 1
201 870 1
211 848 1
223 828 1
237 807 1
251 787 1
268 766 1
285 749 1
301 733 1
316 717 1
333 704 1
350 692 1
368 682 1
389 673 1
412 666 1
439 661 1
467 655 1
497 651 1
529 649 1
562 647 1
594 649 1
623 650 1
651 652 1
676 655 1
699 656 1
719 660 1
737 665 1
753 670 1
768 675 1
780 684 1
793 692 1
806 702 1
819 714 1
833 727 1
846 742 1
860 757 1
873 775 1
887 794 1
900 814 1
911 834 1
921 856 1
928 876 1
933 897 1
937 918 1
939 941 1
941 965 1
941 988 1
938 1012 1
934 1035 1
927 1059 1
918 1081 1
910 1102 1
901 1121 1
891 1139 1
881 1159 1
870 1178 1
858 1198 1
844 1216 1
832 1234 1
818 1249 1
805 1265 1
792 1278 1
778 1295 1
763 1314 1
745 1335 1
728 1358 1
709 1379 1
693 1397 1
678 1412 1
664 1424 1
651 1434 1
638 1444 1
626 1452 1
612 1461 1
597 1470 1
580 1478 1
562 1484 1
540 1490 1
513 1494 1
484 1498 1
447 1500 1
413 1501 1
381 1500 1
354 1497 1
329 1495 1
308 1489 1
289 1483 1
274 1475 1
260 1466 1
249 1456 1
238 1444 1
225 1428 1
214 1410 1
201 1389 1
187 1365 1
175 1341 1
164 1317 1
152 1295 1
141 1274 1
132 1253 1
123 1230 1
116 1207 1
109 1186 1
105 1163 1
101 1143 1
97 1125 1
94 1109 1
92 1092 1
91 1068 1
88 1042 1
86 1015 1
86 988 1
86 962 1
86 939 1
88 918 1
91 900 1
96 879 1
103 857 1
111 837 1
119 816 1
127 797 1
134 781 1
140 767 1
148 754 1
157 741 1
168 725 1
183 710 1
200 695 1
218 679 1
236 664 1
254 650 1
272 637 1
289 625 1
307 615 1
329 603 1
351 594 1
375 583 1
400 573 1
426 565 1
454 557 1
481 551 1
505 546 1
529 542 1
551 539 1
573 537 1
599 537 1
623 535 1
647 536 1
672 537 1
694 540 1
715 543 1
736 547 1
755 551 1
774 555 1
790 561 1
805 566 1
819 571 1
832 578 1
845 585 1
859 594 1
874 604 1
893 617 1
910 632 1
928 649 1
944 664 1
958 678 1
972 694 1
982 708 1
989 725 1
996 741 1
999 762 1
1004 783 1
1006 805 1
1009 829 1
1010 855 1
1011 881 1
1013 907 1
1013 934 1
1012 959 1
1013 986 1
1010 1009 1
1006 1033 1
1000 1059 1
993 1085 1
985 1112 1
975 1137 1
967 1164 1
957 1189 1
947 1214 1
937 1239 1
929 1260 1
920 1280 1
912 1301 1
903 1321 1
895 1338 1
888 1354 1
879 1371 1
871 1388 1
863 1403 1
853 1418 1
841 1434 1
828 1450 1
813 1468 1
798 1487 1
783 1505 1
769 1523 1
755 1540 1
743 1555 1
728 1568 1
713 1582 1
697 1596 1
679 1610 1
660 1622 1
636 1636 1
611 1649 1
584 1665 1
556 1680 1
527 1692 1
500 1701 1
475 1709 1
455 1714 1
434 1715 1
417 1718 1
403 1719 1
389 1719 1
373 1717 1
348 1708 1
321 1697 1
294 1681 1
268 1664 1
248 1646 1
230 1626 1
213 1604 1
199 1579 1
186 1555 1
175 1531 1
166 1508 1
157 1488 1
150 1469 1
142 1449 1
132 1426 1
121 1402 1
111 1379 1
104 1355 1
95 1330 1
88 1303 1
81 1276 1
74 1249 1
69 1221 1
65 1198 1
61 1180 1
57 1164 1
55 1155 1
57 1161 0
22 961 1
22 945 1
28 911 1
40 861 1
37 876 0
