119 1212 1
119 1212 1
119 1212 1
119 1212 1
119 1212 1
119 1212 1
119 1212 1
119 1212 1
119 1212 1
119 1212 1
119 1212 1
119 1212 1
119 1212 1
119 1209 1
120 1207 1
126 1199 1
134 1190 1
146 1176 1
161 1160 1
176 1140 1
193 1122 1
209 1104 1
226 1085 1
250 1056 1
264 1038 1
275 1020 1
287 1000 1
299 980 1
309 961 1
316 944 1
322 927 1
327 908 1
331 889 1
330 870 1
328 855 1
323 843 1
314 832 1
301 824 1
286 817 1
271 814 1
253 814 1
236 817 1
220 821 1
207 827 1
193 833 1
180 840 1
170 852 1
163 868 1
161 885 1
162 906 1
166 928 1
174 953 1
183 974 1
193 995 1
207 1016 1
224 1036 1
247 1056 1
272 1076 1
296 1094 1
319 1112 1
339 1127 1
352 1141 1
365 1155 1
373 1168 1
378 1181 1
380 1192 1
379 1202 1
375 1212 1
368 1224 1
358 1235 1
346 1247 1
327 1258 1
307 1268 1
284 1276 1
256 1280 1
229 1284 1
201 1284 1
175 1280 1
152 1276 1
137 1268 1
124 1260 1
117 1253 1
112 1239 1
109 1222 1
116 1196 1
128 1167 1
149 1131 1
171 1104 1
180 1092 1
173 1102 0
546 1177 1
546 1175 1
547 1174 1
550 1170 1
558 1162 1
569 1149 1
581 1133 1
596 1108 1
614 1079 1
631 1048 1
646 1018 1
664 971 1
665 958 1
666 941 1
664 929 1
662 916 1
654 906 1
639 896 1
622 888 1
603 883 1
582 882 1
563 883 1
548 887 1
535 892 1
521 899 1
510 908 1
500 918 1
494 929 1
490 941 1
488 957 1
493 979 1
503 1004 1
520 1033 1
549 1067 1
580 1099 1
608 1126 1
633 1151 1
651 1173 1
664 1193 1
674 1211 1
681 1228 1
685 1242 1
685 1255 1
683 1267 1
677 1278 1
667 1292 1
654 1306 1
638 1317 1
617 1324 1
594 1328 1
569 1328 1
544 1323 1
519 1316 1
501 1305 1
485 1293 1
476 1275 1
472 1251 1
477 1217 1
501 1167 1
513 1143 1
504 1162 0
830 1184 1
839 1169 1
853 1148 1
870 1124 1
891 1096 1
912 1069 1
932 1043 1
952 1011 1
961 994 1
964 981 1
966 969 1
966 958 1
959 948 1
947 939 1
929 931 1
902 928 1
877 926 1
859 930 1
845 933 1
835 938 1
825 946 1
820 957 1
818 972 1
822 991 1
833 1015 1
855 1045 1
880 1077 1
905 1106 1
928 1133 1
948 1157 1
960 1180 1
970 1201 1
974 1219 1
976 1237 1
973 1253 1
965 1268 1
955 1282 1
942 1296 1
921 1307 1
900 1316 1
878 1318 1
853 1316 1
832 1312 1
812 1301 1
794 1288 1
784 1273 1
776 1255 1
777 1233 1
789 1206 1
811 1177 1
843 1147 1
863 1130 1
851 1141 0
