1020 581 1
1018 581 1
1018 581 1
1018 581 1
1018 581 1
1018 581 1
1018 581 1
1017 584 1
1018 588 1
1016 595 1
1016 605 1
1015 621 1
1015 639 1
1015 659 1
1015 681 1
1016 704 1
1016 727 1
1018 751 1
1019 789 1
1019 799 1
1019 813 1
1019 822 1
1019 830 1
1019 835 1
1019 841 1
1017 848 1
1010 860 1
996 871 1
981 880 1
963 887 1
943 894 1
924 897 1
906 898 1
888 899 1
873 896 1
862 892 1
854 887 1
847 881 1
841 874 1
841 864 1
842 854 1
846 843 1
851 836 1
857 830 1
861 828 1
866 826 1
871 827 1
876 829 1
883 833 1
888 840 1
893 856 1
899 874 1
901 896 1
902 918 1
897 940 1
888 962 1
874 983 1
856 1005 1
838 1025 1
816 1044 1
798 1057 1
784 1065 1
773 1071 1
767 1074 1
765 1076 1
766 1076 0
742 640 1
742 640 1
742 644 1
746 653 1
748 667 1
755 688 1
761 711 1
766 734 1
771 754 1
775 771 1
778 784 1
780 795 1
781 804 1
782 814 1
780 831 1
775 841 1
767 854 1
756 865 1
742 875 1
727 883 1
712 889 1
695 894 1
678 896 1
657 896 1
635 894 1
619 892 1
606 886 1
596 879 1
591 870 1
588 861 1
589 851 1
591 842 1
600 833 1
612 827 1
626 823 1
640 822 1
654 823 1
665 825 1
677 833 1
687 845 1
695 862 1
701 883 1
703 906 1
701 931 1
696 957 1
687 978 1
674 998 1
657 1017 1
642 1036 1
625 1048 1
611 1059 1
603 1064 1
596 1068 1
597 1068 0
527 697 1
527 697 1
527 701 1
528 709 1
531 733 1
534 757 1
538 788 1
543 818 1
547 843 1
549 856 1
552 868 1
553 873 1
554 878 1
552 880 1
552 884 1
549 892 1
539 899 1
525 906 1
490 916 1
473 919 1
458 919 1
440 918 1
425 916 1
416 912 1
409 907 1
404 903 1
400 898 1
397 893 1
396 888 1
399 881 1
401 876 1
406 872 1
412 868 1
419 866 1
427 864 1
434 864 1
440 866 1
446 871 1
453 879 1
457 894 1
460 909 1
460 929 1
456 949 1
448 970 1
433 991 1
415 1013 1
397 1034 1
378 1051 1
362 1062 1
350 1069 1
345 1072 1
349 1070 0
329 713 1
329 713 1
329 718 1
330 737 1
334 764 1
340 797 1
347 829 1
353 854 1
356 872 1
359 885 1
359 896 1
359 903 1
356 914 1
345 923 1
325 934 1
298 947 1
266 960 1
236 970 1
208 972 1
187 970 1
169 967 1
157 959 1
150 953 1
146 946 1
147 935 1
151 923 1
163 910 1
178 900 1
193 892 1
211 891 1
227 893 1
242 903 1
256 919 1
266 940 1
274 966 1
277 989 1
275 1014 1
268 1038 1
254 1065 1
227 1095 1
200 1122 1
173 1143 1
158 1156 1
167 1149 0
