46 1239 1
46 1238 1
46 1238 1
46 1238 1
46 1235 1
48 1227 1
51 1215 1
55 1200 1
62 1179 1
73 1155 1
90 1126 1
109 1091 1
130 1049 1
161 987 1
175 952 1
183 922 1
191 894 1
198 869 1
204 849 1
208 832 1
211 818 1
212 803 1
214 790 1
213 780 1
213 772 1
211 764 1
210 756 1
208 750 1
206 744 1
203 739 1
201 737 1
198 735 1
195 733 1
192 734 1
187 734 1
182 735 1
173 739 1
166 746 1
159 758 1
155 770 1
150 784 1
148 801 1
145 818 1
144 836 1
144 855 1
144 876 1
145 898 1
146 922 1
147 945 1
147 967 1
148 986 1
148 1005 1
146 1024 1
145 1042 1
144 1056 1
142 1071 1
142 1086 1
142 1102 1
140 1112 1
141 1129 1
141 1146 1
141 1161 1
141 1174 1
142 1184 1
143 1196 1
144 1207 1
145 1215 1
147 1223 1
148 1230 1
151 1236 1
154 1241 1
157 1246 1
161 1250 1
163 1251 1
169 1252 1
175 1250 1
182 1248 1
193 1243 1
203 1237 1
214 1230 1
225 1221 1
237 1210 1
246 1197 1
254 1186 1
262 1173 1
271 1157 1
279 1139 1
292 1115 1
304 1089 1
318 1054 1
334 1016 1
351 973 1
367 928 1
380 889 1
388 859 1
393 838 1
395 824 1
395 816 1
395 810 1
393 805 1
392 801 1
390 796 1
387 792 1
384 789 1
382 785 1
380 783 1
377 781 1
376 780 1
374 778 1
373 779 1
371 779 1
369 780 1
364 783 1
358 788 1
350 798 1
338 812 1
327 827 1
316 843 1
305 861 1
296 879 1
290 896 1
284 913 1
280 931 1
277 950 1
274 968 1
272 986 1
270 1004 1
269 1022 1
269 1039 1
269 1055 1
269 1073 1
269 1091 1
270 1107 1
271 1122 1
273 1136 1
274 1150 1
277 1163 1
278 1177 1
279 1186 1
280 1195 1
282 1203 1
284 1209 1
286 1214 1
288 1219 1
290 1222 1
293 1225 1
295 1227 1
298 1229 1
303 1230 1
308 1230 1
314 1228 1
323 1226 1
334 1220 1
348 1209 1
364 1195 1
381 1180 1
395 1161 1
411 1140 1
423 1119 1
435 1097 1
445 1075 1
455 1051 1
463 1027 1
476 999 1
489 966 1
504 931 1
515 902 1
523 879 1
527 865 1
530 855 1
530 849 1
531 844 1
531 840 1
530 837 1
528 833 1
527 831 1
525 829 1
523 826 1
522 826 1
520 825 1
518 823 1
515 824 1
512 826 1
507 829 1
499 835 1
489 843 1
477 856 1
465 872 1
453 890 1
443 907 1
434 923 1
427 941 1
421 958 1
417 975 1
415 995 1
412 1016 1
410 1036 1
409 1055 1
407 1076 1
406 1096 1
406 1114 1
406 1132 1
406 1150 1
407 1166 1
408 1180 1
409 1191 1
410 1201 1
412 1209 1
414 1216 1
417 1221 1
420 1225 1
422 1227 1
425 1229 1
429 1231 1
435 1230 1
441 1228 1
448 1226 1
458 1218 1
470 1206 1
485 1191 1
500 1174 1
513 1155 1
525 1134 1
537 1113 1
548 1090 1
560 1062 1
570 1035 1
580 1009 1
589 982 1
599 955 1
611 927 1
621 901 1
629 881 1
635 866 1
639 854 1
639 847 1
641 842 1
641 838 1
640 837 1
640 835 1
640 835 1
640 833 1
640 833 1
639 834 1
639 834 1
636 834 1
632 837 1
625 841 1
614 850 1
602 862 1
588 879 1
574 897 1
563 915 1
552 934 1
543 953 1
535 972 1
528 990 1
521 1010 1
515 1031 1
510 1052 1
504 1074 1
499 1097 1
495 1119 1
495 1139 1
495 1159 1
495 1178 1
496 1193 1
498 1207 1
501 1218 1
504 1227 1
507 1236 1
509 1241 1
512 1247 1
515 1250 1
518 1252 1
522 1253 1
528 1253 1
536 1250 1
549 1244 1
562 1236 1
578 1222 1
596 1202 1
613 1182 1
629 1159 1
642 1136 1
655 1110 1
667 1079 1
680 1042 1
693 1005 1
705 969 1
716 934 1
726 904 1
736 877 1
742 859 1
747 845 1
749 836 1
750 831 1
751 827 1
752 825 1
750 823 1
750 823 1
751 823 1
748 824 1
744 827 1
735 833 1
722 843 1
708 858 1
692 876 1
677 896 1
663 915 1
650 936 1
641 956 1
633 975 1
626 995 1
622 1016 1
617 1036 1
613 1055 1
609 1074 1
607 1094 1
603 1112 1
599 1131 1
595 1150 1
593 1168 1
590 1186 1
589 1201 1
589 1215 1
589 1229 1
591 1239 1
594 1249 1
597 1254 1
600 1260 1
604 1262 1
610 1265 1
618 1266 1
627 1263 1
637 1258 1
648 1251 1
663 1236 1
678 1218 1
693 1198 1
708 1175 1
720 1150 1
730 1123 1
740 1092 1
750 1062 1
759 1035 1
767 1012 1
774 989 1
783 964 1
792 939 1
801 912 1
810 890 1
815 873 1
819 861 1
820 854 1
822 849 1
823 846 1
823 844 1
821 842 1
822 841 1
819 841 1
816 843 1
808 847 1
799 855 1
789 863 1
776 879 1
762 895 1
749 915 1
736 938 1
724 960 1
715 983 1
708 1005 1
701 1027 1
696 1051 1
691 1073 1
688 1096 1
684 1118 1
682 1140 1
679 1161 1
676 1182 1
673 1203 1
670 1224 1
668 1244 1
668 1256 1
666 1268 1
667 1274 1
668 1280 1
669 1284 1
671 1286 1
675 1288 1
682 1288 1
690 1286 1
700 1281 1
714 1269 1
731 1255 1
747 1237 1
764 1215 1
779 1193 1
791 1172 1
801 1150 1
810 1132 1
819 1108 1
828 1083 1
840 1054 1
851 1022 1
863 988 1
873 957 1
883 928 1
890 907 1
896 890 1
900 877 1
902 868 1
904 861 1
905 855 1
905 852 1
905 850 1
905 848 1
903 848 1
904 847 1
902 848 1
898 852 1
890 861 1
879 876 1
864 896 1
847 921 1
832 949 1
818 975 1
805 1000 1
796 1026 1
789 1049 1
783 1071 1
778 1094 1
774 1115 1
772 1136 1
771 1154 1
769 1172 1
770 1186 1
771 1199 1
774 1211 1
776 1223 1
779 1234 1
784 1244 1
787 1251 1
790 1256 1
791 1260 1
794 1262 1
799 1263 1
805 1260 1
813 1255 1
826 1244 1
841 1227 1
858 1206 1
876 1182 1
893 1158 1
907 1133 1
920 1108 1
932 1082 1
944 1057 1
955 1032 1
964 1006 1
974 978 1
984 947 1
994 917 1
1001 891 1
1004 873 1
1007 861 1
1008 854 1
1008 851 1
1009 848 1
1008 847 1
1008 847 1
1008 847 1
1005 848 1
1001 851 1
993 857 1
984 866 1
971 879 1
958 897 1
944 916 1
934 936 1
924 958 1
917 981 1
913 1002 1
910 1025 1
911 1049 1
914 1078 1
920 1108 1
928 1140 1
937 1172 1
946 1203 1
957 1231 1
967 1258 1
979 1287 1
991 1318 1
1003 1350 1
1014 1384 1
1024 1418 1
1022 1410 0
