800 198 1
800 198 1
800 198 1
800 198 1
800 198 1
798 198 1
795 201 1
788 207 1
774 218 1
754 234 1
725 256 1
694 282 1
659 313 1
606 364 1
574 398 1
543 431 1
508 468 1
471 509 1
433 552 1
394 598 1
362 640 1
333 682 1
306 722 1
276 771 1
251 811 1
229 849 1
209 887 1
191 925 1
172 966 1
156 1011 1
140 1057 1
125 1098 1
115 1132 1
109 1166 1
105 1197 1
105 1224 1
106 1250 1
108 1276 1
116 1303 1
127 1328 1
139 1353 1
156 1376 1
176 1397 1
200 1410 1
228 1422 1
257 1430 1
291 1431 1
328 1430 1
364 1424 1
403 1412 1
443 1396 1
475 1381 1
504 1365 1
531 1348 1
559 1329 1
585 1308 1
608 1286 1
632 1262 1
653 1238 1
674 1213 1
694 1189 1
713 1163 1
733 1137 1
751 1112 1
771 1078 1
790 1049 1
806 1019 1
823 990 1
836 964 1
850 933 1
866 904 1
880 872 1
894 841 1
906 812 1
917 780 1
927 752 1
936 726 1
943 699 1
952 673 1
958 645 1
964 617 1
969 590 1
972 562 1
973 536 1
975 505 1
977 475 1
977 441 1
979 406 1
982 371 1
983 336 1
985 307 1
985 284 1
982 265 1
980 250 1
976 237 1
972 227 1
967 218 1
961 211 1
956 204 1
948 199 1
941 195 1
934 191 1
927 187 1
921 186 1
912 185 1
902 185 1
892 185 1
879 187 1
863 191 1
842 200 1
821 211 1
797 224 1
774 242 1
749 261 1
723 285 1
696 311 1
671 339 1
647 366 1
626 393 1
606 416 1
588 440 1
571 463 1
554 487 1
538 512 1
521 538 1
504 563 1
488 589 1
471 614 1
454 640 1
439 665 1
421 693 1
406 718 1
389 743 1
374 766 1
361 788 1
348 809 1
334 829 1
320 850 1
307 871 1
294 893 1
282 914 1
269 933 1
257 954 1
246 973 1
235 992 1
225 1012 1
215 1032 1
205 1054 1
195 1076 1
186 1098 1
177 1121 1
169 1143 1
163 1166 1
157 1190 1
153 1214 1
150 1236 1
147 1258 1
145 1277 1
143 1295 1
144 1312 1
145 1325 1
149 1337 1
156 1349 1
164 1360 1
176 1371 1
193 1379 1
214 1387 1
241 1388 1
273 1387 1
308 1381 1
345 1372 1
383 1361 1
418 1349 1
454 1333 1
486 1317 1
514 1302 1
541 1285 1
568 1271 1
595 1253 1
621 1238 1
648 1217 1
674 1196 1
700 1172 1
729 1141 1
756 1110 1
782 1078 1
806 1047 1
828 1014 1
848 979 1
867 944 1
886 911 1
904 877 1
920 844 1
936 809 1
951 774 1
964 735 1
976 697 1
987 656 1
999 612 1
1007 571 1
1013 534 1
1019 499 1
1023 469 1
1026 439 1
1028 411 1
1029 389 1
1028 369 1
1026 351 1
1023 333 1
1020 316 1
1016 300 1
1012 281 1
1006 267 1
1001 254 1
994 244 1
986 234 1
974 226 1
960 218 1
948 211 1
933 205 1
917 201 1
898 199 1
879 199 1
861 201 1
842 205 1
823 210 1
800 217 1
776 228 1
751 240 1
721 257 1
692 275 1
662 297 1
632 321 1
603 350 1
575 377 1
549 405 1
525 431 1
501 457 1
479 482 1
458 506 1
436 531 1
413 560 1
390 589 1
368 616 1
350 641 1
331 664 1
317 686 1
302 708 1
288 730 1
274 752 1
259 777 1
246 802 1
231 829 1
217 856 1
205 884 1
192 913 1
180 944 1
167 973 1
155 1005 1
142 1033 1
131 1061 1
118 1089 1
109 1117 1
101 1144 1
95 1170 1
90 1195 1
86 1220 1
85 1244 1
85 1263 1
88 1281 1
92 1296 1
99 1310 1
111 1324 1
126 1336 1
147 1350 1
173 1361 1
208 1371 1
248 1378 1
291 1382 1
333 1380 1
372 1378 1
410 1372 1
443 1366 1
474 1356 1
503 1344 1
532 1329 1
558 1316 1
584 1298 1
611 1280 1
635 1260 1
662 1230 1
689 1196 1
720 1155 1
750 1114 1
779 1074 1
808 1037 1
836 1002 1
861 970 1
885 938 1
906 907 1
924 876 1
940 847 1
954 817 1
968 787 1
979 758 1
989 727 1
998 690 1
1004 649 1
1012 606 1
1017 560 1
1024 513 1
1029 469 1
1032 433 1
1034 403 1
1035 378 1
1033 358 1
1032 343 1
1029 331 1
1025 321 1
1020 312 1
1013 303 1
1006 293 1
997 284 1
985 273 1
972 263 1
958 253 1
945 246 1
933 240 1
920 234 1
906 230 1
889 228 1
869 226 1
849 227 1
824 230 1
800 236 1
776 246 1
751 257 1
728 272 1
703 293 1
678 315 1
652 341 1
626 369 1
599 396 1
575 424 1
553 450 1
533 473 1
515 495 1
498 514 1
480 536 1
462 559 1
442 584 1
420 611 1
396 638 1
373 667 1
351 695 1
331 724 1
312 753 1
294 781 1
276 808 1
260 834 1
245 862 1
230 892 1
217 921 1
207 948 1
199 973 1
191 999 1
182 1026 1
172 1052 1
165 1078 1
157 1101 1
154 1122 1
150 1141 1
148 1159 1
147 1178 1
147 1196 1
147 1216 1
148 1235 1
149 1251 1
151 1265 1
154 1277 1
158 1288 1
164 1301 1
174 1314 1
185 1327 1
199 1340 1
214 1351 1
237 1363 1
260 1373 1
288 1379 1
317 1383 1
348 1384 1
379 1380 1
410 1374 1
441 1367 1
471 1358 1
501 1345 1
530 1331 1
558 1314 1
584 1297 1
611 1276 1
636 1257 1
661 1236 1
686 1214 1
710 1191 1
733 1168 1
754 1143 1
772 1120 1
789 1098 1
804 1076 1
819 1053 1
833 1028 1
847 999 1
861 970 1
873 942 1
886 914 1
900 886 1
912 859 1
923 829 1
935 800 1
945 774 1
953 750 1
959 729 1
965 710 1
970 689 1
976 664 1
981 635 1
985 601 1
988 571 1
990 542 1
991 513 1
991 483 1
989 444 1
987 404 1
986 367 1
983 338 1
979 317 1
976 304 1
972 294 1
966 286 1
960 278 1
953 269 1
944 263 1
935 256 1
926 251 1
915 245 1
904 242 1
894 239 1
883 237 1
874 238 1
858 238 1
842 240 1
820 246 1
798 254 1
774 264 1
749 277 1
727 290 1
703 308 1
680 326 1
656 346 1
633 369 1
610 392 1
588 414 1
565 439 1
546 461 1
526 481 1
506 502 1
487 526 1
466 550 1
442 579 1
416 608 1
391 637 1
368 666 1
345 694 1
323 724 1
303 752 1
283 782 1
265 811 1
247 838 1
231 865 1
218 891 1
206 918 1
195 945 1
183 975 1
169 1006 1
155 1037 1
141 1067 1
128 1097 1
119 1125 1
110 1153 1
105 1181 1
101 1208 1
97 1234 1
96 1257 1
96 1279 1
97 1298 1
101 1315 1
107 1332 1
114 1346 1
129 1366 1
149 1386 1
176 1403 1
208 1417 1
244 1427 1
281 1434 1
319 1437 1
356 1436 1
391 1432 1
424 1424 1
458 1411 1
488 1397 1
518 1382 1
547 1365 1
576 1347 1
603 1326 1
629 1308 1
654 1288 1
679 1267 1
704 1249 1
729 1226 1
751 1204 1
774 1180 1
797 1155 1
817 1129 1
836 1105 1
856 1079 1
873 1053 1
890 1027 1
904 998 1
915 967 1
925 938 1
934 909 1
942 881 1
949 855 1
957 829 1
964 800 1
970 769 1
976 736 1
982 704 1
984 674 1
987 648 1
988 622 1
990 595 1
991 567 1
991 537 1
989 510 1
988 484 1
986 459 1
985 434 1
983 406 1
980 379 1
978 357 1
975 334 1
973 317 1
971 303 1
968 288 1
965 277 1
963 266 1
960 256 1
955 247 1
950 240 1
945 232 1
937 226 1
930 220 1
920 216 1
912 213 1
902 212 1
889 212 1
873 213 1
852 218 1
829 225 1
805 235 1
779 248 1
752 264 1
726 284 1
700 306 1
672 330 1
643 358 1
615 385 1
588 414 1
561 445 1
536 475 1
514 503 1
494 532 1
475 560 1
458 586 1
440 611 1
421 638 1
400 667 1
378 698 1
356 732 1
336 764 1
317 793 1
301 820 1
284 847 1
269 871 1
254 896 1
241 922 1
228 949 1
218 973 1
210 995 1
204 1019 1
197 1042 1
190 1069 1
183 1096 1
176 1124 1
169 1152 1
164 1179 1
160 1207 1
157 1234 1
155 1255 1
155 1274 1
155 1290 1
157 1304 1
161 1317 1
169 1329 1
180 1341 1
194 1353 1
213 1366 1
233 1377 1
258 1385 1
289 1390 1
321 1391 1
358 1386 1
394 1379 1
429 1370 1
463 1358 1
496 1345 1
527 1329 1
557 1313 1
589 1295 1
619 1274 1
647 1255 1
673 1233 1
698 1211 1
723 1188 1
750 1159 1
774 1131 1
797 1103 1
819 1075 1
842 1048 1
861 1017 1
879 987 1
898 955 1
915 925 1
930 895 1
942 868 1
953 841 1
963 813 1
972 784 1
980 755 1
986 724 1
990 696 1
994 668 1
997 638 1
1001 604 1
1004 563 1
1008 521 1
1011 480 1
1013 444 1
1013 413 1
1013 390 1
1013 367 1
1011 348 1
1009 330 1
1008 313 1
1006 301 1
1004 288 1
1000 278 1
996 268 1
991 258 1
984 250 1
977 241 1
970 234 1
960 228 1
948 222 1
935 217 1
921 213 1
906 212 1
888 213 1
870 216 1
850 223 1
829 232 1
805 244 1
781 259 1
757 278 1
731 299 1
702 324 1
673 351 1
643 380 1
612 409 1
585 437 1
559 465 1
536 491 1
515 516 1
495 541 1
479 563 1
462 586 1
447 609 1
430 631 1
414 654 1
398 679 1
381 705 1
366 732 1
350 759 1
333 786 1
317 813 1
302 839 1
287 864 1
270 890 1
255 915 1
240 941 1
228 963 1
218 986 1
208 1008 1
198 1031 1
190 1052 1
181 1071 1
174 1091 1
167 1108 1
163 1125 1
158 1140 1
157 1155 1
155 1171 1
156 1183 1
156 1195 1
158 1205 1
162 1216 1
166 1227 1
172 1240 1
180 1252 1
188 1264 1
199 1276 1
212 1287 1
225 1300 1
243 1312 1
262 1324 1
286 1334 1
311 1343 1
336 1350 1
361 1354 1
387 1358 1
412 1359 1
437 1359 1
464 1356 1
492 1348 1
518 1338 1
545 1328 1
572 1316 1
600 1300 1
624 1284 1
649 1266 1
671 1246 1
694 1224 1
716 1201 1
738 1174 1
759 1147 1
780 1116 1
800 1084 1
818 1053 1
835 1022 1
852 990 1
869 952 1
887 912 1
905 870 1
921 828 1
937 785 1
951 743 1
965 698 1
981 649 1
997 595 1
1012 539 1
1023 489 1
1032 441 1
1040 399 1
1043 369 1
1045 346 1
1045 332 1
1043 323 1
1042 318 1
1042 316 1
1040 314 1
1040 312 1
1037 310 1
1036 306 1
1032 302 1
1027 297 1
1020 292 1
1011 284 1
998 278 1
983 270 1
965 264 1
946 257 1
923 254 1
900 252 1
880 252 1
858 255 1
835 259 1
810 267 1
785 276 1
758 291 1
731 309 1
705 330 1
675 357 1
645 387 1
614 418 1
582 451 1
553 483 1
526 513 1
501 543 1
478 572 1
456 603 1
434 634 1
412 666 1
388 699 1
366 736 1
345 772 1
324 807 1
306 842 1
288 875 1
271 907 1
257 938 1
243 967 1
232 994 1
223 1019 1
215 1043 1
207 1068 1
198 1092 1
192 1117 1
187 1141 1
183 1163 1
182 1186 1
180 1207 1
181 1226 1
181 1247 1
183 1265 1
187 1283 1
191 1301 1
197 1317 1
204 1329 1
213 1342 1
225 1352 1
240 1362 1
258 1371 1
283 1376 1
310 1380 1
342 1378 1
375 1373 1
409 1366 1
442 1353 1
474 1338 1
504 1319 1
533 1298 1
565 1275 1
596 1250 1
626 1224 1
658 1199 1
688 1172 1
718 1146 1
746 1118 1
773 1090 1
798 1062 1
820 1035 1
841 1009 1
858 983 1
874 956 1
889 931 1
906 900 1
921 870 1
937 836 1
951 801 1
963 769 1
972 735 1
979 706 1
984 678 1
988 651 1
992 625 1
994 598 1
997 572 1
998 551 1
999 531 1
999 513 1
999 496 1
999 476 1
999 455 1
1000 433 1
1000 411 1
1001 390 1
1003 371 1
1002 353 1
1000 337 1
999 325 1
997 314 1
994 305 1
989 296 1
983 289 1
976 282 1
967 276 1
957 271 1
944 264 1
930 260 1
914 255 1
896 255 1
877 255 1
859 256 1
838 259 1
819 265 1
796 275 1
774 286 1
753 301 1
726 320 1
699 343 1
672 367 1
644 392 1
617 416 1
590 444 1
565 472 1
539 498 1
517 524 1
496 551 1
479 575 1
460 600 1
441 625 1
420 652 1
401 678 1
381 706 1
360 736 1
340 764 1
319 796 1
300 827 1
282 856 1
265 885 1
250 913 1
238 940 1
226 965 1
216 991 1
208 1015 1
200 1038 1
193 1061 1
187 1084 1
181 1105 1
176 1125 1
172 1148 1
171 1168 1
171 1190 1
171 1211 1
173 1230 1
175 1248 1
180 1262 1
184 1276 1
188 1290 1
197 1306 1
207 1320 1
221 1334 1
237 1346 1
255 1357 1
278 1365 1
301 1371 1
326 1374 1
351 1375 1
376 1373 1
400 1368 1
425 1361 1
448 1350 1
471 1338 1
491 1326 1
511 1312 1
532 1298 1
554 1282 1
577 1265 1
597 1248 1
619 1229 1
640 1209 1
663 1187 1
685 1164 1
706 1140 1
726 1119 1
742 1099 1
757 1080 1
771 1061 1
785 1043 1
798 1024 1
810 1005 1
822 985 1
834 963 1
847 941 1
859 915 1
873 887 1
885 861 1
896 833 1
906 804 1
914 778 1
921 752 1
930 725 1
937 693 1
947 661 1
953 629 1
958 600 1
961 572 1
963 546 1
965 519 1
965 490 1
963 463 1
961 436 1
957 409 1
953 384 1
947 362 1
941 342 1
934 326 1
926 312 1
916 300 1
906 291 1
895 284 1
885 278 1
874 273 1
861 270 1
849 269 1
834 269 1
818 270 1
798 275 1
776 282 1
754 293 1
728 308 1
700 326 1
672 348 1
645 372 1
618 397 1
596 420 1
573 443 1
551 466 1
530 490 1
509 514 1
490 538 1
470 564 1
448 592 1
422 626 1
395 662 1
369 701 1
342 740 1
317 779 1
292 817 1
269 856 1
248 896 1
229 935 1
213 975 1
201 1015 1
189 1054 1
180 1088 1
170 1122 1
163 1153 1
159 1180 1
156 1207 1
157 1231 1
157 1253 1
159 1274 1
163 1292 1
168 1310 1
174 1328 1
179 1346 1
186 1362 1
196 1379 1
204 1393 1
216 1405 1
228 1414 1
243 1423 1
260 1428 1
279 1431 1
302 1432 1
325 1428 1
349 1421 1
375 1409 1
402 1396 1
430 1384 1
456 1369 1
484 1351 1
511 1331 1
539 1308 1
568 1284 1
597 1257 1
623 1233 1
649 1209 1
674 1184 1
700 1156 1
725 1123 1
748 1090 1
772 1054 1
796 1018 1
818 982 1
837 946 1
856 908 1
872 873 1
887 836 1
901 800 1
913 762 1
925 724 1
934 687 1
944 650 1
952 615 1
959 581 1
966 546 1
970 514 1
974 482 1
975 452 1
976 426 1
978 401 1
979 381 1
979 359 1
979 339 1
978 321 1
976 306 1
974 293 1
967 283 1
960 273 1
951 267 1
942 261 1
932 257 1
916 253 1
900 250 1
880 250 1
857 253 1
833 257 1
805 267 1
776 277 1
747 293 1
719 312 1
690 335 1
660 360 1
630 386 1
603 414 1
574 443 1
545 474 1
515 506 1
488 538 1
459 573 1
430 609 1
400 644 1
371 680 1
343 717 1
316 755 1
292 791 1
268 827 1
245 861 1
225 895 1
211 927 1
199 959 1
188 990 1
176 1020 1
165 1048 1
156 1076 1
147 1101 1
140 1126 1
135 1151 1
131 1177 1
129 1201 1
128 1228 1
129 1251 1
131 1272 1
134 1290 1
138 1307 1
145 1320 1
155 1333 1
168 1348 1
186 1362 1
207 1377 1
233 1390 1
258 1401 1
282 1406 1
308 1409 1
335 1409 1
365 1402 1
397 1395 1
429 1385 1
458 1374 1
485 1360 1
509 1344 1
535 1327 1
562 1306 1
591 1284 1
619 1262 1
648 1238 1
678 1212 1
705 1184 1
733 1155 1
759 1123 1
785 1092 1
811 1060 1
834 1029 1
857 998 1
879 965 1
898 930 1
917 893 1
935 853 1
950 812 1
966 769 1
978 727 1
989 686 1
997 650 1
1002 610 1
1008 573 1
1011 537 1
1013 502 1
1014 471 1
1014 441 1
1011 413 1
1007 389 1
1002 365 1
997 344 1
991 327 1
985 314 1
980 304 1
973 295 1
966 287 1
957 280 1
948 273 1
938 269 1
926 264 1
912 259 1
895 257 1
878 257 1
860 257 1
838 259 1
816 263 1
791 271 1
764 282 1
736 296 1
707 315 1
677 337 1
649 361 1
617 392 1
587 423 1
560 454 1
533 486 1
508 515 1
482 549 1
458 582 1
433 617 1
405 653 1
378 692 1
349 731 1
322 772 1
298 809 1
273 847 1
252 884 1
230 923 1
213 959 1
201 991 1
188 1023 1
176 1053 1
165 1080 1
155 1106 1
148 1131 1
143 1157 1
141 1181 1
139 1208 1
139 1235 1
139 1259 1
142 1283 1
146 1303 1
150 1320 1
156 1337 1
165 1354 1
177 1372 1
189 1388 1
208 1402 1
229 1416 1
256 1424 1
286 1431 1
319 1434 1
354 1434 1
391 1429 1
423 1419 1
452 1408 1
477 1396 1
502 1384 1
526 1371 1
551 1355 1
578 1338 1
607 1319 1
640 1295 1
672 1271 1
702 1246 1
731 1220 1
760 1194 1
788 1164 1
815 1135 1
840 1108 1
862 1081 1
883 1055 1
903 1026 1
923 996 1
939 964 1
955 931 1
968 898 1
980 865 1
990 833 1
996 803 1
1001 773 1
1004 744 1
1004 714 1
1006 682 1
1007 648 1
1007 613 1
1005 576 1
1004 539 1
1002 505 1
1000 478 1
997 452 1
995 427 1
992 405 1
988 383 1
986 360 1
983 337 1
980 319 1
976 307 1
973 297 1
969 287 1
964 279 1
957 271 1
950 263 1
943 256 1
937 251 1
929 246 1
920 242 1
908 239 1
895 238 1
878 238 1
856 242 1
830 248 1
803 258 1
772 275 1
742 294 1
710 317 1
677 344 1
644 374 1
610 409 1
577 444 1
545 477 1
515 512 1
488 548 1
460 584 1
433 619 1
408 652 1
385 684 1
361 719 1
338 754 1
308 798 1
282 838 1
258 877 1
235 917 1
217 954 1
200 992 1
185 1028 1
171 1063 1
158 1096 1
148 1123 1
142 1148 1
137 1172 1
137 1196 1
137 1220 1
138 1241 1
143 1261 1
149 1279 1
157 1298 1
169 1319 1
181 1336 1
200 1355 1
220 1373 1
242 1388 1
263 1400 1
284 1410 1
305 1414 1
326 1416 1
348 1414 1
373 1408 1
398 1398 1
425 1387 1
452 1373 1
477 1356 1
500 1339 1
522 1319 1
544 1297 1
567 1276 1
590 1254 1
613 1232 1
633 1210 1
656 1187 1
677 1161 1
700 1134 1
724 1105 1
749 1074 1
773 1040 1
795 1006 1
816 974 1
835 941 1
855 905 1
873 866 1
891 826 1
909 784 1
923 744 1
936 703 1
945 663 1
953 625 1
961 591 1
967 558 1
972 527 1
975 499 1
978 473 1
979 447 1
979 422 1
977 398 1
975 377 1
971 357 1
966 340 1
960 326 1
953 315 1
945 307 1
935 299 1
926 293 1
912 286 1
896 280 1
880 276 1
864 273 1
846 272 1
827 275 1
806 279 1
784 287 1
760 298 1
734 312 1
708 328 1
680 349 1
651 374 1
621 402 1
592 431 1
564 459 1
535 488 1
509 516 1
482 546 1
457 578 1
429 611 1
403 644 1
378 675 1
356 706 1
336 739 1
316 773 1
296 808 1
275 844 1
255 883 1
235 924 1
219 963 1
204 1001 1
192 1038 1
180 1071 1
169 1102 1
160 1130 1
153 1156 1
149 1179 1
148 1202 1
148 1223 1
149 1242 1
153 1261 1
157 1277 1
167 1297 1
179 1315 1
194 1333 1
212 1350 1
230 1364 1
250 1376 1
270 1386 1
290 1392 1
313 1394 1
336 1395 1
362 1392 1
388 1388 1
414 1383 1
439 1375 1
464 1368 1
487 1358 1
510 1345 1
533 1331 1
557 1313 1
583 1294 1
609 1273 1
635 1252 1
662 1231 1
686 1208 1
712 1183 1
739 1155 1
764 1126 1
789 1094 1
815 1061 1
840 1026 1
861 989 1
881 946 1
898 904 1
911 866 1
921 830 1
930 797 1
937 762 1
946 728 1
952 688 1
959 650 1
966 615 1
971 580 1
977 550 1
983 520 1
988 492 1
990 465 1
992 441 1
994 418 1
995 394 1
996 368 1
996 342 1
994 318 1
991 298 1
987 282 1
981 267 1
974 255 1
967 245 1
958 237 1
949 230 1
939 226 1
928 221 1
916 221 1
901 221 1
883 222 1
856 229 1
827 239 1
796 253 1
763 271 1
729 294 1
693 323 1
658 353 1
626 385 1
593 419 1
564 450 1
540 478 1
516 507 1
495 535 1
473 567 1
452 596 1
431 623 1
411 649 1
394 675 1
374 703 1
355 732 1
335 762 1
317 794 1
299 824 1
281 856 1
263 886 1
246 918 1
231 949 1
219 980 1
211 1008 1
202 1035 1
194 1059 1
186 1084 1
181 1107 1
175 1129 1
172 1154 1
168 1178 1
167 1203 1
165 1227 1
165 1248 1
166 1268 1
166 1287 1
168 1303 1
171 1317 1
175 1329 1
179 1340 1
185 1349 1
191 1360 1
200 1371 1
210 1382 1
222 1392 1
236 1401 1
254 1409 1
272 1416 1
293 1421 1
316 1425 1
338 1426 1
362 1426 1
385 1422 1
412 1415 1
437 1406 1
460 1395 1
482 1386 1
503 1376 1
523 1365 1
544 1351 1
566 1336 1
588 1319 1
610 1304 1
629 1289 1
649 1272 1
667 1257 1
683 1243 1
700 1227 1
717 1209 1
735 1191 1
752 1172 1
771 1150 1
789 1125 1
808 1096 1
825 1066 1
843 1034 1
860 997 1
876 959 1
893 922 1
908 881 1
922 841 1
934 800 1
944 760 1
953 722 1
960 686 1
967 650 1
973 613 1
979 575 1
983 539 1
985 505 1
988 474 1
989 445 1
990 416 1
990 386 1
991 359 1
991 332 1
991 310 1
989 290 1
988 273 1
984 260 1
981 250 1
976 242 1
970 234 1
962 226 1
947 219 1
926 213 1
902 212 1
874 214 1
843 219 1
811 231 1
778 246 1
745 266 1
710 290 1
674 320 1
635 356 1
597 396 1
560 439 1
525 483 1
495 526 1
469 566 1
444 604 1
422 640 1
396 681 1
373 723 1
348 768 1
324 813 1
301 857 1
281 903 1
261 947 1
242 989 1
226 1028 1
213 1063 1
201 1096 1
190 1128 1
183 1157 1
177 1181 1
173 1201 1
172 1214 1
170 1228 1
170 1240 1
171 1250 1
173 1258 1
176 1268 1
181 1278 1
190 1292 1
201 1306 1
213 1321 1
230 1335 1
247 1349 1
269 1360 1
291 1371 1
314 1379 1
339 1382 1
366 1384 1
394 1381 1
423 1376 1
451 1371 1
477 1361 1
501 1349 1
525 1333 1
549 1317 1
574 1297 1
599 1277 1
623 1259 1
645 1241 1
665 1222 1
684 1203 1
704 1183 1
722 1161 1
742 1140 1
761 1113 1
783 1085 1
805 1052 1
826 1015 1
846 975 1
861 935 1
873 898 1
884 862 1
894 826 1
904 791 1
914 753 1
922 712 1
932 670 1
942 629 1
950 590 1
957 555 1
961 522 1
965 489 1
968 454 1
970 421 1
971 391 1
973 367 1
972 347 1
969 330 1
967 315 1
963 302 1
959 292 1
955 285 1
951 278 1
946 272 1
940 267 1
933 263 1
925 259 1
914 256 1
901 253 1
886 253 1
866 254 1
841 258 1
806 269 1
772 282 1
737 303 1
701 328 1
665 359 1
628 396 1
595 432 1
564 466 1
532 505 1
504 542 1
477 582 1
449 621 1
423 661 1
399 699 1
376 738 1
351 777 1
328 817 1
305 856 1
285 893 1
266 928 1
249 961 1
234 994 1
220 1025 1
209 1056 1
200 1084 1
193 1111 1
188 1136 1
186 1159 1
187 1179 1
187 1196 1
190 1211 1
192 1225 1
197 1239 1
202 1252 1
209 1265 1
219 1280 1
232 1296 1
248 1311 1
266 1326 1
285 1338 1
304 1348 1
326 1355 1
348 1361 1
371 1363 1
396 1364 1
423 1364 1
450 1361 1
475 1357 1
498 1349 1
521 1340 1
544 1329 1
568 1315 1
591 1303 1
615 1287 1
638 1271 1
660 1254 1
680 1237 1
699 1218 1
719 1197 1
740 1173 1
760 1145 1
780 1114 1
802 1079 1
829 1034 1
847 1005 1
837 1022 0
