574 982 1
574 982 1
574 982 1
574 982 1
574 982 1
574 982 1
574 982 1
572 980 1
572 980 1
569 979 1
567 980 1
562 977 1
556 974 1
552 971 1
548 968 1
546 964 1
542 962 1
540 958 1
539 955 1
537 950 1
538 945 1
539 939 1
542 934 1
548 927 1
554 922 1
561 917 1
568 916 1
575 914 1
582 915 1
588 916 1
593 919 1
600 925 1
607 934 1
612 946 1
618 960 1
621 972 1
622 983 1
621 992 1
619 1002 1
614 1013 1
609 1023 1
595 1041 1
586 1048 1
576 1055 1
565 1059 1
555 1063 1
543 1064 1
529 1066 1
513 1063 1
498 1059 1
485 1053 1
473 1047 1
464 1040 1
455 1030 1
446 1019 1
439 1004 1
433 985 1
429 964 1
428 925 1
431 906 1
438 885 1
448 868 1
460 851 1
474 833 1
489 816 1
504 802 1
517 791 1
529 782 1
542 775 1
555 770 1
569 767 1
585 767 1
602 768 1
619 770 1
638 777 1
656 784 1
673 794 1
689 804 1
703 815 1
714 828 1
724 840 1
730 854 1
737 869 1
743 884 1
747 901 1
750 918 1
754 937 1
754 959 1
755 980 1
752 1001 1
748 1021 1
744 1040 1
739 1056 1
733 1072 1
725 1088 1
715 1105 1
703 1122 1
691 1136 1
677 1152 1
660 1167 1
643 1183 1
625 1196 1
604 1208 1
584 1219 1
563 1229 1
542 1236 1
520 1242 1
499 1245 1
477 1247 1
455 1245 1
433 1241 1
415 1236 1
391 1225 1
366 1212 1
345 1195 1
320 1173 1
299 1150 1
285 1129 1
271 1106 1
261 1083 1
252 1060 1
246 1035 1
242 1008 1
240 980 1
240 954 1
242 927 1
246 900 1
254 872 1
265 843 1
278 813 1
295 783 1
311 758 1
326 738 1
341 721 1
355 705 1
371 691 1
389 678 1
410 665 1
432 652 1
454 642 1
475 634 1
496 629 1
520 625 1
544 622 1
567 621 1
592 623 1
616 626 1
639 631 1
662 638 1
684 645 1
704 654 1
720 662 1
737 672 1
754 682 1
769 693 1
786 706 1
801 721 1
814 735 1
830 753 1
844 771 1
854 787 1
864 804 1
872 821 1
879 837 1
888 857 1
894 878 1
899 899 1
903 922 1
906 946 1
908 969 1
909 991 1
907 1013 1
906 1034 1
904 1054 1
901 1074 1
897 1092 1
893 1112 1
888 1131 1
880 1152 1
871 1171 1
862 1188 1
850 1208 1
836 1228 1
819 1251 1
800 1274 1
780 1297 1
762 1318 1
743 1337 1
728 1352 1
712 1366 1
699 1377 1
686 1387 1
675 1395 1
663 1402 1
651 1408 1
639 1412 1
626 1417 1
613 1421 1
598 1425 1
583 1429 1
564 1434 1
546 1439 1
528 1441 1
509 1445 1
491 1448 1
471 1449 1
451 1451 1
429 1452 1
407 1451 1
384 1449 1
361 1447 1
337 1442 1
316 1436 1
297 1428 1
278 1419 1
260 1406 1
242 1391 1
224 1375 1
205 1354 1
188 1333 1
173 1311 1
157 1285 1
143 1257 1
131 1228 1
120 1199 1
112 1171 1
105 1142 1
101 1113 1
98 1082 1
96 1050 1
97 1018 1
96 994 1
94 971 1
96 955 1
97 935 1
100 917 1
103 900 1
106 880 1
110 863 1
116 841 1
123 820 1
133 795 1
143 772 1
155 748 1
166 726 1
177 704 1
190 684 1
204 663 1
221 641 1
239 619 1
257 597 1
277 574 1
299 553 1
320 534 1
341 517 1
359 503 1
376 493 1
391 484 1
405 477 1
421 470 1
438 464 1
458 457 1
481 452 1
505 446 1
530 443 1
557 440 1
583 439 1
607 440 1
630 441 1
650 445 1
668 449 1
686 453 1
702 459 1
716 463 1
729 468 1
743 474 1
755 481 1
771 489 1
787 498 1
804 509 1
822 522 1
840 534 1
856 547 1
873 560 1
886 572 1
899 586 1
910 598 1
919 609 1
927 621 1
935 634 1
942 647 1
949 661 1
956 676 1
963 692 1
968 708 1
975 726 1
980 744 1
984 761 1
988 781 1
993 799 1
995 817 1
998 835 1
999 855 1
1001 873 1
1003 893 1
1004 913 1
1006 933 1
1007 953 1
1008 972 1
1008 987 1
1009 1003 1
1009 1017 1
1009 1032 1
1008 1049 1
1006 1065 1
1006 1084 1
1004 1103 1
1003 1123 1
1002 1143 1
1000 1164 1
997 1183 1
994 1202 1
992 1220 1
988 1240 1
984 1258 1
977 1276 1
970 1294 1
963 1312 1
952 1331 1
942 1351 1
932 1369 1
921 1388 1
910 1406 1
896 1421 1
884 1437 1
870 1450 1
856 1464 1
842 1477 1
826 1490 1
811 1503 1
797 1514 1
783 1524 1
769 1534 1
757 1543 1
744 1552 1
731 1560 1
718 1568 1
705 1574 1
689 1582 1
672 1590 1
657 1596 1
638 1604 1
620 1610 1
603 1616 1
585 1620 1
568 1624 1
551 1627 1
534 1629 1
516 1631 1
499 1633 1
483 1634 1
466 1634 1
451 1635 1
434 1635 1
418 1636 1
401 1636 1
383 1636 1
367 1636 1
350 1634 1
333 1632 1
317 1629 1
301 1626 1
285 1621 1
270 1616 1
256 1611 1
241 1606 1
225 1598 1
210 1589 1
195 1580 1
179 1568 1
163 1556 1
143 1538 1
123 1521 1
106 1500 1
90 1480 1
75 1459 1
64 1433 1
51 1403 1
42 1374 1
46 1386 0
