59 1255 1
59 1254 1
59 1254 1
59 1254 1
59 1254 1
59 1254 1
59 1254 1
59 1252 1
62 1249 1
69 1242 1
79 1233 1
91 1220 1
108 1203 1
125 1187 1
144 1168 1
166 1146 1
189 1122 1
226 1082 1
237 1061 1
251 1039 1
263 1016 1
273 994 1
283 972 1
292 947 1
299 925 1
303 904 1
305 883 1
305 864 1
304 847 1
301 832 1
293 819 1
284 805 1
273 792 1
265 784 1
255 778 1
247 773 1
236 770 1
223 768 1
209 768 1
194 771 1
179 776 1
165 783 1
150 790 1
138 800 1
127 813 1
119 826 1
112 841 1
107 856 1
106 876 1
107 898 1
116 925 1
129 954 1
144 980 1
159 1003 1
174 1025 1
190 1044 1
209 1064 1
230 1082 1
252 1101 1
274 1119 1
294 1135 1
314 1151 1
332 1166 1
347 1180 1
360 1192 1
369 1201 1
376 1209 1
382 1217 1
385 1224 1
388 1231 1
390 1239 1
390 1249 1
387 1258 1
383 1267 1
377 1277 1
369 1288 1
358 1301 1
344 1313 1
329 1325 1
312 1335 1
293 1344 1
271 1349 1
249 1352 1
226 1354 1
203 1352 1
183 1350 1
163 1345 1
145 1339 1
131 1332 1
118 1327 1
109 1322 1
103 1318 1
98 1315 1
96 1313 1
93 1311 1
91 1309 1
90 1309 1
89 1308 1
89 1309 1
89 1308 1
87 1308 1
87 1307 1
85 1305 1
84 1304 1
83 1302 1
81 1300 1
80 1298 1
78 1296 1
77 1294 1
76 1293 1
76 1291 1
74 1289 1
74 1287 1
74 1286 1
73 1286 1
73 1285 1
73 1286 0
529 1228 1
529 1228 1
529 1228 1
529 1226 1
529 1226 1
529 1222 1
534 1213 1
540 1202 1
549 1187 1
560 1169 1
573 1149 1
586 1127 1
597 1106 1
609 1082 1
628 1041 1
633 1022 1
638 1000 1
642 979 1
643 954 1
643 932 1
637 912 1
629 895 1
619 881 1
609 871 1
598 864 1
588 859 1
578 856 1
569 854 1
554 855 1
543 857 1
530 861 1
518 867 1
508 874 1
498 881 1
490 889 1
483 896 1
477 905 1
473 913 1
471 921 1
469 932 1
470 945 1
473 961 1
478 976 1
485 991 1
498 1010 1
512 1028 1
526 1044 1
541 1060 1
557 1074 1
573 1089 1
588 1104 1
603 1116 1
616 1129 1
627 1138 1
638 1150 1
649 1161 1
658 1172 1
667 1184 1
672 1193 1
678 1201 1
682 1208 1
686 1215 1
690 1224 1
695 1235 1
697 1246 1
699 1257 1
699 1269 1
698 1280 1
696 1291 1
694 1303 1
690 1314 1
688 1324 1
682 1333 1
678 1340 1
673 1347 1
666 1354 1
659 1359 1
650 1365 1
641 1370 1
630 1376 1
619 1379 1
608 1381 1
598 1382 1
589 1383 1
580 1382 1
572 1380 1
564 1379 1
556 1375 1
547 1371 1
538 1363 1
529 1355 1
522 1347 1
517 1338 1
512 1329 1
510 1320 1
507 1309 1
504 1298 1
505 1286 1
505 1274 1
506 1265 1
508 1254 1
511 1243 1
514 1233 1
518 1222 1
520 1212 1
524 1203 1
528 1198 1
530 1192 1
533 1188 1
534 1184 1
534 1183 1
536 1181 1
536 1182 0
838 1242 1
838 1241 1
838 1241 1
838 1237 1
839 1235 1
843 1226 1
848 1213 1
855 1198 1
863 1180 1
873 1159 1
884 1135 1
895 1109 1
907 1079 1
920 1035 1
924 1009 1
924 986 1
922 964 1
920 943 1
908 925 1
897 911 1
885 898 1
870 889 1
855 883 1
840 881 1
826 881 1
809 882 1
793 888 1
779 896 1
767 905 1
758 912 1
753 919 1
746 932 1
743 944 1
743 959 1
745 977 1
747 996 1
760 1018 1
774 1040 1
789 1060 1
807 1079 1
824 1098 1
843 1115 1
863 1132 1
880 1146 1
897 1160 1
914 1176 1
927 1188 1
940 1199 1
953 1211 1
966 1223 1
978 1237 1
986 1250 1
993 1261 1
999 1271 1
1004 1280 1
1006 1287 1
1008 1294 1
1010 1302 1
1011 1308 1
1011 1316 1
1009 1325 1
1007 1332 1
1004 1340 1
998 1348 1
991 1357 1
983 1365 1
974 1373 1
965 1382 1
956 1388 1
945 1393 1
934 1399 1
923 1402 1
912 1405 1
902 1408 1
891 1408 1
880 1408 1
871 1405 1
861 1401 1
851 1397 1
842 1391 1
835 1385 1
829 1378 1
823 1371 1
819 1362 1
814 1349 1
811 1337 1
809 1322 1
808 1307 1
808 1290 1
810 1275 1
814 1257 1
820 1241 1
825 1226 1
832 1212 1
837 1201 1
841 1192 1
845 1185 1
847 1179 1
850 1175 1
853 1171 1
852 1173 0
