976 377 1
976 377 1
976 377 1
976 377 1
976 377 1
976 379 1
976 383 1
977 390 1
977 398 1
979 409 1
981 424 1
983 442 1
986 462 1
987 484 1
990 509 1
992 534 1
994 573 1
995 597 1
995 617 1
995 636 1
995 653 1
995 670 1
995 683 1
995 691 1
993 698 1
994 703 1
994 709 1
994 713 1
994 715 1
994 717 1
993 719 1
993 720 1
993 720 1
993 720 1
993 721 1
993 721 1
990 723 1
982 727 1
965 736 1
944 746 1
921 752 1
898 757 1
879 760 1
864 762 1
853 763 1
846 763 1
840 763 1
835 763 1
830 762 1
827 760 1
823 761 1
820 759 1
817 757 1
814 756 1
811 754 1
809 753 1
808 752 1
808 749 1
808 742 1
809 734 1
810 726 1
814 718 1
818 713 1
823 708 1
828 704 1
830 703 1
833 702 1
835 702 1
838 702 1
840 703 1
846 705 1
852 716 1
859 728 1
866 743 1
872 761 1
875 778 1
875 794 1
873 812 1
871 831 1
856 852 1
841 874 1
822 896 1
804 914 1
789 928 1
774 938 1
764 945 1
759 950 1
754 954 1
752 956 1
749 958 1
747 960 1
746 960 1
746 960 1
746 960 0
642 436 1
642 436 1
642 436 1
642 436 1
642 436 1
642 436 1
642 439 1
644 448 1
647 462 1
652 480 1
658 504 1
666 530 1
675 556 1
682 583 1
689 608 1
697 646 1
700 669 1
704 688 1
706 705 1
709 721 1
712 733 1
715 743 1
716 751 1
716 757 1
717 762 1
717 766 1
717 770 1
718 771 1
718 772 1
718 773 1
718 773 1
718 773 1
715 774 1
707 778 1
693 784 1
677 790 1
658 795 1
646 798 1
635 800 1
628 802 1
621 803 1
616 803 1
612 803 1
609 803 1
605 803 1
603 801 1
598 802 1
594 800 1
586 799 1
578 796 1
571 794 1
565 789 1
560 784 1
555 781 1
552 778 1
549 773 1
547 771 1
545 769 1
546 767 1
546 766 1
546 764 1
546 764 1
546 762 1
546 762 1
547 762 1
548 762 1
551 761 1
557 761 1
564 761 1
572 761 1
582 762 1
590 765 1
596 768 1
603 774 1
608 779 1
614 786 1
622 802 1
623 812 1
625 825 1
624 839 1
622 854 1
620 869 1
608 887 1
597 905 1
587 919 1
575 933 1
567 943 1
560 951 1
554 957 1
549 963 1
544 967 1
541 971 1
538 973 1
536 976 1
535 976 1
536 977 1
536 977 1
536 977 0
407 480 1
407 480 1
407 480 1
407 480 1
408 483 1
410 491 1
413 502 1
417 519 1
425 541 1
432 567 1
439 595 1
447 623 1
453 648 1
464 684 1
468 702 1
472 717 1
474 730 1
477 743 1
479 751 1
481 758 1
482 764 1
482 770 1
483 774 1
483 779 1
483 783 1
483 785 1
482 790 1
482 794 1
480 800 1
478 807 1
477 814 1
467 825 1
453 834 1
433 842 1
411 850 1
389 855 1
372 857 1
358 858 1
349 858 1
343 857 1
336 857 1
330 855 1
326 853 1
324 851 1
321 846 1
319 839 1
319 832 1
319 824 1
320 816 1
322 808 1
326 801 1
332 797 1
338 793 1
343 792 1
349 792 1
354 792 1
360 793 1
365 795 1
375 805 1
379 815 1
383 828 1
386 840 1
385 859 1
383 878 1
381 899 1
375 918 1
368 935 1
361 949 1
355 962 1
348 973 1
342 982 1
336 989 1
331 997 1
326 1003 1
324 1009 1
321 1011 1
320 1013 1
321 1012 0
224 529 1
224 529 1
224 529 1
224 538 1
226 551 1
228 571 1
232 592 1
237 617 1
244 640 1
252 663 1
258 686 1
268 719 1
272 738 1
275 747 1
278 755 1
278 760 1
279 765 1
279 768 1
279 772 1
279 775 1
276 781 1
263 789 1
247 797 1
226 807 1
200 815 1
176 822 1
156 826 1
138 830 1
125 831 1
117 831 1
111 831 1
106 830 1
103 830 1
101 830 1
99 829 1
99 827 1
98 827 1
96 827 1
97 825 1
97 823 1
98 817 1
99 810 1
101 801 1
103 791 1
108 785 1
112 780 1
116 775 1
120 771 1
122 769 1
128 766 1
133 764 1
140 765 1
148 765 1
155 766 1
163 768 1
176 777 1
183 787 1
191 801 1
198 817 1
201 834 1
203 854 1
204 877 1
202 902 1
196 930 1
183 957 1
165 986 1
146 1013 1
130 1035 1
116 1053 1
107 1064 1
102 1070 1
98 1074 1
94 1079 1
91 1082 1
90 1084 1
89 1086 1
89 1088 1
89 1088 0
