53 1281 1
53 1281 1
53 1281 1
53 1281 1
53 1281 1
53 1281 1
53 1277 1
53 1275 1
53 1265 1
56 1253 1
59 1234 1
62 1213 1
68 1190 1
77 1166 1
86 1142 1
99 1114 1
115 1063 1
125 1025 1
131 989 1
136 956 1
138 928 1
142 902 1
147 874 1
153 847 1
160 819 1
166 792 1
174 764 1
180 739 1
187 717 1
193 692 1
199 667 1
204 640 1
209 616 1
210 598 1
211 585 1
211 577 1
210 571 1
210 566 1
208 561 1
208 558 1
206 555 1
206 554 1
206 554 1
204 552 1
204 552 1
204 553 1
204 554 1
202 554 1
199 557 1
190 568 1
181 582 1
170 600 1
159 620 1
149 639 1
141 655 1
135 674 1
129 693 1
126 712 1
123 733 1
121 752 1
119 770 1
119 788 1
118 808 1
119 827 1
119 843 1
120 860 1
122 878 1
126 897 1
132 917 1
137 937 1
140 954 1
143 971 1
145 986 1
146 1001 1
146 1017 1
146 1030 1
146 1042 1
146 1056 1
146 1071 1
146 1083 1
146 1094 1
146 1104 1
147 1114 1
147 1123 1
148 1135 1
149 1155 1
151 1167 1
151 1177 1
152 1184 1
154 1191 1
154 1197 1
155 1201 1
155 1205 1
156 1206 1
156 1209 1
157 1210 1
157 1212 1
157 1212 1
158 1213 1
158 1213 1
158 1213 1
158 1213 1
159 1213 1
161 1213 1
164 1211 1
170 1207 1
179 1201 1
189 1191 1
203 1177 1
215 1162 1
228 1143 1
240 1125 1
250 1107 1
259 1088 1
267 1069 1
273 1053 1
278 1036 1
283 1019 1
286 999 1
289 977 1
291 955 1
293 933 1
293 911 1
292 889 1
290 865 1
289 843 1
289 818 1
287 794 1
286 774 1
284 756 1
283 738 1
283 720 1
283 705 1
283 689 1
284 674 1
284 659 1
285 646 1
286 634 1
287 625 1
288 616 1
290 608 1
291 600 1
293 593 1
294 588 1
294 583 1
294 581 1
293 580 1
293 578 1
293 578 1
293 578 1
293 578 1
293 578 1
293 578 1
291 580 1
287 588 1
282 601 1
275 619 1
268 640 1
263 663 1
258 688 1
253 710 1
252 733 1
250 754 1
251 773 1
250 793 1
250 813 1
250 833 1
251 854 1
251 875 1
252 897 1
253 918 1
254 938 1
255 957 1
256 977 1
256 996 1
258 1016 1
258 1036 1
259 1056 1
260 1076 1
260 1094 1
260 1111 1
261 1126 1
261 1138 1
261 1151 1
262 1162 1
262 1173 1
263 1180 1
265 1188 1
266 1193 1
266 1200 1
268 1204 1
269 1208 1
271 1213 1
272 1215 1
272 1217 1
274 1219 1
274 1220 1
275 1221 1
277 1222 1
278 1223 1
282 1221 1
286 1219 1
296 1209 1
308 1197 1
323 1180 1
337 1161 1
350 1140 1
360 1122 1
369 1103 1
376 1085 1
383 1067 1
387 1047 1
392 1026 1
396 1003 1
400 979 1
403 956 1
408 934 1
412 915 1
415 897 1
418 879 1
420 860 1
423 840 1
426 821 1
429 800 1
431 781 1
432 762 1
434 743 1
435 724 1
436 705 1
437 685 1
437 668 1
435 648 1
435 635 1
433 623 1
432 615 1
431 610 1
429 606 1
428 602 1
427 601 1
427 599 1
426 599 1
426 599 1
426 599 1
426 599 1
426 599 1
426 599 1
426 599 1
424 600 1
420 607 1
416 615 1
408 631 1
398 651 1
390 674 1
381 698 1
375 723 1
372 745 1
368 766 1
367 788 1
366 807 1
364 826 1
365 846 1
365 868 1
365 892 1
365 917 1
365 943 1
364 967 1
363 992 1
361 1017 1
361 1038 1
361 1058 1
359 1075 1
360 1093 1
360 1110 1
361 1122 1
363 1134 1
364 1145 1
365 1158 1
367 1169 1
369 1178 1
371 1185 1
372 1190 1
373 1194 1
375 1197 1
376 1199 1
376 1200 1
377 1201 1
378 1202 1
380 1203 1
383 1203 1
388 1203 1
395 1201 1
403 1197 1
412 1192 1
422 1185 1
434 1174 1
445 1163 1
456 1148 1
466 1133 1
475 1119 1
482 1103 1
489 1086 1
496 1065 1
503 1040 1
508 1010 1
514 976 1
518 942 1
522 913 1
525 887 1
526 864 1
528 843 1
530 820 1
531 798 1
531 777 1
529 754 1
529 734 1
527 715 1
526 697 1
526 681 1
524 667 1
525 656 1
526 643 1
526 633 1
526 625 1
526 618 1
525 614 1
525 611 1
525 609 1
524 609 1
524 609 1
524 608 1
524 608 1
524 608 1
523 609 1
520 615 1
516 624 1
510 636 1
505 653 1
498 673 1
492 693 1
489 714 1
485 734 1
484 754 1
482 772 1
480 792 1
479 811 1
478 830 1
476 853 1
477 876 1
478 899 1
478 920 1
478 940 1
478 960 1
477 978 1
475 998 1
475 1018 1
474 1039 1
475 1061 1
476 1082 1
479 1100 1
480 1115 1
481 1128 1
483 1139 1
483 1151 1
484 1163 1
485 1173 1
486 1182 1
487 1189 1
488 1193 1
488 1198 1
489 1200 1
489 1203 1
490 1205 1
491 1206 1
491 1207 1
492 1209 1
494 1210 1
497 1211 1
501 1211 1
507 1209 1
514 1207 1
524 1199 1
534 1192 1
546 1181 1
557 1170 1
568 1156 1
579 1139 1
590 1119 1
599 1095 1
609 1070 1
617 1042 1
625 1011 1
631 980 1
636 951 1
640 924 1
644 897 1
648 871 1
650 847 1
651 823 1
652 800 1
652 779 1
651 758 1
648 739 1
646 721 1
643 702 1
640 683 1
637 668 1
634 656 1
632 645 1
630 636 1
628 629 1
627 625 1
625 622 1
624 620 1
624 620 1
624 618 1
624 618 1
624 618 1
624 618 1
624 618 1
620 622 1
618 628 1
611 638 1
604 653 1
597 670 1
590 689 1
583 709 1
580 728 1
577 748 1
575 765 1
573 782 1
574 799 1
574 816 1
575 834 1
575 853 1
575 872 1
576 893 1
576 913 1
577 933 1
577 953 1
577 972 1
578 988 1
579 1007 1
580 1025 1
580 1039 1
581 1051 1
581 1063 1
581 1074 1
582 1087 1
582 1101 1
583 1116 1
581 1130 1
581 1146 1
581 1163 1
580 1179 1
580 1194 1
580 1206 1
580 1217 1
581 1226 1
582 1234 1
583 1239 1
584 1243 1
585 1247 1
586 1250 1
586 1251 1
587 1252 1
587 1254 1
587 1254 1
589 1254 1
593 1252 1
601 1246 1
613 1234 1
629 1215 1
648 1190 1
667 1160 1
688 1121 1
707 1083 1
723 1045 1
738 1007 1
750 971 1
761 934 1
770 898 1
777 863 1
784 832 1
788 804 1
789 780 1
791 757 1
792 736 1
792 712 1
793 688 1
794 668 1
795 650 1
793 635 1
793 626 1
791 619 1
790 614 1
788 610 1
787 609 1
787 608 1
787 608 1
787 607 1
787 607 1
784 609 1
781 615 1
776 625 1
770 641 1
762 660 1
756 682 1
750 706 1
745 730 1
741 757 1
739 780 1
736 803 1
736 825 1
736 847 1
736 868 1
736 887 1
736 906 1
736 923 1
736 938 1
736 952 1
736 964 1
736 976 1
736 988 1
736 1007 1
736 1025 1
736 1044 1
737 1066 1
737 1086 1
738 1104 1
739 1121 1
740 1136 1
742 1148 1
743 1159 1
743 1166 1
745 1173 1
746 1178 1
747 1181 1
747 1183 1
748 1184 1
749 1186 1
749 1187 1
749 1188 1
750 1188 1
751 1187 1
754 1185 1
760 1180 1
771 1169 1
785 1150 1
800 1127 1
816 1102 1
829 1076 1
841 1053 1
853 1030 1
866 998 1
879 967 1
889 934 1
899 903 1
909 873 1
915 844 1
922 813 1
928 784 1
933 756 1
939 730 1
942 705 1
947 680 1
949 655 1
952 634 1
952 620 1
951 612 1
949 606 1
948 603 1
946 601 1
945 600 1
945 600 1
941 604 1
934 613 1
926 625 1
916 639 1
907 659 1
897 680 1
888 699 1
880 721 1
873 743 1
868 764 1
863 783 1
861 804 1
858 823 1
855 843 1
853 865 1
850 886 1
849 908 1
847 931 1
845 953 1
844 974 1
843 994 1
841 1014 1
840 1031 1
840 1046 1
838 1060 1
839 1071 1
839 1081 1
840 1092 1
841 1101 1
842 1108 1
843 1114 1
845 1120 1
846 1123 1
847 1126 1
848 1127 1
849 1129 1
850 1131 1
852 1132 1
856 1133 1
863 1130 1
874 1123 1
886 1113 1
900 1100 1
913 1085 1
924 1070 1
933 1053 1
941 1035 1
948 1015 1
954 993 1
960 972 1
964 952 1
970 928 1
975 904 1
982 878 1
987 852 1
994 826 1
1000 802 1
1003 782 1
1006 764 1
1007 746 1
1009 729 1
1010 712 1
1011 698 1
1011 686 1
1009 675 1
1009 668 1
1009 660 1
1007 655 1
1005 650 1
1004 648 1
1004 646 1
1002 646 1
1003 644 1
1003 644 1
1003 644 1
1003 644 1
1003 644 1
1001 647 1
998 652 1
993 661 1
987 674 1
980 689 1
973 707 1
967 726 1
963 746 1
959 764 1
955 781 1
954 797 1
951 812 1
951 828 1
949 844 1
950 863 1
950 884 1
951 905 1
951 924 1
953 946 1
953 969 1
956 994 1
960 1021 1
967 1049 1
974 1076 1
982 1102 1
990 1122 1
997 1140 1
1002 1156 1
1007 1171 1
1011 1185 1
1015 1199 1
1021 1217 1
1028 1240 1
1033 1254 1
1030 1246 0
