614 307 1
614 307 1
614 307 1
614 307 1
614 307 1
614 307 1
614 307 1
614 307 1
614 307 1
614 307 1
614 307 1
614 307 1
614 307 1
612 307 1
612 307 1
609 308 1
602 311 1
593 316 1
583 322 1
572 329 1
562 336 1
552 342 1
543 347 1
534 353 1
525 358 1
518 364 1
511 369 1
505 373 1
500 378 1
496 382 1
491 388 1
485 395 1
481 401 1
476 406 1
472 412 1
467 418 1
462 425 1
456 433 1
448 448 1
440 462 1
434 476 1
428 492 1
423 507 1
418 524 1
414 539 1
412 552 1
407 570 1
403 587 1
399 602 1
395 615 1
392 625 1
390 635 1
387 647 1
383 661 1
378 675 1
375 688 1
372 700 1
367 714 1
363 730 1
358 748 1
354 763 1
350 776 1
346 786 1
342 799 1
333 818 1
326 835 1
321 848 1
316 861 1
313 872 1
307 885 1
299 907 1
294 921 1
288 934 1
284 945 1
279 958 1
273 973 1
266 997 1
264 1013 1
261 1030 1
261 1045 1
261 1058 1
261 1069 1
261 1081 1
261 1093 1
261 1104 1
262 1113 1
263 1122 1
264 1131 1
265 1139 1
267 1147 1
269 1156 1
272 1165 1
278 1174 1
284 1183 1
292 1193 1
301 1204 1
314 1221 1
323 1234 1
333 1250 1
342 1262 1
349 1274 1
356 1283 1
364 1294 1
371 1306 1
377 1317 1
381 1326 1
386 1333 1
387 1339 1
390 1345 1
393 1354 1
396 1361 1
399 1372 1
402 1381 1
407 1391 1
411 1399 1
416 1407 1
423 1414 1
429 1424 1
436 1433 1
442 1442 1
450 1452 1
459 1461 1
467 1468 1
475 1473 1
483 1478 1
491 1482 1
499 1484 1
506 1486 1
512 1487 1
519 1487 1
526 1485 1
533 1484 1
539 1481 1
548 1476 1
554 1473 1
561 1468 1
567 1463 1
572 1460 1
576 1457 1
581 1452 1
587 1447 1
593 1441 1
600 1432 1
607 1421 1
614 1412 1
621 1402 1
627 1392 1
633 1381 1
639 1369 1
645 1356 1
648 1343 1
652 1332 1
657 1323 1
659 1313 1
664 1302 1
666 1292 1
667 1284 1
669 1277 1
670 1271 1
670 1266 1
670 1261 1
670 1258 1
671 1253 1
672 1248 1
672 1241 1
674 1232 1
678 1219 1
681 1208 1
686 1193 1
690 1177 1
696 1161 1
703 1142 1
712 1125 1
720 1107 1
731 1089 1
742 1070 1
753 1052 1
762 1036 1
770 1022 1
777 1009 1
782 998 1
787 987 1
791 976 1
795 966 1
797 956 1
798 948 1
799 940 1
800 933 1
800 927 1
800 922 1
800 917 1
801 912 1
801 906 1
801 902 1
801 896 1
800 885 1
798 872 1
796 852 1
793 829 1
789 806 1
784 784 1
782 764 1
779 743 1
775 723 1
773 704 1
771 687 1
772 670 1
773 652 1
775 636 1
779 622 1
787 608 1
795 594 1
804 581 1
810 569 1
815 560 1
820 550 1
824 541 1
828 531 1
831 519 1
833 506 1
835 494 1
837 482 1
838 471 1
838 459 1
838 449 1
838 439 1
836 430 1
835 420 1
835 412 1
833 404 1
831 393 1
828 383 1
825 371 1
820 359 1
818 345 1
815 334 1
809 322 1
807 312 1
800 298 1
794 284 1
788 269 1
782 253 1
776 236 1
772 221 1
767 207 1
763 193 1
758 179 1
754 166 1
751 155 1
748 146 1
745 139 1
743 134 1
740 130 1
736 126 1
733 124 1
728 122 1
727 121 1
724 119 1
721 118 1
717 119 1
712 119 1
707 120 1
701 121 1
696 121 1
689 124 1
678 129 1
664 135 1
647 143 1
632 149 1
617 156 1
604 163 1
593 169 1
581 177 1
570 188 1
559 199 1
548 211 1
536 223 1
524 237 1
508 253 1
494 268 1
481 283 1
471 295 1
461 306 1
452 318 1
444 329 1
438 340 1
431 350 1
427 359 1
422 370 1
418 384 1
413 397 1
411 409 1
409 420 1
408 428 1
408 437 1
408 445 1
407 454 1
407 464 1
406 476 1
404 489 1
401 510 1
395 531 1
387 554 1
379 575 1
370 594 1
361 610 1
352 624 1
342 638 1
331 649 1
322 659 1
313 669 1
303 678 1
293 689 1
283 700 1
275 709 1
268 718 1
262 728 1
255 738 1
250 750 1
246 762 1
243 772 1
243 784 1
242 798 1
243 813 1
245 830 1
250 848 1
253 864 1
258 879 1
262 897 1
265 913 1
268 930 1
271 948 1
275 965 1
276 982 1
278 997 1
279 1011 1
277 1024 1
276 1037 1
273 1050 1
271 1061 1
268 1072 1
266 1081 1
263 1094 1
260 1108 1
259 1120 1
259 1132 1
258 1145 1
256 1157 1
254 1169 1
252 1183 1
250 1198 1
247 1215 1
244 1235 1
242 1256 1
240 1275 1
238 1293 1
236 1309 1
237 1324 1
237 1338 1
238 1352 1
240 1365 1
243 1377 1
246 1388 1
250 1397 1
256 1407 1
262 1416 1
269 1425 1
277 1435 1
286 1443 1
295 1452 1
304 1461 1
314 1467 1
325 1474 1
337 1479 1
351 1483 1
364 1488 1
378 1490 1
391 1492 1
406 1493 1
421 1492 1
435 1492 1
449 1489 1
466 1484 1
482 1481 1
498 1476 1
509 1470 1
522 1464 1
535 1457 1
548 1450 1
559 1444 1
568 1437 1
577 1430 1
586 1420 1
594 1410 1
602 1401 1
610 1393 1
617 1387 1
621 1383 1
626 1378 1
631 1373 1
635 1369 1
639 1363 1
642 1357 1
646 1348 1
651 1339 1
656 1328 1
662 1317 1
671 1300 1
679 1283 1
688 1266 1
697 1250 1
706 1234 1
716 1217 1
725 1200 1
734 1184 1
741 1167 1
748 1150 1
754 1132 1
761 1113 1
765 1095 1
769 1078 1
771 1064 1
774 1051 1
777 1039 1
780 1027 1
782 1017 1
785 1006 1
788 998 1
791 989 1
794 982 1
795 978 1
797 973 1
798 970 1
800 966 1
801 962 1
803 958 1
804 952 1
805 946 1
806 937 1
807 928 1
808 916 1
809 904 1
807 891 1
807 876 1
807 861 1
806 848 1
804 837 1
804 828 1
804 818 1
803 810 1
803 801 1
804 791 1
806 783 1
809 775 1
812 769 1
814 764 1
816 760 1
819 756 1
821 752 1
824 749 1
828 743 1
833 736 1
838 728 1
843 720 1
849 710 1
853 703 1
857 696 1
860 689 1
864 681 1
866 672 1
867 664 1
868 654 1
866 647 1
865 641 1
863 636 1
861 631 1
860 627 1
857 623 1
856 620 1
854 617 1
852 613 1
849 607 1
845 600 1
840 591 1
834 580 1
826 568 1
820 557 1
814 546 1
808 536 1
803 525 1
799 514 1
796 504 1
793 496 1
791 488 1
791 482 1
790 476 1
791 468 1
793 460 1
798 451 1
802 438 1
806 427 1
811 417 1
816 405 1
819 393 1
824 380 1
828 367 1
833 356 1
836 347 1
838 341 1
840 335 1
841 328 1
841 323 1
842 316 1
841 307 1
839 299 1
838 292 1
835 285 1
833 278 1
830 272 1
826 266 1
823 260 1
817 254 1
814 250 1
810 245 1
807 240 1
803 235 1
798 229 1
792 223 1
789 218 1
786 213 1
782 211 1
779 208 1
775 204 1
771 201 1
768 198 1
764 196 1
760 193 1
757 192 1
754 190 1
750 188 1
747 186 1
743 185 1
739 183 1
736 183 1
733 181 1
729 179 1
724 179 1
720 177 1
715 176 1
710 176 1
706 175 1
701 173 1
697 174 1
692 174 1
685 174 1
679 174 1
673 174 1
665 174 1
656 176 1
646 177 1
634 180 1
622 182 1
610 185 1
593 189 1
575 196 1
552 203 1
531 210 1
512 216 1
496 222 1
483 229 1
473 233 1
465 236 1
458 241 1
452 244 1
448 248 1
445 252 1
441 255 1
439 259 1
436 265 1
433 272 1
431 280 1
430 287 1
428 296 1
429 304 1
430 313 1
431 321 1
432 327 1
433 336 1
433 342 1
434 348 1
435 354 1
436 361 1
436 369 1
438 378 1
438 388 1
438 395 1
438 404 1
438 412 1
437 420 1
436 429 1
436 437 1
434 446 1
434 456 1
432 464 1
429 473 1
426 480 1
423 485 1
417 490 1
411 493 1
404 497 1
398 499 1
392 501 1
385 504 1
379 507 1
372 511 1
364 514 1
358 519 1
350 525 1
339 532 1
330 540 1
321 547 1
312 553 1
305 560 1
300 565 1
294 570 1
291 574 1
287 579 1
285 584 1
283 590 1
283 600 1
284 610 1
286 621 1
291 633 1
294 644 1
299 657 1
304 669 1
307 678 1
311 687 1
315 695 1
319 703 1
324 710 1
328 718 1
332 726 1
337 736 1
340 745 1
343 754 1
346 763 1
350 771 1
350 778 1
350 784 1
350 790 1
348 795 1
345 798 1
341 804 1
337 810 1
329 819 1
321 828 1
315 837 1
309 847 1
300 856 1
293 865 1
286 873 1
279 881 1
273 887 1
267 895 1
261 902 1
256 909 1
251 915 1
246 922 1
241 932 1
236 940 1
233 950 1
230 960 1
229 973 1
229 987 1
229 1007 1
229 1027 1
232 1049 1
237 1072 1
241 1092 1
246 1111 1
249 1123 1
254 1136 1
257 1145 1
260 1153 1
263 1161 1
267 1171 1
270 1180 1
274 1190 1
277 1200 1
281 1214 1
286 1226 1
288 1241 1
291 1253 1
295 1263 1
296 1270 1
298 1277 1
298 1281 1
298 1285 1
297 1287 1
295 1290 1
294 1292 1
291 1297 1
288 1303 1
283 1311 1
277 1323 1
269 1336 1
260 1352 1
252 1369 1
246 1384 1
241 1397 1
238 1407 1
238 1415 1
238 1422 1
238 1429 1
241 1437 1
245 1446 1
249 1453 1
256 1464 1
264 1474 1
272 1485 1
282 1495 1
292 1505 1
301 1514 1
312 1525 1
324 1535 1
336 1544 1
350 1553 1
363 1558 1
377 1563 1
391 1566 1
405 1568 1
421 1568 1
436 1565 1
453 1558 1
468 1551 1
483 1542 1
495 1533 1
504 1526 1
511 1521 1
519 1512 1
527 1503 1
535 1494 1
542 1486 1
549 1478 1
556 1470 1
565 1462 1
575 1456 1
588 1448 1
600 1437 1
612 1426 1
621 1416 1
632 1406 1
641 1398 1
650 1392 1
658 1385 1
666 1379 1
673 1373 1
679 1366 1
684 1358 1
692 1350 1
698 1342 1
705 1334 1
713 1326 1
722 1316 1
731 1306 1
741 1294 1
749 1280 1
759 1268 1
767 1257 1
776 1247 1
786 1238 1
796 1227 1
805 1217 1
812 1206 1
818 1197 1
824 1189 1
827 1183 1
831 1173 1
834 1160 1
837 1140 1
839 1116 1
838 1093 1
835 1072 1
830 1052 1
825 1034 1
819 1013 1
812 991 1
806 970 1
799 951 1
793 934 1
788 921 1
783 909 1
780 898 1
778 889 1
776 879 1
775 869 1
773 858 1
772 848 1
772 838 1
770 829 1
770 820 1
768 811 1
766 800 1
766 787 1
764 776 1
764 767 1
762 759 1
760 748 1
758 735 1
756 723 1
753 711 1
750 700 1
748 692 1
745 686 1
744 681 1
742 676 1
740 671 1
740 667 1
740 661 1
739 654 1
740 646 1
740 639 1
740 631 1
740 624 1
741 615 1
744 604 1
747 592 1
752 579 1
756 569 1
759 559 1
762 551 1
765 542 1
769 532 1
773 523 1
778 513 1
783 503 1
788 494 1
793 486 1
800 479 1
804 474 1
811 467 1
817 459 1
824 450 1
831 441 1
839 432 1
845 424 1
852 416 1
859 408 1
867 400 1
872 395 1
877 389 1
882 383 1
886 380 1
889 375 1
893 370 1
896 366 1
900 359 1
903 353 1
907 348 1
912 343 1
916 338 1
919 333 1
923 327 1
925 321 1
927 315 1
928 309 1
929 301 1
929 293 1
929 284 1
927 274 1
927 267 1
925 259 1
922 251 1
920 244 1
918 237 1
915 230 1
912 224 1
909 219 1
906 214 1
902 210 1
898 206 1
893 203 1
890 201 1
885 198 1
881 195 1
879 194 1
875 192 1
872 192 1
869 190 1
865 190 1
862 188 1
855 189 1
845 190 1
833 191 1
817 193 1
799 196 1
779 200 1
759 203 1
741 205 1
725 207 1
713 208 1
702 210 1
693 211 1
685 212 1
677 212 1
668 213 1
659 213 1
651 212 1
643 212 1
635 211 1
627 209 1
615 209 1
603 209 1
588 208 1
573 208 1
557 209 1
540 211 1
521 214 1
504 219 1
486 225 1
468 231 1
452 240 1
438 248 1
426 259 1
414 272 1
400 287 1
389 304 1
378 319 1
369 337 1
360 355 1
353 373 1
345 391 1
342 409 1
340 430 1
340 449 1
340 468 1
340 482 1
340 493 1
340 502 1
341 510 1
343 520 1
345 529 1
348 539 1
352 548 1
356 558 1
360 569 1
364 581 1
369 595 1
373 610 1
377 622 1
380 634 1
382 647 1
384 660 1
385 673 1
385 685 1
383 697 1
378 713 1
373 728 1
364 749 1
354 768 1
343 787 1
333 807 1
322 825 1
312 842 1
302 857 1
292 870 1
283 886 1
275 899 1
267 912 1
261 924 1
256 937 1
251 950 1
247 963 1
244 976 1
242 990 1
240 1004 1
238 1020 1
235 1035 1
233 1054 1
233 1074 1
233 1095 1
234 1113 1
236 1132 1
238 1152 1
241 1171 1
245 1188 1
249 1204 1
255 1222 1
261 1241 1
268 1258 1
278 1275 1
286 1290 1
294 1303 1
300 1315 1
306 1324 1
312 1332 1
316 1339 1
321 1346 1
328 1354 1
334 1363 1
343 1374 1
350 1384 1
358 1395 1
365 1405 1
372 1415 1
379 1427 1
384 1438 1
390 1451 1
393 1462 1
397 1473 1
400 1482 1
403 1490 1
405 1498 1
408 1504 1
410 1509 1
412 1514 1
415 1519 1
418 1525 1
424 1532 1
431 1539 1
439 1545 1
450 1550 1
462 1554 1
479 1559 1
500 1560 1
520 1558 1
539 1555 1
556 1549 1
570 1541 1
582 1532 1
596 1523 1
611 1511 1
628 1496 1
644 1480 1
657 1465 1
668 1450 1
678 1431 1
687 1413 1
693 1395 1
701 1378 1
707 1360 1
713 1341 1
717 1323 1
722 1306 1
724 1287 1
726 1270 1
728 1256 1
729 1242 1
730 1228 1
731 1213 1
733 1199 1
736 1186 1
739 1174 1
745 1160 1
751 1147 1
756 1134 1
763 1120 1
770 1108 1
776 1096 1
782 1084 1
788 1072 1
794 1061 1
801 1048 1
807 1037 1
812 1024 1
817 1010 1
822 995 1
829 980 1
834 963 1
838 946 1
843 926 1
848 907 1
851 888 1
853 869 1
855 849 1
855 832 1
855 815 1
854 802 1
852 790 1
850 782 1
849 776 1
847 771 1
846 767 1
844 763 1
841 758 1
838 751 1
833 742 1
827 733 1
821 719 1
815 705 1
806 688 1
799 672 1
792 656 1
787 642 1
783 629 1
781 620 1
779 609 1
779 598 1
779 586 1
780 575 1
782 564 1
785 555 1
787 546 1
791 538 1
795 530 1
799 521 1
804 510 1
810 501 1
813 491 1
817 484 1
822 474 1
828 463 1
837 446 1
844 430 1
853 414 1
861 400 1
870 384 1
875 372 1
880 359 1
884 349 1
889 339 1
891 329 1
894 320 1
897 312 1
898 307 1
899 301 1
899 297 1
899 294 1
898 291 1
898 288 1
897 286 1
897 283 1
895 279 1
892 274 1
887 268 1
882 262 1
876 255 1
867 246 1
858 237 1
848 227 1
837 216 1
827 208 1
817 202 1
808 196 1
799 193 1
787 188 1
777 185 1
767 183 1
758 182 1
749 182 1
740 182 1
731 182 1
722 182 1
715 183 1
706 184 1
697 185 1
683 189 1
668 192 1
654 196 1
639 200 1
624 204 1
610 207 1
595 211 1
580 215 1
566 218 1
551 223 1
536 228 1
520 232 1
506 237 1
492 243 1
480 247 1
469 252 1
458 257 1
448 263 1
441 268 1
434 272 1
428 278 1
422 284 1
415 294 1
406 305 1
396 318 1
387 332 1
378 346 1
372 361 1
367 377 1
364 390 1
361 402 1
361 410 1
361 417 1
361 421 1
361 424 1
361 427 1
362 432 1
362 437 1
363 445 1
365 455 1
366 465 1
367 475 1
368 487 1
369 499 1
369 513 1
369 528 1
368 545 1
368 562 1
368 577 1
368 592 1
368 606 1
367 618 1
365 629 1
365 641 1
363 654 1
362 668 1
362 682 1
360 693 1
358 704 1
356 714 1
353 727 1
346 740 1
338 756 1
330 770 1
322 785 1
310 799 1
297 812 1
283 825 1
272 838 1
262 848 1
251 863 1
240 878 1
232 893 1
226 907 1
221 917 1
216 928 1
213 939 1
210 951 1
206 963 1
204 976 1
201 989 1
199 1006 1
197 1024 1
195 1043 1
191 1081 1
192 1100 1
193 1121 1
195 1139 1
197 1157 1
200 1174 1
203 1189 1
206 1202 1
209 1215 1
212 1229 1
217 1243 1
223 1255 1
228 1267 1
234 1276 1
239 1287 1
247 1298 1
253 1311 1
262 1324 1
285 1350 1
309 1373 1
322 1385 1
332 1395 1
341 1402 1
348 1409 1
356 1414 1
363 1419 1
370 1423 1
378 1426 1
385 1429 1
394 1432 1
403 1435 1
412 1437 1
423 1440 1
435 1442 1
449 1443 1
466 1445 1
481 1445 1
495 1444 1
507 1444 1
517 1442 1
529 1440 1
541 1437 1
553 1433 1
565 1430 1
577 1424 1
590 1418 1
601 1412 1
613 1403 1
624 1394 1
636 1385 1
649 1376 1
661 1364 1
675 1350 1
688 1336 1
699 1322 1
708 1308 1
716 1289 1
723 1269 1
729 1248 1
733 1225 1
737 1205 1
739 1185 1
741 1167 1
748 1127 1
751 1102 1
754 1056 1
754 1041 1
753 1030 1
751 1022 1
750 1010 1
748 1000 1
748 988 1
748 979 1
748 969 1
749 961 1
751 952 1
752 943 1
754 935 1
755 925 1
757 917 1
758 909 1
761 902 1
763 894 1
767 884 1
776 863 1
781 854 1
785 846 1
790 839 1
795 831 1
799 823 1
804 815 1
809 807 1
813 799 1
818 791 1
821 785 1
826 779 1
830 772 1
834 766 1
838 759 1
842 750 1
847 740 1
854 725 1
862 709 1
869 694 1
874 678 1
878 660 1
880 643 1
879 626 1
877 610 1
875 596 1
875 584 1
875 574 1
875 567 1
878 559 1
881 552 1
884 546 1
889 539 1
894 533 1
900 526 1
906 520 1
913 513 1
920 504 1
926 496 1
932 490 1
935 486 1
938 481 1
941 475 1
944 467 1
947 458 1
951 439 1
952 431 1
952 423 1
952 415 1
951 406 1
949 395 1
945 381 1
940 365 1
933 349 1
927 332 1
918 315 1
910 301 1
895 278 1
889 270 1
882 263 1
878 257 1
873 251 1
867 245 1
859 237 1
850 226 1
837 215 1
825 205 1
813 197 1
804 191 1
795 185 1
784 179 1
770 173 1
755 166 1
741 161 1
727 157 1
713 152 1
699 150 1
685 150 1
672 150 1
662 151 1
641 159 1
629 166 1
616 176 1
600 189 1
585 204 1
571 221 1
555 237 1
541 253 1
524 270 1
498 295 1
487 304 1
477 314 1
469 324 1
460 336 1
452 347 1
443 359 1
434 371 1
424 385 1
414 401 1
403 414 1
393 429 1
382 443 1
371 459 1
361 474 1
350 488 1
340 501 1
331 515 1
321 530 1
313 546 1
305 562 1
298 580 1
291 602 1
284 627 1
276 657 1
266 689 1
257 721 1
247 769 1
243 786 1
242 797 1
242 807 1
242 815 1
242 821 1
243 825 1
243 829 1
244 831 1
245 834 1
246 838 1
248 843 1
252 851 1
255 860 1
261 874 1
264 889 1
268 907 1
270 925 1
273 944 1
275 962 1
277 980 1
278 997 1
279 1014 1
280 1031 1
281 1046 1
281 1058 1
281 1068 1
280 1077 1
278 1085 1
276 1093 1
272 1104 1
268 1116 1
262 1129 1
255 1145 1
246 1163 1
238 1180 1
232 1193 1
226 1207 1
217 1223 1
210 1239 1
205 1255 1
202 1270 1
200 1284 1
200 1298 1
202 1312 1
207 1324 1
213 1336 1
222 1348 1
232 1360 1
245 1372 1
260 1386 1
276 1398 1
290 1408 1
303 1416 1
316 1423 1
330 1429 1
345 1437 1
364 1446 1
382 1455 1
399 1463 1
415 1469 1
428 1473 1
440 1477 1
449 1478 1
457 1480 1
467 1479 1
479 1477 1
491 1473 1
504 1467 1
519 1460 1
536 1451 1
553 1442 1
571 1430 1
589 1416 1
608 1402 1
627 1388 1
644 1374 1
661 1357 1
676 1340 1
689 1324 1
700 1311 1
708 1297 1
715 1285 1
719 1274 1
724 1264 1
726 1256 1
729 1247 1
731 1236 1
734 1222 1
736 1206 1
738 1191 1
740 1173 1
743 1151 1
747 1131 1
751 1110 1
755 1089 1
758 1071 1
762 1055 1
766 1039 1
770 1021 1
775 1005 1
779 989 1
783 976 1
789 964 1
794 956 1
798 950 1
802 943 1
806 939 1
809 935 1
812 931 1
815 928 1
819 923 1
822 919 1
826 913 1
829 907 1
834 901 1
839 893 1
846 882 1
853 869 1
861 857 1
868 843 1
873 829 1
879 813 1
884 794 1
889 777 1
892 765 1
894 758 1
896 752 1
897 748 1
897 743 1
899 733 1
901 721 1
903 709 1
904 698 1
905 689 1
905 680 1
903 673 1
902 663 1
900 652 1
898 642 1
896 632 1
893 625 1
891 618 1
888 611 1
885 605 1
882 598 1
880 593 1
878 587 1
877 581 1
874 573 1
872 565 1
871 558 1
870 550 1
870 542 1
870 533 1
869 521 1
869 507 1
868 495 1
868 485 1
867 477 1
867 469 1
868 461 1
869 452 1
871 442 1
872 432 1
873 422 1
874 413 1
875 403 1
876 392 1
877 380 1
877 368 1
878 359 1
878 351 1
879 343 1
878 334 1
877 325 1
877 316 1
875 308 1
873 300 1
872 294 1
870 286 1
869 278 1
867 271 1
865 265 1
862 259 1
859 254 1
855 249 1
849 240 1
840 231 1
828 220 1
817 211 1
807 204 1
799 199 1
792 194 1
785 193 1
776 190 1
764 188 1
752 185 1
735 182 1
716 180 1
699 178 1
680 179 1
662 182 1
643 186 1
624 190 1
607 195 1
591 201 1
575 208 1
559 216 1
539 224 1
518 235 1
495 248 1
478 258 1
464 269 1
453 279 1
442 288 1
433 298 1
422 310 1
414 322 1
404 336 1
395 354 1
386 374 1
376 395 1
368 418 1
360 443 1
353 471 1
348 498 1
346 520 1
346 542 1
346 558 1
347 571 1
349 581 1
351 587 1
352 594 1
353 600 1
354 610 1
353 619 1
351 633 1
347 651 1
341 674 1
334 698 1
327 720 1
319 744 1
309 764 1
300 781 1
292 797 1
286 808 1
280 821 1
274 832 1
268 843 1
262 856 1
256 870 1
250 887 1
243 905 1
237 921 1
232 933 1
227 947 1
225 958 1
222 969 1
219 980 1
218 989 1
218 999 1
217 1012 1
218 1024 1
219 1037 1
220 1051 1
221 1068 1
223 1086 1
223 1105 1
223 1124 1
221 1142 1
220 1158 1
218 1174 1
216 1185 1
216 1195 1
214 1202 1
212 1209 1
212 1214 1
212 1220 1
211 1228 1
211 1236 1
212 1247 1
214 1257 1
218 1269 1
221 1284 1
227 1300 1
233 1318 1
241 1334 1
248 1350 1
256 1365 1
265 1380 1
273 1393 1
279 1404 1
286 1415 1
292 1423 1
297 1429 1
302 1435 1
306 1439 1
309 1442 1
313 1446 1
319 1449 1
326 1452 1
336 1455 1
348 1459 1
361 1460 1
379 1462 1
400 1461 1
421 1459 1
444 1456 1
469 1453 1
491 1449 1
509 1446 1
526 1443 1
543 1440 1
557 1436 1
571 1431 1
583 1427 1
593 1423 1
601 1418 1
610 1412 1
618 1406 1
625 1398 1
633 1391 1
643 1382 1
656 1369 1
673 1350 1
689 1331 1
702 1314 1
714 1299 1
725 1283 1
734 1267 1
745 1245 1
758 1210 1
770 1171 1
783 1135 1
792 1106 1
797 1087 1
802 1069 1
806 1050 1
808 1029 1
811 1005 1
814 982 1
817 959 1
819 936 1
822 915 1
822 898 1
824 881 1
824 865 1
825 848 1
827 830 1
827 810 1
828 791 1
827 774 1
824 758 1
820 740 1
817 719 1
813 697 1
810 672 1
809 649 1
807 628 1
808 611 1
809 595 1
813 578 1
817 562 1
823 543 1
830 521 1
838 497 1
847 472 1
857 448 1
867 424 1
876 399 1
885 376 1
890 356 1
894 340 1
896 327 1
897 315 1
897 304 1
894 292 1
890 276 1
882 259 1
874 240 1
863 224 1
853 210 1
841 198 1
828 186 1
813 178 1
799 170 1
784 164 1
766 160 1
744 157 1
722 155 1
700 156 1
673 162 1
641 171 1
608 187 1
579 205 1
557 224 1
536 247 1
517 274 1
496 305 1
475 342 1
455 379 1
439 413 1
425 442 1
414 469 1
405 496 1
396 523 1
388 550 1
380 576 1
373 601 1
366 622 1
360 640 1
354 659 1
348 682 1
341 706 1
332 732 1
323 758 1
312 784 1
300 805 1
289 824 1
279 838 1
270 850 1
262 860 1
256 870 1
250 879 1
244 889 1
238 901 1
234 914 1
229 931 1
225 951 1
223 973 1
223 1003 1
226 1033 1
231 1064 1
238 1093 1
247 1124 1
256 1152 1
265 1180 1
272 1206 1
279 1232 1
287 1259 1
295 1289 1
302 1313 1
309 1337 1
314 1360 1
319 1381 1
324 1400 1
331 1416 1
338 1430 1
342 1438 1
346 1445 1
350 1450 1
358 1453 1
369 1455 1
386 1453 1
413 1448 1
446 1440 1
479 1429 1
508 1413 1
537 1396 1
570 1375 1
601 1354 1
630 1330 1
655 1307 1
678 1282 1
700 1252 1
721 1214 1
740 1166 1
759 1110 1
774 1056 1
786 1004 1
793 955 1
798 905 1
804 849 1
815 790 1
827 742 1
823 761 0
