637 965 1
637 965 1
637 965 1
637 965 1
637 965 1
637 965 1
637 965 1
637 965 1
637 965 1
635 963 1
635 963 1
636 962 1
635 961 1
634 960 1
632 958 1
632 957 1
632 955 1
631 954 1
631 954 1
631 953 1
631 953 1
631 952 1
629 952 1
630 951 1
630 951 1
630 949 1
630 949 1
630 948 1
630 948 1
629 947 1
629 947 1
629 947 1
629 947 1
629 947 1
629 946 1
629 946 1
629 945 1
629 945 1
629 943 1
629 943 1
629 942 1
629 942 1
629 941 1
629 941 1
629 941 1
629 941 1
629 939 1
630 939 1
632 936 1
634 934 1
635 933 1
636 933 1
636 933 1
637 932 1
637 932 1
637 932 1
637 931 1
638 931 1
638 931 1
638 929 1
639 930 1
639 930 1
639 930 1
639 930 1
639 930 1
639 930 1
639 930 1
639 930 1
639 930 1
639 930 1
639 930 1
639 930 1
639 930 1
639 930 1
639 930 1
639 930 1
639 930 1
639 930 1
639 930 1
639 930 1
639 930 1
639 930 1
639 930 1
639 930 1
639 930 1
639 930 1
639 930 1
639 930 1
639 930 1
639 930 1
639 930 1
639 930 1
639 930 1
639 930 1
639 930 1
639 930 1
639 930 1
641 931 1
643 934 1
646 937 1
647 941 1
650 944 1
651 948 1
653 951 1
654 953 1
655 956 1
656 957 1
657 959 1
657 960 1
657 961 1
657 962 1
657 962 1
657 962 1
657 963 1
657 963 1
657 964 1
657 964 1
657 964 1
657 965 1
656 965 1
656 966 1
655 967 1
654 969 1
652 970 1
651 972 1
649 974 1
647 976 1
645 978 1
643 979 1
641 981 1
639 982 1
637 984 1
635 985 1
633 987 1
630 988 1
630 989 1
628 990 1
628 990 1
628 990 1
628 990 1
628 990 1
628 990 1
628 991 1
628 991 1
628 991 1
628 992 1
628 992 1
628 992 1
628 993 1
628 993 1
628 993 1
628 994 1
629 995 1
630 997 1
631 999 1
632 1001 1
634 1004 1
635 1005 1
637 1008 1
637 1010 1
638 1011 1
638 1012 1
638 1012 1
638 1012 1
637 1013 1
637 1013 1
637 1013 1
635 1014 1
633 1014 1
630 1016 1
629 1016 1
626 1017 1
623 1018 1
621 1018 1
618 1019 1
615 1019 1
612 1019 1
609 1018 1
605 1018 1
602 1018 1
597 1016 1
594 1017 1
591 1015 1
585 1015 1
579 1012 1
574 1010 1
570 1007 1
566 1004 1
563 1001 1
560 998 1
558 994 1
555 991 1
554 988 1
554 986 1
553 984 1
553 981 1
552 979 1
553 977 1
553 977 1
553 976 1
553 976 1
553 975 1
553 973 1
553 971 1
553 967 1
554 959 1
554 952 1
555 943 1
555 935 1
554 927 1
553 921 1
551 916 1
551 912 1
551 908 1
550 904 1
548 901 1
548 896 1
548 891 1
547 883 1
547 875 1
549 865 1
552 855 1
557 846 1
562 838 1
567 832 1
573 827 1
579 823 1
585 820 1
592 817 1
599 816 1
607 816 1
613 815 1
621 816 1
628 818 1
635 820 1
641 822 1
647 824 1
652 827 1
656 829 1
659 831 1
664 834 1
669 839 1
672 841 1
675 843 1
678 846 1
680 847 1
682 849 1
684 850 1
687 854 1
692 859 1
699 868 1
708 881 1
718 895 1
725 910 1
733 922 1
741 935 1
749 947 1
757 957 1
762 966 1
767 972 1
770 977 1
773 980 1
774 983 1
775 985 1
776 987 1
777 989 1
777 992 1
777 995 1
775 1000 1
774 1008 1
771 1019 1
766 1032 1
762 1046 1
757 1059 1
751 1071 1
745 1085 1
737 1098 1
727 1109 1
720 1118 1
712 1125 1
704 1129 1
697 1134 1
685 1139 1
674 1143 1
659 1149 1
644 1154 1
629 1158 1
614 1161 1
600 1165 1
589 1168 1
578 1168 1
569 1169 1
560 1170 1
553 1170 1
545 1170 1
539 1169 1
534 1169 1
531 1168 1
528 1168 1
525 1166 1
524 1166 1
524 1164 1
522 1162 1
522 1160 1
520 1158 1
520 1155 1
519 1151 1
517 1148 1
518 1143 1
516 1138 1
517 1133 1
516 1129 1
516 1125 1
515 1121 1
515 1118 1
514 1113 1
512 1109 1
511 1101 1
508 1094 1
504 1084 1
501 1073 1
495 1061 1
489 1051 1
482 1041 1
476 1033 1
470 1025 1
464 1019 1
460 1012 1
456 1008 1
451 1003 1
446 998 1
441 992 1
435 982 1
429 972 1
423 962 1
419 952 1
415 941 1
413 932 1
411 923 1
412 914 1
413 906 1
415 899 1
417 894 1
419 890 1
423 885 1
425 881 1
428 878 1
431 873 1
435 869 1
439 865 1
442 861 1
445 858 1
450 854 1
455 849 1
460 846 1
465 841 1
469 837 1
473 835 1
475 831 1
478 828 1
481 823 1
485 816 1
488 807 1
492 795 1
495 784 1
498 772 1
503 760 1
509 746 1
516 732 1
524 717 1
531 707 1
537 697 1
544 690 1
550 683 1
559 679 1
568 674 1
577 673 1
588 671 1
596 672 1
603 672 1
609 672 1
614 672 1
620 673 1
626 674 1
633 676 1
639 679 1
645 682 1
651 686 1
656 691 1
663 696 1
669 700 1
675 705 1
684 712 1
695 721 1
707 731 1
721 745 1
737 761 1
752 776 1
765 789 1
777 803 1
787 818 1
797 834 1
806 850 1
814 863 1
823 876 1
830 888 1
836 897 1
839 906 1
844 912 1
845 917 1
847 920 1
850 924 1
851 925 1
853 927 1
854 929 1
857 931 1
859 933 1
861 935 1
863 937 1
866 940 1
867 942 1
870 945 1
871 948 1
875 952 1
876 955 1
877 958 1
879 961 1
880 964 1
881 967 1
882 970 1
882 975 1
882 979 1
880 985 1
877 994 1
874 1007 1
869 1021 1
863 1038 1
857 1054 1
851 1073 1
844 1091 1
839 1104 1
834 1116 1
829 1125 1
825 1132 1
821 1138 1
816 1145 1
813 1151 1
809 1154 1
806 1158 1
805 1159 1
802 1162 1
801 1163 1
799 1166 1
798 1168 1
796 1170 1
796 1172 1
795 1175 1
793 1178 1
792 1182 1
790 1186 1
788 1190 1
786 1194 1
783 1197 1
780 1200 1
776 1203 1
773 1206 1
771 1208 1
768 1212 1
763 1214 1
757 1217 1
750 1221 1
739 1226 1
726 1232 1
709 1239 1
691 1246 1
672 1253 1
654 1259 1
640 1263 1
629 1266 1
622 1268 1
616 1269 1
612 1271 1
609 1271 1
604 1271 1
599 1270 1
594 1270 1
588 1269 1
584 1267 1
578 1267 1
572 1265 1
564 1263 1
556 1261 1
548 1258 1
540 1256 1
532 1253 1
522 1251 1
511 1248 1
499 1245 1
488 1241 1
479 1238 1
470 1235 1
463 1232 1
455 1230 1
450 1228 1
445 1225 1
440 1223 1
437 1220 1
431 1217 1
425 1212 1
421 1208 1
416 1203 1
411 1200 1
409 1195 1
407 1192 1
406 1189 1
404 1186 1
404 1182 1
404 1180 1
404 1178 1
404 1176 1
404 1173 1
404 1170 1
404 1167 1
404 1160 1
402 1153 1
401 1144 1
398 1135 1
393 1126 1
389 1118 1
383 1106 1
375 1095 1
368 1081 1
359 1070 1
351 1059 1
345 1052 1
339 1047 1
334 1041 1
328 1036 1
322 1033 1
314 1028 1
307 1024 1
301 1021 1
295 1018 1
290 1015 1
285 1012 1
279 1008 1
272 1004 1
265 997 1
259 992 1
256 988 1
251 985 1
249 981 1
248 979 1
246 977 1
246 974 1
244 970 1
244 965 1
244 958 1
244 952 1
246 946 1
247 941 1
249 938 1
251 934 1
254 929 1
257 925 1
261 920 1
266 915 1
272 909 1
277 904 1
282 899 1
288 893 1
293 888 1
298 883 1
304 875 1
313 867 1
322 856 1
336 844 1
349 832 1
364 821 1
377 810 1
391 801 1
406 792 1
422 783 1
436 774 1
446 768 1
454 763 1
458 760 1
461 758 1
463 756 1
465 755 1
467 753 1
468 753 1
469 753 1
469 753 1
469 753 1
470 752 1
470 752 1
470 752 1
470 750 1
471 751 1
471 749 1
473 747 1
474 745 1
476 742 1
477 740 1
478 737 1
479 733 1
481 730 1
483 724 1
483 720 1
485 715 1
486 710 1
487 706 1
488 701 1
490 696 1
491 692 1
492 687 1
493 684 1
495 679 1
498 675 1
499 671 1
502 666 1
504 661 1
506 657 1
508 653 1
511 649 1
513 645 1
516 640 1
519 637 1
524 632 1
529 627 1
533 624 1
537 621 1
542 618 1
547 616 1
555 613 1
565 610 1
573 607 1
582 604 1
590 603 1
601 601 1
614 600 1
625 602 1
633 602 1
641 603 1
648 605 1
655 608 1
663 611 1
671 616 1
679 622 1
686 627 1
694 632 1
700 637 1
706 641 1
711 646 1
716 652 1
721 656 1
726 662 1
729 665 1
731 669 1
734 674 1
738 678 1
743 683 1
748 689 1
753 695 1
758 700 1
763 706 1
769 713 1
776 723 1
783 732 1
790 742 1
797 752 1
803 758 1
808 763 1
812 767 1
817 771 1
820 773 1
823 775 1
825 777 1
828 779 1
832 782 1
838 785 1
842 789 1
848 793 1
854 798 1
858 801 1
863 806 1
868 810 1
871 813 1
874 816 1
877 817 1
880 820 1
882 822 1
884 824 1
887 826 1
889 828 1
892 830 1
894 833 1
898 836 1
899 839 1
903 841 1
906 844 1
910 847 1
914 851 1
918 854 1
922 858 1
924 860 1
926 863 1
929 866 1
931 868 1
933 870 1
936 874 1
937 876 1
939 879 1
940 882 1
943 886 1
944 893 1
947 900 1
949 912 1
951 925 1
954 940 1
956 953 1
958 964 1
959 971 1
959 980 1
957 989 1
955 1000 1
952 1012 1
950 1023 1
947 1033 1
944 1042 1
941 1050 1
938 1060 1
932 1072 1
926 1087 1
920 1102 1
913 1117 1
907 1133 1
898 1151 1
890 1168 1
881 1183 1
873 1196 1
866 1207 1
858 1217 1
849 1225 1
842 1232 1
833 1238 1
823 1244 1
815 1249 1
809 1253 1
803 1256 1
800 1258 1
797 1260 1
793 1261 1
789 1263 1
785 1265 1
782 1267 1
777 1269 1
772 1271 1
766 1274 1
757 1277 1
748 1280 1
735 1286 1
721 1291 1
709 1296 1
698 1301 1
689 1304 1
684 1307 1
679 1309 1
676 1311 1
673 1313 1
672 1315 1
669 1317 1
669 1317 1
669 1318 1
669 1318 1
669 1318 1
668 1320 1
666 1321 1
664 1324 1
664 1325 1
662 1328 1
661 1329 1
661 1332 1
658 1334 1
655 1337 1
651 1340 1
646 1344 1
640 1347 1
634 1350 1
628 1353 1
623 1356 1
617 1359 1
610 1361 1
604 1363 1
597 1364 1
591 1366 1
585 1366 1
579 1367 1
575 1367 1
571 1367 1
565 1367 1
559 1366 1
551 1366 1
543 1364 1
533 1362 1
520 1359 1
508 1354 1
493 1350 1
479 1345 1
466 1340 1
455 1337 1
444 1332 1
437 1329 1
431 1326 1
426 1324 1
421 1322 1
420 1321 1
418 1319 1
418 1318 1
418 1316 1
419 1314 1
419 1314 1
419 1313 1
419 1313 1
420 1314 1
420 1314 1
420 1314 1
420 1314 1
420 1314 1
420 1313 1
418 1311 1
419 1310 1
418 1308 1
416 1305 1
415 1302 1
412 1298 1
408 1293 1
402 1286 1
395 1278 1
387 1270 1
378 1263 1
371 1257 1
362 1252 1
354 1247 1
342 1239 1
330 1230 1
319 1222 1
310 1214 1
302 1209 1
298 1205 1
294 1202 1
292 1200 1
289 1198 1
288 1196 1
286 1194 1
284 1191 1
285 1189 1
285 1187 1
285 1185 1
284 1181 1
283 1176 1
283 1169 1
281 1159 1
279 1148 1
279 1137 1
277 1128 1
278 1120 1
276 1112 1
277 1105 1
277 1098 1
277 1091 1
278 1083 1
280 1076 1
280 1068 1
282 1061 1
283 1053 1
285 1046 1
285 1038 1
287 1027 1
288 1015 1
288 1004 1
289 993 1
287 982 1
284 969 1
281 953 1
277 937 1
275 923 1
272 911 1
271 901 1
269 894 1
268 886 1
266 880 1
263 871 1
262 864 1
260 857 1
259 851 1
259 845 1
258 840 1
258 836 1
257 831 1
257 826 1
257 819 1
257 811 1
258 799 1
261 786 1
265 774 1
270 763 1
276 753 1
281 746 1
286 740 1
289 735 1
292 732 1
295 729 1
297 726 1
299 724 1
301 721 1
304 718 1
307 715 1
313 708 1
317 703 1
322 697 1
326 693 1
328 688 1
329 684 1
331 678 1
335 669 1
341 657 1
352 643 1
366 629 1
379 618 1
391 609 1
402 600 1
413 589 1
426 577 1
439 567 1
453 556 1
466 549 1
478 541 1
491 536 1
501 531 1
509 529 1
519 526 1
524 524 1
529 523 1
534 521 1
538 521 1
543 519 1
549 520 1
556 518 1
562 519 1
568 519 1
574 519 1
580 520 1
583 520 1
587 521 1
591 521 1
594 521 1
598 522 1
603 523 1
606 525 1
609 526 1
614 528 1
617 529 1
622 532 1
627 534 1
631 536 1
636 538 1
639 539 1
643 541 1
647 542 1
651 545 1
656 547 1
661 550 1
665 552 1
670 555 1
676 558 1
683 562 1
690 565 1
697 568 1
703 572 1
708 574 1
712 576 1
716 578 1
722 581 1
731 587 1
743 596 1
759 608 1
776 621 1
792 630 1
805 637 1
816 643 1
826 648 1
836 653 1
844 658 1
850 661 1
855 664 1
858 666 1
862 668 1
863 669 1
865 671 1
866 672 1
868 675 1
872 678 1
875 681 1
879 685 1
884 688 1
885 691 1
888 693 1
890 697 1
891 698 1
893 701 1
894 702 1
896 704 1
897 706 1
898 708 1
899 709 1
900 710 1
900 710 1
900 711 1
900 711 1
900 711 1
901 713 1
902 716 1
905 719 1
908 725 1
912 732 1
917 740 1
922 749 1
926 758 1
931 768 1
936 779 1
940 790 1
943 801 1
947 811 1
949 821 1
952 829 1
954 838 1
956 846 1
958 853 1
960 861 1
962 869 1
964 879 1
966 888 1
968 897 1
969 907 1
971 917 1
973 926 1
975 936 1
977 945 1
980 954 1
983 962 1
984 968 1
986 974 1
987 978 1
989 983 1
990 988 1
992 995 1
993 1003 1
994 1011 1
995 1019 1
996 1027 1
997 1035 1
997 1043 1
998 1052 1
998 1063 1
999 1073 1
998 1086 1
996 1098 1
994 1112 1
989 1128 1
984 1149 1
976 1170 1
968 1189 1
959 1208 1
948 1226 1
938 1242 1
929 1256 1
923 1265 1
920 1271 1
917 1276 1
914 1281 1
911 1286 1
908 1292 1
901 1302 1
894 1313 1
885 1327 1
870 1341 1
855 1357 1
840 1371 1
824 1384 1
811 1394 1
798 1401 1
785 1406 1
774 1409 1
764 1413 1
757 1414 1
749 1416 1
736 1417 1
719 1419 1
695 1421 1
669 1424 1
644 1425 1
624 1426 1
610 1427 1
598 1427 1
590 1427 1
584 1427 1
577 1427 1
571 1427 1
566 1429 1
559 1430 1
551 1434 1
537 1439 1
523 1445 1
512 1450 1
501 1453 1
496 1457 1
492 1458 1
489 1459 1
487 1460 1
487 1460 1
486 1461 1
486 1461 1
486 1461 1
486 1461 1
486 1460 1
483 1460 1
479 1457 1
473 1456 1
464 1454 1
453 1451 1
441 1449 1
430 1447 1
422 1444 1
414 1442 1
405 1440 1
394 1436 1
382 1431 1
369 1424 1
357 1418 1
345 1410 1
335 1402 1
324 1394 1
312 1387 1
301 1379 1
291 1372 1
281 1363 1
273 1355 1
267 1347 1
260 1337 1
253 1327 1
245 1312 1
235 1291 1
224 1269 1
214 1246 1
205 1226 1
195 1207 1
188 1188 1
180 1158 1
175 1118 1
177 1130 0
