202 1435 1
202 1435 1
202 1435 1
202 1435 1
202 1435 1
202 1435 1
202 1435 1
202 1435 1
202 1435 1
202 1435 1
202 1435 1
202 1435 1
202 1433 1
202 1430 1
202 1423 1
204 1414 1
204 1403 1
206 1393 1
207 1385 1
208 1374 1
208 1363 1
209 1351 1
209 1341 1
209 1330 1
206 1315 1
205 1299 1
205 1280 1
204 1253 1
205 1233 1
206 1211 1
208 1189 1
210 1168 1
215 1146 1
218 1131 1
221 1119 1
224 1110 1
226 1099 1
228 1087 1
229 1076 1
229 1067 1
230 1059 1
230 1054 1
230 1048 1
231 1044 1
231 1040 1
231 1035 1
231 1029 1
229 1021 1
230 1011 1
230 1000 1
228 992 1
229 984 1
227 978 1
228 973 1
226 970 1
227 967 1
225 965 1
226 962 1
224 959 1
223 954 1
221 948 1
216 940 1
211 934 1
205 928 1
200 923 1
194 917 1
188 911 1
184 905 1
180 902 1
177 899 1
174 897 1
172 895 1
170 893 1
169 893 1
167 893 1
167 892 1
167 892 1
165 891 1
165 891 1
164 890 1
162 890 1
162 890 1
160 890 1
160 890 1
160 890 1
160 890 1
160 890 1
160 890 1
158 895 1
158 905 1
157 918 1
157 930 1
157 941 1
158 950 1
158 958 1
159 966 1
162 972 1
164 977 1
166 981 1
167 984 1
169 986 1
170 988 1
171 990 1
171 990 1
172 991 1
173 992 1
175 994 1
176 995 1
177 996 1
181 998 1
184 1001 1
189 1004 1
193 1008 1
196 1011 1
198 1014 1
201 1017 1
203 1021 1
206 1024 1
209 1030 1
214 1035 1
219 1042 1
224 1048 1
229 1053 1
234 1059 1
238 1063 1
242 1069 1
245 1073 1
249 1080 1
252 1087 1
256 1096 1
260 1104 1
265 1113 1
269 1120 1
273 1127 1
278 1136 1
282 1145 1
288 1156 1
294 1167 1
298 1177 1
301 1187 1
304 1195 1
306 1203 1
307 1211 1
307 1219 1
308 1228 1
308 1236 1
308 1244 1
308 1250 1
308 1256 1
306 1261 1
304 1267 1
302 1273 1
297 1281 1
293 1290 1
288 1299 1
283 1308 1
278 1318 1
273 1326 1
267 1334 1
261 1341 1
257 1347 1
252 1353 1
250 1357 1
248 1361 1
246 1364 1
247 1364 0
539 1440 1
539 1440 1
539 1440 1
539 1440 1
539 1440 1
539 1440 1
539 1440 1
539 1440 1
539 1440 1
539 1440 1
539 1440 1
539 1440 1
539 1440 1
539 1440 1
538 1439 1
538 1439 1
537 1435 1
534 1431 1
532 1426 1
528 1419 1
523 1412 1
518 1406 1
511 1399 1
505 1394 1
500 1387 1
495 1381 1
489 1373 1
483 1365 1
477 1355 1
473 1348 1
470 1341 1
467 1336 1
465 1330 1
464 1325 1
462 1319 1
462 1312 1
462 1305 1
462 1294 1
463 1284 1
464 1275 1
465 1267 1
467 1262 1
468 1258 1
469 1254 1
470 1250 1
472 1244 1
479 1229 1
487 1214 1
496 1196 1
507 1176 1
515 1159 1
523 1144 1
529 1131 1
538 1113 1
547 1095 1
555 1078 1
561 1064 1
566 1053 1
569 1043 1
572 1034 1
575 1025 1
577 1018 1
580 1009 1
581 1001 1
582 992 1
582 982 1
582 974 1
582 965 1
582 957 1
580 947 1
579 939 1
576 930 1
574 923 1
571 918 1
571 914 1
569 912 1
569 909 1
567 910 1
568 908 1
568 908 1
567 909 1
565 909 1
563 909 1
561 909 1
558 910 1
556 910 1
553 911 1
549 913 1
547 914 1
543 917 1
540 920 1
536 924 1
531 930 1
525 939 1
519 948 1
512 958 1
506 970 1
500 980 1
495 989 1
489 1000 1
485 1009 1
482 1018 1
480 1026 1
479 1032 1
477 1038 1
477 1043 1
477 1046 1
477 1051 1
477 1056 1
477 1060 1
478 1066 1
478 1075 1
479 1083 1
480 1093 1
481 1104 1
482 1115 1
484 1126 1
487 1136 1
490 1148 1
493 1159 1
497 1170 1
502 1181 1
504 1191 1
507 1200 1
509 1208 1
511 1217 1
513 1226 1
514 1233 1
517 1241 1
519 1248 1
521 1254 1
523 1261 1
525 1266 1
526 1272 1
527 1278 1
529 1284 1
530 1292 1
532 1301 1
534 1309 1
537 1318 1
539 1326 1
541 1334 1
543 1340 1
545 1347 1
547 1355 1
548 1362 1
550 1371 1
551 1379 1
551 1387 1
550 1393 1
548 1398 1
548 1403 1
548 1408 1
547 1411 1
547 1414 1
546 1417 1
546 1418 1
546 1418 0
736 1392 1
736 1392 1
736 1392 1
736 1392 1
736 1392 1
736 1392 1
734 1390 1
735 1388 1
735 1382 1
735 1373 1
735 1363 1
735 1354 1
735 1346 1
735 1339 1
735 1331 1
736 1323 1
737 1315 1
737 1308 1
738 1299 1
738 1287 1
740 1272 1
740 1252 1
741 1229 1
741 1194 1
739 1171 1
740 1147 1
740 1124 1
740 1103 1
740 1086 1
740 1071 1
740 1057 1
741 1046 1
741 1038 1
742 1030 1
743 1023 1
745 1013 1
750 996 1
756 981 1
761 967 1
766 955 1
772 936 1
776 921 1
778 903 1
780 882 1
781 858 1
780 834 1
778 812 1
777 800 1
777 792 1
776 788 1
774 785 1
774 783 1
774 781 1
774 781 1
774 781 1
774 781 1
772 782 1
770 784 1
767 786 1
761 791 1
753 799 1
744 807 1
735 816 1
727 826 1
719 834 1
714 840 1
708 848 1
703 856 1
698 865 1
688 882 1
681 894 1
677 904 1
672 914 1
668 923 1
665 931 1
661 940 1
660 947 1
658 953 1
659 958 1
659 963 1
659 966 1
660 970 1
660 973 1
662 978 1
663 981 1
666 986 1
669 989 1
673 994 1
677 997 1
680 1000 1
683 1003 1
686 1006 1
689 1009 1
692 1011 1
695 1014 1
698 1018 1
701 1021 1
704 1025 1
709 1030 1
712 1035 1
715 1039 1
718 1044 1
721 1050 1
724 1056 1
727 1063 1
730 1071 1
733 1080 1
736 1089 1
738 1099 1
741 1108 1
745 1117 1
749 1125 1
753 1133 1
756 1140 1
759 1147 1
762 1155 1
765 1163 1
768 1169 1
771 1176 1
773 1180 1
775 1183 1
775 1187 1
777 1190 1
778 1194 1
779 1197 1
780 1200 1
781 1202 1
782 1204 1
782 1205 1
783 1207 1
784 1208 1
786 1210 1
788 1212 1
792 1220 1
798 1229 1
803 1240 1
809 1251 1
813 1260 1
816 1268 1
819 1275 1
822 1280 1
823 1284 1
825 1287 1
826 1289 1
826 1292 1
827 1293 1
827 1297 1
825 1297 1
826 1298 1
824 1300 1
824 1302 1
821 1305 1
820 1308 1
817 1311 1
813 1316 1
807 1321 1
801 1328 1
796 1333 1
790 1339 1
785 1345 1
779 1351 1
772 1358 1
768 1364 1
762 1369 1
757 1374 1
755 1376 1
753 1378 1
750 1381 1
749 1384 1
750 1383 0
