1023 413 1
1023 413 1
1023 413 1
1023 413 1
1023 413 1
1023 413 1
1023 413 1
1023 413 1
1023 413 1
1023 413 1
1023 413 1
1023 413 1
1023 413 1
1023 413 1
1023 413 1
1023 413 1
1023 413 1
1023 413 1
1023 413 1
1023 413 1
1023 413 1
1023 413 1
1023 413 1
1023 413 1
1023 413 1
1023 413 1
1023 413 1
1023 413 1
1023 413 1
1023 413 1
1023 413 1
1023 413 1
1023 413 1
1023 413 1
1023 413 1
1023 413 1
1023 413 1
1023 413 1
1023 413 1
1023 413 1
1023 413 1
1023 413 1
1023 413 1
1023 413 1
1023 413 1
1023 413 1
1023 413 1
1023 413 1
1023 413 1
1023 413 1
1023 413 1
1023 413 1
1023 413 1
1023 413 1
1022 413 1
1022 413 1
1021 413 1
1019 413 1
1018 413 1
1018 413 1
1015 414 1
1013 416 1
1012 417 1
1010 419 1
1009 420 1
1007 422 1
1007 423 1
1007 426 1
1007 428 1
1007 430 1
1007 433 1
1007 435 1
1007 438 1
1007 439 1
1007 439 1
1007 440 1
1007 440 1
1007 440 1
1007 441 1
1007 441 1
1007 442 1
1007 445 1
1007 448 1
1007 454 1
1008 462 1
1008 471 1
1007 479 1
1007 487 1
1005 493 1
1003 498 1
1003 501 1
1001 504 1
1000 507 1
998 512 1
995 517 1
993 521 1
991 526 1
988 530 1
986 535 1
984 541 1
982 545 1
981 551 1
981 554 1
980 558 1
980 561 1
980 565 1
980 568 1
980 572 1
980 576 1
980 579 1
980 582 1
981 585 1
982 588 1
983 592 1
983 595 1
985 598 1
985 600 1
986 603 1
987 605 1
987 606 1
988 607 1
988 608 1
989 609 1
989 610 1
990 611 1
991 611 1
991 613 1
992 613 1
993 614 1
993 615 1
994 616 1
994 617 1
995 618 1
996 619 1
996 620 1
997 621 1
997 622 1
998 623 1
998 624 1
999 625 1
999 625 1
1000 626 1
1001 627 1
1001 627 1
1001 628 1
1001 628 1
1001 628 1
1001 628 1
1001 628 1
999 629 1
1000 630 1
1000 631 1
999 632 1
998 632 1
996 634 1
996 634 1
994 637 1
993 643 1
991 650 1
988 659 1
985 668 1
981 676 1
979 684 1
976 692 1
976 698 1
976 703 1
976 707 1
976 711 1
976 714 1
977 717 1
977 720 1
978 723 1
978 727 1
979 730 1
980 733 1
980 736 1
981 738 1
982 739 1
983 741 1
983 742 1
984 744 1
985 748 1
987 754 1
987 758 1
988 763 1
988 766 1
989 770 1
989 773 1
989 774 1
989 776 1
989 777 1
989 778 1
988 779 1
988 780 1
987 781 1
985 782 1
985 782 1
983 784 1
980 785 1
976 787 1
970 789 1
965 792 1
960 795 1
955 796 1
951 798 1
946 799 1
941 799 1
937 800 1
934 800 1
929 800 1
926 801 1
920 801 1
913 801 1
907 801 1
900 800 1
895 800 1
890 799 1
887 799 1
885 799 1
883 799 1
883 799 1
883 799 1
883 799 1
883 799 1
883 799 1
883 799 1
883 799 1
883 799 1
883 799 1
883 799 1
883 799 1
883 799 1
883 799 1
883 799 1
883 799 1
883 799 1
883 799 1
883 799 1
883 799 1
881 798 1
882 795 1
880 792 1
880 788 1
880 782 1
878 777 1
878 772 1
877 768 1
875 763 1
874 759 1
874 755 1
874 750 1
873 746 1
871 742 1
871 738 1
871 735 1
870 732 1
868 729 1
868 725 1
868 723 1
867 720 1
865 718 1
864 715 1
864 714 1
864 712 1
863 712 1
861 710 1
860 710 1
858 708 1
856 705 1
853 702 1
849 697 1
847 694 1
844 691 1
844 689 1
844 687 1
843 687 1
843 687 1
843 687 1
843 687 1
843 687 1
843 687 1
843 687 1
843 687 1
843 687 1
843 687 1
844 686 1
845 685 1
848 685 1
851 684 1
856 684 1
860 684 1
864 684 1
869 684 1
872 684 1
876 684 1
878 684 1
881 684 1
883 684 1
885 684 1
886 684 1
887 684 1
888 684 1
889 684 1
889 684 1
889 684 1
890 684 1
890 684 1
891 684 1
893 685 1
898 687 1
904 691 1
913 699 1
922 709 1
932 720 1
939 730 1
945 741 1
949 751 1
952 759 1
953 765 1
954 772 1
955 775 1
954 778 1
954 782 1
952 787 1
950 793 1
946 802 1
942 811 1
935 821 1
930 829 1
924 844 1
919 859 1
912 877 1
908 890 1
903 903 1
900 915 1
895 938 1
893 952 1
891 967 1
891 979 1
891 990 1
890 999 1
888 1009 1
887 1019 1
885 1030 1
883 1039 1
882 1048 1
880 1055 1
879 1061 1
877 1067 1
876 1072 1
874 1075 1
875 1078 1
873 1080 1
874 1081 1
874 1081 0
731 471 1
731 471 1
731 471 1
731 471 1
731 471 1
731 471 1
731 471 1
731 471 1
731 471 1
731 471 1
731 471 1
731 471 1
731 471 1
731 471 1
731 471 1
731 471 1
731 471 1
731 471 1
731 471 1
731 471 1
731 471 1
731 471 1
731 471 1
731 471 1
731 471 1
731 471 1
731 471 1
731 471 1
731 471 1
731 471 1
731 471 1
731 471 1
731 471 1
731 471 1
731 471 1
731 471 1
731 471 1
731 471 1
731 471 1
731 471 1
731 471 1
731 471 1
731 471 1
731 471 1
731 471 1
731 472 1
731 472 1
731 474 1
731 476 1
732 479 1
732 482 1
733 484 1
733 488 1
734 490 1
734 493 1
734 495 1
734 497 1
734 499 1
734 501 1
734 505 1
732 511 1
732 517 1
730 526 1
729 536 1
727 547 1
726 557 1
725 566 1
725 574 1
723 581 1
723 587 1
723 591 1
723 594 1
723 597 1
723 599 1
723 601 1
723 604 1
723 607 1
723 609 1
723 611 1
723 613 1
723 615 1
722 616 1
722 617 1
721 618 1
719 618 1
719 619 1
717 620 1
714 620 1
711 622 1
706 623 1
702 623 1
699 625 1
696 625 1
693 626 1
691 627 1
688 628 1
687 628 1
685 629 1
685 630 1
685 631 1
685 631 1
684 632 1
684 634 1
683 634 1
683 636 1
683 636 1
683 638 1
684 639 1
684 641 1
684 642 1
685 644 1
686 645 1
687 647 1
689 650 1
690 653 1
692 658 1
693 662 1
695 666 1
696 670 1
698 673 1
698 677 1
700 680 1
701 684 1
703 689 1
705 695 1
708 702 1
713 711 1
717 721 1
722 731 1
726 740 1
729 748 1
730 754 1
732 760 1
733 764 1
735 769 1
736 773 1
738 778 1
739 782 1
740 785 1
742 788 1
743 791 1
744 794 1
745 795 1
747 797 1
747 798 1
748 798 1
748 799 1
748 799 1
748 799 1
748 799 1
748 799 1
748 799 1
748 799 1
748 799 1
748 799 1
748 799 1
749 799 1
749 800 1
751 802 1
754 804 1
759 809 1
763 815 1
767 820 1
771 826 1
774 831 1
777 836 1
779 840 1
781 843 1
781 845 1
782 848 1
782 849 1
782 850 1
782 851 1
782 851 1
782 851 1
782 851 1
782 851 1
782 851 1
782 851 1
782 851 1
782 851 1
782 852 1
782 852 1
781 854 1
780 855 1
778 857 1
778 860 1
778 865 1
777 871 1
775 877 1
775 883 1
775 889 1
774 895 1
772 900 1
773 904 1
771 909 1
769 914 1
768 919 1
766 925 1
763 930 1
759 935 1
754 941 1
750 945 1
747 948 1
744 951 1
743 953 1
741 955 1
741 956 1
739 956 1
738 957 1
738 957 1
737 957 1
736 956 1
735 956 1
732 956 1
722 956 1
710 956 1
698 956 1
689 957 1
680 957 1
675 957 1
671 958 1
668 957 1
665 957 1
663 957 1
661 957 1
660 957 1
660 955 1
659 956 1
657 954 1
657 955 1
657 955 1
657 955 1
657 955 1
657 955 1
657 955 1
655 954 1
655 952 1
653 950 1
649 944 1
643 937 1
637 928 1
632 920 1
629 914 1
627 910 1
624 907 1
624 905 1
622 902 1
623 901 1
621 899 1
622 898 1
622 896 1
622 896 1
623 894 1
623 893 1
623 892 1
623 890 1
624 890 1
625 888 1
625 887 1
626 885 1
627 884 1
627 884 1
628 882 1
629 882 1
629 881 1
630 879 1
631 879 1
632 879 1
634 878 1
635 877 1
637 875 1
638 875 1
640 875 1
642 874 1
644 874 1
647 874 1
649 874 1
650 874 1
652 874 1
653 874 1
655 875 1
660 877 1
667 879 1
676 885 1
686 893 1
694 902 1
700 908 1
704 913 1
708 918 1
710 923 1
712 925 1
714 928 1
715 931 1
715 934 1
716 938 1
716 941 1
717 946 1
717 952 1
718 957 1
718 963 1
719 967 1
719 971 1
719 974 1
719 976 1
719 979 1
719 982 1
719 983 1
719 984 1
719 986 1
717 989 1
717 996 1
715 1003 1
715 1009 1
715 1015 1
714 1022 1
712 1031 1
711 1042 1
712 1052 1
710 1062 1
710 1069 1
710 1075 1
709 1081 1
707 1085 1
708 1091 1
708 1097 1
707 1101 1
707 1104 1
707 1108 1
707 1111 1
707 1115 1
706 1120 1
703 1130 1
692 1147 1
675 1165 1
657 1183 1
637 1198 1
620 1209 1
609 1216 1
603 1221 1
597 1226 1
594 1229 1
596 1228 0
531 526 1
531 526 1
531 526 1
531 526 1
531 526 1
531 526 1
531 526 1
531 526 1
531 526 1
531 526 1
531 526 1
531 526 1
531 526 1
531 526 1
531 526 1
531 526 1
531 526 1
531 526 1
531 526 1
531 526 1
531 526 1
531 526 1
531 526 1
531 526 1
531 526 1
531 526 1
531 526 1
531 526 1
531 526 1
531 526 1
531 526 1
530 526 1
530 526 1
527 524 1
526 525 1
524 525 1
523 525 1
520 525 1
518 524 1
515 524 1
513 523 1
511 523 1
511 523 1
511 523 1
511 523 1
511 523 1
511 523 1
511 523 1
511 523 1
511 523 1
511 523 1
511 523 1
511 523 1
511 523 1
511 523 1
511 523 1
511 523 1
512 524 1
512 524 1
512 524 1
512 524 1
513 525 1
513 525 1
514 527 1
515 527 1
516 529 1
516 529 1
517 531 1
517 532 1
517 533 1
516 537 1
516 541 1
515 546 1
513 551 1
514 554 1
512 557 1
513 559 1
512 562 1
512 564 1
510 566 1
511 569 1
510 570 1
510 572 1
508 574 1
508 576 1
506 577 1
506 580 1
504 584 1
501 589 1
500 594 1
498 597 1
496 600 1
494 604 1
492 607 1
490 611 1
488 617 1
488 623 1
488 629 1
488 637 1
490 645 1
493 654 1
495 661 1
498 668 1
503 676 1
505 681 1
510 688 1
513 691 1
515 693 1
517 695 1
518 696 1
520 698 1
521 699 1
523 700 1
524 701 1
526 703 1
527 704 1
529 705 1
531 707 1
532 708 1
534 710 1
535 710 1
537 712 1
538 713 1
540 715 1
541 715 1
543 717 1
544 718 1
546 720 1
547 721 1
549 722 1
551 724 1
551 725 1
553 726 1
554 727 1
555 729 1
556 730 1
557 732 1
558 733 1
559 735 1
560 736 1
561 738 1
562 740 1
563 744 1
564 748 1
565 752 1
566 757 1
566 763 1
567 768 1
568 772 1
568 776 1
568 778 1
568 781 1
569 782 1
569 784 1
569 784 1
569 784 1
569 784 1
569 784 1
569 784 1
569 784 1
569 784 1
569 784 1
567 784 1
567 784 1
566 786 1
566 787 1
562 792 1
557 800 1
551 811 1
543 823 1
538 835 1
533 846 1
529 853 1
526 859 1
525 864 1
523 869 1
523 871 1
523 875 1
522 878 1
522 881 1
523 884 1
523 886 1
523 889 1
523 890 1
523 892 1
524 893 1
524 895 1
525 896 1
526 898 1
526 901 1
528 908 1
530 914 1
533 920 1
537 926 1
541 932 1
544 940 1
547 945 1
550 951 1
551 955 1
553 958 1
554 962 1
555 967 1
555 970 1
556 973 1
556 974 1
556 975 1
556 977 1
555 977 1
555 978 1
555 978 1
554 978 1
553 978 1
551 978 1
549 978 1
548 978 1
548 977 1
546 977 1
545 977 1
542 976 1
536 975 1
527 973 1
511 971 1
496 967 1
486 964 1
477 961 1
468 958 1
459 955 1
451 951 1
445 950 1
440 948 1
437 947 1
435 945 1
433 945 1
433 943 1
432 942 1
430 939 1
431 937 1
431 934 1
430 931 1
430 928 1
430 925 1
430 923 1
430 921 1
430 920 1
431 920 1
431 919 1
431 917 1
432 917 1
432 915 1
432 915 1
433 915 1
434 914 1
435 912 1
436 912 1
440 911 1
444 909 1
447 909 1
452 909 1
457 908 1
463 908 1
470 908 1
477 908 1
487 908 1
497 909 1
507 910 1
516 912 1
524 916 1
530 920 1
535 923 1
538 927 1
540 929 1
541 932 1
542 936 1
542 940 1
542 946 1
541 959 1
541 973 1
537 992 1
531 1012 1
524 1034 1
521 1055 1
517 1081 1
514 1108 1
510 1136 1
505 1164 1
501 1190 1
495 1213 1
488 1241 1
479 1271 1
483 1259 0
316 585 1
316 585 1
316 585 1
316 585 1
316 585 1
316 585 1
316 585 1
316 585 1
316 585 1
316 585 1
316 585 1
316 585 1
316 585 1
316 585 1
316 585 1
316 585 1
316 585 1
316 585 1
316 585 1
316 585 1
316 585 1
316 585 1
316 585 1
315 584 1
313 584 1
313 584 1
313 584 1
313 584 1
313 584 1
312 583 1
312 583 1
311 583 1
311 583 1
311 583 1
310 583 1
310 583 1
310 583 1
310 583 1
310 583 1
310 583 1
310 584 1
311 585 1
311 586 1
312 587 1
312 588 1
313 589 1
313 590 1
314 591 1
315 592 1
316 593 1
317 594 1
317 595 1
319 596 1
320 598 1
322 600 1
325 604 1
328 608 1
331 612 1
333 615 1
335 619 1
337 621 1
340 626 1
342 629 1
345 633 1
347 636 1
349 639 1
350 641 1
352 643 1
353 645 1
354 647 1
355 647 1
355 648 1
355 648 1
355 648 1
355 648 1
355 648 1
355 648 1
355 648 1
355 648 1
354 649 1
354 652 1
353 657 1
353 664 1
351 672 1
349 680 1
348 688 1
348 696 1
345 704 1
345 710 1
345 715 1
344 719 1
344 723 1
344 725 1
344 728 1
344 729 1
344 731 1
344 731 1
344 732 1
344 732 1
344 734 1
344 740 1
344 748 1
346 759 1
347 768 1
349 777 1
350 785 1
352 793 1
354 800 1
357 806 1
359 809 1
361 813 1
362 816 1
363 817 1
364 819 1
364 819 1
365 820 1
366 821 1
367 822 1
368 823 1
368 824 1
369 825 1
369 825 1
371 827 1
372 829 1
373 830 1
374 832 1
375 835 1
377 839 1
378 844 1
380 848 1
380 853 1
382 856 1
382 859 1
384 862 1
385 865 1
386 868 1
387 871 1
388 874 1
389 877 1
390 880 1
392 883 1
393 887 1
394 890 1
395 894 1
397 897 1
398 900 1
400 903 1
401 906 1
403 910 1
405 913 1
406 915 1
408 918 1
409 921 1
410 925 1
411 928 1
414 932 1
416 937 1
419 943 1
422 948 1
425 954 1
429 960 1
431 965 1
433 969 1
434 973 1
435 975 1
435 977 1
436 979 1
436 980 1
437 981 1
437 982 1
437 983 1
438 984 1
438 985 1
439 987 1
439 988 1
440 990 1
441 992 1
441 995 1
442 997 1
442 1000 1
442 1003 1
443 1006 1
443 1010 1
443 1014 1
443 1017 1
442 1020 1
442 1024 1
441 1027 1
441 1030 1
440 1033 1
438 1036 1
438 1038 1
438 1041 1
437 1042 1
435 1043 1
434 1044 1
434 1045 1
434 1045 1
433 1045 1
431 1046 1
429 1046 1
426 1047 1
422 1047 1
419 1048 1
415 1048 1
410 1048 1
406 1048 1
402 1049 1
397 1049 1
393 1049 1
389 1049 1
386 1049 1
383 1049 1
381 1049 1
379 1049 1
378 1048 1
376 1048 1
376 1048 1
374 1046 1
370 1047 1
366 1046 1
361 1046 1
356 1045 1
350 1045 1
344 1044 1
338 1042 1
333 1042 1
328 1042 1
322 1041 1
316 1039 1
310 1039 1
304 1039 1
297 1036 1
292 1036 1
287 1034 1
283 1034 1
280 1034 1
279 1033 1
277 1031 1
277 1031 1
278 1031 1
278 1030 1
278 1028 1
278 1028 1
278 1028 1
279 1025 1
279 1025 1
280 1025 1
280 1023 1
281 1023 1
281 1022 1
282 1020 1
282 1020 1
283 1018 1
283 1018 1
283 1016 1
284 1014 1
284 1011 1
284 1006 1
285 1002 1
285 997 1
285 992 1
285 988 1
285 983 1
285 980 1
285 976 1
285 973 1
285 971 1
285 968 1
284 967 1
284 965 1
282 963 1
281 962 1
279 960 1
278 959 1
276 957 1
275 956 1
273 954 1
272 954 1
270 952 1
269 951 1
267 949 1
264 947 1
262 946 1
260 944 1
259 944 1
257 942 1
257 941 1
255 939 1
255 939 1
256 938 1
256 937 1
256 937 1
256 936 1
256 934 1
256 933 1
256 933 1
257 934 1
257 933 1
257 933 1
257 932 1
258 932 1
258 931 1
259 931 1
259 930 1
261 928 1
262 928 1
264 928 1
265 927 1
267 925 1
270 924 1
273 925 1
276 923 1
279 924 1
282 922 1
284 923 1
286 923 1
287 923 1
288 923 1
288 924 1
289 924 1
290 924 1
291 925 1
292 925 1
292 926 1
293 927 1
293 927 1
294 928 1
295 930 1
296 934 1
297 942 1
300 949 1
303 958 1
308 967 1
313 975 1
317 982 1
322 990 1
327 998 1
332 1007 1
338 1016 1
344 1024 1
347 1032 1
352 1039 1
354 1044 1
356 1049 1
359 1053 1
360 1056 1
361 1060 1
362 1064 1
364 1069 1
365 1074 1
366 1078 1
367 1083 1
368 1088 1
368 1094 1
369 1100 1
369 1107 1
369 1113 1
369 1120 1
367 1132 1
364 1149 1
353 1169 1
344 1189 1
333 1208 1
320 1230 1
303 1255 1
283 1284 1
265 1318 1
273 1304 0
