100 1475 1
100 1475 1
100 1475 1
100 1475 1
100 1475 1
100 1475 1
100 1475 1
100 1475 1
100 1475 1
100 1475 1
100 1475 1
100 1475 1
100 1475 1
100 1475 1
100 1475 1
100 1475 1
99 1474 1
99 1474 1
98 1472 1
98 1470 1
96 1469 1
96 1466 1
94 1461 1
92 1456 1
90 1451 1
90 1447 1
88 1442 1
88 1438 1
88 1433 1
87 1428 1
87 1424 1
87 1420 1
88 1415 1
88 1413 1
89 1411 1
90 1407 1
91 1406 1
92 1403 1
93 1400 1
95 1397 1
97 1393 1
99 1390 1
100 1387 1
102 1384 1
103 1380 1
105 1375 1
106 1371 1
108 1365 1
109 1355 1
110 1345 1
111 1335 1
111 1324 1
112 1313 1
112 1302 1
112 1289 1
112 1275 1
112 1264 1
112 1255 1
112 1248 1
112 1243 1
112 1238 1
112 1233 1
113 1230 1
113 1225 1
113 1221 1
114 1217 1
114 1212 1
116 1207 1
118 1200 1
121 1192 1
126 1186 1
131 1177 1
138 1167 1
145 1156 1
152 1146 1
158 1136 1
164 1127 1
169 1120 1
172 1114 1
175 1108 1
178 1100 1
181 1092 1
184 1083 1
188 1074 1
190 1066 1
193 1059 1
194 1054 1
195 1048 1
196 1043 1
197 1036 1
197 1030 1
199 1024 1
199 1019 1
200 1016 1
201 1012 1
202 1010 1
203 1005 1
204 1002 1
205 998 1
206 995 1
207 991 1
208 986 1
210 979 1
211 971 1
212 961 1
213 950 1
214 939 1
215 930 1
215 921 1
215 910 1
214 899 1
212 887 1
212 877 1
210 867 1
209 858 1
207 850 1
204 842 1
199 834 1
197 830 1
194 825 1
190 821 1
188 817 1
185 813 1
182 810 1
180 806 1
179 802 1
177 799 1
177 796 1
175 794 1
175 793 1
175 792 1
175 792 1
175 792 1
175 792 1
175 792 1
175 792 1
175 792 1
175 792 1
175 792 1
175 792 1
175 792 1
175 792 1
175 792 1
175 792 1
175 792 1
175 792 1
175 792 1
175 792 1
175 792 1
172 792 1
172 793 1
170 795 1
169 795 1
167 797 1
165 799 1
164 799 1
162 801 1
161 802 1
159 804 1
158 804 1
156 806 1
156 807 1
154 808 1
153 809 1
151 811 1
151 811 1
150 812 1
150 813 1
149 814 1
147 815 1
147 816 1
147 817 1
146 817 1
144 819 1
144 819 1
143 820 1
143 821 1
143 822 1
142 824 1
141 827 1
139 830 1
139 835 1
139 839 1
138 844 1
138 848 1
138 853 1
136 858 1
137 865 1
135 873 1
136 882 1
135 889 1
135 897 1
134 903 1
134 908 1
134 912 1
134 915 1
134 919 1
134 922 1
134 925 1
134 931 1
134 937 1
134 945 1
134 954 1
134 963 1
135 971 1
135 978 1
136 985 1
137 989 1
138 994 1
139 997 1
141 1002 1
142 1006 1
144 1010 1
146 1015 1
147 1018 1
149 1021 1
150 1024 1
152 1026 1
153 1027 1
155 1029 1
156 1030 1
158 1031 1
161 1032 1
164 1033 1
171 1037 1
176 1040 1
181 1043 1
185 1047 1
189 1049 1
193 1052 1
196 1055 1
199 1058 1
202 1061 1
205 1062 1
207 1064 1
209 1064 1
211 1065 1
212 1066 1
212 1067 1
213 1068 1
213 1068 1
214 1069 1
214 1070 1
216 1072 1
216 1074 1
218 1080 1
219 1090 1
221 1100 1
222 1110 1
223 1120 1
225 1128 1
225 1137 1
225 1148 1
226 1158 1
226 1168 1
226 1176 1
226 1183 1
225 1188 1
225 1192 1
225 1197 1
223 1202 1
222 1207 1
222 1213 1
220 1219 1
219 1227 1
217 1236 1
216 1244 1
216 1253 1
214 1262 1
212 1273 1
213 1284 1
213 1296 1
215 1309 1
216 1319 1
218 1327 1
218 1333 1
220 1339 1
220 1344 1
221 1352 1
222 1360 1
225 1370 1
227 1379 1
229 1388 1
231 1394 1
233 1401 1
235 1406 1
236 1410 1
238 1413 1
239 1415 1
241 1417 1
242 1419 1
244 1421 1
245 1423 1
247 1425 1
248 1427 1
250 1429 1
252 1431 1
253 1432 1
255 1434 1
257 1435 1
259 1437 1
261 1438 1
263 1440 1
264 1441 1
266 1442 1
266 1443 1
266 1443 1
267 1443 1
267 1443 1
267 1443 1
267 1443 1
267 1443 1
267 1443 1
267 1443 1
267 1443 1
267 1443 1
267 1443 1
267 1443 1
267 1443 1
267 1443 1
267 1443 1
267 1443 1
267 1443 1
267 1443 1
267 1440 1
267 1439 1
267 1437 1
268 1434 1
268 1431 1
268 1426 1
268 1421 1
269 1414 1
270 1406 1
272 1399 1
273 1391 1
274 1383 1
275 1374 1
276 1364 1
277 1353 1
279 1342 1
279 1333 1
280 1326 1
280 1318 1
281 1310 1
281 1301 1
281 1294 1
281 1285 1
281 1277 1
281 1270 1
281 1265 1
281 1260 1
280 1254 1
278 1248 1
276 1240 1
275 1230 1
273 1219 1
271 1203 1
268 1185 1
265 1164 1
262 1145 1
261 1127 1
261 1112 1
260 1101 1
258 1090 1
259 1081 1
258 1072 1
258 1065 1
257 1057 1
257 1050 1
258 1043 1
259 1036 1
260 1029 1
262 1023 1
265 1016 1
269 1008 1
272 1000 1
275 993 1
278 985 1
281 978 1
284 971 1
287 964 1
290 956 1
293 948 1
296 937 1
298 927 1
300 916 1
302 907 1
303 900 1
305 892 1
306 884 1
307 877 1
307 868 1
307 859 1
307 850 1
305 844 1
305 839 1
303 834 1
302 831 1
301 828 1
299 826 1
299 824 1
297 822 1
297 821 1
297 821 1
297 821 1
297 821 1
297 821 1
295 821 1
293 821 1
292 821 1
290 822 1
288 823 1
286 826 1
282 830 1
278 837 1
273 845 1
268 856 1
262 869 1
256 885 1
250 899 1
245 913 1
242 926 1
239 938 1
236 950 1
236 959 1
234 968 1
235 974 1
236 980 1
236 985 1
239 993 1
241 1000 1
245 1009 1
248 1019 1
250 1028 1
253 1036 1
255 1043 1
258 1049 1
261 1057 1
264 1062 1
266 1066 1
269 1071 1
271 1076 1
275 1084 1
278 1091 1
281 1100 1
284 1108 1
287 1117 1
290 1126 1
293 1136 1
298 1148 1
301 1159 1
304 1168 1
306 1176 1
310 1184 1
313 1191 1
316 1197 1
319 1203 1
322 1210 1
325 1219 1
328 1229 1
331 1240 1
335 1251 1
338 1261 1
341 1272 1
344 1283 1
348 1297 1
350 1309 1
352 1319 1
353 1329 1
354 1338 1
354 1347 1
355 1358 1
354 1368 1
352 1377 1
351 1384 1
349 1391 1
347 1396 1
346 1399 1
344 1402 1
343 1405 1
343 1407 1
341 1409 1
341 1411 1
339 1412 1
339 1414 1
338 1415 1
338 1415 1
338 1416 1
338 1416 1
338 1416 1
338 1416 1
338 1417 1
338 1417 1
338 1417 1
338 1417 1
338 1417 1
338 1417 1
338 1417 1
338 1417 1
338 1417 1
338 1417 1
338 1417 1
338 1415 1
338 1415 1
340 1412 1
342 1409 1
344 1404 1
348 1400 1
351 1395 1
354 1389 1
357 1384 1
360 1375 1
363 1365 1
366 1355 1
368 1348 1
371 1340 1
372 1335 1
374 1332 1
374 1328 1
375 1326 1
375 1323 1
376 1320 1
377 1317 1
378 1315 1
379 1312 1
379 1309 1
380 1306 1
380 1302 1
381 1296 1
382 1289 1
382 1281 1
382 1274 1
382 1268 1
382 1261 1
382 1253 1
382 1245 1
381 1237 1
381 1228 1
379 1218 1
377 1211 1
377 1205 1
375 1199 1
375 1193 1
375 1191 1
374 1185 1
373 1181 1
373 1175 1
371 1168 1
369 1159 1
369 1149 1
367 1138 1
368 1127 1
366 1116 1
367 1106 1
367 1095 1
367 1084 1
367 1073 1
368 1063 1
368 1054 1
369 1046 1
370 1039 1
371 1030 1
372 1021 1
375 1008 1
378 995 1
381 983 1
387 970 1
394 959 1
399 950 1
402 941 1
405 932 1
407 922 1
409 912 1
410 898 1
412 883 1
412 868 1
411 853 1
410 841 1
409 831 1
409 823 1
407 818 1
405 813 1
405 810 1
403 807 1
404 807 1
402 805 1
402 805 1
402 805 1
402 805 1
402 805 1
402 805 1
402 805 1
402 805 1
401 806 1
401 806 1
398 807 1
394 808 1
389 811 1
384 816 1
377 823 1
370 831 1
363 840 1
357 849 1
352 858 1
348 864 1
344 872 1
341 880 1
339 888 1
336 897 1
334 905 1
332 913 1
333 922 1
334 931 1
336 942 1
339 951 1
343 961 1
347 968 1
350 975 1
354 982 1
357 988 1
361 997 1
365 1007 1
370 1020 1
374 1031 1
378 1040 1
382 1049 1
386 1057 1
389 1065 1
392 1074 1
395 1084 1
400 1091 1
403 1100 1
408 1106 1
411 1114 1
415 1119 1
417 1124 1
420 1129 1
423 1134 1
427 1141 1
430 1152 1
433 1163 1
436 1174 1
438 1183 1
439 1192 1
440 1203 1
440 1216 1
440 1231 1
441 1245 1
441 1259 1
442 1270 1
443 1280 1
443 1290 1
443 1299 1
441 1310 1
442 1317 1
442 1324 1
442 1329 1
443 1333 1
443 1337 1
444 1341 1
445 1346 1
447 1349 1
447 1354 1
449 1357 1
451 1362 1
453 1366 1
455 1371 1
458 1377 1
460 1383 1
462 1389 1
464 1393 1
466 1397 1
468 1400 1
468 1402 1
470 1404 1
471 1405 1
472 1407 1
474 1409 1
475 1410 1
476 1411 1
476 1411 1
476 1411 1
476 1411 1
477 1411 1
477 1411 1
477 1411 1
477 1411 1
477 1410 1
477 1408 1
478 1409 1
478 1409 1
478 1408 1
478 1408 1
478 1407 1
478 1407 1
479 1405 1
480 1405 1
480 1403 1
481 1401 1
482 1399 1
482 1398 1
483 1396 1
484 1396 1
484 1394 1
484 1393 1
485 1391 1
485 1390 1
486 1388 1
486 1384 1
487 1378 1
488 1368 1
489 1357 1
491 1344 1
493 1332 1
495 1318 1
497 1303 1
498 1290 1
499 1278 1
501 1269 1
502 1261 1
504 1252 1
506 1244 1
506 1236 1
508 1228 1
508 1217 1
510 1208 1
511 1198 1
513 1188 1
513 1179 1
514 1168 1
514 1156 1
515 1144 1
515 1132 1
514 1122 1
512 1112 1
511 1103 1
509 1091 1
507 1078 1
504 1064 1
502 1049 1
500 1032 1
498 1013 1
498 993 1
497 977 1
496 961 1
494 946 1
495 932 1
495 918 1
495 907 1
495 896 1
496 885 1
497 876 1
497 865 1
498 853 1
500 841 1
502 825 1
505 807 1
507 790 1
509 772 1
510 755 1
512 737 1
513 719 1
513 703 1
511 690 1
511 678 1
508 669 1
507 660 1
504 651 1
502 643 1
499 637 1
498 632 1
496 629 1
494 626 1
492 624 1
490 621 1
488 620 1
486 618 1
485 618 1
484 618 1
484 617 1
484 617 1
483 617 1
483 617 1
482 617 1
480 617 1
478 618 1
475 620 1
470 625 1
465 632 1
458 644 1
449 661 1
438 678 1
431 694 1
425 709 1
420 723 1
417 739 1
415 756 1
416 770 1
419 784 1
422 796 1
426 805 1
429 813 1
432 819 1
434 823 1
436 827 1
438 830 1
440 833 1
442 836 1
444 839 1
446 842 1
448 846 1
451 852 1
455 859 1
460 868 1
464 881 1
469 893 1
473 905 1
477 917 1
480 927 1
482 939 1
484 949 1
485 957 1
487 965 1
489 972 1
491 980 1
492 987 1
494 995 1
496 1007 1
498 1020 1
500 1033 1
501 1046 1
503 1060 1
504 1073 1
504 1085 1
504 1095 1
502 1104 1
501 1112 1
501 1119 1
501 1127 1
501 1135 1
501 1144 1
502 1153 1
503 1164 1
503 1172 1
505 1181 1
506 1191 1
509 1202 1
510 1212 1
513 1223 1
515 1233 1
517 1244 1
520 1254 1
522 1264 1
524 1273 1
526 1281 1
529 1289 1
530 1295 1
534 1303 1
536 1311 1
538 1316 1
540 1322 1
541 1327 1
544 1331 1
546 1336 1
549 1341 1
551 1347 1
553 1353 1
556 1362 1
561 1373 1
566 1384 1
571 1394 1
576 1404 1
579 1410 1
581 1418 1
583 1426 1
585 1433 1
586 1439 1
588 1445 1
589 1451 1
590 1454 1
591 1458 1
592 1460 1
592 1463 1
593 1465 1
593 1467 1
593 1468 1
593 1469 1
593 1469 1
593 1470 1
593 1470 1
593 1470 1
593 1471 1
593 1471 1
593 1471 1
593 1471 1
593 1472 1
593 1472 1
593 1472 1
593 1472 1
593 1472 1
593 1472 1
593 1472 1
593 1472 1
593 1472 1
593 1472 1
593 1472 1
593 1472 1
593 1472 1
593 1472 1
593 1472 1
593 1471 1
593 1468 1
593 1465 1
591 1460 1
591 1453 1
589 1443 1
588 1429 1
586 1413 1
585 1391 1
582 1368 1
581 1349 1
581 1334 1
579 1322 1
580 1311 1
580 1300 1
580 1291 1
580 1281 1
580 1273 1
580 1265 1
580 1255 1
580 1243 1
580 1227 1
581 1210 1
584 1195 1
585 1180 1
586 1166 1
586 1152 1
586 1141 1
585 1130 1
583 1120 1
583 1111 1
581 1104 1
581 1094 1
580 1084 1
580 1075 1
580 1066 1
581 1058 1
581 1048 1
582 1037 1
583 1022 1
584 1006 1
585 991 1
586 979 1
588 968 1
588 958 1
589 948 1
589 938 1
590 930 1
590 923 1
591 917 1
591 915 1
592 913 1
592 912 1
592 911 1
592 911 1
593 911 1
593 909 1
593 909 1
594 908 1
595 907 1
596 907 1
597 905 1
598 905 1
598 903 1
599 901 1
600 901 1
600 899 1
601 899 1
601 899 1
601 898 1
601 898 1
601 896 1
601 896 1
602 895 1
602 893 1
603 888 1
604 882 1
604 876 1
605 868 1
606 858 1
608 846 1
611 827 1
616 808 1
617 791 1
620 774 1
620 759 1
621 744 1
622 728 1
622 715 1
623 705 1
623 697 1
623 690 1
622 686 1
622 681 1
622 678 1
622 673 1
623 667 1
623 662 1
623 657 1
623 653 1
623 648 1
623 643 1
621 640 1
622 637 1
622 634 1
621 632 1
621 629 1
620 627 1
620 626 1
618 627 1
619 626 1
619 626 1
619 626 1
618 624 1
618 624 1
618 624 1
618 624 1
618 624 1
618 624 1
618 624 1
618 624 1
617 626 1
615 628 1
612 631 1
609 637 1
604 643 1
598 652 1
590 664 1
581 678 1
572 691 1
565 704 1
559 716 1
555 730 1
551 743 1
549 755 1
546 766 1
545 774 1
545 783 1
544 793 1
544 806 1
544 818 1
544 829 1
545 838 1
546 849 1
548 859 1
550 869 1
552 879 1
554 887 1
556 895 1
557 899 1
558 903 1
559 907 1
559 909 1
560 912 1
561 914 1
562 917 1
563 919 1
565 922 1
566 927 1
568 933 1
572 941 1
575 949 1
580 958 1
584 968 1
589 978 1
594 988 1
600 999 1
605 1011 1
611 1024 1
616 1033 1
621 1043 1
625 1049 1
627 1053 1
629 1057 1
631 1060 1
633 1063 1
634 1066 1
636 1069 1
637 1073 1
639 1078 1
641 1085 1
645 1095 1
650 1105 1
653 1116 1
657 1129 1
659 1144 1
662 1159 1
663 1171 1
665 1182 1
665 1189 1
666 1195 1
667 1200 1
668 1205 1
669 1209 1
670 1213 1
672 1218 1
672 1224 1
674 1230 1
674 1235 1
676 1243 1
676 1248 1
678 1254 1
679 1262 1
680 1270 1
683 1278 1
684 1287 1
686 1296 1
687 1304 1
689 1311 1
689 1318 1
691 1326 1
692 1331 1
693 1338 1
695 1344 1
696 1350 1
697 1356 1
697 1362 1
698 1369 1
698 1372 1
698 1375 1
698 1378 1
696 1381 1
697 1384 1
696 1386 1
696 1388 1
696 1388 1
696 1389 1
696 1389 1
694 1389 1
694 1389 1
695 1390 1
695 1390 1
695 1390 1
695 1390 1
695 1390 1
695 1389 1
696 1384 1
698 1377 1
700 1366 1
703 1352 1
706 1338 1
708 1322 1
709 1308 1
711 1293 1
712 1278 1
711 1264 1
709 1251 1
708 1239 1
705 1226 1
703 1214 1
700 1203 1
698 1194 1
696 1185 1
693 1174 1
691 1163 1
689 1151 1
688 1138 1
686 1128 1
686 1120 1
686 1112 1
686 1104 1
686 1097 1
686 1089 1
687 1081 1
687 1074 1
687 1069 1
687 1064 1
687 1060 1
687 1054 1
687 1048 1
687 1042 1
686 1033 1
686 1024 1
685 1010 1
685 996 1
682 981 1
681 966 1
679 948 1
678 929 1
678 910 1
677 890 1
675 872 1
676 857 1
677 843 1
678 830 1
681 819 1
683 807 1
684 798 1
686 790 1
687 784 1
688 779 1
689 774 1
692 768 1
693 764 1
695 759 1
697 752 1
701 744 1
704 733 1
707 723 1
710 713 1
714 703 1
718 694 1
722 685 1
725 677 1
727 667 1
730 659 1
731 652 1
733 645 1
734 640 1
735 636 1
736 632 1
737 628 1
737 625 1
737 620 1
738 615 1
737 611 1
737 606 1
734 601 1
732 596 1
729 592 1
727 590 1
725 588 1
725 588 1
725 588 1
724 588 1
724 588 1
724 588 1
724 588 1
720 594 1
715 601 1
708 613 1
700 629 1
691 648 1
685 666 1
678 683 1
674 695 1
670 706 1
667 716 1
664 727 1
661 737 1
658 747 1
657 754 1
658 762 1
658 768 1
658 778 1
659 788 1
660 802 1
662 818 1
663 834 1
666 849 1
669 864 1
673 879 1
677 893 1
680 904 1
684 914 1
686 924 1
689 935 1
691 945 1
693 954 1
694 961 1
695 967 1
697 973 1
697 977 1
699 981 1
699 986 1
701 991 1
703 999 1
706 1010 1
710 1021 1
715 1035 1
718 1047 1
721 1058 1
724 1071 1
727 1083 1
730 1096 1
732 1107 1
735 1119 1
737 1131 1
740 1143 1
742 1155 1
744 1164 1
745 1172 1
747 1180 1
748 1187 1
750 1192 1
752 1198 1
753 1203 1
755 1207 1
757 1213 1
759 1219 1
762 1225 1
765 1233 1
769 1240 1
771 1247 1
774 1254 1
776 1262 1
778 1268 1
779 1275 1
781 1281 1
782 1285 1
783 1288 1
783 1292 1
784 1296 1
784 1298 1
784 1301 1
785 1304 1
786 1308 1
788 1311 1
789 1315 1
791 1318 1
792 1321 1
794 1324 1
796 1327 1
797 1329 1
798 1332 1
799 1334 1
800 1336 1
801 1338 1
803 1340 1
804 1342 1
806 1344 1
806 1346 1
808 1348 1
810 1350 1
811 1351 1
811 1351 1
811 1351 1
812 1352 1
812 1352 1
812 1352 1
812 1352 1
812 1352 1
812 1352 1
812 1352 1
812 1352 1
812 1352 1
812 1352 1
812 1352 1
812 1352 1
812 1352 1
812 1348 1
811 1342 1
811 1334 1
811 1325 1
811 1314 1
812 1300 1
812 1288 1
813 1278 1
813 1271 1
814 1264 1
814 1261 1
812 1256 1
812 1252 1
810 1246 1
809 1236 1
808 1225 1
806 1213 1
804 1199 1
800 1185 1
797 1171 1
794 1157 1
792 1144 1
789 1131 1
787 1120 1
784 1109 1
781 1095 1
778 1083 1
775 1070 1
774 1059 1
772 1051 1
773 1042 1
773 1034 1
773 1026 1
773 1017 1
773 1011 1
774 1003 1
774 998 1
775 992 1
776 987 1
777 983 1
779 978 1
780 971 1
783 963 1
785 956 1
787 948 1
789 936 1
791 926 1
793 915 1
797 906 1
798 894 1
800 883 1
802 872 1
804 861 1
805 850 1
806 842 1
807 835 1
808 829 1
808 823 1
806 815 1
807 807 1
807 797 1
807 786 1
808 777 1
809 769 1
810 763 1
811 755 1
812 748 1
812 737 1
813 728 1
813 721 1
813 717 1
813 713 1
813 711 1
813 708 1
813 706 1
813 704 1
813 704 1
813 704 1
813 704 1
813 704 1
813 704 1
813 704 1
813 704 1
813 704 1
813 704 1
813 704 1
813 704 1
813 704 1
811 704 1
811 704 1
811 707 1
807 710 1
806 714 1
802 721 1
798 730 1
794 741 1
791 753 1
788 765 1
786 775 1
784 786 1
782 795 1
780 804 1
778 814 1
778 821 1
778 829 1
778 837 1
779 847 1
779 859 1
780 870 1
781 882 1
783 895 1
785 906 1
789 919 1
791 932 1
794 945 1
797 958 1
799 970 1
802 981 1
804 990 1
806 1000 1
808 1011 1
810 1022 1
813 1033 1
816 1043 1
819 1054 1
822 1067 1
827 1080 1
830 1093 1
834 1105 1
837 1116 1
840 1127 1
844 1139 1
847 1151 1
852 1162 1
855 1171 1
858 1179 1
860 1185 1
863 1192 1
864 1196 1
866 1201 1
867 1203 1
869 1206 1
871 1210 1
871 1212 1
873 1214 1
874 1216 1
876 1218 1
877 1219 1
880 1221 1
881 1222 1
884 1223 1
885 1224 1
887 1225 1
889 1226 1
891 1226 1
892 1227 1
893 1227 1
893 1227 1
894 1227 1
894 1227 1
894 1227 1
895 1227 1
895 1227 1
895 1227 1
896 1227 1
896 1226 1
896 1226 1
897 1221 1
898 1214 1
900 1199 1
902 1178 1
904 1152 1
906 1128 1
907 1104 1
907 1082 1
905 1062 1
906 1047 1
906 1035 1
905 1026 1
905 1018 1
905 1010 1
905 1004 1
905 998 1
905 993 1
905 990 1
905 986 1
905 981 1
905 975 1
906 969 1
906 958 1
907 948 1
907 933 1
908 917 1
909 898 1
910 876 1
911 856 1
912 838 1
913 819 1
913 801 1
915 785 1
917 773 1
920 762 1
923 753 1
925 744 1
926 738 1
928 730 1
930 722 1
931 714 1
932 706 1
933 694 1
933 679 1
932 661 1
930 640 1
929 618 1
926 597 1
921 580 1
917 567 1
911 556 1
906 548 1
900 542 1
894 536 1
887 533 1
883 530 1
880 528 1
878 528 1
876 528 1
875 527 1
875 527 1
875 528 1
871 532 1
867 540 1
863 550 1
857 563 1
851 583 1
845 603 1
841 628 1
839 652 1
839 673 1
840 689 1
843 702 1
844 712 1
846 721 1
848 728 1
851 736 1
853 743 1
856 749 1
858 754 1
862 758 1
863 760 1
864 762 1
866 764 1
867 766 1
868 768 1
869 771 1
872 775 1
875 782 1
878 790 1
884 799 1
888 807 1
892 815 1
895 822 1
898 828 1
901 835 1
904 841 1
908 848 1
911 856 1
915 862 1
919 870 1
922 877 1
926 884 1
931 894 1
935 903 1
940 911 1
945 920 1
951 928 1
956 936 1
962 945 1
968 952 1
973 958 1
977 964 1
979 968 1
981 971 1
982 972 1
983 975 1
984 975 1
985 977 1
985 980 1
987 983 1
987 989 1
989 997 1
991 1007 1
993 1020 1
996 1034 1
999 1049 1
1002 1066 1
1006 1084 1
1008 1100 1
1010 1111 1
1011 1122 1
1013 1131 1
1013 1140 1
1013 1149 1
1013 1156 1
1013 1163 1
1013 1168 1
1011 1173 1
1012 1176 1
1012 1181 1
1011 1184 1
1011 1187 1
1011 1189 1
1010 1192 1
1010 1196 1
1009 1203 1
1007 1215 1
1004 1231 1
1001 1247 1
997 1261 1
992 1275 1
987 1286 1
983 1293 1
985 1291 0
