834 417 1
832 417 1
832 417 1
832 418 1
830 420 1
828 423 1
822 427 1
812 435 1
794 450 1
772 469 1
750 489 1
726 511 1
702 533 1
663 568 1
636 591 1
609 615 1
586 639 1
565 661 1
546 682 1
524 707 1
498 739 1
468 779 1
436 822 1
409 859 1
385 893 1
363 925 1
344 956 1
325 989 1
304 1027 1
285 1065 1
267 1102 1
251 1136 1
239 1166 1
229 1194 1
222 1221 1
218 1246 1
215 1270 1
215 1294 1
215 1320 1
216 1347 1
218 1372 1
225 1395 1
233 1413 1
239 1426 1
247 1437 1
261 1454 1
275 1467 1
293 1478 1
313 1487 1
332 1493 1
350 1495 1
370 1495 1
389 1492 1
413 1484 1
439 1471 1
465 1457 1
492 1441 1
520 1422 1
553 1399 1
584 1376 1
614 1355 1
643 1332 1
673 1307 1
706 1274 1
740 1239 1
772 1200 1
800 1160 1
825 1123 1
847 1087 1
866 1057 1
883 1028 1
896 1000 1
909 972 1
920 943 1
931 914 1
942 882 1
954 850 1
967 813 1
982 774 1
994 735 1
1004 699 1
1012 662 1
1019 625 1
1026 587 1
1029 554 1
1032 526 1
1033 504 1
1032 487 1
1030 475 1
1027 464 1
1024 455 1
1020 446 1
1014 438 1
1006 432 1
997 426 1
988 421 1
977 418 1
966 416 1
954 415 1
940 415 1
922 417 1
900 423 1
869 432 1
836 443 1
805 453 1
783 462 1
765 472 1
748 482 1
735 494 1
721 509 1
705 528 1
688 552 1
669 579 1
650 607 1
633 636 1
617 664 1
602 691 1
585 719 1
571 744 1
558 767 1
544 788 1
530 809 1
515 830 1
499 851 1
483 872 1
467 893 1
450 914 1
433 934 1
417 954 1
404 972 1
390 989 1
376 1006 1
362 1023 1
349 1041 1
334 1056 1
323 1071 1
311 1085 1
303 1101 1
294 1114 1
287 1127 1
280 1141 1
273 1157 1
267 1173 1
262 1188 1
258 1202 1
254 1215 1
249 1228 1
247 1242 1
243 1255 1
240 1266 1
239 1279 1
237 1291 1
237 1304 1
237 1317 1
238 1329 1
239 1340 1
242 1352 1
246 1364 1
251 1376 1
257 1388 1
266 1398 1
276 1407 1
287 1415 1
299 1422 1
313 1427 1
326 1430 1
340 1431 1
355 1429 1
371 1426 1
388 1419 1
406 1411 1
425 1403 1
445 1393 1
466 1383 1
491 1372 1
517 1361 1
544 1348 1
569 1333 1
594 1320 1
620 1305 1
645 1291 1
668 1273 1
690 1257 1
711 1241 1
732 1222 1
753 1201 1
777 1178 1
801 1153 1
822 1129 1
842 1104 1
861 1078 1
879 1049 1
896 1016 1
911 982 1
922 948 1
932 915 1
942 881 1
949 850 1
957 815 1
966 780 1
974 746 1
980 713 1
989 683 1
997 652 1
1005 623 1
1011 593 1
1018 567 1
1023 540 1
1027 518 1
1029 495 1
1031 480 1
1029 466 1
1027 454 1
1025 447 1
1021 441 1
1018 436 1
1013 433 1
1005 430 1
993 428 1
975 428 1
953 431 1
923 437 1
886 447 1
846 462 1
805 481 1
766 499 1
732 517 1
706 534 1
682 552 1
662 570 1
641 589 1
619 611 1
597 636 1
576 662 1
555 689 1
535 717 1
517 745 1
499 773 1
482 799 1
467 821 1
453 844 1
438 868 1
425 890 1
414 913 1
401 935 1
388 958 1
376 978 1
364 997 1
351 1016 1
341 1035 1
331 1053 1
319 1071 1
310 1091 1
301 1108 1
293 1125 1
284 1140 1
277 1155 1
269 1171 1
262 1187 1
256 1204 1
249 1220 1
244 1237 1
239 1253 1
236 1270 1
232 1287 1
230 1303 1
229 1318 1
229 1332 1
230 1345 1
234 1360 1
240 1373 1
246 1385 1
257 1396 1
271 1406 1
288 1416 1
306 1423 1
325 1429 1
343 1433 1
361 1435 1
379 1436 1
396 1434 1
409 1432 1
425 1430 1
440 1427 1
456 1422 1
475 1414 1
496 1405 1
518 1395 1
541 1385 1
564 1376 1
587 1365 1
613 1352 1
639 1336 1
663 1321 1
684 1305 1
705 1289 1
727 1267 1
750 1240 1
774 1207 1
799 1169 1
821 1130 1
840 1093 1
859 1059 1
874 1029 1
887 1001 1
897 975 1
907 952 1
916 926 1
926 898 1
937 868 1
947 839 1
956 810 1
966 782 1
974 758 1
981 732 1
988 707 1
994 685 1
998 665 1
1002 647 1
1004 630 1
1007 613 1
1009 597 1
1011 582 1
1013 568 1
1014 556 1
1014 543 1
1015 532 1
1015 519 1
1013 505 1
1010 491 1
1005 474 1
996 460 1
985 446 1
973 434 1
959 426 1
945 420 1
931 418 1
914 418 1
889 422 1
855 435 1
817 450 1
777 472 1
740 493 1
705 514 1
672 538 1
643 562 1
615 584 1
589 611 1
566 636 1
544 662 1
521 689 1
501 717 1
481 746 1
460 776 1
438 807 1
416 838 1
395 869 1
377 898 1
361 927 1
346 955 1
331 983 1
316 1011 1
302 1039 1
289 1065 1
281 1089 1
272 1110 1
267 1129 1
259 1151 1
252 1173 1
245 1199 1
236 1225 1
228 1248 1
224 1264 1
220 1280 1
218 1294 1
216 1306 1
217 1317 1
218 1329 1
221 1341 1
226 1356 1
232 1371 1
239 1386 1
247 1398 1
257 1409 1
266 1420 1
280 1428 1
293 1435 1
307 1440 1
325 1443 1
344 1444 1
368 1442 1
394 1438 1
421 1428 1
450 1415 1
478 1401 1
503 1386 1
526 1371 1
547 1358 1
566 1344 1
586 1330 1
606 1315 1
628 1297 1
653 1279 1
680 1258 1
709 1237 1
740 1212 1
772 1185 1
799 1159 1
826 1129 1
848 1101 1
869 1072 1
890 1041 1
913 1001 1
936 959 1
957 918 1
973 885 1
987 855 1
999 828 1
1008 800 1
1015 770 1
1020 738 1
1024 707 1
1027 678 1
1029 649 1
1030 623 1
1030 595 1
1032 568 1
1032 542 1
1033 517 1
1033 496 1
1032 482 1
1030 469 1
1027 460 1
1024 452 1
1019 445 1
1011 440 1
1000 436 1
986 433 1
968 431 1
947 433 1
917 438 1
883 445 1
845 460 1
808 476 1
771 496 1
736 522 1
704 548 1
673 577 1
645 605 1
619 631 1
595 657 1
572 682 1
553 705 1
534 728 1
516 749 1
499 771 1
481 792 1
464 813 1
445 837 1
427 862 1
408 886 1
391 910 1
375 932 1
360 954 1
345 975 1
333 996 1
322 1016 1
310 1035 1
300 1053 1
290 1070 1
283 1087 1
275 1104 1
268 1123 1
260 1141 1
253 1162 1
246 1181 1
238 1202 1
233 1220 1
229 1238 1
226 1253 1
225 1268 1
225 1281 1
227 1294 1
229 1308 1
232 1321 1
237 1334 1
242 1348 1
249 1360 1
258 1375 1
270 1388 1
281 1398 1
294 1406 1
306 1413 1
320 1418 1
335 1423 1
352 1424 1
370 1424 1
388 1421 1
408 1416 1
427 1410 1
445 1403 1
463 1396 1
481 1389 1
501 1381 1
524 1373 1
545 1360 1
568 1346 1
591 1330 1
614 1311 1
636 1293 1
660 1271 1
684 1249 1
711 1225 1
738 1196 1
769 1164 1
796 1130 1
824 1095 1
849 1060 1
868 1031 1
888 1002 1
904 973 1
920 944 1
937 913 1
955 880 1
971 845 1
986 811 1
998 779 1
1008 750 1
1015 721 1
1021 694 1
1025 668 1
1028 642 1
1030 617 1
1032 591 1
1034 566 1
1034 538 1
1035 513 1
1036 486 1
1036 464 1
1036 445 1
1034 430 1
1031 419 1
1030 410 1
1025 404 1
1019 398 1
1011 395 1
1001 392 1
985 393 1
953 401 1
915 413 1
869 435 1
820 460 1
773 488 1
733 515 1
695 545 1
662 571 1
634 596 1
610 618 1
590 639 1
574 658 1
556 678 1
535 703 1
515 729 1
494 753 1
476 775 1
458 795 1
442 815 1
428 833 1
416 853 1
402 874 1
389 896 1
372 923 1
357 948 1
343 972 1
329 996 1
317 1019 1
305 1042 1
295 1062 1
287 1083 1
280 1103 1
273 1122 1
267 1142 1
261 1162 1
254 1181 1
249 1201 1
245 1220 1
240 1240 1
237 1261 1
234 1284 1
231 1305 1
230 1325 1
231 1343 1
232 1361 1
235 1374 1
238 1385 1
242 1395 1
247 1404 1
254 1414 1
263 1423 1
275 1432 1
290 1439 1
306 1444 1
323 1447 1
342 1446 1
362 1443 1
381 1439 1
400 1432 1
417 1425 1
432 1417 1
446 1409 1
459 1401 1
472 1393 1
486 1386 1
501 1378 1
518 1368 1
537 1357 1
557 1342 1
581 1328 1
604 1313 1
627 1296 1
653 1275 1
678 1249 1
706 1219 1
733 1186 1
759 1151 1
785 1114 1
807 1075 1
829 1036 1
848 998 1
866 962 1
884 925 1
904 887 1
922 848 1
940 810 1
956 772 1
972 736 1
984 708 1
997 680 1
1008 652 1
1018 626 1
1028 597 1
1035 571 1
1041 549 1
1044 532 1
1047 518 1
1048 505 1
1048 496 1
1048 489 1
1046 484 1
1044 479 1
1042 477 1
1037 473 1
1029 469 1
1015 463 1
1000 459 1
984 455 1
966 452 1
946 450 1
924 451 1
898 455 1
867 460 1
833 472 1
799 485 1
764 504 1
728 527 1
693 553 1
661 582 1
630 611 1
603 641 1
578 669 1
557 697 1
536 726 1
514 756 1
495 785 1
474 813 1
454 842 1
434 870 1
414 895 1
397 920 1
382 943 1
368 966 1
355 988 1
341 1009 1
330 1031 1
318 1054 1
307 1078 1
297 1100 1
288 1123 1
280 1147 1
274 1171 1
268 1192 1
264 1213 1
261 1232 1
259 1252 1
257 1271 1
255 1291 1
256 1308 1
257 1324 1
258 1340 1
260 1356 1
263 1373 1
266 1388 1
271 1402 1
273 1414 1
279 1424 1
283 1434 1
290 1442 1
297 1448 1
304 1453 1
311 1456 1
320 1459 1
331 1459 1
344 1456 1
359 1454 1
374 1449 1
389 1445 1
403 1440 1
421 1431 1
439 1422 1
458 1410 1
476 1399 1
498 1387 1
519 1374 1
540 1362 1
563 1345 1
584 1329 1
610 1308 1
636 1285 1
662 1258 1
688 1227 1
715 1192 1
740 1152 1
764 1111 1
787 1070 1
805 1034 1
820 999 1
835 968 1
847 934 1
858 903 1
870 874 1
881 846 1
896 819 1
911 785 1
926 753 1
941 720 1
954 690 1
966 661 1
978 635 1
989 609 1
999 583 1
1008 558 1
1015 535 1
1020 515 1
1025 497 1
1028 484 1
1030 472 1
1031 462 1
1032 454 1
1032 447 1
1030 443 1
1028 440 1
1026 438 1
1022 436 1
1015 434 1
1003 434 1
985 435 1
963 436 1
934 440 1
904 446 1
869 456 1
831 471 1
794 489 1
754 512 1
717 535 1
682 561 1
648 590 1
616 619 1
584 653 1
555 687 1
528 722 1
504 755 1
480 786 1
462 814 1
444 840 1
430 862 1
411 892 1
392 923 1
373 955 1
355 986 1
341 1010 1
327 1036 1
316 1058 1
306 1078 1
298 1097 1
291 1115 1
286 1132 1
281 1149 1
277 1168 1
273 1186 1
268 1205 1
265 1225 1
264 1244 1
262 1264 1
262 1283 1
262 1302 1
264 1317 1
265 1329 1
268 1339 1
272 1347 1
277 1356 1
283 1364 1
293 1373 1
306 1381 1
320 1389 1
339 1395 1
359 1399 1
379 1400 1
398 1398 1
415 1392 1
432 1385 1
447 1377 1
462 1369 1
478 1356 1
496 1338 1
519 1310 1
548 1274 1
579 1232 1
608 1189 1
635 1151 1
658 1118 1
679 1088 1
698 1059 1
716 1031 1
734 1000 1
752 971 1
768 944 1
784 918 1
798 889 1
812 862 1
825 835 1
839 808 1
852 782 1
861 759 1
871 735 1
878 715 1
884 694 1
889 673 1
895 653 1
899 632 1
902 615 1
903 597 1
904 581 1
902 569 1
900 557 1
897 548 1
893 541 1
889 534 1
881 528 1
873 522 1
860 519 1
844 516 1
821 515 1
790 521 1
755 530 1
713 549 1
671 572 1
629 600 1
590 630 1
556 660 1
528 688 1
504 716 1
484 744 1
464 775 1
442 809 1
421 843 1
397 880 1
378 911 1
362 935 1
349 957 1
339 977 1
327 997 1
315 1020 1
300 1049 1
286 1076 1
274 1102 1
264 1125 1
256 1147 1
250 1168 1
244 1191 1
239 1218 1
234 1249 1
231 1282 1
229 1311 1
227 1337 1
229 1362 1
232 1376 1
235 1389 1
239 1398 1
244 1407 1
249 1414 1
256 1421 1
264 1428 1
276 1433 1
290 1439 1
308 1441 1
332 1442 1
357 1440 1
381 1436 1
402 1430 1
424 1422 1
443 1414 1
463 1403 1
482 1391 1
508 1373 1
533 1354 1
564 1331 1
596 1308 1
629 1281 1
662 1254 1
694 1226 1
723 1196 1
751 1163 1
777 1126 1
803 1090 1
825 1053 1
844 1022 1
861 994 1
874 968 1
886 942 1
897 917 1
908 891 1
919 863 1
933 832 1
950 792 1
967 751 1
984 712 1
998 675 1
1007 645 1
1013 616 1
1019 587 1
1022 558 1
1025 530 1
1026 505 1
1027 485 1
1028 467 1
1026 454 1
1023 443 1
1019 436 1
1011 430 1
1002 426 1
986 425 1
965 426 1
945 429 1
914 435 1
885 443 1
848 461 1
806 482 1
763 510 1
721 540 1
680 568 1
648 594 1
616 618 1
592 639 1
571 658 1
553 676 1
538 692 1
523 709 1
510 726 1
491 749 1
475 771 1
455 797 1
437 825 1
419 853 1
402 883 1
386 912 1
371 941 1
358 969 1
345 1000 1
332 1031 1
321 1063 1
311 1095 1
302 1123 1
295 1148 1
291 1171 1
288 1191 1
285 1211 1
282 1231 1
281 1251 1
280 1269 1
280 1287 1
280 1303 1
280 1316 1
280 1327 1
281 1337 1
284 1347 1
288 1355 1
292 1365 1
297 1375 1
305 1383 1
314 1391 1
325 1399 1
340 1407 1
356 1412 1
374 1417 1
392 1421 1
411 1422 1
429 1420 1
446 1417 1
463 1412 1
479 1405 1
494 1398 1
507 1392 1
531 1380 1
545 1372 1
560 1362 1
577 1351 1
598 1335 1
624 1316 1
649 1295 1
675 1273 1
703 1249 1
729 1224 1
754 1196 1
780 1166 1
804 1135 1
828 1102 1
851 1066 1
869 1030 1
889 993 1
906 961 1
920 930 1
934 900 1
944 871 1
954 840 1
963 805 1
973 770 1
982 734 1
992 696 1
1000 658 1
1009 622 1
1016 588 1
1023 551 1
1028 521 1
1032 496 1
1035 475 1
1037 459 1
1038 446 1
1036 439 1
1033 433 1
1024 432 1
1010 433 1
988 437 1
959 445 1
928 455 1
889 474 1
848 494 1
805 518 1
765 545 1
727 570 1
693 595 1
661 620 1
631 644 1
606 668 1
579 693 1
556 719 1
532 745 1
509 770 1
487 794 1
467 818 1
447 842 1
427 867 1
409 892 1
392 918 1
374 945 1
360 970 1
346 997 1
333 1023 1
322 1050 1
310 1077 1
297 1107 1
285 1137 1
268 1188 1
262 1209 1
258 1226 1
257 1241 1
255 1255 1
255 1270 1
256 1285 1
257 1302 1
259 1318 1
262 1332 1
265 1343 1
269 1355 1
273 1364 1
279 1372 1
289 1379 1
304 1387 1
322 1393 1
342 1397 1
367 1396 1
390 1393 1
415 1388 1
436 1382 1
454 1377 1
471 1371 1
487 1365 1
501 1357 1
518 1348 1
534 1337 1
551 1326 1
568 1315 1
587 1302 1
599 1295 1
658 1242 1
689 1209 1
720 1178 1
760 1131 1
792 1092 1
818 1059 1
841 1026 1
860 998 1
879 969 1
895 938 1
909 906 1
922 874 1
935 840 1
945 809 1
954 778 1
963 752 1
981 694 1
991 662 1
999 632 1
1005 605 1
1010 580 1
1015 556 1
1019 534 1
1020 516 1
1021 502 1
1022 490 1
1019 482 1
1014 476 1
1003 471 1
986 466 1
936 468 1
899 478 1
858 492 1
815 512 1
773 534 1
699 578 1
666 604 1
635 632 1
577 690 1
526 747 1
486 798 1
470 820 1
454 843 1
439 866 1
425 891 1
410 915 1
384 961 1
371 982 1
362 1003 1
352 1022 1
345 1041 1
338 1059 1
331 1077 1
325 1095 1
318 1114 1
311 1131 1
305 1149 1
300 1167 1
296 1183 1
293 1197 1
291 1211 1
289 1226 1
287 1243 1
287 1259 1
288 1276 1
291 1294 1
293 1309 1
296 1322 1
298 1336 1
301 1350 1
304 1362 1
308 1373 1
314 1384 1
320 1391 1
326 1398 1
333 1404 1
344 1408 1
354 1411 1
366 1413 1
379 1411 1
393 1409 1
407 1402 1
423 1396 1
436 1390 1
450 1384 1
463 1379 1
479 1370 1
498 1360 1
518 1349 1
539 1337 1
564 1323 1
592 1305 1
620 1287 1
648 1266 1
675 1246 1
703 1224 1
728 1199 1
753 1175 1
776 1149 1
797 1123 1
816 1097 1
833 1070 1
847 1045 1
861 1019 1
874 994 1
886 967 1
896 940 1
906 912 1
914 884 1
922 856 1
931 827 1
941 794 1
951 757 1
960 720 1
969 685 1
977 653 1
984 627 1
990 603 1
1001 562 1
1005 545 1
1008 529 1
1010 515 1
1011 503 1
1009 494 1
1007 489 1
1001 483 1
993 480 1
978 479 1
959 481 1
902 494 1
867 507 1
828 522 1
787 541 1
747 559 1
712 579 1
678 600 1
651 620 1
626 642 1
603 665 1
580 691 1
556 719 1
533 746 1
510 775 1
490 800 1
472 822 1
457 843 1
442 863 1
428 886 1
414 908 1
402 930 1
390 953 1
380 973 1
370 991 1
362 1008 1
354 1025 1
347 1042 1
342 1057 1
335 1072 1
329 1088 1
324 1104 1
318 1120 1
313 1136 1
306 1153 1
300 1169 1
296 1183 1
291 1196 1
286 1220 1
283 1233 1
280 1245 1
278 1257 1
277 1269 1
276 1282 1
276 1295 1
275 1306 1
275 1318 1
275 1326 1
275 1334 1
277 1342 1
280 1350 1
284 1357 1
288 1364 1
299 1375 1
306 1379 1
313 1382 1
320 1384 1
329 1384 1
340 1384 1
354 1381 1
368 1377 1
381 1375 1
396 1370 1
410 1365 1
424 1360 1
438 1351 1
450 1344 1
462 1335 1
473 1328 1
484 1320 1
496 1311 1
509 1300 1
525 1288 1
542 1273 1
562 1257 1
583 1235 1
606 1211 1
630 1185 1
651 1161 1
671 1137 1
688 1117 1
703 1097 1
717 1076 1
731 1053 1
745 1033 1
757 1010 1
769 989 1
778 968 1
788 949 1
798 929 1
807 910 1
815 891 1
825 872 1
834 853 1
845 836 1
857 815 1
870 795 1
882 774 1
894 752 1
905 727 1
916 701 1
924 675 1
933 652 1
939 631 1
946 610 1
950 589 1
954 569 1
957 549 1
960 528 1
961 509 1
961 493 1
959 479 1
955 469 1
951 462 1
945 456 1
934 453 1
916 453 1
881 465 1
838 483 1
792 505 1
745 529 1
702 554 1
665 579 1
625 614 1
588 647 1
553 686 1
523 722 1
501 751 1
479 780 1
461 805 1
442 829 1
425 853 1
407 878 1
388 905 1
371 931 1
355 958 1
342 984 1
331 1008 1
319 1032 1
310 1058 1
300 1085 1
292 1113 1
287 1141 1
282 1167 1
279 1192 1
278 1215 1
278 1236 1
278 1253 1
279 1267 1
282 1281 1
286 1295 1
292 1307 1
299 1319 1
305 1328 1
312 1337 1
319 1344 1
328 1350 1
339 1354 1
354 1357 1
372 1358 1
394 1355 1
414 1348 1
433 1339 1
452 1329 1
468 1319 1
485 1309 1
504 1297 1
523 1283 1
551 1264 1
583 1240 1
623 1209 1
663 1175 1
703 1141 1
739 1109 1
770 1080 1
797 1054 1
820 1028 1
839 1005 1
857 978 1
874 947 1
893 912 1
913 876 1
929 843 1
944 813 1
956 786 1
967 763 1
977 736 1
989 709 1
996 681 1
1004 652 1
1009 626 1
1013 601 1
1015 577 1
1016 561 1
1014 547 1
1012 538 1
1009 530 1
1005 523 1
997 518 1
989 512 1
977 508 1
971 505 1
952 502 1
933 502 1
908 505 1
870 518 1
821 540 1
759 575 1
698 615 1
643 654 1
592 697 1
545 743 1
502 791 1
468 835 1
437 879 1
414 916 1
393 953 1
372 989 1
353 1023 1
335 1055 1
319 1083 1
306 1109 1
295 1129 1
285 1150 1
278 1168 1
273 1185 1
267 1202 1
263 1219 1
259 1233 1
256 1247 1
256 1260 1
256 1272 1
257 1284 1
261 1299 1
265 1313 1
271 1326 1
279 1339 1
289 1353 1
301 1365 1
313 1376 1
325 1384 1
337 1391 1
348 1397 1
360 1402 1
371 1405 1
383 1408 1
399 1409 1
413 1407 1
428 1404 1
441 1400 1
456 1393 1
470 1385 1
482 1378 1
496 1366 1
510 1353 1
526 1337 1
545 1319 1
567 1301 1
593 1277 1
621 1254 1
648 1231 1
681 1201 1
709 1174 1
736 1148 1
762 1121 1
784 1099 1
804 1075 1
822 1053 1
840 1030 1
860 1005 1
880 978 1
897 952 1
913 928 1
925 905 1
937 881 1
951 852 1
966 817 1
982 780 1
996 741 1
1007 707 1
1016 673 1
1022 637 1
1028 604 1
1031 574 1
1033 549 1
1034 528 1
1035 513 1
1033 500 1
1032 491 1
1029 483 1
1025 479 1
1019 474 1
1011 470 1
995 470 1
974 471 1
946 476 1
913 486 1
871 502 1
813 534 1
751 572 1
688 619 1
625 676 1
572 728 1
534 774 1
501 818 1
474 860 1
449 905 1
427 948 1
407 988 1
387 1025 1
371 1057 1
355 1086 1
342 1112 1
332 1137 1
323 1158 1
316 1178 1
310 1193 1
306 1208 1
302 1223 1
298 1238 1
296 1253 1
293 1269 1
291 1285 1
290 1303 1
288 1319 1
289 1336 1
291 1351 1
294 1365 1
299 1378 1
304 1388 1
311 1399 1
316 1407 1
322 1414 1
329 1419 1
336 1424 1
343 1429 1
353 1432 1
364 1435 1
375 1437 1
389 1438 1
403 1436 1
421 1433 1
437 1427 1
452 1419 1
467 1410 1
480 1400 1
493 1391 1
507 1382 1
522 1368 1
544 1349 1
569 1323 1
600 1291 1
630 1257 1
659 1226 1
687 1195 1
712 1166 1
737 1137 1
762 1108 1
782 1081 1
802 1056 1
820 1034 1
837 1013 1
852 992 1
866 971 1
880 950 1
894 926 1
909 903 1
921 880 1
931 859 1
943 836 1
952 816 1
961 790 1
971 761 1
980 732 1
987 704 1
994 678 1
1000 651 1
1006 627 1
1011 606 1
1014 585 1
1017 568 1
1017 553 1
1019 539 1
1019 528 1
1017 519 1
1014 512 1
1010 505 1
1004 499 1
993 495 1
981 492 1
966 493 1
941 496 1
914 502 1
884 511 1
849 523 1
814 540 1
776 561 1
739 584 1
703 610 1
671 634 1
643 657 1
616 680 1
592 703 1
571 724 1
550 746 1
529 770 1
506 796 1
485 822 1
466 847 1
446 878 1
427 905 1
414 929 1
400 952 1
387 974 1
372 999 1
358 1024 1
345 1052 1
332 1080 1
322 1105 1
311 1128 1
304 1149 1
298 1170 1
294 1191 1
292 1211 1
290 1234 1
288 1255 1
289 1276 1
291 1297 1
295 1317 1
301 1336 1
308 1355 1
316 1372 1
325 1385 1
334 1397 1
346 1405 1
358 1412 1
372 1419 1
388 1423 1
408 1424 1
429 1423 1
451 1422 1
474 1416 1
498 1406 1
520 1397 1
544 1384 1
570 1368 1
598 1348 1
627 1326 1
655 1296 1
686 1259 1
718 1215 1
752 1161 1
785 1107 1
816 1055 1
843 1007 1
868 959 1
890 912 1
911 864 1
929 818 1
945 774 1
960 735 1
976 696 1
991 657 1
1003 618 1
1014 580 1
1021 550 1
1025 525 1
1027 506 1
1027 493 1
1025 485 1
1023 478 1
1017 475 1
1008 471 1
991 467 1
971 465 1
948 466 1
916 473 1
875 486 1
824 507 1
773 533 1
723 561 1
673 593 1
628 626 1
588 664 1
552 706 1
520 750 1
490 795 1
464 836 1
441 873 1
420 908 1
400 943 1
380 979 1
359 1016 1
334 1065 1
305 1124 1
272 1191 1
246 1249 1
258 1224 0
