651 931 1
651 931 1
651 931 1
651 931 1
651 931 1
651 931 1
651 931 1
651 931 1
651 931 1
651 931 1
651 931 1
650 931 1
648 932 1
644 934 1
642 937 1
638 938 1
634 940 1
630 941 1
626 943 1
624 943 1
620 943 1
618 943 1
616 942 1
613 940 1
612 939 1
612 936 1
610 932 1
612 927 1
613 922 1
618 917 1
622 912 1
627 908 1
633 906 1
637 904 1
643 904 1
647 904 1
650 906 1
654 908 1
657 913 1
659 917 1
661 924 1
662 932 1
660 943 1
656 953 1
650 963 1
644 972 1
637 980 1
630 987 1
623 990 1
616 993 1
609 994 1
599 992 1
590 987 1
581 979 1
572 969 1
566 959 1
563 946 1
560 932 1
561 920 1
562 907 1
565 897 1
571 885 1
577 875 1
586 867 1
593 860 1
602 855 1
611 852 1
621 850 1
632 850 1
646 852 1
660 855 1
673 860 1
687 866 1
697 874 1
707 882 1
715 892 1
721 901 1
725 909 1
728 917 1
730 927 1
731 938 1
728 951 1
722 965 1
715 979 1
706 993 1
696 1007 1
685 1020 1
674 1031 1
664 1042 1
654 1047 1
644 1053 1
635 1056 1
625 1059 1
616 1062 1
601 1062 1
586 1059 1
564 1052 1
546 1044 1
533 1036 1
520 1023 1
510 1012 1
502 999 1
495 985 1
490 971 1
486 955 1
483 940 1
482 923 1
482 909 1
483 896 1
483 885 1
485 867 1
489 857 1
493 847 1
499 838 1
507 829 1
515 819 1
524 812 1
534 805 1
544 798 1
555 792 1
564 788 1
574 786 1
584 783 1
594 781 1
605 781 1
616 781 1
628 782 1
639 783 1
649 785 1
659 788 1
669 791 1
678 794 1
687 798 1
697 803 1
705 807 1
713 812 1
720 818 1
727 824 1
733 830 1
739 837 1
744 843 1
750 850 1
754 857 1
759 866 1
764 876 1
768 886 1
772 898 1
774 906 1
776 916 1
778 924 1
780 934 1
781 943 1
781 954 1
781 963 1
780 971 1
780 978 1
778 985 1
776 991 1
774 998 1
771 1005 1
768 1012 1
766 1020 1
762 1028 1
758 1035 1
754 1041 1
749 1048 1
744 1053 1
739 1059 1
734 1064 1
727 1069 1
720 1075 1
714 1079 1
706 1083 1
697 1088 1
689 1091 1
678 1096 1
669 1100 1
657 1102 1
646 1104 1
636 1107 1
624 1107 1
612 1107 1
599 1105 1
586 1103 1
573 1101 1
557 1096 1
543 1093 1
528 1088 1
516 1083 1
504 1077 1
493 1070 1
481 1061 1
471 1053 1
461 1045 1
454 1037 1
445 1026 1
438 1015 1
430 1003 1
424 989 1
419 977 1
414 963 1
411 950 1
408 937 1
406 924 1
405 911 1
405 898 1
406 886 1
407 875 1
408 865 1
410 857 1
412 847 1
415 839 1
418 832 1
422 823 1
426 816 1
431 807 1
436 797 1
442 788 1
449 780 1
456 771 1
464 764 1
472 757 1
481 750 1
489 743 1
498 736 1
507 730 1
515 724 1
524 720 1
532 715 1
541 710 1
548 706 1
556 703 1
565 701 1
572 699 1
579 696 1
585 695 1
592 695 1
599 693 1
605 693 1
612 693 1
619 693 1
626 694 1
633 695 1
641 697 1
647 699 1
654 701 1
661 703 1
667 706 1
674 708 1
681 710 1
687 713 1
695 716 1
701 718 1
708 721 1
714 723 1
720 727 1
727 730 1
734 734 1
742 739 1
750 744 1
758 750 1
765 755 1
772 761 1
780 767 1
786 772 1
793 777 1
798 782 1
805 787 1
810 792 1
816 798 1
822 804 1
826 810 1
832 817 1
835 823 1
838 829 1
842 835 1
845 840 1
848 846 1
850 851 1
853 858 1
856 865 1
858 872 1
861 881 1
862 888 1
865 896 1
867 904 1
869 911 1
872 918 1
872 925 1
873 932 1
874 940 1
876 948 1
876 957 1
876 963 1
876 970 1
875 974 1
875 979 1
873 985 1
873 989 1
871 995 1
870 1001 1
868 1008 1
867 1015 1
864 1024 1
860 1031 1
858 1039 1
848 1053 1
843 1061 1
837 1068 1
831 1077 1
824 1086 1
817 1094 1
810 1104 1
802 1112 1
794 1120 1
786 1127 1
778 1132 1
772 1138 1
759 1146 1
751 1152 1
742 1158 1
734 1165 1
724 1170 1
716 1176 1
707 1180 1
699 1185 1
689 1187 1
680 1191 1
672 1194 1
663 1197 1
653 1199 1
643 1200 1
635 1201 1
625 1201 1
613 1200 1
600 1197 1
585 1195 1
567 1189 1
550 1183 1
534 1177 1
517 1170 1
500 1163 1
486 1155 1
471 1147 1
457 1136 1
444 1125 1
433 1115 1
423 1107 1
414 1098 1
405 1088 1
396 1075 1
390 1064 1
383 1052 1
377 1040 1
374 1031 1
368 1018 1
364 1006 1
360 993 1
357 981 1
355 969 1
352 957 1
349 944 1
345 932 1
343 920 1
340 907 1
339 895 1
337 883 1
336 871 1
334 860 1
335 851 1
334 841 1
334 831 1
335 821 1
336 812 1
337 802 1
340 791 1
343 781 1
347 772 1
350 763 1
354 755 1
357 746 1
360 737 1
364 728 1
368 718 1
372 709 1
377 700 1
381 693 1
387 685 1
391 677 1
397 668 1
403 658 1
408 649 1
415 639 1
423 630 1
430 622 1
438 615 1
446 609 1
453 602 1
461 598 1
468 592 1
476 588 1
484 583 1
492 581 1
502 577 1
510 573 1
519 571 1
530 568 1
540 567 1
552 565 1
565 563 1
577 564 1
589 564 1
600 564 1
612 564 1
624 565 1
636 566 1
646 568 1
655 569 1
664 571 1
673 573 1
681 575 1
688 576 1
695 578 1
702 580 1
708 582 1
715 585 1
721 587 1
727 590 1
733 593 1
740 596 1
747 600 1
754 604 1
763 610 1
770 616 1
777 621 1
784 627 1
791 632 1
798 637 1
805 642 1
811 647 1
818 652 1
824 657 1
830 663 1
837 669 1
844 676 1
850 683 1
855 689 1
861 695 1
865 700 1
871 706 1
875 712 1
880 718 1
886 725 1
892 734 1
899 744 1
904 752 1
909 760 1
913 767 1
917 773 1
920 780 1
922 785 1
926 793 1
929 801 1
932 808 1
935 817 1
937 824 1
939 831 1
941 838 1
942 845 1
943 851 1
945 857 1
945 865 1
947 872 1
948 882 1
949 891 1
950 900 1
951 908 1
952 915 1
952 921 1
952 928 1
953 935 1
953 945 1
953 953 1
953 962 1
953 969 1
953 976 1
952 983 1
950 989 1
949 995 1
948 1002 1
945 1009 1
943 1017 1
940 1025 1
938 1034 1
933 1043 1
929 1051 1
923 1061 1
917 1072 1
910 1081 1
903 1094 1
896 1104 1
890 1113 1
884 1121 1
879 1128 1
871 1135 1
865 1142 1
858 1148 1
851 1155 1
844 1162 1
837 1169 1
830 1175 1
824 1181 1
817 1187 1
810 1191 1
803 1196 1
796 1200 1
787 1206 1
778 1210 1
769 1214 1
760 1218 1
751 1223 1
741 1227 1
731 1232 1
721 1236 1
711 1240 1
701 1244 1
691 1248 1
682 1251 1
673 1253 1
664 1255 1
654 1258 1
644 1259 1
633 1260 1
622 1260 1
610 1258 1
597 1256 1
584 1254 1
568 1250 1
552 1245 1
539 1242 1
527 1239 1
515 1235 1
502 1231 1
489 1226 1
476 1219 1
463 1212 1
447 1202 1
432 1193 1
420 1183 1
406 1174 1
396 1165 1
385 1155 1
374 1145 1
366 1134 1
357 1124 1
349 1114 1
344 1104 1
338 1095 1
332 1084 1
327 1074 1
322 1063 1
318 1052 1
314 1042 1
310 1030 1
306 1017 1
301 1002 1
299 990 1
295 976 1
292 964 1
288 952 1
285 939 1
282 926 1
278 914 1
275 902 1
272 892 1
271 881 1
268 871 1
266 860 1
264 849 1
263 836 1
263 824 1
263 811 1
263 797 1
265 784 1
266 770 1
269 758 1
271 747 1
274 734 1
277 721 1
280 709 1
284 699 1
288 690 1
292 680 1
296 672 1
300 664 1
306 654 1
311 644 1
318 633 1
323 625 1
330 617 1
337 608 1
344 600 1
351 590 1
360 582 1
370 572 1
378 563 1
388 555 1
396 548 1
404 543 1
412 537 1
421 532 1
431 528 1
440 524 1
450 521 1
460 518 1
469 515 1
479 513 1
489 511 1
500 510 1
510 508 1
519 507 1
529 507 1
538 505 1
547 505 1
555 505 1
563 504 1
571 504 1
578 504 1
587 504 1
596 505 1
603 506 1
613 507 1
622 508 1
631 509 1
641 511 1
651 512 1
660 514 1
670 515 1
681 518 1
693 520 1
705 524 1
716 527 1
725 531 1
736 534 1
746 539 1
755 544 1
764 550 1
773 554 1
779 559 1
786 565 1
793 568 1
799 572 1
805 575 1
809 579 1
815 582 1
820 587 1
826 590 1
830 594 1
837 599 1
843 605 1
848 609 1
853 614 1
859 620 1
862 624 1
868 629 1
871 632 1
875 636 1
878 639 1
880 641 1
883 644 1
886 648 1
889 651 1
891 655 1
896 660 1
900 665 1
904 673 1
910 680 1
914 687 1
917 693 1
921 698 1
924 704 1
928 710 1
930 717 1
934 723 1
937 730 1
940 738 1
944 746 1
946 753 1
950 761 1
953 766 1
956 773 1
959 780 1
963 785 1
965 793 1
968 800 1
971 806 1
974 813 1
976 820 1
978 826 1
981 832 1
982 836 1
984 841 1
984 846 1
985 850 1
987 856 1
989 860 1
991 865 1
992 870 1
992 876 1
994 881 1
995 888 1
996 893 1
997 899 1
998 904 1
999 909 1
999 913 1
1000 918 1
1000 923 1
1001 929 1
1002 936 1
1002 943 1
1002 952 1
1002 959 1
1001 966 1
1001 973 1
999 980 1
999 986 1
999 994 1
997 1003 1
997 1012 1
994 1022 1
993 1030 1
990 1038 1
987 1045 1
984 1051 1
982 1058 1
979 1064 1
974 1070 1
971 1078 1
966 1086 1
961 1095 1
956 1104 1
949 1114 1
942 1122 1
934 1130 1
926 1140 1
915 1152 1
904 1163 1
893 1175 1
882 1186 1
871 1196 1
858 1205 1
847 1215 1
833 1225 1
819 1236 1
804 1248 1
790 1257 1
775 1266 1
762 1272 1
750 1279 1
739 1284 1
726 1289 1
715 1295 1
704 1298 1
694 1302 1
686 1304 1
676 1307 1
667 1310 1
658 1312 1
648 1315 1
640 1316 1
629 1317 1
620 1319 1
610 1320 1
600 1321 1
590 1322 1
580 1323 1
571 1324 1
560 1324 1
548 1324 1
534 1322 1
520 1321 1
504 1317 1
488 1313 1
466 1308 1
447 1301 1
426 1293 1
406 1282 1
387 1269 1
371 1255 1
356 1241 1
342 1225 1
329 1208 1
315 1191 1
302 1172 1
291 1154 1
279 1137 1
268 1119 1
258 1101 1
248 1084 1
239 1067 1
229 1051 1
220 1033 1
212 1017 1
207 1001 1
201 984 1
196 969 1
190 950 1
183 932 1
179 914 1
173 896 1
171 877 1
167 862 1
164 847 1
162 830 1
159 815 1
158 798 1
158 781 1
156 764 1
158 747 1
159 729 1
160 713 1
161 697 1
164 680 1
168 663 1
172 645 1
178 626 1
183 609 1
189 591 1
196 576 1
202 561 1
209 548 1
216 537 1
223 524 1
230 513 1
238 502 1
246 493 1
254 483 1
262 475 1
270 468 1
280 459 1
289 453 1
300 443 1
311 434 1
322 427 1
334 419 1
347 410 1
359 405 1
372 399 1
386 394 1
399 390 1
413 385 1
427 383 1
441 380 1
454 378 1
467 377 1
479 375 1
492 375 1
503 373 1
514 374 1
524 374 1
534 374 1
544 374 1
554 376 1
564 377 1
574 379 1
584 381 1
595 384 1
606 386 1
616 388 1
626 391 1
635 394 1
645 397 1
654 400 1
664 403 1
674 407 1
684 410 1
694 414 1
704 418 1
714 422 1
724 425 1
735 429 1
744 433 1
757 438 1
768 442 1
779 448 1
790 453 1
800 459 1
811 466 1
819 471 1
826 477 1
833 481 1
838 485 1
842 490 1
848 494 1
853 499 1
858 503 1
864 509 1
868 513 1
874 520 1
879 527 1
885 534 1
890 542 1
896 549 1
900 554 1
904 560 1
909 567 1
913 572 1
918 579 1
922 587 1
927 596 1
931 604 1
936 613 1
940 620 1
944 627 1
947 634 1
951 642 1
956 649 1
960 659 1
963 667 1
967 676 1
970 683 1
975 690 1
977 696 1
980 701 1
983 707 1
986 712 1
989 718 1
992 723 1
995 730 1
998 736 1
999 743 1
1002 749 1
1004 756 1
1006 762 1
1007 768 1
1008 771 1
1010 776 1
1011 782 1
1013 789 1
1014 799 1
1016 809 1
1018 819 1
1019 828 1
1021 837 1
1022 847 1
1024 861 1
1026 875 1
1027 887 1
1029 899 1
1030 908 1
1031 918 1
1032 928 1
1032 938 1
1033 950 1
1033 958 1
1034 966 1
1034 973 1
1034 979 1
1034 986 1
1034 992 1
1034 1001 1
1032 1007 1
1033 1017 1
1031 1025 1
1031 1034 1
1029 1040 1
1030 1047 1
1028 1050 1
1028 1055 1
1027 1060 1
1025 1064 1
1024 1070 1
1024 1076 1
1022 1083 1
1022 1091 1
1020 1098 1
1019 1105 1
1019 1112 1
1017 1118 1
1015 1125 1
1013 1131 1
1011 1140 1
1007 1148 1
1002 1158 1
998 1169 1
993 1178 1
988 1188 1
981 1197 1
975 1206 1
968 1216 1
960 1226 1
950 1237 1
942 1248 1
932 1257 1
924 1265 1
916 1272 1
906 1279 1
899 1284 1
890 1290 1
882 1296 1
869 1303 1
856 1310 1
844 1318 1
832 1325 1
819 1332 1
807 1338 1
795 1343 1
783 1348 1
771 1352 1
759 1358 1
747 1361 1
736 1367 1
723 1372 1
711 1376 1
699 1382 1
684 1387 1
667 1393 1
649 1399 1
630 1404 1
613 1410 1
595 1413 1
579 1418 1
565 1419 1
552 1421 1
540 1422 1
529 1423 1
520 1423 1
511 1423 1
502 1421 1
493 1420 1
484 1417 1
474 1414 1
463 1410 1
453 1405 1
443 1401 1
432 1395 1
421 1389 1
409 1384 1
396 1378 1
383 1370 1
368 1360 1
352 1349 1
336 1337 1
321 1326 1
306 1314 1
290 1299 1
274 1283 1
259 1268 1
241 1251 1
225 1234 1
212 1218 1
198 1203 1
186 1188 1
175 1173 1
166 1160 1
157 1147 1
150 1133 1
142 1121 1
136 1108 1
130 1097 1
126 1083 1
121 1067 1
117 1054 1
114 1039 1
110 1027 1
104 1013 1
99 1000 1
95 987 1
92 973 1
90 967 1
92 972 0
