66 1262 1
66 1261 1
66 1260 1
67 1258 1
68 1256 1
68 1255 1
70 1252 1
72 1250 1
75 1246 1
77 1242 1
83 1236 1
88 1228 1
95 1218 1
103 1207 1
111 1195 1
120 1182 1
130 1167 1
139 1152 1
146 1137 1
153 1122 1
157 1110 1
161 1098 1
162 1085 1
163 1073 1
162 1063 1
161 1054 1
158 1046 1
153 1041 1
145 1037 1
138 1034 1
132 1034 1
125 1034 1
120 1035 1
113 1039 1
107 1044 1
102 1051 1
97 1058 1
91 1067 1
88 1077 1
85 1086 1
84 1095 1
85 1102 1
87 1109 1
90 1115 1
94 1121 1
101 1127 1
110 1131 1
120 1135 1
128 1140 1
138 1144 1
148 1148 1
157 1151 1
165 1155 1
173 1159 1
179 1164 1
184 1168 1
188 1172 1
192 1176 1
194 1180 1
195 1184 1
196 1189 1
195 1192 1
192 1196 1
189 1200 1
186 1205 1
181 1210 1
176 1215 1
169 1220 1
162 1224 1
154 1226 1
146 1228 1
138 1229 1
130 1230 1
125 1230 1
119 1228 1
114 1226 1
111 1225 1
113 1226 0
292 1228 1
292 1226 1
292 1226 1
292 1226 1
292 1226 1
293 1224 1
296 1218 1
301 1210 1
307 1200 1
312 1187 1
319 1173 1
326 1158 1
333 1141 1
339 1125 1
343 1111 1
347 1094 1
350 1080 1
351 1067 1
352 1056 1
350 1047 1
349 1041 1
346 1035 1
341 1031 1
334 1029 1
328 1026 1
324 1026 1
319 1027 1
315 1027 1
309 1029 1
302 1033 1
296 1041 1
290 1047 1
286 1054 1
284 1060 1
281 1065 1
282 1072 1
282 1077 1
283 1084 1
290 1094 1
299 1101 1
310 1107 1
319 1110 1
328 1115 1
337 1118 1
345 1122 1
355 1125 1
363 1128 1
370 1132 1
375 1135 1
380 1138 1
384 1141 1
385 1142 1
387 1145 1
388 1147 1
389 1150 1
389 1154 1
388 1159 1
386 1163 1
384 1170 1
380 1176 1
376 1181 1
371 1185 1
367 1189 1
361 1193 1
355 1197 1
350 1199 1
343 1200 1
337 1201 1
329 1196 1
324 1193 1
327 1195 0
508 1176 1
508 1174 1
510 1171 1
515 1166 1
520 1158 1
527 1147 1
535 1131 1
542 1115 1
548 1098 1
554 1075 1
558 1053 1
559 1035 1
557 1019 1
552 999 1
544 990 1
536 985 1
528 982 1
521 980 1
513 982 1
507 982 1
500 984 1
492 986 1
484 991 1
477 998 1
471 1007 1
467 1015 1
465 1025 1
465 1034 1
466 1050 1
475 1056 1
487 1064 1
505 1071 1
524 1078 1
543 1085 1
558 1089 1
570 1095 1
579 1098 1
587 1102 1
594 1106 1
600 1109 1
606 1113 1
609 1117 1
612 1120 1
613 1122 1
615 1126 1
616 1129 1
616 1132 1
614 1137 1
609 1144 1
604 1152 1
598 1161 1
591 1168 1
583 1174 1
575 1180 1
568 1182 1
562 1184 1
554 1182 1
545 1177 1
538 1168 1
531 1153 1
528 1144 1
530 1150 0
