1010 809 1
1010 809 1
1010 809 1
1010 809 1
1010 809 1
1010 809 1
1010 809 1
1010 809 1
1010 813 1
1011 818 1
1012 823 1
1014 834 1
1016 843 1
1018 858 1
1021 872 1
1022 885 1
1023 895 1
1025 905 1
1026 913 1
1027 921 1
1027 929 1
1028 937 1
1028 945 1
1028 951 1
1027 958 1
1025 964 1
1024 970 1
1022 975 1
1020 979 1
1011 984 1
1003 990 1
992 994 1
982 997 1
971 999 1
961 1000 1
953 1001 1
944 1000 1
935 998 1
928 997 1
922 995 1
917 990 1
913 985 1
910 978 1
907 971 1
907 966 1
907 960 1
907 955 1
908 952 1
910 949 1
911 947 1
913 945 1
916 944 1
919 944 1
923 942 1
927 944 1
932 945 1
936 946 1
940 950 1
945 955 1
948 962 1
951 969 1
954 976 1
954 984 1
954 992 1
953 1003 1
951 1014 1
949 1025 1
948 1035 1
945 1042 1
943 1048 1
941 1054 1
940 1058 1
940 1060 1
938 1063 1
939 1063 0
789 901 1
789 901 1
789 901 1
789 901 1
789 901 1
789 901 1
789 901 1
790 903 1
793 909 1
797 916 1
803 924 1
809 934 1
816 945 1
822 955 1
826 964 1
830 972 1
834 979 1
836 986 1
838 991 1
840 997 1
840 1003 1
840 1009 1
838 1017 1
835 1022 1
832 1027 1
828 1032 1
824 1037 1
818 1042 1
812 1045 1
806 1049 1
799 1052 1
791 1053 1
782 1056 1
774 1056 1
765 1056 1
758 1054 1
751 1053 1
744 1050 1
738 1045 1
733 1040 1
731 1035 1
728 1030 1
726 1026 1
727 1022 1
727 1018 1
728 1016 1
728 1013 1
729 1011 1
730 1011 1
731 1009 1
732 1010 1
735 1010 1
738 1010 1
742 1011 1
747 1011 1
751 1012 1
756 1016 1
761 1021 1
765 1027 1
768 1034 1
770 1041 1
771 1048 1
772 1054 1
772 1061 1
771 1067 1
771 1073 1
770 1079 1
770 1085 1
770 1090 1
769 1095 1
769 1098 1
767 1101 1
768 1100 0
604 998 1
604 998 1
604 998 1
604 998 1
604 998 1
604 998 1
604 998 1
604 998 1
605 999 1
608 1003 1
612 1007 1
617 1013 1
622 1020 1
626 1026 1
629 1033 1
632 1039 1
633 1044 1
633 1048 1
631 1054 1
627 1060 1
619 1069 1
609 1079 1
597 1089 1
584 1098 1
571 1107 1
559 1113 1
547 1118 1
536 1121 1
525 1122 1
517 1123 1
509 1121 1
504 1120 1
499 1118 1
495 1116 1
494 1113 1
494 1110 1
493 1108 1
493 1105 1
494 1104 1
494 1103 1
496 1101 1
496 1101 1
497 1101 1
499 1101 1
502 1100 1
506 1101 1
510 1102 1
515 1103 1
519 1106 1
523 1112 1
526 1119 1
527 1128 1
528 1134 1
528 1144 1
528 1152 1
526 1161 1
524 1170 1
525 1167 0
347 1071 1
347 1071 1
347 1071 1
347 1071 1
347 1071 1
347 1071 1
347 1071 1
347 1071 1
347 1071 1
352 1075 1
357 1080 1
365 1089 1
373 1099 1
380 1108 1
386 1115 1
392 1124 1
396 1131 1
399 1137 1
400 1146 1
401 1153 1
399 1163 1
392 1175 1
380 1187 1
364 1201 1
345 1213 1
327 1224 1
305 1235 1
295 1240 1
288 1241 1
281 1242 1
275 1242 1
270 1242 1
267 1240 1
265 1239 1
264 1238 1
264 1235 1
264 1231 1
266 1226 1
267 1224 1
271 1219 1
278 1216 1
285 1214 1
290 1214 1
298 1214 1
303 1214 1
309 1214 1
315 1215 1
320 1216 1
329 1222 1
332 1236 1
335 1255 1
335 1279 1
332 1306 1
328 1331 1
321 1349 1
324 1342 0
