47 1461 1
47 1459 1
47 1459 1
47 1459 1
47 1459 1
47 1459 1
47 1459 1
47 1459 1
47 1459 1
47 1459 1
47 1457 1
49 1453 1
51 1448 1
54 1440 1
57 1431 1
61 1421 1
65 1412 1
67 1402 1
70 1391 1
73 1380 1
76 1367 1
80 1354 1
82 1342 1
85 1330 1
87 1318 1
89 1300 1
90 1285 1
92 1273 1
92 1265 1
93 1256 1
93 1247 1
93 1237 1
91 1227 1
91 1218 1
91 1210 1
89 1205 1
89 1200 1
87 1196 1
87 1193 1
87 1191 1
85 1189 1
86 1188 1
84 1188 1
84 1188 1
84 1188 1
84 1188 1
84 1188 1
84 1188 1
83 1188 1
83 1188 1
83 1190 1
81 1190 1
79 1192 1
80 1193 1
78 1194 1
78 1197 1
76 1201 1
74 1207 1
73 1214 1
73 1221 1
71 1228 1
71 1235 1
71 1240 1
69 1247 1
70 1253 1
68 1258 1
69 1262 1
69 1267 1
70 1271 1
70 1277 1
70 1282 1
71 1289 1
71 1294 1
72 1301 1
73 1306 1
74 1312 1
75 1317 1
75 1323 1
77 1327 1
78 1331 1
80 1336 1
81 1340 1
82 1344 1
85 1348 1
86 1352 1
89 1355 1
92 1358 1
95 1362 1
97 1364 1
98 1367 1
99 1368 1
101 1370 1
101 1371 1
103 1372 1
104 1373 1
105 1374 1
106 1375 1
107 1375 1
109 1377 1
110 1377 1
111 1378 1
114 1379 1
117 1380 1
121 1380 1
127 1380 1
133 1378 1
141 1376 1
149 1374 1
156 1369 1
163 1363 1
170 1357 1
176 1349 1
181 1342 1
186 1335 1
189 1328 1
192 1322 1
195 1314 1
196 1307 1
197 1297 1
197 1287 1
195 1277 1
193 1268 1
190 1259 1
187 1251 1
184 1244 1
182 1236 1
179 1229 1
176 1223 1
172 1218 1
170 1214 1
168 1212 1
166 1210 1
164 1208 1
164 1208 1
164 1208 1
162 1208 1
162 1208 1
162 1208 1
162 1208 1
162 1208 1
162 1208 1
162 1208 1
161 1208 1
161 1208 1
160 1211 1
158 1215 1
158 1219 1
158 1226 1
157 1233 1
157 1240 1
158 1247 1
158 1253 1
159 1258 1
159 1263 1
160 1269 1
161 1273 1
162 1279 1
163 1284 1
164 1291 1
166 1297 1
168 1302 1
170 1308 1
172 1313 1
174 1318 1
176 1323 1
178 1327 1
180 1331 1
183 1335 1
186 1339 1
188 1342 1
191 1344 1
193 1347 1
195 1349 1
198 1352 1
199 1352 1
202 1354 1
205 1355 1
209 1357 1
211 1357 1
215 1357 1
219 1357 1
224 1356 1
230 1353 1
235 1352 1
240 1347 1
246 1343 1
250 1338 1
255 1331 1
260 1326 1
265 1316 1
270 1308 1
275 1296 1
279 1286 1
282 1275 1
284 1266 1
286 1257 1
286 1247 1
285 1238 1
283 1229 1
282 1222 1
279 1216 1
278 1211 1
276 1208 1
273 1204 1
272 1203 1
270 1201 1
268 1200 1
268 1200 1
266 1200 1
266 1200 1
266 1200 1
263 1200 1
263 1201 1
261 1202 1
261 1202 1
260 1203 1
258 1205 1
257 1208 1
257 1211 1
255 1215 1
255 1221 1
253 1227 1
254 1233 1
254 1239 1
254 1246 1
254 1251 1
255 1257 1
255 1261 1
257 1266 1
257 1271 1
258 1276 1
260 1282 1
261 1288 1
264 1294 1
265 1299 1
268 1305 1
270 1311 1
272 1315 1
275 1320 1
277 1324 1
279 1327 1
281 1331 1
283 1334 1
285 1336 1
287 1339 1
289 1342 1
292 1344 1
293 1346 1
295 1347 1
298 1349 1
301 1350 1
304 1351 1
307 1352 1
311 1351 1
316 1349 1
321 1347 1
327 1343 1
334 1338 1
340 1330 1
346 1323 1
351 1314 1
357 1305 1
361 1292 1
365 1280 1
367 1267 1
369 1256 1
369 1245 1
369 1236 1
367 1226 1
365 1217 1
363 1211 1
360 1205 1
358 1200 1
356 1197 1
354 1194 1
352 1193 1
351 1191 1
349 1191 1
348 1189 1
346 1189 1
345 1189 1
345 1189 1
343 1190 1
343 1190 1
341 1191 1
342 1192 1
340 1194 1
340 1197 1
340 1200 1
340 1204 1
340 1208 1
340 1213 1
342 1219 1
343 1228 1
346 1236 1
347 1244 1
349 1252 1
351 1259 1
353 1265 1
356 1272 1
357 1277 1
359 1284 1
362 1290 1
365 1296 1
368 1303 1
372 1308 1
373 1313 1
376 1317 1
379 1321 1
381 1324 1
383 1326 1
386 1329 1
389 1331 1
392 1333 1
395 1334 1
400 1336 1
405 1336 1
410 1334 1
416 1332 1
422 1328 1
429 1322 1
434 1317 1
440 1310 1
446 1302 1
450 1289 1
454 1278 1
458 1265 1
460 1253 1
461 1240 1
461 1228 1
459 1216 1
456 1205 1
453 1196 1
450 1189 1
448 1185 1
446 1182 1
444 1179 1
442 1177 1
441 1176 1
440 1176 1
438 1176 1
436 1175 1
434 1176 1
433 1176 1
432 1177 1
430 1178 1
429 1181 1
428 1181 1
428 1184 1
426 1187 1
426 1190 1
426 1193 1
425 1195 1
425 1200 1
425 1204 1
425 1208 1
426 1214 1
427 1220 1
429 1227 1
430 1234 1
433 1241 1
436 1248 1
437 1254 1
440 1260 1
442 1265 1
444 1269 1
446 1274 1
448 1278 1
450 1282 1
453 1287 1
456 1291 1
459 1295 1
461 1299 1
464 1303 1
467 1307 1
471 1310 1
475 1312 1
479 1314 1
483 1316 1
488 1316 1
493 1315 1
497 1316 1
504 1313 1
510 1310 1
517 1305 1
524 1298 1
531 1290 1
539 1277 1
545 1266 1
551 1255 1
556 1244 1
558 1233 1
560 1221 1
561 1209 1
560 1200 1
558 1191 1
557 1184 1
555 1178 1
552 1173 1
549 1168 1
546 1164 1
545 1163 1
542 1161 1
540 1161 1
538 1159 1
537 1159 1
534 1159 1
533 1159 1
531 1160 1
530 1161 1
529 1162 1
527 1165 1
526 1169 1
524 1175 1
523 1179 1
523 1186 1
523 1192 1
523 1197 1
525 1203 1
526 1210 1
528 1217 1
530 1226 1
533 1234 1
536 1242 1
538 1249 1
542 1257 1
545 1263 1
549 1270 1
552 1277 1
555 1286 1
560 1292 1
563 1297 1
567 1303 1
569 1306 1
571 1309 1
573 1311 1
575 1313 1
578 1314 1
578 1314 1
580 1315 1
583 1315 1
586 1313 1
589 1312 1
593 1310 1
597 1307 1
603 1303 1
608 1298 1
615 1291 1
620 1283 1
624 1274 1
630 1265 1
634 1256 1
638 1248 1
641 1236 1
644 1225 1
646 1212 1
648 1201 1
648 1193 1
647 1185 1
647 1178 1
645 1173 1
642 1168 1
641 1164 1
638 1160 1
635 1157 1
633 1155 1
630 1153 1
629 1152 1
627 1152 1
625 1152 1
623 1152 1
621 1152 1
619 1152 1
618 1152 1
616 1154 1
615 1155 1
614 1157 1
612 1160 1
612 1165 1
612 1171 1
612 1178 1
612 1185 1
613 1192 1
614 1199 1
616 1206 1
619 1216 1
622 1226 1
626 1234 1
630 1244 1
633 1251 1
635 1258 1
639 1264 1
642 1270 1
646 1275 1
649 1280 1
651 1284 1
653 1287 1
656 1290 1
658 1293 1
661 1296 1
663 1297 1
666 1298 1
669 1300 1
672 1300 1
675 1301 1
679 1301 1
684 1300 1
688 1298 1
693 1296 1
699 1293 1
703 1291 1
710 1283 1
715 1276 1
721 1269 1
726 1260 1
730 1252 1
733 1243 1
736 1234 1
738 1221 1
739 1209 1
739 1199 1
737 1189 1
734 1180 1
732 1173 1
730 1167 1
728 1163 1
725 1159 1
723 1156 1
721 1153 1
720 1152 1
718 1150 1
717 1150 1
715 1150 1
713 1148 1
713 1148 1
711 1149 1
711 1149 1
711 1149 1
710 1149 1
709 1150 1
707 1152 1
705 1155 1
703 1159 1
702 1163 1
702 1170 1
702 1177 1
703 1183 1
704 1189 1
705 1194 1
707 1201 1
709 1207 1
712 1213 1
715 1220 1
717 1227 1
720 1233 1
723 1239 1
725 1242 1
728 1247 1
729 1249 1
732 1253 1
734 1256 1
738 1259 1
740 1262 1
745 1267 1
749 1269 1
753 1272 1
758 1274 1
762 1277 1
767 1278 1
769 1279 1
768 1279 0
