744 369 1
744 369 1
744 369 1
744 369 1
744 369 1
744 369 1
742 369 1
736 371 1
721 380 1
699 391 1
675 402 1
647 415 1
619 427 1
595 438 1
559 456 1
540 468 1
521 481 1
502 495 1
486 509 1
473 523 1
462 539 1
448 560 1
437 582 1
427 605 1
419 627 1
411 651 1
406 675 1
402 701 1
399 726 1
397 752 1
396 780 1
396 812 1
393 848 1
392 882 1
390 916 1
385 946 1
379 973 1
372 998 1
365 1025 1
355 1050 1
344 1076 1
334 1102 1
324 1127 1
316 1153 1
309 1176 1
304 1200 1
298 1223 1
292 1247 1
288 1274 1
285 1302 1
282 1327 1
282 1352 1
285 1377 1
289 1399 1
294 1420 1
303 1442 1
312 1460 1
323 1478 1
334 1498 1
349 1519 1
363 1537 1
377 1551 1
392 1564 1
410 1577 1
431 1589 1
452 1597 1
474 1601 1
495 1601 1
515 1597 1
535 1589 1
554 1579 1
572 1561 1
586 1540 1
599 1516 1
610 1493 1
619 1469 1
628 1444 1
636 1414 1
644 1382 1
649 1351 1
652 1320 1
656 1290 1
659 1261 1
662 1232 1
663 1199 1
666 1167 1
667 1136 1
670 1106 1
675 1081 1
683 1055 1
691 1030 1
699 1006 1
706 981 1
716 956 1
727 929 1
739 900 1
752 871 1
763 847 1
774 824 1
784 799 1
794 772 1
803 745 1
811 718 1
819 690 1
825 662 1
830 634 1
832 606 1
835 576 1
837 551 1
837 526 1
835 502 1
833 479 1
830 454 1
827 429 1
825 404 1
825 383 1
823 365 1
819 351 1
814 338 1
809 326 1
802 318 1
795 311 1
787 307 1
777 302 1
764 302 1
745 302 1
713 307 1
682 315 1
653 324 1
629 331 1
607 340 1
586 349 1
564 359 1
541 371 1
521 382 1
507 392 1
497 401 1
491 409 1
485 416 1
479 425 1
472 436 1
462 448 1
451 464 1
441 480 1
429 498 1
416 520 1
400 542 1
385 566 1
372 590 1
361 611 1
352 629 1
344 648 1
338 667 1
332 687 1
326 707 1
320 730 1
314 754 1
308 774 1
303 795 1
297 813 1
292 833 1
284 853 1
277 874 1
268 896 1
260 917 1
252 937 1
244 957 1
238 977 1
230 999 1
223 1020 1
217 1042 1
212 1063 1
209 1085 1
204 1108 1
202 1131 1
200 1153 1
198 1174 1
198 1193 1
197 1211 1
198 1231 1
201 1251 1
206 1272 1
213 1296 1
220 1319 1
226 1342 1
234 1363 1
241 1382 1
247 1399 1
253 1414 1
258 1430 1
264 1447 1
271 1462 1
278 1477 1
285 1492 1
293 1508 1
302 1522 1
310 1534 1
320 1545 1
328 1556 1
338 1566 1
349 1575 1
360 1583 1
372 1591 1
383 1599 1
396 1606 1
408 1609 1
420 1612 1
432 1612 1
443 1609 1
457 1603 1
473 1596 1
491 1586 1
510 1571 1
529 1555 1
547 1538 1
564 1522 1
581 1505 1
595 1487 1
609 1470 1
622 1451 1
635 1431 1
647 1412 1
657 1396 1
663 1378 1
668 1357 1
674 1336 1
679 1314 1
684 1295 1
687 1276 1
691 1261 1
695 1243 1
698 1223 1
699 1200 1
702 1175 1
704 1147 1
707 1121 1
711 1098 1
714 1074 1
717 1051 1
720 1028 1
724 1005 1
727 982 1
732 960 1
737 940 1
743 921 1
751 905 1
757 890 1
764 877 1
772 865 1
778 852 1
788 837 1
797 821 1
807 804 1
818 787 1
828 770 1
836 753 1
844 733 1
851 713 1
856 692 1
862 670 1
868 648 1
873 625 1
876 602 1
877 578 1
875 555 1
872 531 1
869 507 1
865 485 1
862 463 1
859 444 1
857 428 1
851 411 1
847 397 1
841 383 1
835 370 1
827 356 1
817 344 1
810 333 1
801 324 1
793 318 1
785 314 1
776 310 1
767 308 1
753 310 1
734 315 1
707 327 1
678 342 1
651 357 1
629 371 1
611 386 1
592 401 1
576 416 1
562 429 1
550 443 1
537 458 1
526 473 1
514 489 1
503 504 1
493 521 1
483 540 1
474 557 1
465 576 1
454 595 1
442 615 1
430 637 1
418 658 1
408 681 1
401 701 1
394 721 1
389 744 1
384 765 1
382 788 1
380 810 1
376 830 1
373 850 1
368 866 1
362 881 1
356 895 1
348 908 1
341 919 1
332 931 1
324 943 1
315 956 1
307 970 1
298 986 1
288 1002 1
278 1019 1
269 1038 1
259 1055 1
253 1075 1
245 1095 1
239 1117 1
233 1137 1
227 1156 1
222 1176 1
217 1195 1
213 1214 1
210 1232 1
210 1251 1
211 1270 1
213 1289 1
218 1309 1
224 1328 1
231 1348 1
238 1366 1
245 1384 1
252 1399 1
259 1414 1
269 1429 1
283 1447 1
297 1465 1
313 1483 1
330 1502 1
349 1521 1
366 1537 1
381 1549 1
394 1558 1
406 1568 1
420 1576 1
434 1584 1
446 1592 1
457 1597 1
471 1602 1
486 1603 1
501 1603 1
516 1599 1
531 1593 1
545 1587 1
559 1578 1
572 1566 1
585 1552 1
599 1530 1
617 1501 1
637 1465 1
656 1427 1
673 1394 1
684 1368 1
695 1348 1
702 1328 1
710 1309 1
718 1288 1
725 1268 1
733 1249 1
740 1229 1
745 1213 1
750 1198 1
754 1186 1
759 1169 1
764 1150 1
767 1129 1
772 1106 1
777 1081 1
784 1057 1
790 1033 1
796 1010 1
802 985 1
805 963 1
808 941 1
811 919 1
813 897 1
814 876 1
816 854 1
817 833 1
819 812 1
822 793 1
825 777 1
828 763 1
830 748 1
832 731 1
835 712 1
839 693 1
844 674 1
848 654 1
853 634 1
857 613 1
860 592 1
862 572 1
865 553 1
867 537 1
869 522 1
871 505 1
871 491 1
871 480 1
871 470 1
871 460 1
869 450 1
867 442 1
863 433 1
859 424 1
854 415 1
846 405 1
837 393 1
823 381 1
805 367 1
783 354 1
760 345 1
738 339 1
717 338 1
696 339 1
673 344 1
648 351 1
621 364 1
592 378 1
563 396 1
537 414 1
511 431 1
489 449 1
469 465 1
454 482 1
440 496 1
430 511 1
420 528 1
409 546 1
398 567 1
387 589 1
378 608 1
369 628 1
361 647 1
353 669 1
347 692 1
340 718 1
333 746 1
325 773 1
318 799 1
313 823 1
308 847 1
304 873 1
301 901 1
299 929 1
296 956 1
294 983 1
292 1009 1
288 1030 1
284 1052 1
280 1074 1
277 1095 1
274 1116 1
268 1135 1
261 1152 1
254 1170 1
246 1186 1
240 1201 1
232 1218 1
226 1238 1
222 1257 1
218 1277 1
216 1297 1
214 1317 1
215 1338 1
216 1358 1
220 1376 1
224 1393 1
229 1406 1
236 1420 1
243 1434 1
254 1452 1
266 1469 1
280 1489 1
294 1509 1
308 1526 1
321 1542 1
333 1555 1
345 1568 1
356 1579 1
368 1589 1
377 1598 1
387 1605 1
396 1610 1
407 1614 1
419 1618 1
430 1619 1
443 1618 1
459 1614 1
477 1606 1
496 1596 1
511 1589 1
525 1581 1
538 1572 1
552 1558 1
568 1540 1
584 1517 1
601 1492 1
619 1465 1
635 1438 1
648 1414 1
660 1392 1
670 1369 1
681 1346 1
691 1322 1
697 1300 1
703 1278 1
709 1254 1
713 1231 1
718 1207 1
724 1182 1
727 1155 1
731 1132 1
733 1109 1
736 1089 1
739 1068 1
740 1048 1
742 1030 1
743 1012 1
745 994 1
748 975 1
753 955 1
759 936 1
767 914 1
773 894 1
779 876 1
784 858 1
789 842 1
795 826 1
800 809 1
808 792 1
815 772 1
821 752 1
829 729 1
837 706 1
845 683 1
852 661 1
858 642 1
863 624 1
868 606 1
873 586 1
877 564 1
880 539 1
882 517 1
882 496 1
880 475 1
878 454 1
876 438 1
873 423 1
869 410 1
867 398 1
862 387 1
855 376 1
847 364 1
838 353 1
830 344 1
824 338 1
818 333 1
810 328 1
802 324 1
792 322 1
783 321 1
772 319 1
761 319 1
745 318 1
730 318 1
712 319 1
690 322 1
666 325 1
639 328 1
609 332 1
583 338 1
562 345 1
541 354 1
524 363 1
509 374 1
496 383 1
485 393 1
476 402 1
465 411 1
455 421 1
443 433 1
431 449 1
416 469 1
400 491 1
383 515 1
368 540 1
356 560 1
346 579 1
338 598 1
330 617 1
321 635 1
312 655 1
303 678 1
294 711 1
285 746 1
275 786 1
266 821 1
257 853 1
249 883 1
241 911 1
231 939 1
223 964 1
215 987 1
207 1008 1
201 1027 1
193 1047 1
184 1066 1
175 1082 1
167 1097 1
160 1111 1
153 1126 1
147 1143 1
141 1163 1
137 1185 1
132 1208 1
129 1231 1
128 1255 1
127 1281 1
129 1307 1
131 1332 1
135 1357 1
140 1382 1
147 1407 1
159 1429 1
172 1449 1
188 1468 1
205 1487 1
226 1508 1
245 1527 1
265 1545 1
284 1560 1
303 1573 1
319 1585 1
336 1596 1
351 1605 1
364 1612 1
376 1618 1
388 1623 1
399 1627 1
413 1628 1
427 1629 1
443 1626 1
461 1620 1
482 1609 1
502 1600 1
518 1592 1
531 1587 1
543 1581 1
556 1571 1
571 1559 1
587 1543 1
602 1527 1
617 1509 1
636 1484 1
656 1453 1
676 1423 1
695 1396 1
707 1374 1
716 1353 1
725 1331 1
732 1306 1
740 1279 1
748 1250 1
756 1223 1
761 1201 1
766 1181 1
771 1158 1
776 1134 1
785 1109 1
792 1085 1
801 1061 1
808 1038 1
816 1015 1
822 993 1
828 969 1
833 950 1
836 928 1
839 908 1
841 889 1
843 870 1
844 853 1
846 837 1
847 820 1
848 803 1
848 785 1
849 767 1
851 750 1
853 732 1
857 710 1
858 691 1
860 674 1
863 655 1
866 638 1
869 623 1
872 609 1
875 597 1
876 588 1
879 578 1
884 567 1
888 557 1
895 546 1
901 533 1
906 522 1
913 508 1
920 495 1
926 482 1
931 469 1
935 455 1
937 442 1
938 430 1
938 419 1
935 408 1
932 397 1
926 384 1
919 371 1
910 357 1
901 344 1
892 333 1
883 325 1
872 317 1
860 308 1
846 297 1
828 286 1
812 277 1
795 268 1
780 262 1
770 259 1
761 256 1
752 254 1
740 255 1
729 256 1
718 260 1
705 265 1
691 270 1
677 279 1
661 290 1
647 304 1
632 321 1
617 339 1
601 356 1
585 372 1
571 385 1
557 396 1
543 406 1
527 414 1
514 421 1
501 427 1
490 435 1
477 449 1
465 464 1
452 483 1
442 500 1
434 517 1
427 534 1
422 550 1
416 566 1
410 584 1
404 601 1
397 617 1
391 634 1
386 651 1
380 672 1
376 695 1
369 726 1
363 757 1
357 792 1
352 823 1
345 850 1
340 873 1
335 895 1
331 918 1
328 941 1
324 961 1
321 980 1
319 998 1
316 1016 1
312 1032 1
309 1046 1
305 1059 1
300 1072 1
295 1084 1
289 1098 1
283 1112 1
276 1127 1
268 1144 1
257 1163 1
245 1183 1
235 1203 1
224 1222 1
214 1240 1
206 1257 1
198 1274 1
191 1291 1
185 1308 1
180 1322 1
177 1335 1
175 1349 1
173 1362 1
173 1375 1
172 1389 1
172 1400 1
172 1410 1
174 1420 1
176 1431 1
179 1442 1
184 1455 1
192 1473 1
202 1495 1
215 1518 1
229 1539 1
241 1557 1
252 1572 1
264 1589 1
278 1604 1
295 1620 1
316 1637 1
339 1654 1
361 1670 1
381 1682 1
400 1690 1
418 1696 1
436 1701 1
450 1702 1
466 1700 1
483 1696 1
503 1689 1
524 1679 1
546 1668 1
564 1657 1
578 1646 1
593 1630 1
608 1610 1
624 1583 1
641 1550 1
657 1514 1
672 1472 1
686 1432 1
697 1403 1
706 1378 1
713 1357 1
719 1334 1
725 1309 1
731 1280 1
738 1253 1
743 1228 1
748 1206 1
751 1184 1
756 1159 1
762 1134 1
768 1111 1
777 1088 1
788 1064 1
798 1041 1
808 1019 1
817 996 1
827 972 1
836 948 1
844 924 1
851 901 1
857 878 1
863 856 1
869 834 1
874 814 1
880 793 1
887 773 1
893 755 1
901 735 1
907 715 1
914 697 1
920 678 1
927 659 1
934 641 1
939 624 1
945 606 1
950 588 1
954 574 1
957 561 1
959 547 1
962 532 1
965 514 1
967 491 1
968 466 1
967 441 1
964 418 1
959 399 1
955 382 1
949 363 1
941 343 1
932 324 1
921 307 1
909 290 1
895 273 1
880 256 1
867 245 1
855 236 1
845 231 1
837 227 1
829 224 1
819 223 1
807 223 1
791 224 1
773 226 1
756 231 1
737 236 1
718 243 1
696 251 1
671 261 1
648 272 1
624 284 1
602 296 1
582 309 1
559 325 1
539 340 1
520 355 1
504 370 1
489 386 1
475 402 1
461 419 1
450 430 1
439 441 1
427 454 1
415 467 1
402 480 1
390 491 1
378 503 1
365 517 1
353 533 1
340 549 1
328 564 1
317 579 1
306 596 1
295 617 1
284 640 1
272 664 1
263 689 1
254 718 1
245 747 1
235 778 1
227 806 1
221 833 1
215 860 1
211 889 1
208 921 1
205 953 1
200 984 1
193 1013 1
187 1039 1
181 1062 1
174 1080 1
171 1095 1
168 1107 1
166 1118 1
164 1129 1
162 1144 1
162 1161 1
162 1177 1
162 1195 1
164 1214 1
166 1234 1
169 1254 1
173 1276 1
176 1299 1
181 1321 1
185 1340 1
190 1357 1
195 1374 1
201 1389 1
206 1404 1
213 1416 1
222 1431 1
233 1445 1
246 1459 1
258 1471 1
269 1483 1
282 1498 1
294 1511 1
306 1526 1
320 1540 1
332 1553 1
344 1564 1
356 1574 1
367 1583 1
378 1592 1
389 1602 1
401 1610 1
412 1616 1
422 1621 1
431 1624 1
437 1627 1
446 1630 1
453 1630 1
465 1631 1
477 1630 1
489 1627 1
501 1624 1
515 1618 1
530 1612 1
546 1604 1
562 1596 1
576 1588 1
591 1577 1
608 1564 1
624 1551 1
638 1538 1
651 1527 1
664 1512 1
680 1495 1
693 1474 1
704 1456 1
715 1436 1
723 1418 1
731 1402 1
736 1388 1
741 1376 1
746 1359 1
750 1342 1
755 1321 1
758 1301 1
761 1278 1
765 1254 1
768 1228 1
772 1199 1
778 1167 1
786 1133 1
794 1099 1
801 1063 1
804 1030 1
807 998 1
812 971 1
816 947 1
820 923 1
825 899 1
829 875 1
835 853 1
841 833 1
847 812 1
856 792 1
862 776 1
868 760 1
875 745 1
884 726 1
895 709 1
905 691 1
913 676 1
921 659 1
927 642 1
932 624 1
938 605 1
943 584 1
947 562 1
949 538 1
952 513 1
952 489 1
950 464 1
947 439 1
943 415 1
938 391 1
930 368 1
921 344 1
910 324 1
899 305 1
886 286 1
872 268 1
858 249 1
843 232 1
830 216 1
820 205 1
811 197 1
804 193 1
799 190 1
793 189 1
787 189 1
777 191 1
765 194 1
748 198 1
728 206 1
705 217 1
676 229 1
648 242 1
620 249 1
594 260 1
568 269 1
546 277 1
524 287 1
505 297 1
491 307 1
478 318 1
467 328 1
454 338 1
443 351 1
432 362 1
421 378 1
408 396 1
392 417 1
375 440 1
359 464 1
345 488 1
331 513 1
320 538 1
309 559 1
300 582 1
290 606 1
283 632 1
276 658 1
270 683 1
264 709 1
260 735 1
254 761 1
249 789 1
246 817 1
243 843 1
241 869 1
238 895 1
235 923 1
233 949 1
232 973 1
230 996 1
230 1018 1
230 1040 1
230 1059 1
230 1077 1
231 1095 1
232 1113 1
233 1132 1
234 1154 1
237 1175 1
240 1200 1
244 1225 1
247 1250 1
250 1273 1
253 1295 1
256 1315 1
260 1334 1
263 1351 1
266 1368 1
268 1384 1
271 1399 1
275 1414 1
277 1429 1
280 1445 1
284 1462 1
287 1480 1
292 1498 1
298 1517 1
302 1533 1
305 1548 1
311 1562 1
316 1575 1
322 1588 1
328 1599 1
335 1612 1
343 1621 1
351 1632 1
362 1643 1
371 1654 1
382 1664 1
393 1671 1
405 1677 1
417 1679 1
430 1678 1
443 1675 1
454 1669 1
467 1661 1
481 1652 1
495 1638 1
509 1624 1
518 1613 1
526 1604 1
533 1595 1
540 1585 1
549 1575 1
559 1561 1
569 1549 1
577 1536 1
585 1525 1
595 1507 1
608 1485 1
624 1460 1
637 1436 1
649 1415 1
657 1401 1
664 1389 1
671 1378 1
677 1366 1
685 1349 1
694 1332 1
702 1313 1
711 1292 1
720 1268 1
728 1247 1
734 1226 1
739 1205 1
745 1182 1
753 1158 1
761 1135 1
768 1117 1
773 1099 1
778 1084 1
782 1069 1
787 1056 1
792 1043 1
797 1027 1
803 1011 1
808 994 1
812 971 1
816 947 1
819 919 1
821 893 1
822 867 1
823 841 1
824 816 1
826 795 1
828 776 1
832 759 1
837 744 1
841 724 1
845 707 1
850 694 1
855 682 1
862 669 1
869 657 1
877 644 1
881 632 1
888 621 1
892 606 1
897 590 1
903 571 1
908 549 1
912 529 1
916 508 1
919 488 1
920 466 1
919 441 1
916 413 1
911 390 1
905 370 1
899 354 1
893 338 1
886 323 1
877 309 1
865 293 1
853 279 1
837 265 1
820 251 1
800 238 1
779 226 1
761 216 1
744 212 1
730 210 1
715 211 1
698 216 1
680 222 1
663 230 1
646 239 1
630 249 1
612 261 1
592 275 1
571 291 1
550 307 1
529 323 1
514 336 1
498 348 1
488 357 1
477 367 1
465 374 1
454 383 1
441 394 1
429 405 1
419 415 1
408 427 1
394 441 1
379 461 1
364 483 1
350 509 1
337 532 1
326 554 1
317 574 1
310 593 1
303 610 1
299 627 1
293 645 1
288 663 1
283 685 1
278 709 1
273 738 1
270 767 1
267 798 1
264 826 1
262 855 1
261 882 1
259 909 1
260 937 1
260 967 1
261 994 1
262 1022 1
264 1046 1
266 1068 1
269 1090 1
270 1111 1
271 1131 1
272 1155 1
273 1179 1
271 1200 1
268 1220 1
264 1242 1
263 1259 1
261 1277 1
261 1294 1
259 1308 1
259 1322 1
259 1335 1
258 1348 1
258 1362 1
259 1375 1
260 1389 1
261 1402 1
262 1415 1
265 1431 1
269 1448 1
274 1467 1
280 1488 1
287 1508 1
295 1527 1
304 1544 1
313 1563 1
322 1579 1
332 1595 1
344 1610 1
356 1622 1
370 1635 1
381 1644 1
392 1652 1
403 1657 1
414 1662 1
423 1665 1
433 1667 1
441 1668 1
449 1666 1
461 1664 1
478 1655 1
497 1642 1
515 1626 1
531 1611 1
547 1598 1
561 1586 1
574 1570 1
586 1553 1
597 1535 1
608 1517 1
620 1496 1
634 1470 1
648 1445 1
659 1424 1
667 1406 1
674 1394 1
679 1380 1
685 1362 1
693 1342 1
703 1316 1
711 1292 1
719 1268 1
726 1248 1
731 1225 1
738 1199 1
744 1172 1
754 1145 1
763 1121 1
770 1102 1
778 1084 1
785 1070 1
793 1055 1
801 1039 1
810 1019 1
819 998 1
826 976 1
832 955 1
837 939 1
842 924 1
846 908 1
852 892 1
858 876 1
862 860 1
866 846 1
870 834 1
873 823 1
875 815 1
880 804 1
883 794 1
888 783 1
893 772 1
897 763 1
901 753 1
905 744 1
909 734 1
916 718 1
922 703 1
926 688 1
930 674 1
935 661 1
938 649 1
941 639 1
944 629 1
948 618 1
951 606 1
953 593 1
954 583 1
954 574 1
955 565 1
956 556 1
956 547 1
954 535 1
952 521 1
948 505 1
945 491 1
942 477 1
937 465 1
932 451 1
925 437 1
916 421 1
907 405 1
898 390 1
890 376 1
880 365 1
870 353 1
860 343 1
849 334 1
838 325 1
828 318 1
817 313 1
804 307 1
789 302 1
772 297 1
755 292 1
738 289 1
723 287 1
709 284 1
693 283 1
676 281 1
659 279 1
640 280 1
619 282 1
597 287 1
573 292 1
551 298 1
530 304 1
514 310 1
500 317 1
488 323 1
476 330 1
463 336 1
452 343 1
440 352 1
430 361 1
417 373 1
405 386 1
391 400 1
379 413 1
367 425 1
356 442 1
345 458 1
333 482 1
323 508 1
313 533 1
306 557 1
299 579 1
294 599 1
289 616 1
285 631 1
282 645 1
278 659 1
275 675 1
271 693 1
268 713 1
264 735 1
258 757 1
253 780 1
249 802 1
244 825 1
240 848 1
237 870 1
234 891 1
231 913 1
227 935 1
224 955 1
221 973 1
218 989 1
216 1007 1
213 1025 1
211 1042 1
211 1057 1
209 1072 1
209 1088 1
208 1103 1
208 1118 1
208 1132 1
208 1146 1
207 1161 1
207 1176 1
204 1192 1
203 1210 1
200 1227 1
199 1246 1
197 1264 1
198 1282 1
199 1301 1
201 1317 1
203 1331 1
207 1344 1
211 1358 1
217 1374 1
223 1390 1
230 1405 1
238 1420 1
244 1434 1
253 1449 1
263 1466 1
292 1509 1
302 1523 1
324 1553 1
341 1572 1
356 1588 1
379 1608 1
388 1615 1
398 1620 1
418 1628 1
427 1630 1
450 1625 1
468 1616 1
487 1603 1
520 1574 1
535 1556 1
550 1536 1
570 1505 1
616 1429 1
638 1399 1
654 1379 1
668 1362 1
677 1348 1
686 1336 1
695 1321 1
702 1300 1
711 1274 1
717 1247 1
722 1220 1
726 1189 1
731 1156 1
738 1119 1
747 1086 1
756 1059 1
773 1015 1
782 993 1
793 969 1
802 945 1
810 923 1
819 903 1
825 881 1
833 858 1
841 834 1
849 811 1
854 790 1
859 773 1
864 757 1
867 737 1
869 716 1
871 693 1
871 676 1
872 657 1
873 641 1
874 624 1
876 605 1
879 587 1
883 568 1
888 549 1
892 531 1
896 515 1
901 499 1
904 484 1
909 469 1
913 452 1
916 433 1
919 412 1
919 394 1
916 375 1
912 359 1
906 343 1
900 327 1
892 311 1
879 293 1
865 277 1
849 259 1
834 247 1
820 237 1
805 232 1
787 229 1
759 230 1
724 236 1
681 248 1
643 265 1
607 286 1
572 310 1
531 342 1
497 371 1
468 401 1
447 426 1
427 453 1
407 481 1
389 510 1
371 541 1
356 574 1
343 603 1
333 633 1
322 664 1
310 697 1
297 731 1
284 763 1
273 793 1
260 823 1
249 855 1
241 888 1
232 922 1
225 955 1
220 986 1
216 1015 1
213 1042 1
211 1072 1
211 1101 1
209 1133 1
209 1165 1
207 1196 1
205 1228 1
207 1257 1
211 1287 1
216 1317 1
222 1346 1
229 1373 1
235 1395 1
242 1411 1
248 1425 1
255 1440 1
264 1455 1
275 1474 1
288 1492 1
300 1511 1
311 1527 1
323 1542 1
337 1556 1
352 1569 1
369 1581 1
388 1592 1
408 1602 1
425 1610 1
439 1613 1
453 1615 1
468 1612 1
490 1601 1
513 1586 1
536 1566 1
557 1543 1
576 1514 1
596 1470 1
614 1423 1
629 1378 1
641 1336 1
654 1299 1
669 1258 1
682 1212 1
694 1165 1
705 1126 1
712 1098 1
717 1076 1
723 1058 1
728 1041 1
733 1024 1
739 1008 1
746 987 1
753 965 1
760 942 1
766 918 1
772 895 1
779 873 1
786 851 1
793 832 1
801 814 1
808 796 1
816 777 1
823 755 1
830 730 1
836 703 1
844 678 1
848 656 1
854 635 1
857 615 1
862 593 1
863 574 1
866 555 1
867 540 1
870 528 1
873 515 1
875 504 1
878 493 1
881 481 1
884 468 1
886 454 1
888 440 1
890 425 1
893 409 1
894 393 1
895 378 1
894 364 1
894 348 1
892 335 1
889 323 1
884 310 1
881 301 1
875 293 1
866 285 1
855 277 1
843 271 1
828 264 1
809 258 1
791 252 1
776 247 1
761 245 1
743 243 1
717 246 1
685 250 1
648 259 1
614 271 1
582 283 1
546 296 1
510 318 1
473 343 1
443 371 1
420 398 1
399 426 1
377 456 1
352 490 1
332 527 1
315 565 1
302 603 1
291 640 1
283 676 1
274 713 1
263 748 1
255 782 1
249 818 1
243 858 1
239 902 1
236 948 1
234 993 1
233 1031 1
231 1069 1
232 1105 1
232 1138 1
232 1168 1
231 1199 1
231 1232 1
231 1272 1
231 1316 1
232 1369 1
237 1431 1
236 1412 0
