607 1007 1
607 1007 1
607 1007 1
607 1007 1
607 1007 1
607 1007 1
607 1007 1
607 1007 1
605 1007 1
605 1007 1
601 1007 1
596 1007 1
592 1005 1
586 1006 1
582 1005 1
577 1003 1
573 1003 1
569 1001 1
566 1000 1
563 997 1
560 995 1
557 992 1
554 987 1
553 983 1
551 980 1
551 977 1
551 973 1
551 970 1
553 965 1
555 963 1
558 960 1
562 956 1
566 954 1
570 952 1
573 952 1
578 952 1
582 952 1
586 953 1
590 953 1
595 955 1
597 957 1
600 959 1
603 962 1
606 964 1
608 967 1
610 971 1
613 975 1
614 978 1
615 983 1
616 985 1
617 988 1
617 992 1
617 995 1
615 997 1
615 999 1
615 1002 1
613 1004 1
613 1007 1
610 1011 1
608 1014 1
605 1018 1
603 1023 1
599 1026 1
596 1028 1
593 1031 1
589 1033 1
586 1036 1
582 1037 1
577 1040 1
575 1041 1
570 1042 1
567 1044 1
564 1044 1
559 1044 1
554 1043 1
550 1043 1
545 1041 1
540 1038 1
537 1036 1
532 1034 1
527 1030 1
522 1026 1
517 1020 1
511 1013 1
506 1005 1
501 997 1
497 989 1
494 981 1
492 974 1
489 966 1
487 958 1
484 949 1
484 940 1
482 932 1
483 924 1
483 918 1
483 912 1
483 906 1
483 903 1
483 898 1
483 894 1
484 889 1
484 885 1
485 882 1
485 878 1
485 876 1
486 873 1
486 870 1
487 866 1
488 863 1
489 860 1
490 857 1
491 854 1
491 851 1
492 849 1
493 846 1
494 845 1
495 843 1
496 842 1
498 840 1
499 839 1
501 837 1
502 836 1
504 834 1
506 832 1
507 832 1
509 830 1
510 829 1
512 827 1
515 827 1
519 825 1
526 824 1
531 822 1
536 822 1
542 820 1
548 818 1
553 818 1
558 816 1
562 817 1
566 815 1
570 816 1
573 814 1
575 815 1
578 815 1
579 815 1
581 815 1
582 815 1
583 815 1
584 815 1
585 815 1
587 815 1
588 815 1
591 816 1
595 816 1
600 817 1
603 818 1
608 820 1
613 822 1
617 823 1
622 825 1
625 825 1
628 827 1
631 828 1
634 830 1
637 831 1
640 833 1
642 834 1
646 836 1
647 838 1
649 840 1
651 842 1
653 844 1
656 846 1
658 848 1
661 851 1
662 852 1
664 855 1
666 858 1
667 859 1
669 861 1
670 863 1
672 865 1
673 867 1
674 869 1
675 871 1
677 875 1
679 881 1
680 887 1
682 893 1
683 898 1
684 902 1
685 906 1
685 911 1
686 914 1
687 919 1
687 924 1
688 930 1
689 935 1
690 941 1
691 948 1
692 954 1
694 960 1
695 965 1
697 969 1
699 974 1
701 977 1
703 981 1
705 984 1
707 987 1
708 990 1
710 995 1
712 999 1
715 1005 1
717 1011 1
719 1018 1
721 1024 1
722 1030 1
724 1035 1
724 1040 1
725 1045 1
725 1048 1
723 1053 1
723 1057 1
720 1062 1
717 1067 1
713 1073 1
709 1078 1
704 1085 1
700 1089 1
696 1095 1
691 1100 1
685 1105 1
679 1110 1
670 1113 1
662 1116 1
654 1118 1
646 1119 1
637 1121 1
628 1122 1
620 1123 1
612 1123 1
604 1124 1
595 1124 1
588 1124 1
581 1122 1
576 1123 1
571 1121 1
567 1122 1
564 1120 1
561 1121 1
558 1119 1
552 1119 1
548 1117 1
543 1115 1
538 1114 1
534 1111 1
528 1109 1
522 1107 1
514 1103 1
508 1100 1
500 1094 1
495 1091 1
490 1088 1
485 1085 1
481 1081 1
476 1077 1
471 1074 1
467 1068 1
461 1062 1
455 1054 1
450 1048 1
444 1042 1
438 1034 1
430 1026 1
423 1016 1
417 1007 1
410 996 1
404 987 1
400 978 1
396 970 1
393 964 1
391 955 1
388 947 1
387 940 1
385 931 1
385 923 1
385 914 1
385 906 1
385 896 1
387 887 1
389 876 1
392 865 1
395 855 1
398 844 1
403 834 1
408 823 1
414 812 1
421 801 1
425 792 1
430 785 1
436 777 1
442 771 1
447 764 1
454 760 1
460 757 1
467 753 1
473 750 1
482 745 1
488 743 1
496 739 1
504 737 1
513 734 1
523 732 1
535 730 1
547 729 1
558 727 1
567 727 1
575 726 1
583 726 1
591 726 1
599 726 1
607 726 1
616 726 1
625 727 1
633 728 1
640 729 1
648 732 1
655 735 1
662 737 1
670 741 1
677 745 1
684 749 1
690 753 1
696 758 1
701 762 1
706 765 1
710 770 1
713 774 1
717 779 1
719 784 1
722 788 1
725 796 1
728 803 1
731 814 1
734 825 1
738 833 1
739 841 1
741 849 1
743 859 1
746 868 1
748 879 1
751 890 1
754 900 1
757 909 1
760 918 1
764 927 1
767 936 1
772 947 1
776 957 1
781 967 1
784 976 1
787 982 1
790 990 1
795 1000 1
798 1011 1
802 1022 1
803 1032 1
805 1041 1
806 1049 1
807 1057 1
807 1064 1
807 1072 1
807 1080 1
805 1088 1
802 1096 1
798 1104 1
793 1112 1
786 1120 1
778 1126 1
771 1132 1
765 1137 1
758 1142 1
748 1148 1
739 1153 1
729 1158 1
718 1163 1
710 1167 1
704 1172 1
695 1175 1
687 1179 1
676 1182 1
664 1185 1
654 1188 1
642 1190 1
634 1192 1
626 1193 1
618 1195 1
610 1196 1
601 1197 1
590 1198 1
581 1198 1
573 1200 1
565 1200 1
557 1202 1
548 1202 1
537 1202 1
526 1200 1
517 1199 1
508 1197 1
501 1196 1
494 1194 1
487 1192 1
480 1189 1
474 1185 1
468 1181 1
461 1176 1
456 1172 1
451 1166 1
444 1159 1
438 1150 1
430 1140 1
424 1129 1
417 1119 1
411 1109 1
405 1099 1
399 1090 1
392 1078 1
387 1067 1
382 1059 1
377 1051 1
374 1043 1
371 1036 1
368 1029 1
364 1022 1
361 1014 1
358 1007 1
355 999 1
352 992 1
349 986 1
347 979 1
346 974 1
344 968 1
343 962 1
341 956 1
340 949 1
338 942 1
336 934 1
334 926 1
333 919 1
331 911 1
329 904 1
328 898 1
326 892 1
326 885 1
326 878 1
325 872 1
323 865 1
323 860 1
323 854 1
322 849 1
320 843 1
321 837 1
321 830 1
322 824 1
323 817 1
325 810 1
327 801 1
329 792 1
331 783 1
333 775 1
336 767 1
338 758 1
341 749 1
344 738 1
347 728 1
351 719 1
356 711 1
361 703 1
366 697 1
371 692 1
378 686 1
383 682 1
389 678 1
398 674 1
406 670 1
415 666 1
424 663 1
432 660 1
439 658 1
447 656 1
454 654 1
462 653 1
470 651 1
479 652 1
488 652 1
495 652 1
501 652 1
505 652 1
508 652 1
513 652 1
518 652 1
523 652 1
528 652 1
533 653 1
537 653 1
542 654 1
546 654 1
551 654 1
556 655 1
560 656 1
563 657 1
566 657 1
569 658 1
572 659 1
575 660 1
578 661 1
580 662 1
583 663 1
585 664 1
587 665 1
589 666 1
592 668 1
595 670 1
598 673 1
602 676 1
605 678 1
608 681 1
611 684 1
615 687 1
618 690 1
621 692 1
625 695 1
628 698 1
631 701 1
635 704 1
638 707 1
642 711 1
644 712 1
646 714 1
648 716 1
649 717 1
651 719 1
653 720 1
655 721 1
656 722 1
658 724 1
660 726 1
661 727 1
664 729 1
665 730 1
668 732 1
669 732 1
671 734 1
672 734 1
675 736 1
678 737 1
681 738 1
686 739 1
691 739 1
696 740 1
701 740 1
706 740 1
707 740 1
710 740 1
713 738 1
715 739 1
717 739 1
719 738 1
722 738 1
724 738 1
727 739 1
731 739 1
735 739 1
739 740 1
742 740 1
745 741 1
748 741 1
751 743 1
753 743 1
756 745 1
758 745 1
762 747 1
764 750 1
766 752 1
769 755 1
773 759 1
776 763 1
781 768 1
784 774 1
788 778 1
793 785 1
796 790 1
799 796 1
802 801 1
804 808 1
807 815 1
811 824 1
814 833 1
817 840 1
821 850 1
823 856 1
826 864 1
829 873 1
832 881 1
835 891 1
838 901 1
841 910 1
842 918 1
845 926 1
847 934 1
849 942 1
852 950 1
854 960 1
856 969 1
858 976 1
860 984 1
863 990 1
863 990 1
866 999 1
868 1007 1
873 1017 1
876 1025 1
878 1032 1
883 1042 1
884 1044 0
886 1049 1
889 1056 1
892 1062 1
895 1068 1
897 1076 1
899 1082 1
902 1089 1
903 1096 1
905 1102 1
907 1109 1
907 1114 1
907 1120 1
906 1125 1
904 1131 1
903 1134 1
901 1139 1
899 1143 1
896 1148 1
893 1154 1
890 1160 1
886 1167 1
880 1174 1
875 1180 1
868 1187 1
861 1194 1
854 1199 1
848 1205 1
841 1209 1
833 1215 1
823 1221 1
814 1227 1
804 1232 1
795 1237 1
786 1241 1
777 1246 1
771 1251 1
764 1254 1
759 1259 1
754 1261 1
748 1265 1
742 1268 1
735 1271 1
727 1275 1
720 1278 1
712 1281 1
704 1283 1
697 1285 1
689 1287 1
681 1290 1
674 1293 1
665 1297 1
658 1301 1
650 1304 1
642 1308 1
635 1311 1
627 1314 1
620 1316 1
613 1319 1
607 1320 1
601 1321 1
595 1323 1
588 1324 1
582 1325 1
575 1325 1
571 1326 1
567 1326 1
562 1324 1
559 1325 1
554 1323 1
548 1321 1
541 1319 1
534 1316 1
525 1313 1
517 1309 1
511 1306 1
506 1303 1
503 1302 1
500 1299 1
494 1296 1
491 1293 1
486 1290 1
481 1286 1
475 1280 1
469 1276 1
463 1270 1
457 1265 1
450 1259 1
444 1254 1
438 1250 1
431 1245 1
425 1240 1
417 1234 1
411 1230 1
404 1224 1
398 1219 1
390 1214 1
384 1208 1
378 1202 1
372 1197 1
366 1191 1
360 1186 1
354 1180 1
347 1176 1
343 1172 1
338 1167 1
333 1162 1
327 1156 1
317 1146 1
308 1138 1
300 1129 1
292 1122 1
287 1115 1
282 1110 1
277 1104 1
272 1097 1
267 1090 1
261 1083 1
257 1075 1
252 1067 1
249 1059 1
246 1051 1
244 1044 1
242 1038 1
241 1030 1
240 1022 1
240 1014 1
239 1005 1
239 994 1
239 985 1
239 976 1
239 967 1
239 959 1
239 949 1
240 939 1
241 927 1
242 915 1
243 901 1
244 887 1
245 873 1
246 857 1
248 842 1
249 827 1
252 812 1
253 798 1
255 786 1
257 776 1
260 768 1
263 760 1
266 753 1
269 746 1
273 738 1
276 730 1
280 723 1
283 715 1
288 707 1
291 701 1
296 695 1
301 689 1
305 682 1
308 676 1
313 669 1
316 662 1
320 654 1
325 648 1
328 641 1
333 635 1
336 629 1
340 624 1
345 619 1
349 614 1
353 610 1
358 605 1
364 600 1
370 596 1
375 591 1
381 586 1
390 582 1
402 577 1
418 573 1
433 571 1
449 569 1
462 570 1
472 570 1
480 571 1
487 572 1
492 572 1
495 573 1
499 573 1
502 573 1
506 574 1
509 574 1
513 575 1
518 576 1
525 578 1
534 579 1
543 581 1
552 583 1
560 585 1
567 587 1
573 588 1
578 589 1
584 590 1
590 592 1
598 594 1
606 597 1
617 600 1
626 603 1
634 607 1
643 611 1
651 614 1
658 617 1
665 621 1
673 624 1
681 627 1
690 631 1
699 634 1
705 638 1
712 642 1
716 644 1
720 646 1
726 649 1
733 653 1
741 659 1
751 664 1
760 670 1
767 676 1
774 681 1
781 689 1
788 695 1
796 701 1
803 707 1
810 711 1
815 714 1
820 717 1
823 719 1
827 723 1
830 726 1
833 729 1
837 732 1
840 735 1
843 739 1
848 745 1
853 751 1
858 759 1
863 767 1
869 776 1
875 784 1
881 795 1
887 804 1
894 813 1
899 821 1
905 831 1
909 838 1
914 846 1
919 855 1
923 863 1
926 870 1
928 878 1
931 886 1
934 893 1
937 900 1
939 907 1
941 914 1
943 921 1
943 928 1
944 935 1
944 943 1
944 952 1
944 962 1
944 970 1
943 977 1
943 986 1
943 996 1
944 1006 1
945 1018 1
946 1030 1
948 1042 1
949 1053 1
951 1067 1
952 1082 1
954 1098 1
956 1111 1
957 1124 1
958 1136 1
958 1147 1
958 1160 1
957 1171 1
955 1182 1
954 1190 1
952 1199 1
949 1208 1
948 1216 1
945 1225 1
942 1234 1
939 1242 1
933 1250 1
927 1259 1
920 1268 1
914 1276 1
907 1284 1
900 1294 1
894 1303 1
888 1313 1
882 1323 1
876 1329 1
871 1336 1
865 1341 1
860 1346 1
855 1349 1
850 1352 1
843 1358 1
836 1363 1
826 1369 1
810 1376 1
792 1384 1
775 1390 1
757 1394 1
737 1399 1
717 1402 1
700 1405 1
686 1405 1
673 1406 1
663 1406 1
655 1406 1
649 1405 1
643 1405 1
639 1405 1
634 1405 1
625 1405 1
617 1403 1
604 1401 1
591 1400 1
579 1397 1
569 1396 1
558 1396 1
547 1394 1
536 1392 1
525 1391 1
515 1389 1
505 1386 1
491 1384 1
476 1381 1
460 1379 1
445 1376 1
429 1373 1
412 1368 1
395 1363 1
378 1356 1
362 1348 1
342 1336 1
321 1323 1
302 1309 1
283 1295 1
267 1281 1
255 1269 1
245 1258 1
238 1251 1
233 1246 1
230 1242 1
228 1239 1
227 1236 1
225 1231 1
224 1227 1
222 1219 1
217 1210 1
214 1201 1
210 1190 1
206 1179 1
203 1167 1
198 1153 1
195 1141 1
191 1127 1
186 1115 1
183 1103 1
181 1092 1
181 1080 1
180 1066 1
178 1055 1
180 1045 1
180 1035 1
180 1026 1
181 1014 1
182 1000 1
183 985 1
185 967 1
185 950 1
185 933 1
185 917 1
185 900 1
185 883 1
185 865 1
186 849 1
187 834 1
188 818 1
189 804 1
189 789 1
190 775 1
191 762 1
192 751 1
195 740 1
197 729 1
200 718 1
202 710 1
206 702 1
208 695 1
211 687 1
215 678 1
219 666 1
224 654 1
228 640 1
233 628 1
240 614 1
246 602 1
252 590 1
258 578 1
266 566 1
273 556 1
282 545 1
292 535 1
304 524 1
316 513 1
330 501 1
344 490 1
360 481 1
375 475 1
389 469 1
403 465 1
419 462 1
434 459 1
450 458 1
464 456 1
478 457 1
493 458 1
507 461 1
520 462 1
534 463 1
545 464 1
555 464 1
566 465 1
577 467 1
591 470 1
606 475 1
622 480 1
638 487 1
650 492 1
664 497 1
678 502 1
691 508 1
702 511 1
711 515 1
719 520 1
727 523 1
735 526 1
742 530 1
752 535 1
761 540 1
769 544 1
777 549 1
785 553 1
793 557 1
800 562 1
808 567 1
817 572 1
826 577 1
833 580 1
841 585 1
849 590 1
857 596 1
867 602 1
875 609 1
884 616 1
893 623 1
900 629 1
907 634 1
913 639 1
919 644 1
924 649 1
929 654 1
935 660 1
941 666 1
945 670 1
949 676 1
953 680 1
956 683 1
961 688 1
964 691 1
968 695 1
971 698 1
974 702 1
977 705 1
980 708 1
982 711 1
984 713 1
987 716 1
988 718 1
990 720 1
991 721 1
993 723 1
993 725 1
995 727 1
996 728 1
997 730 1
998 733 1
999 734 1
1000 737 1
1000 740 1
1002 743 1
1003 748 1
1005 753 1
1006 757 1
1007 761 1
1008 766 1
1009 770 1
1010 775 1
1011 779 1
1012 784 1
1013 791 1
1014 797 1
1015 804 1
1016 812 1
1018 821 1
1018 829 1
1019 840 1
1020 852 1
1020 868 1
1021 882 1
1021 896 1
1022 908 1
1022 918 1
1022 927 1
1022 936 1
1020 946 1
1021 955 1
1019 963 1
1020 971 1
1020 976 1
1020 982 1
1018 989 1
1019 1000 1
1018 1012 1
1018 1026 1
1017 1040 1
1015 1054 1
1014 1072 1
1011 1089 1
1009 1104 1
1007 1118 1
1004 1131 1
1003 1144 1
1001 1158 1
999 1170 1
997 1181 1
994 1191 1
992 1200 1
989 1208 1
986 1218 1
982 1228 1
978 1237 1
974 1247 1
970 1254 1
967 1262 1
964 1269 1
961 1276 1
957 1287 1
952 1299 1
946 1311 1
941 1323 1
936 1332 1
930 1343 1
922 1353 1
916 1364 1
909 1374 1
904 1383 1
899 1389 1
894 1397 1
889 1402 1
884 1407 1
878 1412 1
870 1415 1
862 1420 1
854 1423 1
845 1426 1
836 1429 1
826 1433 1
818 1434 1
805 1437 1
792 1438 1
778 1439 1
765 1439 1
751 1440 1
740 1439 1
729 1437 1
722 1437 1
715 1436 1
710 1434 1
706 1435 1
702 1433 1
700 1434 1
697 1432 1
694 1432 1
691 1432 1
689 1431 1
686 1431 1
682 1430 1
678 1429 1
671 1427 1
663 1428 1
655 1428 1
649 1428 1
642 1428 1
637 1429 1
631 1429 1
623 1430 1
616 1430 1
608 1431 1
599 1431 1
592 1431 1
584 1432 1
576 1432 1
568 1433 1
560 1433 1
552 1432 1
543 1430 1
534 1428 1
525 1427 1
518 1425 1
510 1422 1
504 1419 1
496 1416 1
489 1411 1
481 1408 1
475 1405 1
466 1399 1
459 1397 1
451 1392 1
445 1388 1
439 1385 1
434 1383 1
430 1381 1
423 1378 1
416 1373 1
407 1369 1
396 1364 1
385 1357 1
376 1352 1
369 1347 1
360 1341 1
351 1335 1
341 1330 1
332 1325 1
323 1321 1
312 1316 1
304 1311 1
294 1308 1
285 1303 1
274 1297 1
264 1293 1
254 1287 1
243 1281 1
233 1275 1
222 1269 1
213 1261 1
205 1256 1
198 1251 1
192 1247 1
188 1243 1
183 1239 1
180 1234 1
175 1229 1
170 1222 1
165 1214 1
159 1206 1
154 1197 1
150 1189 1
146 1180 1
142 1170 1
139 1160 1
136 1148 1
133 1135 1
130 1123 1
128 1112 1
128 1100 1
127 1085 1
125 1069 1
121 1045 1
112 1016 1
100 987 1
87 959 1
78 937 1
71 920 1
67 907 1
62 892 1
57 872 1
53 856 1
48 840 1
49 842 0
