141 1387 1
141 1387 1
141 1387 1
141 1387 1
141 1387 1
141 1387 1
139 1385 1
139 1385 1
140 1382 1
139 1376 1
137 1365 1
137 1351 1
135 1333 1
136 1313 1
134 1293 1
134 1275 1
131 1257 1
128 1239 1
124 1214 1
121 1195 1
120 1184 1
120 1173 1
120 1154 1
120 1138 1
121 1127 1
122 1113 1
125 1097 1
133 1078 1
140 1060 1
147 1047 1
155 1035 1
163 1025 1
171 1014 1
181 1002 1
189 991 1
198 981 1
207 970 1
218 959 1
231 941 1
240 929 1
247 914 1
252 900 1
257 885 1
262 867 1
265 850 1
268 833 1
269 814 1
268 799 1
266 788 1
265 780 1
263 772 1
259 765 1
255 760 1
249 755 1
237 751 1
226 748 1
210 749 1
193 751 1
176 759 1
161 768 1
146 779 1
133 789 1
121 801 1
110 816 1
100 832 1
93 849 1
86 869 1
79 921 1
82 953 1
89 981 1
98 1009 1
106 1031 1
111 1046 1
118 1060 1
125 1075 1
136 1090 1
150 1105 1
165 1121 1
181 1134 1
199 1148 1
214 1160 1
226 1170 1
235 1178 1
243 1186 1
251 1197 1
259 1206 1
263 1217 1
268 1228 1
270 1240 1
270 1253 1
267 1264 1
263 1275 1
259 1286 1
253 1295 1
245 1303 1
235 1310 1
223 1317 1
209 1321 1
196 1322 1
184 1319 1
186 1320 0
462 1284 1
462 1284 1
462 1284 1
462 1284 1
462 1282 1
462 1282 1
463 1276 1
463 1271 1
466 1262 1
469 1248 1
472 1231 1
477 1214 1
481 1194 1
486 1175 1
490 1154 1
493 1133 1
496 1104 1
499 1082 1
500 1064 1
501 1049 1
502 1032 1
505 1016 1
510 997 1
512 978 1
514 963 1
515 947 1
517 929 1
518 911 1
520 892 1
521 873 1
522 856 1
522 840 1
521 826 1
518 815 1
514 805 1
509 795 1
503 788 1
497 783 1
494 778 1
489 775 1
485 774 1
480 774 1
473 774 1
459 777 1
447 784 1
435 793 1
423 805 1
410 819 1
402 830 1
395 845 1
390 864 1
389 886 1
390 904 1
392 920 1
396 939 1
407 958 1
419 975 1
432 990 1
446 1002 1
460 1015 1
476 1029 1
491 1041 1
501 1049 1
509 1055 1
518 1061 1
528 1068 1
539 1074 1
559 1090 1
570 1101 1
576 1109 1
581 1115 1
584 1121 1
588 1126 1
591 1132 1
592 1137 1
594 1144 1
595 1152 1
594 1161 1
592 1170 1
587 1180 1
580 1187 1
572 1195 1
562 1201 1
552 1207 1
541 1214 1
529 1217 1
518 1219 1
508 1218 1
509 1219 0
712 1201 1
712 1201 1
712 1201 1
712 1201 1
712 1201 1
712 1201 1
712 1197 1
712 1190 1
712 1179 1
712 1159 1
713 1135 1
713 1109 1
712 1085 1
712 1062 1
710 1042 1
707 1012 1
704 994 1
700 973 1
695 952 1
690 931 1
688 914 1
684 901 1
681 889 1
676 874 1
670 857 1
662 841 1
654 826 1
646 810 1
638 798 1
631 789 1
625 781 1
619 775 1
615 771 1
611 767 1
609 765 1
607 763 1
607 764 1
605 765 1
603 768 1
598 778 1
591 795 1
585 815 1
581 833 1
579 850 1
580 867 1
580 881 1
582 893 1
586 903 1
592 914 1
602 925 1
617 940 1
629 949 1
642 959 1
658 969 1
677 981 1
697 992 1
716 1002 1
735 1012 1
753 1026 1
768 1038 1
778 1047 1
784 1053 1
790 1059 1
794 1065 1
797 1073 1
799 1082 1
800 1091 1
799 1100 1
797 1110 1
793 1117 1
787 1125 1
780 1132 1
771 1140 1
763 1148 1
757 1153 1
760 1151 0
