975 434 1
975 434 1
975 434 1
975 434 1
975 434 1
975 434 1
975 434 1
975 434 1
975 434 1
975 434 1
975 434 1
974 434 1
973 434 1
971 436 1
969 439 1
966 444 1
963 448 1
961 453 1
958 461 1
956 467 1
954 474 1
953 481 1
953 489 1
952 498 1
952 509 1
952 524 1
954 538 1
957 553 1
958 565 1
961 576 1
963 587 1
965 598 1
966 607 1
968 617 1
968 625 1
969 634 1
970 644 1
972 657 1
974 670 1
975 684 1
977 694 1
977 703 1
979 711 1
979 720 1
981 730 1
981 741 1
983 754 1
983 765 1
983 776 1
981 788 1
980 800 1
978 812 1
977 822 1
974 830 1
972 837 1
969 843 1
966 849 1
962 857 1
958 862 1
955 867 1
952 872 1
949 875 1
945 880 1
941 884 1
937 888 1
931 892 1
924 895 1
915 899 1
905 902 1
896 905 1
885 906 1
875 907 1
866 906 1
859 906 1
851 905 1
844 903 1
838 901 1
832 899 1
829 896 1
824 893 1
822 886 1
817 878 1
814 867 1
811 856 1
809 845 1
809 838 1
809 830 1
809 824 1
809 817 1
810 812 1
810 809 1
811 806 1
812 803 1
813 800 1
813 800 1
814 798 1
815 799 1
817 799 1
819 799 1
825 799 1
834 800 1
852 806 1
864 818 1
873 829 1
881 838 1
889 849 1
897 868 1
900 882 1
902 897 1
901 913 1
899 933 1
898 955 1
895 975 1
891 998 1
886 1022 1
884 1047 1
880 1072 1
878 1095 1
877 1111 1
874 1127 1
866 1143 1
856 1159 1
847 1169 1
837 1175 1
840 1174 0
675 524 1
675 524 1
675 524 1
675 524 1
675 524 1
675 524 1
675 524 1
675 524 1
675 524 1
675 524 1
675 524 1
675 524 1
673 524 1
670 526 1
667 530 1
663 539 1
658 548 1
654 562 1
651 580 1
648 600 1
649 622 1
651 644 1
654 669 1
657 691 1
661 724 1
664 744 1
667 764 1
669 782 1
673 800 1
674 816 1
675 831 1
676 845 1
678 857 1
680 869 1
685 883 1
690 893 1
696 902 1
703 912 1
709 921 1
715 931 1
720 941 1
726 952 1
730 962 1
733 970 1
735 977 1
736 982 1
736 987 1
734 994 1
732 1001 1
729 1009 1
723 1016 1
715 1024 1
707 1031 1
701 1037 1
694 1042 1
681 1047 1
669 1050 1
653 1051 1
639 1051 1
623 1048 1
609 1043 1
596 1037 1
586 1030 1
577 1023 1
564 1008 1
558 997 1
555 990 1
552 982 1
550 976 1
550 971 1
550 967 1
550 964 1
551 960 1
551 958 1
553 955 1
557 954 1
564 954 1
578 955 1
592 964 1
609 979 1
627 998 1
641 1023 1
652 1046 1
659 1072 1
664 1099 1
665 1123 1
662 1145 1
652 1168 1
655 1163 0
467 587 1
467 587 1
467 587 1
467 587 1
467 587 1
467 587 1
467 587 1
467 587 1
467 587 1
467 587 1
465 587 1
465 587 1
464 590 1
463 595 1
460 601 1
458 609 1
455 617 1
451 626 1
447 637 1
443 649 1
438 662 1
434 675 1
431 687 1
428 698 1
427 711 1
424 724 1
423 740 1
424 755 1
424 777 1
425 794 1
428 811 1
432 824 1
436 837 1
443 857 1
449 874 1
454 886 1
457 896 1
462 906 1
467 917 1
472 929 1
478 942 1
482 956 1
487 970 1
492 983 1
498 1006 1
501 1021 1
506 1035 1
509 1046 1
511 1055 1
512 1067 1
514 1080 1
515 1093 1
515 1104 1
515 1115 1
514 1123 1
512 1131 1
510 1136 1
507 1141 1
502 1145 1
495 1149 1
480 1152 1
466 1153 1
446 1151 1
423 1146 1
398 1126 1
378 1107 1
362 1090 1
352 1074 1
347 1063 1
343 1056 1
341 1052 1
340 1047 1
340 1044 1
340 1042 1
340 1040 1
342 1038 1
347 1039 1
357 1041 1
371 1048 1
385 1059 1
400 1073 1
414 1090 1
425 1108 1
433 1125 1
438 1142 1
442 1161 1
441 1178 1
440 1195 1
437 1214 1
438 1212 0
279 630 1
279 630 1
279 630 1
279 630 1
279 630 1
279 630 1
279 630 1
279 630 1
278 630 1
279 633 1
280 644 1
285 659 1
289 676 1
295 693 1
301 710 1
307 727 1
312 741 1
316 753 1
320 764 1
323 775 1
325 786 1
327 798 1
328 808 1
329 819 1
329 828 1
329 837 1
327 847 1
326 858 1
326 869 1
324 880 1
323 891 1
321 901 1
320 910 1
318 919 1
314 929 1
309 940 1
302 950 1
296 959 1
290 967 1
284 975 1
277 984 1
268 1002 1
262 1015 1
260 1026 1
257 1038 1
255 1055 1
256 1071 1
258 1088 1
259 1100 1
260 1111 1
261 1121 1
262 1132 1
262 1141 1
260 1151 1
259 1157 1
259 1161 1
257 1164 1
253 1166 1
247 1168 1
235 1168 1
221 1168 1
206 1162 1
191 1153 1
177 1138 1
163 1124 1
157 1113 1
152 1105 1
148 1099 1
146 1092 1
144 1088 1
144 1083 1
142 1080 1
144 1077 1
144 1075 1
150 1072 1
158 1073 1
169 1075 1
183 1082 1
200 1098 1
220 1118 1
238 1143 1
251 1168 1
260 1192 1
267 1219 1
272 1246 1
276 1274 1
277 1301 1
277 1330 1
277 1326 0
