90 1442 1
90 1442 1
90 1442 1
90 1442 1
90 1442 1
90 1442 1
90 1442 1
90 1442 1
90 1442 1
90 1440 1
92 1438 1
94 1435 1
97 1429 1
101 1418 1
104 1406 1
107 1390 1
110 1372 1
110 1354 1
111 1339 1
112 1321 1
112 1304 1
110 1286 1
111 1263 1
111 1250 1
110 1231 1
110 1215 1
109 1203 1
109 1192 1
108 1182 1
108 1170 1
108 1157 1
109 1143 1
109 1131 1
109 1118 1
112 1095 1
117 1077 1
122 1058 1
125 1040 1
128 1020 1
130 1000 1
131 983 1
132 968 1
132 951 1
133 938 1
134 928 1
134 919 1
135 910 1
136 900 1
138 888 1
139 878 1
141 865 1
142 854 1
145 842 1
148 828 1
156 802 1
157 793 1
159 782 1
161 773 1
161 763 1
163 743 1
163 727 1
163 711 1
162 698 1
160 679 1
160 666 1
158 652 1
156 643 1
155 634 1
152 626 1
149 619 1
145 613 1
142 609 1
139 605 1
137 603 1
134 601 1
133 600 1
131 598 1
131 597 1
130 597 1
128 597 1
128 597 1
126 595 1
126 596 1
124 594 1
124 595 1
122 595 1
122 594 1
120 594 1
119 594 1
119 594 1
119 594 1
118 594 1
116 594 1
116 594 1
114 596 1
111 598 1
106 606 1
102 615 1
97 625 1
94 633 1
91 641 1
89 650 1
88 661 1
86 670 1
87 679 1
85 689 1
85 696 1
85 704 1
83 712 1
84 721 1
82 730 1
83 739 1
83 749 1
82 757 1
82 765 1
82 772 1
82 779 1
82 789 1
82 800 1
83 811 1
84 822 1
86 835 1
89 853 1
96 872 1
105 890 1
111 909 1
115 927 1
118 945 1
121 958 1
124 970 1
125 979 1
126 993 1
127 1007 1
126 1021 1
126 1033 1
126 1043 1
124 1054 1
123 1063 1
123 1072 1
123 1084 1
122 1094 1
122 1104 1
122 1112 1
123 1120 1
124 1130 1
125 1140 1
130 1160 1
138 1176 1
145 1191 1
151 1203 1
157 1214 1
164 1225 1
171 1238 1
177 1250 1
182 1263 1
186 1273 1
191 1284 1
199 1306 1
203 1318 1
207 1330 1
212 1343 1
216 1357 1
221 1369 1
226 1380 1
230 1389 1
234 1397 1
237 1402 1
239 1406 1
242 1410 1
246 1414 1
248 1417 1
251 1419 1
253 1421 1
255 1422 1
257 1424 1
259 1426 1
261 1426 1
263 1427 1
264 1427 1
266 1427 1
267 1424 1
269 1419 1
271 1411 1
273 1400 1
276 1382 1
277 1363 1
278 1343 1
276 1323 1
273 1302 1
270 1281 1
267 1263 1
262 1246 1
256 1227 1
251 1208 1
246 1191 1
241 1175 1
238 1159 1
235 1145 1
232 1132 1
230 1123 1
230 1115 1
228 1108 1
226 1096 1
223 1084 1
220 1071 1
219 1057 1
217 1043 1
216 1029 1
216 1015 1
216 1002 1
218 991 1
218 982 1
221 973 1
224 961 1
225 951 1
228 939 1
230 926 1
232 913 1
233 898 1
234 883 1
235 866 1
237 852 1
237 842 1
239 831 1
241 823 1
243 814 1
245 804 1
247 793 1
250 782 1
252 773 1
255 764 1
257 754 1
259 742 1
262 729 1
266 716 1
268 703 1
270 689 1
273 674 1
274 657 1
275 641 1
274 627 1
272 614 1
271 603 1
269 592 1
267 582 1
264 574 1
261 568 1
258 562 1
256 559 1
254 557 1
252 555 1
252 555 1
252 555 1
251 555 1
250 555 1
247 557 1
244 559 1
240 563 1
235 570 1
230 577 1
225 588 1
219 601 1
215 615 1
212 629 1
208 643 1
206 659 1
204 675 1
204 695 1
202 715 1
203 737 1
206 758 1
210 777 1
215 796 1
220 811 1
224 825 1
227 839 1
230 853 1
232 867 1
235 881 1
238 895 1
240 905 1
242 916 1
244 924 1
245 932 1
246 940 1
246 949 1
247 957 1
246 962 1
246 968 1
244 972 1
242 978 1
240 983 1
238 987 1
236 993 1
234 1001 1
232 1010 1
232 1023 1
230 1035 1
232 1049 1
234 1064 1
237 1080 1
242 1097 1
246 1112 1
251 1127 1
257 1141 1
264 1156 1
271 1170 1
277 1183 1
283 1194 1
287 1205 1
292 1216 1
299 1228 1
304 1240 1
310 1253 1
315 1265 1
321 1278 1
327 1293 1
333 1307 1
339 1319 1
344 1330 1
348 1338 1
351 1345 1
355 1353 1
358 1361 1
362 1367 1
365 1373 1
367 1377 1
370 1381 1
372 1384 1
374 1386 1
376 1388 1
378 1389 1
379 1390 1
381 1391 1
382 1391 1
384 1389 1
385 1389 1
387 1387 1
389 1385 1
391 1380 1
394 1373 1
397 1361 1
399 1346 1
401 1330 1
402 1313 1
400 1293 1
397 1273 1
391 1254 1
383 1236 1
374 1219 1
364 1201 1
354 1184 1
344 1166 1
334 1146 1
327 1129 1
322 1114 1
317 1101 1
315 1090 1
313 1080 1
313 1069 1
313 1058 1
313 1044 1
315 1031 1
317 1015 1
322 1000 1
324 986 1
329 974 1
332 962 1
335 950 1
339 937 1
344 925 1
348 914 1
352 904 1
355 893 1
357 884 1
360 872 1
362 862 1
364 851 1
366 841 1
367 830 1
369 815 1
369 799 1
370 783 1
370 769 1
370 756 1
369 745 1
367 733 1
366 721 1
364 711 1
361 702 1
358 693 1
354 684 1
351 675 1
346 665 1
344 658 1
342 652 1
339 648 1
338 645 1
338 643 1
337 641 1
335 641 1
335 641 1
335 641 1
335 641 1
335 641 1
335 641 1
335 641 1
334 642 1
332 645 1
329 651 1
325 659 1
322 668 1
318 680 1
315 693 1
311 707 1
308 722 1
305 739 1
304 755 1
304 770 1
305 785 1
307 799 1
310 813 1
312 827 1
314 839 1
316 853 1
318 868 1
320 883 1
324 897 1
326 908 1
329 920 1
331 933 1
333 947 1
334 958 1
336 970 1
337 982 1
339 994 1
341 1009 1
342 1021 1
344 1034 1
345 1046 1
347 1058 1
349 1072 1
352 1086 1
356 1102 1
359 1118 1
365 1135 1
369 1149 1
372 1161 1
376 1171 1
379 1181 1
384 1191 1
389 1202 1
393 1215 1
399 1228 1
406 1242 1
413 1253 1
419 1264 1
425 1273 1
431 1282 1
438 1290 1
444 1300 1
450 1306 1
455 1312 1
459 1318 1
462 1321 1
466 1325 1
469 1327 1
472 1329 1
473 1330 1
476 1332 1
477 1333 1
479 1334 1
481 1335 1
481 1335 1
482 1335 1
482 1335 1
483 1334 1
484 1332 1
486 1329 1
488 1323 1
489 1316 1
490 1304 1
487 1289 1
483 1270 1
472 1248 1
460 1225 1
447 1201 1
435 1177 1
422 1153 1
413 1130 1
406 1109 1
400 1091 1
398 1075 1
398 1063 1
398 1054 1
399 1046 1
401 1038 1
404 1030 1
407 1021 1
412 1009 1
419 997 1
426 983 1
432 970 1
437 957 1
442 942 1
447 927 1
452 911 1
455 897 1
459 882 1
462 867 1
465 852 1
467 838 1
469 821 1
470 804 1
471 787 1
472 771 1
472 756 1
472 739 1
471 724 1
469 710 1
467 697 1
464 684 1
463 675 1
461 666 1
460 657 1
459 649 1
457 640 1
456 631 1
454 621 1
450 612 1
447 602 1
444 597 1
441 591 1
438 588 1
437 586 1
435 584 1
435 583 1
433 583 1
433 583 1
433 583 1
433 583 1
433 588 1
431 595 1
428 608 1
425 624 1
422 643 1
419 663 1
417 686 1
414 709 1
413 734 1
411 757 1
411 776 1
410 794 1
410 811 1
411 828 1
412 844 1
414 858 1
416 872 1
417 884 1
419 898 1
422 911 1
423 924 1
426 938 1
429 952 1
433 965 1
437 977 1
440 987 1
444 998 1
448 1011 1
452 1023 1
456 1034 1
460 1045 1
463 1054 1
467 1063 1
471 1072 1
476 1083 1
480 1093 1
484 1102 1
489 1112 1
494 1123 1
499 1133 1
505 1146 1
510 1160 1
516 1174 1
521 1188 1
526 1202 1
529 1214 1
533 1225 1
537 1236 1
541 1244 1
545 1252 1
550 1259 1
556 1267 1
563 1274 1
566 1278 1
571 1283 1
572 1284 1
574 1286 1
576 1288 1
577 1289 1
578 1290 1
579 1291 1
579 1291 1
579 1291 1
579 1291 1
579 1291 1
579 1291 1
579 1291 1
579 1291 1
579 1291 1
579 1291 1
579 1291 1
579 1288 1
580 1284 1
580 1279 1
579 1272 1
578 1263 1
576 1252 1
574 1238 1
572 1222 1
570 1208 1
567 1194 1
567 1182 1
565 1169 1
564 1158 1
564 1147 1
563 1138 1
562 1131 1
562 1125 1
561 1119 1
561 1114 1
561 1107 1
559 1101 1
560 1091 1
560 1081 1
560 1072 1
560 1061 1
560 1053 1
560 1043 1
561 1032 1
561 1020 1
562 1008 1
562 997 1
564 989 1
565 982 1
566 977 1
568 970 1
569 965 1
571 959 1
574 951 1
578 943 1
581 935 1
584 925 1
587 917 1
590 906 1
592 894 1
595 880 1
597 864 1
598 850 1
599 833 1
599 815 1
599 795 1
600 777 1
600 760 1
601 746 1
601 733 1
601 720 1
601 707 1
601 694 1
600 680 1
598 664 1
597 648 1
597 634 1
594 620 1
591 607 1
587 594 1
583 583 1
580 574 1
577 569 1
574 564 1
573 562 1
571 560 1
569 558 1
568 557 1
566 555 1
565 555 1
565 555 1
564 555 1
564 555 1
562 556 1
559 560 1
556 564 1
552 569 1
548 575 1
542 583 1
537 593 1
533 601 1
528 609 1
525 617 1
522 627 1
519 636 1
517 648 1
514 663 1
514 676 1
514 690 1
514 705 1
515 721 1
517 737 1
522 754 1
526 768 1
530 782 1
535 799 1
540 815 1
545 832 1
552 849 1
558 866 1
565 882 1
570 898 1
576 911 1
581 924 1
586 936 1
589 947 1
593 958 1
596 968 1
599 977 1
601 987 1
603 998 1
606 1012 1
611 1029 1
616 1046 1
623 1063 1
630 1079 1
638 1097 1
646 1115 1
653 1131 1
659 1146 1
664 1163 1
669 1177 1
673 1187 1
675 1195 1
678 1202 1
681 1208 1
685 1212 1
687 1216 1
690 1218 1
692 1220 1
694 1222 1
696 1223 1
700 1224 1
701 1226 1
703 1226 1
705 1227 1
706 1227 1
707 1227 1
707 1227 1
708 1227 1
708 1227 1
708 1227 1
709 1227 1
709 1227 1
709 1227 1
709 1227 1
711 1224 1
712 1220 1
715 1214 1
718 1205 1
721 1194 1
727 1181 1
731 1165 1
734 1147 1
737 1132 1
739 1116 1
740 1100 1
741 1084 1
739 1068 1
737 1054 1
733 1042 1
730 1031 1
727 1019 1
724 1006 1
721 993 1
719 982 1
716 971 1
714 960 1
712 950 1
709 938 1
707 926 1
703 913 1
700 899 1
698 882 1
695 863 1
692 846 1
691 829 1
689 812 1
690 795 1
691 781 1
692 769 1
695 757 1
697 746 1
699 734 1
702 722 1
704 710 1
707 696 1
709 679 1
712 660 1
713 645 1
713 630 1
711 616 1
709 601 1
707 586 1
706 571 1
704 557 1
703 542 1
701 529 1
701 518 1
699 509 1
697 501 1
696 495 1
694 491 1
693 488 1
691 485 1
690 483 1
688 481 1
687 479 1
687 479 1
687 479 1
687 479 1
687 479 1
687 479 1
686 482 1
684 486 1
679 493 1
674 500 1
668 510 1
661 523 1
654 537 1
648 548 1
643 559 1
638 569 1
634 579 1
631 590 1
629 602 1
629 612 1
627 622 1
627 633 1
626 642 1
626 651 1
627 663 1
628 674 1
629 684 1
630 693 1
631 701 1
632 709 1
634 715 1
635 721 1
636 727 1
637 736 1
638 745 1
640 756 1
641 767 1
644 779 1
645 790 1
647 800 1
649 809 1
651 817 1
652 826 1
653 833 1
655 840 1
655 848 1
657 855 1
658 862 1
659 869 1
660 877 1
661 883 1
662 889 1
663 893 1
664 898 1
664 901 1
665 904 1
666 908 1
667 911 1
667 915 1
668 920 1
670 925 1
670 930 1
672 936 1
674 942 1
677 948 1
679 955 1
681 961 1
683 967 1
685 972 1
687 976 1
689 981 1
692 985 1
694 989 1
696 993 1
699 998 1
702 1005 1
708 1013 1
713 1023 1
719 1031 1
724 1040 1
729 1048 1
734 1055 1
739 1062 1
744 1068 1
749 1074 1
754 1079 1
758 1083 1
760 1086 1
763 1089 1
765 1091 1
767 1094 1
770 1096 1
771 1097 1
773 1099 1
775 1099 1
777 1101 1
778 1102 1
781 1104 1
782 1105 1
784 1106 1
786 1107 1
788 1109 1
789 1110 1
789 1110 1
789 1110 1
789 1110 1
790 1110 1
790 1110 1
790 1110 1
790 1110 1
790 1110 1
790 1110 1
790 1110 1
790 1110 1
790 1110 1
790 1110 1
790 1110 1
790 1110 1
790 1110 1
790 1110 1
790 1110 1
793 1108 1
796 1107 1
800 1105 1
804 1104 1
809 1101 1
812 1100 1
814 1097 1
817 1094 1
819 1091 1
821 1087 1
823 1081 1
826 1072 1
828 1061 1
830 1048 1
831 1031 1
832 1013 1
832 995 1
831 979 1
829 965 1
828 950 1
826 935 1
822 921 1
817 909 1
815 897 1
810 886 1
807 873 1
805 861 1
802 849 1
800 836 1
798 822 1
796 810 1
794 797 1
795 785 1
796 773 1
796 761 1
798 746 1
799 729 1
800 714 1
800 699 1
801 687 1
802 673 1
802 657 1
803 643 1
803 632 1
804 621 1
804 609 1
803 594 1
801 577 1
797 559 1
793 542 1
786 526 1
779 510 1
773 499 1
767 490 1
763 483 1
760 479 1
757 476 1
756 474 1
754 472 1
754 472 1
752 472 1
753 470 1
753 470 1
753 470 1
753 470 1
753 470 1
753 470 1
752 473 1
750 475 1
748 479 1
747 484 1
745 489 1
744 496 1
741 505 1
739 517 1
739 531 1
737 545 1
738 557 1
738 569 1
738 581 1
739 593 1
739 605 1
739 615 1
739 626 1
739 635 1
740 645 1
740 658 1
741 671 1
741 680 1
742 689 1
744 698 1
745 707 1
747 716 1
749 728 1
752 738 1
753 748 1
756 758 1
758 767 1
760 776 1
763 786 1
767 796 1
770 804 1
772 811 1
775 819 1
776 825 1
780 832 1
783 838 1
785 844 1
788 850 1
790 857 1
793 865 1
796 874 1
799 883 1
802 891 1
806 899 1
810 909 1
813 917 1
818 927 1
821 938 1
827 950 1
832 962 1
835 973 1
839 983 1
842 993 1
846 1002 1
851 1013 1
855 1021 1
859 1029 1
862 1035 1
864 1041 1
867 1044 1
868 1047 1
870 1050 1
872 1052 1
874 1054 1
877 1056 1
881 1056 1
885 1056 1
892 1053 1
899 1048 1
909 1043 1
917 1037 1
925 1028 1
931 1019 1
937 1006 1
940 993 1
941 981 1
941 967 1
939 953 1
937 940 1
934 927 1
931 913 1
928 899 1
925 885 1
923 867 1
920 850 1
919 834 1
919 816 1
918 798 1
918 782 1
920 764 1
921 747 1
922 727 1
923 706 1
924 686 1
924 665 1
924 644 1
923 625 1
921 605 1
916 585 1
912 564 1
906 544 1
900 524 1
892 505 1
886 493 1
881 482 1
879 477 1
876 472 1
873 468 1
872 467 1
872 467 1
872 466 1
872 466 1
872 466 1
871 467 1
868 468 1
865 473 1
860 481 1
856 491 1
852 502 1
847 518 1
843 536 1
839 559 1
836 584 1
834 610 1
832 636 1
834 664 1
837 691 1
841 720 1
848 747 1
855 774 1
863 797 1
871 821 1
878 842 1
888 864 1
898 886 1
908 906 1
919 926 1
931 945 1
942 963 1
952 979 1
960 993 1
968 1007 1
978 1021 1
985 1033 1
990 1041 1
993 1048 1
995 1050 1
997 1053 1
997 1054 1
998 1055 1
998 1056 1
998 1056 1
998 1056 1
999 1057 1
999 1058 1
999 1058 0
