839 417 1
839 417 1
839 417 1
839 417 1
839 417 1
839 417 1
839 417 1
839 417 1
839 417 1
839 417 1
838 417 1
832 418 1
828 419 1
819 423 1
812 426 1
802 430 1
794 434 1
783 440 1
774 449 1
765 458 1
756 472 1
749 482 1
743 492 1
737 501 1
729 511 1
715 528 1
699 543 1
685 555 1
674 563 1
664 571 1
648 582 1
633 591 1
618 601 1
604 611 1
589 622 1
574 632 1
560 642 1
547 651 1
532 663 1
519 675 1
509 685 1
501 694 1
496 699 1
491 706 1
485 713 1
470 731 1
458 745 1
443 760 1
429 772 1
416 781 1
404 792 1
390 803 1
377 815 1
367 825 1
357 834 1
349 843 1
332 859 1
320 871 1
308 885 1
297 898 1
284 911 1
272 924 1
260 939 1
248 955 1
238 967 1
231 978 1
221 993 1
210 1012 1
199 1030 1
188 1049 1
177 1066 1
168 1082 1
160 1095 1
153 1107 1
146 1124 1
139 1142 1
134 1160 1
129 1175 1
126 1187 1
124 1198 1
122 1210 1
122 1223 1
122 1235 1
123 1246 1
125 1257 1
129 1267 1
137 1277 1
154 1295 1
165 1305 1
181 1316 1
196 1327 1
212 1336 1
225 1342 1
237 1348 1
249 1352 1
262 1357 1
276 1362 1
291 1366 1
305 1371 1
319 1374 1
333 1376 1
348 1378 1
362 1379 1
387 1380 1
403 1379 1
422 1378 1
441 1376 1
462 1371 1
482 1367 1
499 1363 1
513 1359 1
527 1354 1
541 1349 1
554 1342 1
566 1335 1
576 1328 1
583 1323 1
589 1318 1
595 1312 1
600 1305 1
607 1297 1
613 1286 1
621 1277 1
629 1267 1
634 1259 1
640 1251 1
646 1242 1
651 1230 1
656 1216 1
661 1200 1
666 1186 1
671 1172 1
675 1158 1
680 1142 1
687 1128 1
694 1113 1
702 1101 1
710 1087 1
720 1076 1
729 1065 1
738 1056 1
746 1048 1
754 1041 1
761 1035 1
769 1029 1
776 1022 1
786 1012 1
795 1003 1
804 994 1
814 984 1
822 974 1
830 964 1
838 954 1
844 943 1
852 931 1
858 919 1
865 905 1
870 893 1
874 880 1
879 867 1
884 853 1
889 841 1
894 831 1
899 820 1
904 810 1
907 802 1
910 794 1
913 788 1
916 781 1
921 773 1
925 765 1
928 758 1
931 750 1
934 743 1
937 731 1
942 713 1
948 690 1
956 668 1
960 653 1
964 642 1
966 635 1
968 630 1
969 626 1
971 618 1
973 603 1
975 589 1
977 576 1
978 567 1
980 560 1
981 548 1
983 535 1
984 520 1
986 509 1
986 501 1
987 495 1
987 490 1
986 486 1
986 481 1
985 475 1
983 470 1
982 464 1
980 459 1
977 454 1
976 451 1
974 447 1
973 445 1
971 443 1
970 441 1
968 439 1
967 438 1
965 436 1
964 437 1
965 436 1
963 436 1
963 436 1
962 436 1
960 437 1
954 440 1
944 446 1
931 454 1
916 466 1
899 478 1
883 489 1
871 496 1
857 502 1
845 508 1
830 513 1
816 518 1
803 521 1
790 525 1
781 528 1
773 531 1
765 534 1
756 539 1
745 546 1
735 553 1
726 560 1
716 568 1
706 574 1
696 582 1
684 592 1
672 599 1
663 607 1
652 614 1
643 619 1
636 624 1
630 628 1
625 631 1
619 634 1
613 639 1
604 645 1
592 653 1
577 667 1
563 679 1
548 693 1
534 706 1
519 720 1
505 732 1
491 743 1
478 754 1
465 764 1
451 772 1
438 780 1
426 786 1
417 792 1
408 797 1
400 802 1
392 808 1
383 815 1
373 824 1
364 833 1
355 842 1
347 850 1
340 858 1
334 865 1
327 874 1
321 882 1
313 890 1
307 896 1
301 902 1
294 908 1
288 914 1
280 921 1
274 928 1
265 937 1
256 946 1
246 957 1
237 968 1
230 978 1
223 987 1
217 997 1
209 1009 1
201 1021 1
191 1036 1
183 1050 1
175 1063 1
168 1075 1
161 1088 1
155 1100 1
149 1113 1
142 1127 1
138 1140 1
132 1154 1
128 1169 1
125 1185 1
123 1202 1
121 1217 1
122 1234 1
125 1252 1
129 1269 1
137 1287 1
149 1307 1
164 1325 1
181 1343 1
201 1357 1
221 1370 1
243 1380 1
263 1387 1
284 1393 1
303 1397 1
322 1400 1
342 1401 1
364 1403 1
387 1401 1
408 1399 1
431 1395 1
451 1390 1
470 1383 1
489 1377 1
504 1371 1
518 1360 1
532 1348 1
546 1330 1
560 1308 1
574 1284 1
585 1258 1
593 1233 1
601 1209 1
608 1186 1
616 1165 1
622 1146 1
629 1126 1
636 1107 1
643 1088 1
648 1070 1
653 1054 1
659 1040 1
667 1025 1
676 1009 1
686 993 1
697 979 1
709 966 1
723 952 1
738 938 1
754 924 1
770 909 1
789 894 1
805 879 1
822 863 1
837 848 1
853 831 1
867 817 1
879 802 1
891 788 1
904 774 1
914 763 1
922 753 1
929 743 1
934 733 1
941 718 1
948 704 1
952 692 1
957 681 1
960 671 1
963 658 1
966 642 1
967 624 1
966 604 1
965 588 1
963 572 1
960 559 1
957 548 1
953 534 1
946 520 1
938 505 1
931 494 1
925 484 1
921 478 1
918 473 1
914 470 1
913 469 1
911 467 1
911 467 1
911 467 1
911 467 1
909 467 1
903 471 1
890 481 1
871 494 1
848 509 1
825 524 1
800 542 1
780 558 1
762 573 1
742 590 1
722 607 1
706 621 1
690 632 1
677 641 1
667 649 1
658 655 1
649 663 1
641 671 1
633 682 1
626 690 1
619 701 1
609 715 1
599 731 1
588 749 1
576 766 1
565 782 1
552 799 1
538 816 1
522 832 1
507 847 1
492 860 1
478 870 1
464 880 1
450 889 1
436 899 1
421 907 1
406 915 1
390 922 1
374 929 1
359 937 1
342 943 1
326 951 1
312 958 1
297 966 1
286 973 1
275 979 1
267 984 1
260 989 1
252 993 1
243 1000 1
234 1006 1
223 1015 1
212 1025 1
201 1034 1
190 1045 1
180 1054 1
170 1062 1
162 1070 1
156 1077 1
150 1085 1
142 1094 1
133 1105 1
125 1115 1
119 1125 1
111 1137 1
103 1153 1
95 1168 1
89 1186 1
85 1203 1
83 1222 1
84 1241 1
87 1258 1
91 1273 1
96 1286 1
104 1301 1
113 1314 1
124 1327 1
137 1338 1
153 1349 1
174 1363 1
198 1376 1
220 1388 1
239 1399 1
255 1406 1
269 1411 1
283 1416 1
297 1420 1
309 1423 1
322 1425 1
333 1427 1
342 1429 1
351 1429 1
359 1429 1
369 1427 1
380 1424 1
396 1416 1
413 1407 1
429 1396 1
446 1385 1
465 1372 1
484 1355 1
504 1337 1
524 1320 1
542 1302 1
558 1284 1
572 1267 1
582 1251 1
591 1236 1
597 1220 1
604 1203 1
611 1187 1
620 1172 1
629 1157 1
640 1142 1
652 1127 1
664 1113 1
678 1097 1
693 1080 1
711 1063 1
728 1046 1
745 1032 1
762 1017 1
780 1000 1
797 985 1
814 969 1
830 956 1
845 945 1
857 934 1
868 925 1
878 914 1
887 905 1
895 898 1
901 892 1
905 887 1
909 882 1
914 876 1
920 866 1
928 854 1
936 838 1
945 819 1
953 801 1
961 782 1
968 763 1
977 742 1
985 722 1
992 703 1
997 687 1
1001 673 1
1005 659 1
1008 647 1
1010 633 1
1012 621 1
1013 610 1
1013 598 1
1014 586 1
1015 573 1
1015 559 1
1015 542 1
1013 522 1
1010 502 1
1007 484 1
1001 468 1
994 450 1
986 432 1
979 418 1
974 407 1
971 402 1
968 397 1
966 395 1
966 394 1
964 394 1
964 394 1
964 394 1
964 394 1
962 394 1
960 394 1
953 396 1
944 400 1
930 407 1
913 415 1
891 426 1
871 438 1
854 448 1
839 459 1
825 470 1
812 480 1
801 488 1
792 495 1
782 502 1
775 508 1
769 514 1
762 521 1
756 528 1
748 537 1
739 547 1
728 557 1
716 567 1
706 576 1
697 584 1
686 594 1
672 605 1
658 617 1
646 626 1
635 635 1
623 644 1
608 656 1
590 669 1
572 683 1
555 695 1
539 706 1
523 715 1
508 725 1
492 734 1
476 743 1
463 751 1
451 757 1
441 765 1
433 771 1
424 778 1
416 786 1
406 794 1
394 804 1
382 816 1
365 830 1
349 845 1
331 861 1
316 875 1
302 886 1
291 897 1
278 906 1
269 914 1
261 920 1
252 925 1
244 930 1
238 935 1
233 939 1
227 944 1
221 949 1
215 955 1
207 963 1
198 972 1
187 984 1
175 998 1
162 1013 1
147 1030 1
134 1044 1
125 1056 1
115 1067 1
108 1078 1
100 1089 1
93 1100 1
87 1111 1
82 1123 1
77 1138 1
73 1156 1
70 1175 1
68 1192 1
67 1209 1
67 1226 1
68 1240 1
70 1254 1
73 1267 1
79 1281 1
86 1294 1
95 1309 1
103 1323 1
114 1338 1
127 1352 1
141 1367 1
158 1383 1
177 1397 1
197 1410 1
217 1420 1
240 1430 1
263 1438 1
288 1446 1
311 1452 1
332 1455 1
354 1457 1
372 1459 1
390 1458 1
407 1456 1
422 1451 1
436 1448 1
450 1442 1
464 1433 1
482 1422 1
500 1408 1
518 1393 1
536 1378 1
555 1359 1
575 1338 1
594 1317 1
612 1294 1
630 1269 1
647 1247 1
661 1224 1
671 1205 1
680 1189 1
687 1173 1
695 1156 1
703 1137 1
710 1119 1
717 1107 1
724 1096 1
729 1087 1
733 1078 1
740 1067 1
747 1058 1
754 1049 1
760 1042 1
765 1037 1
771 1033 1
778 1028 1
785 1023 1
793 1018 1
801 1014 1
808 1008 1
813 1003 1
818 999 1
824 993 1
831 986 1
837 979 1
842 972 1
848 966 1
855 958 1
863 950 1
870 941 1
878 931 1
886 920 1
894 911 1
902 903 1
908 897 1
915 889 1
921 883 1
926 875 1
931 869 1
935 860 1
939 854 1
942 849 1
945 843 1
948 839 1
952 833 1
957 825 1
961 816 1
967 805 1
972 794 1
976 782 1
981 771 1
986 758 1
991 744 1
994 730 1
999 716 1
1002 706 1
1004 697 1
1006 690 1
1007 680 1
1009 669 1
1010 658 1
1012 646 1
1012 633 1
1011 618 1
1009 600 1
1008 579 1
1005 557 1
1004 536 1
999 513 1
994 491 1
988 473 1
980 455 1
973 438 1
966 425 1
961 416 1
957 411 1
955 407 1
953 405 1
953 404 1
953 404 1
953 404 1
953 404 1
951 404 1
951 404 1
950 404 1
944 407 1
932 412 1
908 422 1
882 430 1
856 439 1
832 447 1
809 454 1
792 462 1
779 467 1
772 471 1
766 475 1
762 478 1
759 481 1
756 484 1
751 488 1
744 493 1
730 500 1
716 508 1
697 518 1
674 529 1
653 538 1
633 546 1
616 551 1
602 556 1
591 558 1
583 560 1
576 562 1
571 564 1
567 565 1
563 568 1
558 569 1
552 572 1
544 576 1
534 581 1
521 589 1
507 599 1
490 610 1
475 622 1
458 633 1
444 642 1
431 652 1
421 658 1
413 664 1
408 670 1
404 675 1
400 680 1
396 686 1
393 692 1
389 697 1
386 703 1
382 709 1
377 717 1
373 725 1
369 733 1
365 741 1
361 748 1
358 756 1
355 765 1
352 772 1
349 780 1
347 787 1
345 794 1
343 802 1
341 810 1
340 820 1
337 831 1
337 840 1
335 848 1
333 856 1
332 863 1
330 871 1
329 877 1
327 885 1
326 893 1
324 899 1
322 908 1
321 914 1
319 921 1
317 928 1
315 935 1
313 943 1
310 949 1
307 958 1
305 965 1
302 971 1
299 978 1
296 984 1
294 988 1
291 995 1
288 1002 1
283 1010 1
278 1019 1
274 1027 1
270 1035 1
265 1042 1
260 1048 1
255 1054 1
250 1060 1
244 1066 1
239 1070 1
234 1076 1
229 1082 1
225 1087 1
220 1094 1
214 1100 1
208 1107 1
200 1115 1
192 1122 1
185 1129 1
177 1136 1
168 1143 1
160 1151 1
155 1156 1
149 1163 1
144 1168 1
139 1174 1
135 1178 1
131 1182 1
128 1187 1
125 1190 1
122 1195 1
118 1199 1
115 1203 1
112 1208 1
109 1214 1
106 1221 1
102 1229 1
99 1237 1
95 1245 1
92 1252 1
88 1258 1
86 1264 1
83 1270 1
81 1279 1
79 1290 1
78 1304 1
76 1318 1
78 1332 1
80 1346 1
82 1361 1
86 1374 1
89 1387 1
93 1396 1
98 1405 1
104 1412 1
111 1420 1
121 1429 1
131 1437 1
143 1444 1
156 1452 1
172 1459 1
186 1464 1
198 1469 1
209 1472 1
219 1474 1
228 1476 1
237 1477 1
245 1479 1
254 1480 1
263 1481 1
269 1481 1
277 1481 1
285 1481 1
293 1481 1
303 1479 1
314 1478 1
326 1476 1
341 1474 1
356 1471 1
368 1466 1
381 1462 1
394 1457 1
407 1453 1
418 1449 1
429 1446 1
437 1444 1
447 1440 1
458 1436 1
469 1431 1
480 1426 1
491 1420 1
502 1413 1
513 1405 1
525 1398 1
536 1392 1
546 1385 1
556 1380 1
566 1373 1
573 1367 1
581 1360 1
587 1353 1
595 1345 1
599 1340 1
604 1334 1
609 1330 1
613 1326 1
618 1321 1
626 1314 1
633 1307 1
645 1296 1
656 1285 1
669 1273 1
681 1262 1
693 1252 1
704 1243 1
715 1232 1
723 1221 1
731 1211 1
738 1201 1
746 1191 1
754 1182 1
762 1174 1
768 1166 1
775 1158 1
782 1148 1
790 1137 1
798 1128 1
804 1121 1
808 1116 1
813 1110 1
818 1104 1
824 1098 1
831 1091 1
837 1085 1
843 1076 1
849 1070 1
855 1062 1
861 1056 1
868 1049 1
873 1044 1
878 1039 1
883 1035 1
888 1029 1
894 1023 1
898 1018 1
904 1012 1
909 1006 1
915 999 1
921 990 1
927 982 1
932 976 1
937 969 1
941 964 1
945 955 1
948 945 1
952 934 1
955 924 1
957 917 1
959 909 1
960 898 1
960 883 1
961 867 1
962 850 1
962 836 1
963 822 1
963 808 1
963 793 1
963 783 1
964 774 1
964 767 1
964 760 1
964 754 1
964 746 1
965 735 1
966 722 1
967 709 1
968 696 1
968 679 1
968 659 1
968 637 1
969 617 1
970 600 1
971 586 1
971 578 1
971 573 1
971 569 1
971 567 1
971 566 1
971 564 1
971 564 1
971 564 1
971 564 1
971 563 1
969 563 1
970 562 1
970 557 1
970 540 1
969 518 1
967 498 1
967 485 1
967 476 1
966 471 1
966 468 1
965 467 1
965 465 1
963 463 1
964 462 1
962 460 1
962 460 1
962 458 1
961 457 1
959 457 1
960 456 1
957 454 1
954 451 1
950 447 1
942 440 1
931 433 1
921 427 1
911 421 1
902 417 1
894 415 1
887 415 1
883 415 1
880 416 1
877 417 1
875 418 1
872 420 1
866 424 1
856 430 1
843 439 1
825 452 1
807 469 1
786 483 1
769 498 1
751 508 1
734 521 1
719 532 1
704 544 1
692 554 1
681 562 1
670 570 1
662 575 1
656 581 1
649 585 1
643 589 1
637 593 1
629 598 1
622 602 1
612 609 1
600 617 1
587 624 1
573 632 1
556 643 1
539 654 1
523 663 1
510 672 1
499 679 1
489 685 1
480 691 1
470 697 1
461 702 1
453 708 1
444 712 1
436 716 1
428 720 1
419 725 1
411 728 1
403 733 1
394 739 1
385 745 1
375 752 1
367 760 1
359 768 1
352 778 1
343 787 1
333 798 1
325 807 1
315 817 1
305 827 1
295 836 1
285 845 1
277 852 1
268 860 1
259 868 1
251 875 1
243 881 1
235 888 1
229 895 1
222 901 1
219 904 1
214 907 1
211 911 1
206 916 1
202 920 1
198 924 1
192 930 1
184 936 1
178 943 1
172 950 1
166 959 1
158 968 1
152 977 1
145 986 1
139 1000 1
132 1015 1
126 1029 1
120 1042 1
115 1051 1
110 1060 1
105 1070 1
102 1079 1
97 1088 1
94 1096 1
92 1102 1
90 1108 1
87 1114 1
84 1122 1
82 1128 1
79 1136 1
77 1145 1
74 1154 1
72 1163 1
70 1173 1
70 1180 1
68 1186 1
67 1195 1
68 1203 1
68 1212 1
67 1224 1
67 1238 1
67 1250 1
68 1261 1
70 1274 1
73 1287 1
76 1299 1
80 1312 1
85 1323 1
92 1336 1
99 1350 1
111 1365 1
123 1379 1
139 1391 1
158 1401 1
179 1411 1
201 1416 1
222 1419 1
246 1421 1
267 1421 1
292 1415 1
318 1410 1
343 1402 1
367 1392 1
389 1384 1
412 1375 1
435 1366 1
458 1355 1
481 1340 1
503 1326 1
526 1311 1
548 1297 1
569 1283 1
590 1267 1
611 1254 1
631 1240 1
649 1225 1
669 1209 1
688 1193 1
706 1180 1
723 1168 1
741 1154 1
759 1139 1
777 1125 1
793 1113 1
808 1104 1
820 1095 1
831 1087 1
842 1077 1
855 1066 1
867 1052 1
880 1039 1
892 1027 1
905 1014 1
918 1000 1
929 985 1
940 971 1
947 961 1
954 953 1
957 948 1
960 943 1
963 937 1
968 924 1
972 908 1
976 895 1
979 884 1
983 876 1
986 866 1
990 852 1
993 837 1
995 821 1
996 806 1
997 792 1
997 780 1
998 770 1
999 759 1
999 747 1
1000 734 1
999 722 1
997 709 1
998 694 1
996 678 1
993 659 1
990 641 1
987 624 1
985 611 1
983 598 1
981 582 1
980 565 1
978 547 1
978 530 1
976 515 1
977 506 1
975 500 1
975 496 1
975 493 1
975 490 1
974 489 1
974 489 1
972 487 1
970 485 1
964 483 1
955 478 1
939 473 1
920 469 1
897 464 1
870 462 1
841 463 1
814 466 1
790 472 1
771 479 1
756 487 1
742 494 1
729 501 1
715 509 1
703 518 1
689 527 1
679 536 1
668 545 1
658 552 1
647 560 1
634 569 1
619 578 1
601 588 1
579 600 1
554 615 1
525 630 1
495 644 1
472 655 1
453 663 1
436 672 1
424 680 1
414 685 1
408 689 1
404 692 1
401 694 1
399 696 1
394 700 1
388 705 1
379 713 1
369 723 1
357 736 1
345 750 1
332 766 1
318 781 1
303 797 1
289 811 1
278 823 1
268 834 1
263 841 1
256 849 1
252 855 1
247 861 1
241 867 1
234 875 1
227 883 1
222 890 1
216 897 1
211 906 1
204 916 1
197 927 1
188 939 1
180 952 1
172 964 1
166 974 1
160 984 1
155 992 1
150 1000 1
145 1009 1
141 1018 1
136 1028 1
131 1039 1
127 1047 1
124 1054 1
121 1059 1
118 1065 1
113 1073 1
105 1084 1
98 1096 1
92 1105 1
87 1112 1
84 1118 1
81 1121 1
80 1124 1
78 1126 1
78 1129 1
77 1130 1
75 1131 1
75 1131 1
74 1132 1
75 1133 1
73 1136 1
72 1142 1
70 1153 1
68 1167 1
66 1183 1
64 1196 1
63 1208 1
61 1218 1
61 1227 1
61 1235 1
59 1245 1
60 1256 1
61 1266 1
62 1278 1
63 1290 1
64 1302 1
66 1313 1
68 1322 1
70 1332 1
75 1340 1
80 1351 1
88 1363 1
98 1376 1
109 1389 1
123 1402 1
137 1413 1
153 1424 1
170 1434 1
187 1444 1
202 1453 1
216 1461 1
225 1466 1
231 1469 1
235 1471 1
239 1473 1
240 1475 1
241 1475 1
242 1476 1
242 1476 1
243 1476 1
243 1476 1
247 1477 1
256 1478 1
268 1477 1
284 1475 1
306 1470 1
334 1462 1
367 1450 1
402 1436 1
435 1422 1
463 1407 1
490 1393 1
517 1378 1
547 1360 1
575 1340 1
601 1323 1
621 1305 1
636 1288 1
652 1271 1
667 1253 1
682 1235 1
696 1216 1
710 1198 1
720 1184 1
727 1171 1
735 1158 1
744 1142 1
753 1126 1
761 1114 1
769 1103 1
777 1093 1
784 1082 1
794 1070 1
805 1058 1
815 1048 1
825 1039 1
835 1029 1
846 1019 1
857 1007 1
871 993 1
884 979 1
895 968 1
907 955 1
919 942 1
931 927 1
943 911 1
954 893 1
964 874 1
974 854 1
982 835 1
989 817 1
994 799 1
1000 779 1
1005 757 1
1011 733 1
1013 706 1
1016 682 1
1018 661 1
1018 643 1
1016 629 1
1017 614 1
1015 600 1
1016 587 1
1014 576 1
1013 568 1
1014 564 1
1012 559 1
1012 555 1
1010 549 1
1005 540 1
997 529 1
985 515 1
970 501 1
953 490 1
935 480 1
918 473 1
903 470 1
888 468 1
871 470 1
855 473 1
832 483 1
811 490 1
789 498 1
766 504 1
742 512 1
715 519 1
690 525 1
672 530 1
660 534 1
654 537 1
650 538 1
646 540 1
644 541 1
641 542 1
639 543 1
637 544 1
634 546 1
632 546 1
630 547 1
625 548 1
618 550 1
608 552 1
597 555 1
583 559 1
572 563 1
558 569 1
541 577 1
523 585 1
511 592 1
498 599 1
484 611 1
472 622 1
460 631 1
448 639 1
437 649 1
426 658 1
415 669 1
405 680 1
396 690 1
384 704 1
371 716 1
358 731 1
345 748 1
334 762 1
323 775 1
312 789 1
300 802 1
288 815 1
275 827 1
263 840 1
253 851 1
244 862 1
235 871 1
226 884 1
217 898 1
209 912 1
201 925 1
195 938 1
186 950 1
178 961 1
169 974 1
161 988 1
152 1003 1
145 1018 1
138 1033 1
131 1046 1
122 1060 1
114 1074 1
106 1087 1
99 1099 1
95 1109 1
91 1117 1
89 1125 1
86 1136 1
85 1150 1
82 1165 1
80 1183 1
78 1200 1
78 1215 1
78 1232 1
80 1248 1
83 1266 1
87 1282 1
92 1300 1
98 1316 1
105 1329 1
113 1341 1
125 1355 1
139 1370 1
157 1387 1
176 1403 1
196 1419 1
216 1432 1
238 1444 1
257 1454 1
278 1462 1
301 1467 1
326 1468 1
351 1463 1
381 1454 1
411 1443 1
440 1427 1
468 1407 1
494 1387 1
518 1364 1
540 1339 1
561 1310 1
582 1277 1
599 1241 1
616 1207 1
632 1174 1
649 1141 1
666 1109 1
682 1079 1
697 1054 1
713 1031 1
729 1009 1
745 987 1
759 965 1
774 944 1
786 928 1
795 914 1
804 903 1
812 892 1
819 879 1
829 864 1
841 849 1
856 829 1
873 806 1
891 782 1
908 757 1
923 734 1
938 706 1
953 671 1
969 624 1
989 564 1
986 575 0
