581 1063 1
581 1063 1
581 1063 1
581 1063 1
581 1063 1
581 1063 1
579 1063 1
579 1063 1
576 1063 1
574 1064 1
571 1064 1
568 1064 1
565 1065 1
561 1065 1
559 1065 1
556 1065 1
554 1065 1
552 1063 1
549 1061 1
547 1058 1
545 1054 1
543 1051 1
541 1048 1
541 1045 1
541 1042 1
541 1038 1
541 1035 1
542 1030 1
544 1025 1
546 1022 1
549 1019 1
554 1014 1
558 1010 1
563 1007 1
568 1006 1
572 1004 1
577 1004 1
580 1004 1
584 1005 1
589 1009 1
593 1012 1
596 1017 1
600 1025 1
604 1032 1
607 1040 1
609 1048 1
612 1055 1
614 1061 1
616 1069 1
617 1076 1
617 1085 1
617 1093 1
616 1100 1
614 1108 1
612 1115 1
609 1121 1
603 1127 1
600 1131 1
597 1134 1
593 1137 1
590 1140 1
587 1141 1
584 1143 1
580 1144 1
575 1146 1
570 1147 1
566 1148 1
561 1148 1
557 1147 1
552 1145 1
548 1145 1
545 1143 1
543 1143 1
540 1141 1
538 1139 1
535 1136 1
530 1131 1
526 1125 1
523 1119 1
519 1113 1
517 1105 1
514 1098 1
511 1090 1
509 1083 1
507 1075 1
504 1066 1
504 1058 1
502 1051 1
503 1044 1
503 1036 1
503 1029 1
505 1022 1
507 1015 1
510 1007 1
515 1001 1
519 995 1
524 990 1
529 985 1
533 982 1
539 978 1
544 975 1
549 972 1
554 969 1
559 966 1
562 964 1
566 962 1
569 960 1
572 958 1
577 955 1
582 952 1
586 949 1
591 946 1
594 943 1
597 942 1
599 939 1
601 938 1
604 936 1
605 934 1
607 932 1
609 931 1
611 930 1
613 928 1
615 927 1
617 925 1
618 925 1
620 925 1
620 925 1
623 924 1
625 924 1
629 924 1
633 923 1
636 923 1
640 923 1
644 923 1
648 923 1
652 923 1
657 923 1
660 923 1
665 923 1
668 924 1
671 924 1
674 925 1
678 925 1
681 927 1
683 927 1
686 929 1
689 932 1
691 934 1
694 937 1
696 939 1
698 942 1
700 945 1
703 948 1
705 951 1
708 956 1
711 961 1
713 966 1
716 972 1
717 976 1
719 982 1
720 987 1
723 993 1
725 999 1
726 1007 1
728 1016 1
730 1026 1
732 1037 1
733 1048 1
734 1060 1
735 1071 1
736 1081 1
738 1091 1
740 1100 1
742 1109 1
744 1119 1
746 1128 1
747 1135 1
749 1142 1
751 1149 1
752 1154 1
754 1160 1
754 1166 1
754 1172 1
754 1178 1
752 1183 1
750 1189 1
747 1194 1
744 1200 1
739 1206 1
735 1213 1
729 1220 1
723 1226 1
716 1232 1
708 1238 1
699 1243 1
690 1247 1
681 1250 1
671 1253 1
661 1255 1
648 1257 1
636 1260 1
624 1261 1
614 1262 1
605 1262 1
598 1261 1
590 1261 1
582 1260 1
574 1258 1
566 1257 1
561 1258 1
555 1258 1
550 1257 1
543 1257 1
537 1255 1
529 1255 1
522 1254 1
513 1254 1
502 1255 1
493 1255 1
484 1255 1
478 1256 1
471 1256 1
468 1256 1
465 1256 1
462 1255 1
459 1254 1
457 1254 1
455 1253 1
453 1251 1
451 1251 1
449 1249 1
447 1249 1
445 1247 1
443 1245 1
441 1243 1
439 1241 1
438 1240 1
436 1237 1
434 1233 1
431 1227 1
427 1222 1
425 1217 1
422 1213 1
421 1210 1
418 1205 1
416 1199 1
414 1194 1
411 1188 1
409 1185 1
408 1181 1
406 1178 1
403 1172 1
402 1168 1
399 1164 1
397 1158 1
395 1154 1
393 1148 1
391 1142 1
388 1136 1
386 1131 1
384 1126 1
382 1121 1
380 1117 1
380 1110 1
378 1105 1
377 1099 1
375 1094 1
375 1086 1
374 1079 1
372 1072 1
373 1065 1
374 1057 1
375 1048 1
378 1038 1
383 1028 1
390 1019 1
396 1010 1
402 1002 1
409 993 1
417 984 1
425 976 1
429 971 1
432 966 1
435 963 1
437 960 1
438 958 1
439 956 1
440 953 1
441 951 1
441 949 1
442 947 1
443 944 1
444 942 1
446 938 1
450 933 1
454 927 1
459 921 1
464 915 1
469 908 1
475 903 1
481 898 1
486 893 1
491 890 1
495 885 1
498 882 1
501 880 1
505 878 1
508 875 1
514 873 1
520 870 1
528 866 1
534 863 1
540 861 1
546 860 1
554 858 1
563 857 1
572 855 1
581 855 1
589 853 1
595 853 1
599 852 1
603 852 1
606 851 1
608 851 1
611 851 1
614 849 1
617 850 1
623 851 1
630 852 1
640 852 1
651 855 1
663 857 1
673 859 1
682 862 1
691 867 1
698 870 1
703 873 1
708 876 1
712 878 1
715 881 1
718 884 1
721 886 1
724 890 1
727 892 1
729 894 1
731 897 1
734 900 1
736 903 1
739 908 1
742 910 1
744 913 1
747 917 1
748 918 1
750 920 1
751 922 1
753 924 1
754 925 1
755 928 1
756 930 1
757 932 1
759 934 1
759 936 1
761 938 1
761 940 1
762 943 1
763 947 1
766 953 1
769 960 1
772 967 1
775 975 1
779 981 1
784 988 1
789 996 1
797 1007 1
805 1018 1
812 1029 1
818 1040 1
824 1048 1
828 1056 1
832 1064 1
835 1070 1
837 1078 1
839 1085 1
841 1093 1
841 1099 1
841 1104 1
840 1108 1
840 1111 1
839 1115 1
837 1117 1
835 1122 1
835 1125 1
833 1130 1
832 1134 1
830 1138 1
828 1142 1
826 1147 1
823 1151 1
820 1156 1
816 1162 1
813 1166 1
810 1172 1
807 1179 1
805 1187 1
803 1195 1
800 1203 1
797 1212 1
796 1219 1
793 1228 1
791 1238 1
789 1246 1
787 1252 1
785 1257 1
785 1260 1
785 1263 1
783 1266 1
783 1268 1
781 1270 1
781 1272 1
779 1275 1
776 1278 1
771 1283 1
761 1289 1
749 1297 1
737 1304 1
728 1309 1
720 1313 1
714 1315 1
708 1318 1
700 1321 1
691 1324 1
681 1329 1
672 1331 1
665 1334 1
656 1337 1
647 1339 1
636 1342 1
625 1347 1
615 1348 1
606 1351 1
598 1353 1
590 1354 1
582 1356 1
574 1356 1
566 1356 1
559 1356 1
553 1354 1
548 1355 1
544 1354 1
541 1354 1
537 1354 1
534 1354 1
532 1353 1
526 1353 1
516 1351 1
500 1347 1
484 1344 1
473 1342 1
464 1339 1
459 1339 1
454 1337 1
453 1337 1
450 1337 1
448 1337 1
448 1337 1
448 1335 1
448 1335 1
446 1336 1
446 1336 1
445 1336 1
445 1335 1
443 1333 1
439 1332 1
436 1331 1
433 1328 1
431 1327 1
428 1325 1
426 1324 1
424 1322 1
422 1321 1
420 1319 1
418 1317 1
416 1316 1
414 1314 1
412 1314 1
410 1312 1
409 1311 1
407 1311 1
406 1308 1
405 1309 1
403 1307 1
403 1307 1
402 1308 1
402 1308 1
401 1307 1
401 1307 1
400 1305 1
400 1304 1
397 1303 1
395 1301 1
393 1299 1
391 1297 1
389 1295 1
387 1293 1
385 1291 1
382 1288 1
378 1283 1
375 1279 1
371 1275 1
367 1270 1
362 1264 1
358 1259 1
353 1253 1
350 1248 1
347 1244 1
343 1239 1
340 1235 1
337 1232 1
335 1228 1
332 1223 1
330 1219 1
328 1214 1
324 1206 1
321 1197 1
317 1185 1
314 1173 1
311 1164 1
308 1157 1
306 1151 1
306 1146 1
304 1143 1
304 1139 1
303 1135 1
303 1132 1
302 1128 1
302 1125 1
302 1123 1
302 1120 1
302 1117 1
303 1114 1
304 1111 1
304 1107 1
307 1101 1
310 1093 1
313 1086 1
316 1079 1
318 1073 1
320 1069 1
321 1065 1
323 1060 1
323 1055 1
323 1050 1
322 1046 1
322 1041 1
321 1037 1
320 1033 1
318 1028 1
318 1023 1
318 1019 1
317 1015 1
317 1012 1
316 1008 1
316 1003 1
316 995 1
316 987 1
317 977 1
317 969 1
317 962 1
317 956 1
317 953 1
317 949 1
318 945 1
318 941 1
319 938 1
320 935 1
321 932 1
322 927 1
322 924 1
324 921 1
325 914 1
326 908 1
328 902 1
329 896 1
331 890 1
333 882 1
335 874 1
337 865 1
340 859 1
344 849 1
349 841 1
354 832 1
359 822 1
364 814 1
370 806 1
376 800 1
383 794 1
391 788 1
398 783 1
406 779 1
414 775 1
421 771 1
428 769 1
436 767 1
444 764 1
454 762 1
461 762 1
468 762 1
474 761 1
480 761 1
489 760 1
499 760 1
509 760 1
519 760 1
526 760 1
532 759 1
536 759 1
539 759 1
544 757 1
547 758 1
555 759 1
565 763 1
576 766 1
586 770 1
592 774 1
598 776 1
601 778 1
604 780 1
607 781 1
608 781 1
609 782 1
610 782 1
611 782 1
612 782 1
615 784 1
622 787 1
629 791 1
638 795 1
648 800 1
659 804 1
672 812 1
686 819 1
699 827 1
715 835 1
726 842 1
736 846 1
742 851 1
748 855 1
753 858 1
759 862 1
764 865 1
770 869 1
778 874 1
785 880 1
792 885 1
798 890 1
805 894 1
811 899 1
818 904 1
826 909 1
834 915 1
842 919 1
850 924 1
858 930 1
866 934 1
872 939 1
880 944 1
885 948 1
892 953 1
897 957 1
901 960 1
904 963 1
906 967 1
909 970 1
910 974 1
912 979 1
914 983 1
914 987 1
916 992 1
917 997 1
919 1004 1
919 1011 1
921 1017 1
922 1025 1
922 1031 1
923 1038 1
922 1044 1
920 1051 1
920 1059 1
918 1066 1
919 1079 1
917 1089 1
916 1101 1
915 1112 1
913 1122 1
912 1133 1
909 1146 1
908 1160 1
905 1173 1
901 1185 1
898 1196 1
895 1206 1
895 1213 1
893 1221 1
893 1228 1
893 1236 1
890 1245 1
889 1252 1
887 1258 1
886 1263 1
886 1266 1
884 1269 1
882 1272 1
877 1279 1
869 1287 1
859 1296 1
850 1304 1
843 1310 1
836 1315 1
830 1320 1
823 1323 1
815 1327 1
807 1332 1
801 1334 1
796 1337 1
791 1339 1
787 1341 1
782 1343 1
779 1345 1
775 1348 1
772 1352 1
767 1354 1
764 1357 1
760 1360 1
756 1363 1
752 1366 1
749 1369 1
746 1371 1
743 1374 1
740 1377 1
736 1380 1
733 1382 1
731 1385 1
728 1387 1
725 1389 1
721 1392 1
718 1393 1
715 1395 1
710 1396 1
703 1399 1
693 1401 1
681 1406 1
670 1408 1
659 1412 1
647 1414 1
634 1416 1
622 1418 1
612 1419 1
602 1421 1
597 1421 1
592 1422 1
587 1421 1
582 1419 1
576 1417 1
566 1414 1
552 1410 1
536 1404 1
522 1401 1
511 1397 1
500 1394 1
487 1390 1
472 1387 1
453 1384 1
432 1380 1
409 1376 1
385 1371 1
362 1366 1
344 1362 1
327 1357 1
314 1351 1
300 1346 1
288 1340 1
275 1333 1
265 1325 1
256 1318 1
248 1310 1
242 1302 1
238 1294 1
234 1286 1
232 1277 1
232 1268 1
232 1260 1
234 1252 1
238 1245 1
245 1239 1
253 1229 1
263 1217 1
273 1203 1
281 1188 1
287 1173 1
290 1163 1
292 1154 1
293 1148 1
292 1143 1
290 1137 1
288 1132 1
284 1126 1
280 1119 1
274 1110 1
267 1101 1
261 1090 1
253 1077 1
245 1059 1
236 1040 1
230 1021 1
223 1002 1
219 983 1
214 966 1
210 950 1
206 935 1
203 923 1
201 912 1
198 904 1
197 895 1
195 888 1
195 881 1
193 872 1
193 861 1
193 850 1
194 837 1
197 824 1
200 810 1
205 798 1
211 785 1
217 774 1
224 763 1
229 754 1
235 746 1
241 738 1
248 733 1
256 728 1
263 724 1
270 721 1
276 716 1
284 713 1
291 708 1
300 704 1
308 701 1
317 698 1
323 695 1
332 692 1
344 688 1
359 685 1
379 683 1
396 681 1
416 682 1
436 684 1
455 687 1
473 690 1
489 694 1
502 697 1
514 700 1
522 703 1
530 705 1
537 707 1
543 710 1
550 713 1
557 715 1
564 718 1
571 721 1
579 725 1
588 728 1
598 733 1
610 737 1
623 742 1
637 747 1
652 752 1
666 758 1
680 763 1
694 768 1
706 770 1
717 772 1
725 775 1
733 776 1
740 778 1
747 779 1
755 781 1
764 785 1
773 790 1
785 796 1
797 802 1
811 810 1
822 819 1
835 829 1
846 839 1
859 850 1
867 857 1
875 865 1
882 873 1
888 881 1
894 888 1
900 897 1
905 905 1
910 915 1
916 924 1
923 935 1
928 947 1
934 961 1
939 975 1
943 988 1
948 1002 1
951 1016 1
954 1028 1
958 1041 1
960 1050 1
961 1061 1
963 1069 1
963 1077 1
963 1084 1
964 1091 1
964 1099 1
965 1106 1
966 1113 1
967 1119 1
968 1128 1
969 1139 1
970 1154 1
968 1171 1
969 1190 1
967 1213 1
964 1236 1
960 1259 1
956 1281 1
949 1302 1
941 1324 1
931 1343 1
921 1360 1
911 1376 1
898 1391 1
883 1406 1
867 1420 1
847 1434 1
824 1447 1
798 1461 1
771 1474 1
742 1486 1
716 1496 1
697 1503 1
684 1508 1
675 1510 1
669 1512 1
665 1513 1
662 1514 1
658 1515 1
651 1516 1
645 1518 1
635 1518 1
623 1519 1
607 1518 1
590 1516 1
573 1516 1
557 1515 1
539 1513 1
521 1513 1
503 1513 1
485 1509 1
464 1504 1
446 1498 1
432 1494 1
417 1490 1
402 1485 1
387 1481 1
366 1474 1
345 1467 1
321 1459 1
297 1453 1
273 1445 1
253 1439 1
234 1433 1
217 1426 1
202 1419 1
191 1411 1
180 1402 1
173 1388 1
166 1371 1
160 1351 1
156 1330 1
154 1312 1
154 1294 1
154 1279 1
156 1264 1
158 1250 1
159 1237 1
160 1224 1
160 1209 1
159 1188 1
158 1178 1
159 1185 0
