332 838 1
332 838 1
332 838 1
332 838 1
332 838 1
332 838 1
332 838 1
332 838 1
332 838 1
332 838 1
332 838 1
332 838 1
332 838 1
332 838 1
330 836 1
330 836 1
329 836 1
327 834 1
324 834 1
321 832 1
318 831 1
315 829 1
311 828 1
308 828 1
304 827 1
300 826 1
298 824 1
295 825 1
293 823 1
291 824 1
288 824 1
286 824 1
284 824 1
281 824 1
279 825 1
277 825 1
276 826 1
274 827 1
272 828 1
270 829 1
268 831 1
267 832 1
267 833 1
266 834 1
266 834 1
266 834 1
265 835 1
263 836 1
261 838 1
259 841 1
259 842 1
257 845 1
256 846 1
254 849 1
253 851 1
253 853 1
251 855 1
251 857 1
250 860 1
249 862 1
247 864 1
248 866 1
246 869 1
247 871 1
247 874 1
247 877 1
247 881 1
248 884 1
248 887 1
248 890 1
248 892 1
249 895 1
249 897 1
250 900 1
251 903 1
251 904 1
252 907 1
252 908 1
253 910 1
253 912 1
254 914 1
255 916 1
256 917 1
256 918 1
256 919 1
257 919 1
257 920 1
258 921 1
259 922 1
260 923 1
261 925 1
263 927 1
266 929 1
268 931 1
271 934 1
273 935 1
276 937 1
279 939 1
282 941 1
286 943 1
288 944 1
291 945 1
293 946 1
296 947 1
298 948 1
301 949 1
303 949 1
307 950 1
309 950 1
311 950 1
314 950 1
316 951 1
319 951 1
321 950 1
324 950 1
328 949 1
332 949 1
335 949 1
336 948 1
339 948 1
340 948 1
341 946 1
341 946 1
341 946 1
341 946 1
341 946 1
341 946 1
341 946 1
341 946 1
341 946 1
341 946 1
341 946 1
341 946 1
341 944 1
341 944 1
341 944 1
341 944 1
342 940 1
342 937 1
342 934 1
343 930 1
343 927 1
343 922 1
344 918 1
344 914 1
345 909 1
345 905 1
346 900 1
346 895 1
346 893 1
346 890 1
344 886 1
345 884 1
343 881 1
342 878 1
340 875 1
337 871 1
334 866 1
331 861 1
328 856 1
324 852 1
320 848 1
316 844 1
317 845 0
334 959 1
334 959 1
334 959 1
334 959 1
334 959 1
334 959 1
334 959 1
334 959 1
334 959 1
334 959 1
334 959 1
334 959 1
334 959 1
334 959 1
333 958 1
332 958 1
330 958 1
327 956 1
324 957 1
321 957 1
317 956 1
314 956 1
310 956 1
306 956 1
303 956 1
300 957 1
298 957 1
296 957 1
294 958 1
293 959 1
291 959 1
290 960 1
290 960 1
288 962 1
286 966 1
284 969 1
283 973 1
281 978 1
281 980 1
279 983 1
280 987 1
280 989 1
280 991 1
280 992 1
280 993 1
280 994 1
280 995 1
281 997 1
282 1001 1
283 1003 1
284 1005 1
285 1009 1
287 1014 1
290 1020 1
292 1026 1
295 1032 1
299 1037 1
302 1043 1
304 1046 1
306 1050 1
308 1053 1
310 1056 1
312 1059 1
314 1062 1
317 1065 1
321 1070 1
324 1072 1
326 1075 1
328 1077 1
331 1079 1
333 1080 1
335 1082 1
336 1082 1
336 1083 1
337 1083 1
337 1083 1
339 1082 1
342 1080 1
345 1077 1
349 1072 1
354 1066 1
359 1058 1
364 1050 1
368 1044 1
371 1038 1
374 1032 1
377 1028 1
377 1024 1
378 1019 1
379 1016 1
379 1013 1
379 1009 1
377 1006 1
377 1001 1
374 997 1
373 993 1
370 988 1
368 984 1
362 979 1
358 974 1
354 970 1
348 964 1
342 960 1
345 962 0
554 851 1
552 851 1
552 851 1
551 851 1
552 852 1
552 852 1
552 852 1
552 852 1
552 852 1
552 852 1
552 852 1
552 852 1
552 852 1
552 852 1
552 852 1
551 851 1
549 851 1
548 850 1
546 850 1
546 849 1
544 849 1
542 847 1
541 848 1
540 848 1
540 848 1
538 848 1
538 848 1
537 848 1
537 848 1
537 848 1
537 848 1
535 848 1
533 848 1
532 849 1
530 850 1
528 850 1
525 852 1
522 853 1
520 854 1
517 855 1
515 855 1
513 857 1
511 857 1
509 859 1
507 859 1
505 861 1
503 862 1
503 862 1
501 863 1
501 863 1
500 863 1
500 863 1
499 865 1
497 866 1
495 868 1
493 871 1
492 872 1
490 874 1
489 876 1
487 878 1
487 879 1
485 881 1
485 882 1
485 882 1
485 883 1
485 883 1
484 884 1
484 884 1
482 887 1
483 890 1
483 893 1
482 896 1
482 900 1
482 902 1
482 904 1
480 906 1
480 907 1
480 908 1
480 909 1
480 909 1
480 909 1
480 909 1
480 909 1
480 909 1
481 912 1
481 913 1
482 915 1
484 918 1
485 919 1
488 923 1
491 925 1
494 928 1
498 930 1
501 933 1
505 934 1
509 937 1
513 938 1
516 939 1
519 941 1
524 942 1
528 943 1
534 943 1
540 943 1
545 942 1
550 942 1
555 940 1
559 940 1
563 938 1
567 936 1
571 934 1
574 931 1
577 928 1
579 925 1
582 920 1
585 917 1
586 914 1
587 910 1
588 907 1
590 904 1
590 901 1
590 898 1
590 896 1
590 893 1
588 890 1
588 889 1
586 886 1
585 885 1
582 883 1
578 881 1
573 879 1
568 876 1
560 873 1
551 868 1
543 866 1
546 867 0
548 960 1
548 960 1
548 960 1
548 960 1
548 960 1
548 960 1
548 960 1
548 960 1
548 960 1
548 960 1
548 960 1
548 960 1
548 960 1
548 960 1
548 960 1
548 960 1
548 960 1
548 960 1
547 960 1
547 960 1
546 960 1
546 960 1
544 960 1
542 960 1
541 960 1
539 960 1
538 961 1
537 961 1
535 961 1
533 962 1
531 963 1
528 965 1
525 967 1
522 970 1
519 973 1
516 977 1
513 980 1
511 983 1
509 984 1
507 986 1
506 988 1
504 990 1
503 991 1
501 994 1
500 995 1
500 995 1
501 996 1
501 996 1
500 997 1
500 998 1
500 999 1
500 1000 1
500 1002 1
501 1005 1
502 1007 1
504 1009 1
506 1011 1
509 1014 1
511 1016 1
514 1018 1
518 1019 1
522 1021 1
527 1023 1
530 1023 1
536 1024 1
543 1023 1
549 1021 1
555 1020 1
561 1018 1
566 1017 1
572 1015 1
578 1012 1
582 1009 1
586 1005 1
589 1001 1
592 997 1
594 992 1
596 989 1
597 983 1
597 980 1
595 975 1
594 972 1
592 969 1
589 966 1
586 963 1
581 961 1
575 958 1
577 959 0
793 837 1
793 837 1
793 837 1
793 837 1
793 837 1
793 837 1
793 837 1
793 837 1
793 837 1
793 837 1
791 837 1
791 837 1
789 837 1
787 837 1
784 837 1
780 837 1
777 838 1
773 838 1
770 839 1
767 840 1
765 840 1
763 842 1
761 842 1
758 844 1
754 846 1
749 848 1
745 851 1
741 854 1
736 857 1
731 860 1
727 862 1
724 864 1
722 867 1
720 868 1
718 869 1
717 870 1
717 870 1
717 870 1
717 870 1
717 870 1
717 870 1
717 870 1
717 870 1
718 871 1
718 871 1
718 871 1
718 871 1
718 872 1
718 873 1
718 874 1
718 875 1
719 877 1
719 879 1
720 879 1
720 881 1
721 883 1
722 885 1
723 887 1
725 890 1
726 891 1
728 894 1
730 896 1
732 898 1
735 901 1
739 903 1
742 906 1
746 908 1
749 910 1
751 911 1
755 912 1
757 914 1
760 914 1
764 915 1
767 916 1
770 916 1
773 917 1
778 917 1
780 916 1
785 916 1
788 913 1
791 913 1
794 911 1
796 911 1
799 909 1
801 908 1
803 906 1
805 905 1
807 903 1
809 900 1
810 898 1
812 895 1
813 891 1
814 888 1
815 884 1
815 881 1
816 877 1
816 874 1
814 870 1
814 868 1
812 866 1
811 864 1
808 862 1
804 859 1
799 857 1
794 855 1
786 853 1
779 851 1
773 849 1
770 848 1
772 849 0
802 922 1
802 922 1
802 922 1
802 922 1
802 922 1
802 922 1
802 922 1
802 922 1
802 922 1
802 922 1
802 922 1
802 922 1
802 922 1
802 922 1
802 922 1
801 922 1
801 922 1
798 922 1
797 922 1
795 922 1
794 922 1
792 922 1
790 922 1
788 922 1
785 922 1
782 922 1
779 923 1
775 924 1
770 925 1
766 926 1
763 928 1
758 929 1
756 930 1
753 931 1
751 932 1
749 933 1
747 934 1
744 935 1
743 936 1
740 938 1
738 940 1
737 941 1
735 944 1
734 945 1
732 948 1
731 950 1
729 952 1
729 955 1
728 957 1
726 960 1
726 962 1
726 965 1
726 967 1
726 969 1
726 971 1
726 975 1
726 976 1
727 978 1
727 980 1
728 982 1
728 984 1
729 986 1
730 988 1
731 989 1
732 991 1
733 993 1
734 993 1
734 993 1
734 993 1
734 993 1
734 993 1
734 993 1
736 994 1
738 994 1
743 995 1
748 996 1
754 996 1
758 996 1
764 997 1
768 998 1
775 999 1
778 1000 1
782 1000 1
787 1000 1
790 1000 1
793 1000 1
795 1000 1
798 998 1
800 998 1
802 998 1
805 995 1
807 994 1
810 991 1
813 987 1
816 983 1
818 977 1
820 972 1
822 967 1
824 962 1
825 956 1
826 951 1
824 946 1
823 940 1
820 936 1
817 932 1
814 927 1
815 929 0
