1004 544 1
1004 544 1
1004 544 1
1004 544 1
1004 544 1
1004 544 1
1004 544 1
1004 544 1
1004 544 1
1004 544 1
1004 544 1
1004 544 1
1004 544 1
1004 544 1
1004 544 1
1004 544 1
1004 544 1
1004 544 1
1004 544 1
1004 544 1
1004 544 1
1004 544 1
1004 544 1
1004 544 1
1004 544 1
1004 544 1
1004 544 1
1004 544 1
1004 544 1
1004 544 1
1003 543 1
1003 543 1
1002 543 1
1002 543 1
1002 543 1
1002 543 1
1002 543 1
1002 543 1
1002 543 1
1002 543 1
1002 543 1
1002 543 1
1002 543 1
1002 543 1
1002 543 1
1002 543 1
1002 543 1
1002 543 1
1002 543 1
1002 543 1
1002 543 1
1002 543 1
1002 543 1
1002 543 1
1002 543 1
1002 543 1
1002 543 1
1002 543 1
1001 543 1
1001 544 1
1001 544 1
1001 545 1
999 548 1
1000 551 1
1000 553 1
999 554 1
999 557 1
999 558 1
999 560 1
999 562 1
999 564 1
999 565 1
999 566 1
999 567 1
999 568 1
999 570 1
1000 570 1
1000 572 1
1000 574 1
1000 574 1
1000 576 1
1000 577 1
1000 579 1
1000 581 1
1001 584 1
1001 587 1
1002 591 1
1002 594 1
1003 598 1
1004 601 1
1004 604 1
1004 607 1
1005 609 1
1005 611 1
1006 614 1
1006 614 1
1006 615 1
1006 615 1
1006 615 1
1006 616 1
1006 616 1
1006 616 1
1006 617 1
1006 617 1
1006 618 1
1007 620 1
1007 621 1
1007 623 1
1007 624 1
1007 625 1
1008 628 1
1008 630 1
1008 633 1
1009 635 1
1009 638 1
1009 640 1
1009 642 1
1010 645 1
1010 647 1
1010 650 1
1010 652 1
1008 654 1
1009 658 1
1009 661 1
1009 666 1
1009 673 1
1008 678 1
1008 684 1
1006 689 1
1007 695 1
1005 701 1
1006 705 1
1006 710 1
1005 714 1
1005 718 1
1005 721 1
1004 724 1
1004 726 1
1004 728 1
1002 730 1
1003 731 1
1003 732 1
1003 734 1
1003 734 1
1002 736 1
1002 737 1
1002 739 1
1001 742 1
1001 745 1
1001 751 1
1001 754 1
999 758 1
1000 761 1
1000 763 1
999 766 1
999 768 1
999 769 1
998 771 1
998 773 1
998 774 1
998 776 1
997 780 1
997 785 1
997 790 1
997 795 1
997 799 1
997 802 1
997 806 1
997 809 1
997 812 1
997 814 1
997 817 1
997 818 1
997 820 1
997 821 1
997 822 1
997 824 1
997 827 1
998 830 1
998 835 1
999 839 1
999 844 1
999 848 1
1000 851 1
1000 855 1
1000 858 1
1001 862 1
1001 865 1
1001 868 1
1001 872 1
1001 874 1
1002 876 1
1002 878 1
1002 879 1
1002 881 1
1001 882 1
1001 883 1
1001 884 1
1000 885 1
998 887 1
998 888 1
996 890 1
996 891 1
994 893 1
990 896 1
984 900 1
975 903 1
967 906 1
959 908 1
952 909 1
942 909 1
935 909 1
927 909 1
919 909 1
913 908 1
908 908 1
904 907 1
901 907 1
899 906 1
896 906 1
895 905 1
893 905 1
892 904 1
892 903 1
892 901 1
891 901 1
891 901 1
890 899 1
888 897 1
887 896 1
885 893 1
883 884 1
882 875 1
880 865 1
880 857 1
878 849 1
877 842 1
875 834 1
875 827 1
873 819 1
873 812 1
872 804 1
872 797 1
872 790 1
872 784 1
872 780 1
874 775 1
876 772 1
877 770 1
878 767 1
879 766 1
881 764 1
882 762 1
884 760 1
886 758 1
887 758 1
888 758 1
889 757 1
890 757 1
890 757 1
893 758 1
896 760 1
901 765 1
905 769 1
909 773 1
914 779 1
918 786 1
923 792 1
925 799 1
928 807 1
931 814 1
933 821 1
934 826 1
935 831 1
936 834 1
936 838 1
937 841 1
937 845 1
937 849 1
937 854 1
936 858 1
936 863 1
936 868 1
934 873 1
934 878 1
934 884 1
933 889 1
932 895 1
932 900 1
931 905 1
929 909 1
929 913 1
927 918 1
926 923 1
926 928 1
925 933 1
924 938 1
924 944 1
923 950 1
923 957 1
922 963 1
922 968 1
921 973 1
921 977 1
920 982 1
919 987 1
917 991 1
917 996 1
915 1001 1
915 1005 1
915 1010 1
912 1015 1
911 1019 1
909 1023 1
909 1027 1
907 1031 1
906 1036 1
904 1041 1
903 1045 1
902 1048 1
900 1051 1
900 1053 1
898 1056 1
898 1058 1
896 1060 1
896 1062 1
894 1064 1
893 1067 1
892 1068 1
889 1070 1
888 1072 1
886 1075 1
884 1079 1
882 1082 1
879 1089 1
877 1093 1
875 1098 1
873 1102 1
870 1106 1
869 1108 1
867 1111 1
868 1111 0
779 635 1
779 635 1
779 635 1
779 635 1
779 635 1
779 635 1
779 635 1
779 635 1
779 635 1
779 635 1
779 635 1
779 635 1
779 635 1
777 633 1
777 633 1
778 632 1
776 633 1
776 633 1
777 632 1
777 632 1
776 631 1
776 631 1
776 629 1
775 630 1
775 630 1
775 630 1
775 630 1
775 630 1
775 630 1
773 631 1
771 632 1
769 634 1
767 636 1
766 637 1
764 639 1
764 640 1
764 641 1
764 641 1
763 642 1
762 643 1
761 645 1
761 647 1
760 649 1
758 652 1
759 656 1
759 661 1
759 665 1
759 670 1
759 675 1
759 678 1
760 683 1
760 687 1
761 690 1
761 694 1
762 696 1
763 700 1
763 702 1
764 704 1
764 706 1
764 708 1
765 710 1
766 712 1
766 714 1
767 717 1
768 721 1
769 724 1
771 728 1
772 732 1
774 736 1
776 742 1
778 747 1
779 750 1
781 754 1
783 757 1
784 759 1
785 761 1
786 763 1
787 766 1
787 768 1
789 770 1
789 772 1
790 775 1
791 777 1
792 779 1
793 781 1
793 782 1
793 784 1
793 784 1
794 785 1
794 787 1
794 787 1
795 789 1
795 789 1
795 791 1
796 791 1
796 793 1
796 794 1
797 797 1
798 800 1
798 803 1
799 806 1
799 810 1
799 812 1
800 815 1
800 818 1
800 820 1
800 821 1
801 823 1
801 823 1
801 825 1
802 825 1
802 827 1
802 828 1
803 829 1
803 830 1
803 831 1
803 832 1
804 833 1
804 835 1
804 835 1
804 837 1
805 838 1
805 839 1
805 840 1
805 841 1
806 842 1
806 843 1
806 844 1
807 845 1
807 846 1
807 848 1
808 849 1
808 850 1
809 853 1
810 856 1
811 859 1
812 864 1
812 866 1
814 870 1
815 873 1
816 877 1
817 880 1
818 883 1
819 885 1
820 888 1
821 890 1
822 891 1
824 893 1
825 895 1
826 895 1
826 896 1
827 897 1
827 898 1
828 898 1
828 899 1
829 900 1
829 900 1
830 901 1
830 902 1
831 903 1
832 903 1
833 905 1
833 905 1
834 907 1
835 908 1
837 909 1
838 911 1
839 912 1
841 914 1
842 915 1
843 916 1
844 917 1
845 918 1
846 919 1
846 920 1
846 921 1
847 922 1
847 923 1
848 923 1
848 924 1
848 925 1
849 926 1
849 927 1
849 927 1
849 929 1
849 929 1
849 930 1
849 931 1
849 932 1
849 933 1
849 934 1
849 935 1
848 936 1
848 937 1
847 938 1
847 940 1
847 940 1
844 942 1
844 943 1
842 944 1
840 946 1
839 946 1
837 948 1
836 948 1
834 950 1
831 951 1
828 952 1
824 953 1
820 954 1
816 955 1
811 956 1
805 957 1
799 959 1
794 960 1
789 961 1
783 962 1
779 963 1
775 963 1
770 964 1
769 964 1
766 965 1
763 965 1
762 965 1
760 966 1
760 966 1
760 966 1
760 966 1
760 966 1
760 966 1
760 966 1
760 966 1
760 966 1
760 966 1
760 966 1
760 966 1
760 966 1
759 966 1
759 966 1
759 966 1
757 964 1
757 964 1
756 965 1
756 965 1
756 964 1
756 964 1
754 964 1
755 963 1
754 962 1
752 962 1
752 961 1
750 959 1
749 956 1
747 951 1
746 947 1
743 941 1
739 936 1
735 931 1
731 926 1
728 921 1
725 917 1
723 914 1
721 911 1
721 908 1
719 906 1
720 902 1
719 901 1
717 899 1
718 899 1
716 897 1
716 897 1
716 895 1
714 891 1
715 889 1
714 883 1
714 878 1
714 874 1
714 870 1
712 867 1
713 865 1
713 863 1
713 861 1
713 861 1
713 861 1
713 861 1
713 861 1
713 861 1
713 861 1
713 861 1
713 861 1
713 861 1
713 861 1
713 861 1
713 861 1
713 861 1
714 861 1
714 861 1
714 861 1
715 860 1
716 860 1
717 860 1
718 860 1
719 859 1
720 859 1
721 859 1
722 860 1
723 860 1
724 860 1
726 860 1
727 861 1
729 861 1
730 861 1
732 862 1
733 863 1
735 863 1
736 864 1
738 865 1
740 866 1
741 866 1
742 867 1
743 868 1
745 869 1
746 870 1
747 871 1
749 873 1
750 874 1
752 876 1
754 877 1
757 880 1
761 884 1
764 889 1
767 892 1
771 896 1
774 900 1
776 903 1
778 906 1
779 908 1
780 911 1
781 913 1
782 916 1
782 917 1
784 919 1
785 921 1
786 924 1
787 927 1
788 931 1
789 935 1
791 940 1
794 945 1
797 948 1
801 953 1
805 957 1
807 960 1
810 964 1
812 967 1
815 972 1
816 975 1
818 978 1
820 982 1
820 985 1
821 987 1
822 989 1
822 991 1
823 992 1
823 993 1
823 994 1
823 995 1
824 996 1
824 996 1
824 998 1
824 998 1
823 999 1
823 1000 1
823 1001 1
823 1003 1
822 1004 1
820 1006 1
820 1010 1
818 1015 1
817 1023 1
815 1030 1
813 1038 1
810 1044 1
803 1052 1
796 1060 1
789 1068 1
781 1077 1
774 1085 1
768 1093 1
763 1100 1
759 1106 1
754 1111 1
752 1115 1
750 1117 1
748 1119 1
748 1120 1
746 1121 1
746 1122 1
746 1123 1
744 1124 1
742 1125 1
740 1127 1
737 1128 1
734 1129 1
730 1130 1
726 1132 1
722 1133 1
724 1133 0
657 683 1
657 681 1
657 681 1
657 681 1
657 681 1
657 681 1
657 681 1
657 681 1
657 681 1
657 681 1
657 681 1
657 681 1
657 681 1
657 681 1
657 681 1
657 681 1
657 681 1
657 681 1
657 681 1
657 681 1
657 681 1
657 681 1
657 681 1
657 681 1
657 681 1
657 681 1
657 681 1
657 681 1
657 681 1
657 681 1
657 681 1
657 681 1
657 681 1
657 681 1
657 681 1
657 681 1
657 681 1
657 681 1
657 681 1
657 681 1
657 681 1
657 681 1
657 681 1
657 681 1
657 681 1
657 681 1
657 681 1
657 681 1
657 681 1
657 681 1
657 681 1
657 681 1
657 681 1
657 681 1
657 681 1
657 681 1
657 681 1
657 681 1
657 681 1
657 681 1
657 681 1
657 681 1
657 681 1
657 681 1
657 681 1
657 681 1
657 681 1
657 681 1
657 681 1
657 681 1
657 681 1
657 681 1
657 681 1
657 681 1
657 681 1
657 681 1
657 681 1
657 681 1
657 681 1
657 681 1
657 681 1
657 681 1
657 681 1
657 681 1
657 681 1
657 681 1
657 681 1
657 681 1
657 683 1
657 685 1
658 690 1
658 693 1
660 696 1
660 699 1
662 703 1
663 705 1
664 707 1
665 709 1
665 709 1
665 710 1
665 710 1
665 711 1
665 711 1
665 711 1
665 712 1
665 712 1
665 712 1
665 712 1
665 714 1
664 715 1
664 716 1
664 718 1
663 719 1
663 720 1
662 721 1
662 723 1
661 724 1
661 725 1
660 726 1
660 728 1
660 729 1
659 733 1
659 735 1
659 737 1
657 740 1
658 742 1
658 744 1
658 746 1
658 749 1
658 751 1
657 753 1
657 755 1
657 757 1
655 759 1
656 760 1
656 763 1
655 764 1
655 767 1
655 769 1
655 769 1
655 770 1
655 770 1
655 771 1
655 772 1
655 774 1
655 776 1
655 778 1
655 781 1
655 783 1
656 785 1
656 788 1
657 790 1
657 792 1
659 794 1
660 797 1
660 798 1
662 801 1
662 802 1
663 805 1
664 806 1
665 808 1
665 810 1
666 814 1
668 816 1
668 818 1
669 821 1
670 825 1
672 829 1
673 832 1
673 835 1
674 840 1
674 843 1
675 846 1
675 849 1
676 852 1
676 854 1
676 857 1
677 858 1
677 860 1
677 861 1
678 862 1
678 863 1
678 864 1
679 865 1
679 866 1
679 868 1
680 869 1
680 872 1
681 875 1
681 879 1
682 882 1
682 886 1
683 889 1
683 893 1
684 896 1
685 901 1
685 905 1
686 908 1
687 910 1
688 913 1
688 914 1
689 916 1
689 917 1
690 918 1
691 919 1
691 919 1
692 920 1
692 921 1
693 922 1
693 922 1
694 923 1
694 924 1
695 925 1
696 926 1
696 927 1
697 928 1
698 929 1
699 931 1
699 932 1
701 934 1
702 935 1
702 936 1
703 938 1
704 939 1
705 941 1
706 942 1
707 944 1
707 945 1
708 947 1
709 948 1
709 949 1
710 950 1
710 950 1
711 952 1
711 952 1
711 953 1
711 954 1
712 955 1
712 956 1
712 956 1
712 957 1
713 957 1
713 958 1
713 958 1
713 958 1
713 958 1
713 958 1
713 958 1
713 958 1
713 958 1
712 958 1
712 958 1
711 959 1
709 960 1
708 961 1
706 962 1
706 963 1
704 964 1
703 965 1
701 966 1
699 967 1
698 968 1
696 969 1
695 969 1
693 970 1
693 970 1
691 971 1
690 971 1
690 972 1
687 972 1
687 972 1
685 973 1
685 973 1
683 973 1
682 973 1
681 973 1
681 973 1
679 973 1
679 973 1
677 973 1
675 973 1
674 973 1
672 973 1
670 973 1
665 973 1
660 972 1
655 972 1
650 972 1
646 972 1
642 972 1
638 971 1
635 971 1
632 971 1
629 969 1
625 970 1
623 970 1
621 968 1
619 969 1
617 967 1
616 968 1
616 968 1
614 967 1
614 967 1
613 966 1
612 966 1
612 966 1
612 966 1
612 966 1
612 966 1
612 966 1
612 966 1
612 966 1
612 966 1
612 966 1
612 966 1
612 966 1
612 966 1
612 966 1
612 966 1
612 966 1
610 963 1
611 962 1
610 960 1
608 957 1
609 954 1
607 950 1
607 946 1
607 943 1
606 940 1
606 937 1
606 934 1
605 932 1
605 930 1
605 930 1
605 930 1
605 929 1
605 927 1
605 927 1
605 925 1
605 921 1
604 918 1
604 914 1
604 911 1
604 907 1
603 903 1
603 900 1
603 895 1
602 892 1
602 888 1
602 886 1
602 883 1
601 880 1
601 878 1
601 877 1
601 875 1
601 873 1
601 873 1
601 871 1
601 871 1
601 869 1
601 869 1
601 867 1
601 866 1
601 864 1
601 863 1
601 862 1
601 862 1
602 861 1
602 859 1
602 859 1
602 859 1
602 859 1
602 859 1
602 859 1
602 859 1
602 859 1
602 859 1
602 859 1
602 859 1
602 859 1
602 859 1
603 859 1
604 859 1
605 859 1
606 859 1
607 859 1
607 859 1
608 860 1
609 860 1
610 860 1
611 860 1
612 860 1
613 861 1
613 861 1
614 862 1
615 862 1
616 863 1
617 864 1
617 864 1
618 865 1
619 865 1
620 866 1
620 867 1
621 868 1
622 868 1
623 870 1
624 872 1
625 874 1
627 878 1
628 883 1
630 887 1
630 891 1
632 896 1
633 899 1
634 903 1
635 906 1
636 909 1
637 912 1
638 914 1
639 917 1
640 919 1
641 922 1
643 924 1
644 925 1
645 927 1
646 928 1
648 930 1
648 931 1
650 933 1
651 937 1
651 940 1
653 945 1
653 950 1
655 955 1
656 960 1
658 965 1
658 969 1
659 972 1
660 976 1
660 978 1
661 981 1
661 985 1
662 988 1
662 991 1
663 995 1
663 998 1
664 1003 1
664 1007 1
665 1011 1
665 1016 1
666 1022 1
666 1027 1
665 1032 1
665 1037 1
665 1042 1
665 1046 1
665 1050 1
664 1055 1
662 1059 1
662 1064 1
662 1070 1
660 1076 1
658 1083 1
657 1090 1
656 1096 1
654 1101 1
653 1106 1
651 1109 1
650 1113 1
650 1116 1
647 1121 1
646 1124 1
643 1127 1
640 1130 1
636 1133 1
632 1136 1
629 1141 1
624 1144 1
623 1146 1
623 1146 0
508 747 1
508 747 1
508 747 1
508 747 1
508 747 1
508 747 1
508 747 1
508 747 1
508 747 1
508 747 1
508 747 1
508 747 1
508 747 1
508 747 1
508 747 1
508 747 1
508 747 1
508 747 1
508 747 1
508 747 1
508 747 1
508 747 1
508 747 1
508 747 1
508 747 1
508 747 1
508 747 1
508 747 1
508 747 1
508 747 1
508 747 1
508 747 1
508 747 1
508 747 1
508 747 1
508 747 1
508 747 1
508 747 1
508 747 1
508 747 1
508 747 1
508 747 1
508 747 1
508 747 1
508 747 1
508 747 1
508 747 1
508 747 1
508 747 1
508 747 1
508 747 1
508 747 1
506 747 1
506 747 1
506 747 1
506 747 1
506 747 1
505 748 1
505 749 1
504 752 1
503 754 1
503 757 1
502 759 1
502 762 1
502 764 1
502 767 1
502 770 1
502 772 1
502 774 1
503 776 1
503 779 1
503 781 1
503 783 1
504 785 1
504 788 1
505 790 1
506 791 1
507 794 1
507 795 1
507 798 1
507 800 1
508 802 1
508 805 1
508 808 1
509 811 1
509 814 1
509 817 1
509 822 1
510 825 1
510 829 1
510 832 1
511 835 1
511 838 1
512 840 1
512 843 1
513 845 1
513 847 1
513 850 1
513 852 1
514 855 1
514 858 1
514 860 1
515 863 1
515 866 1
516 869 1
517 872 1
518 875 1
518 877 1
519 880 1
520 882 1
521 884 1
522 886 1
522 888 1
523 891 1
524 892 1
524 894 1
525 896 1
526 896 1
527 898 1
527 899 1
529 901 1
529 902 1
531 904 1
531 905 1
532 907 1
534 909 1
534 909 1
535 911 1
536 912 1
536 914 1
537 914 1
537 915 1
538 916 1
538 917 1
539 918 1
539 919 1
540 920 1
540 921 1
541 922 1
541 923 1
542 925 1
543 927 1
544 930 1
545 933 1
546 937 1
547 941 1
547 945 1
549 950 1
549 953 1
550 958 1
552 962 1
552 966 1
554 970 1
554 972 1
555 975 1
555 976 1
556 978 1
557 979 1
557 980 1
558 981 1
558 981 1
559 982 1
559 982 1
560 983 1
560 984 1
561 984 1
561 985 1
561 985 1
561 985 1
561 985 1
561 985 1
561 985 1
561 985 1
561 985 1
561 985 1
561 985 1
561 985 1
561 985 1
561 985 1
561 985 1
561 985 1
561 985 1
561 985 1
561 985 1
561 985 1
561 985 1
561 985 1
561 985 1
561 985 1
561 985 1
561 985 1
561 985 1
561 985 1
561 985 1
561 985 1
561 986 1
561 986 1
558 987 1
558 989 1
556 990 1
554 991 1
553 992 1
550 994 1
547 994 1
542 996 1
539 997 1
535 999 1
531 1001 1
528 1001 1
524 1003 1
521 1004 1
518 1005 1
516 1006 1
513 1007 1
512 1008 1
510 1009 1
511 1010 1
510 1010 1
508 1011 1
508 1011 1
508 1012 1
507 1012 1
505 1013 1
504 1013 1
504 1013 1
504 1013 1
504 1013 1
504 1013 1
504 1013 1
504 1013 1
504 1013 1
502 1009 1
499 997 1
493 986 1
488 978 1
485 970 1
482 964 1
479 957 1
476 951 1
474 945 1
474 941 1
472 937 1
473 935 1
471 932 1
472 931 1
472 929 1
471 928 1
471 926 1
470 924 1
470 922 1
468 919 1
469 916 1
469 911 1
469 907 1
469 903 1
470 899 1
470 897 1
470 894 1
471 893 1
471 891 1
471 891 1
472 891 1
472 891 1
474 889 1
475 890 1
477 890 1
480 891 1
483 891 1
489 893 1
494 893 1
499 895 1
503 897 1
506 900 1
512 904 1
515 908 1
519 912 1
521 914 1
523 917 1
524 919 1
525 921 1
526 923 1
526 923 1
527 925 1
527 926 1
528 928 1
528 932 1
528 937 1
529 942 1
529 949 1
529 954 1
529 960 1
529 964 1
528 968 1
528 973 1
528 976 1
528 981 1
527 984 1
526 987 1
526 991 1
526 994 1
524 998 1
525 1003 1
523 1008 1
524 1013 1
522 1017 1
522 1023 1
520 1028 1
520 1033 1
518 1039 1
516 1044 1
515 1048 1
513 1053 1
511 1060 1
508 1066 1
504 1073 1
499 1084 1
492 1094 1
485 1107 1
479 1118 1
467 1135 1
459 1150 1
450 1166 1
441 1178 1
434 1187 1
427 1195 1
427 1196 1
427 1196 0
