113 1496 1
113 1496 1
113 1496 1
113 1496 1
113 1496 1
113 1496 1
113 1496 1
113 1496 1
113 1496 1
113 1496 1
113 1496 1
113 1496 1
113 1496 1
113 1496 1
113 1496 1
113 1496 1
112 1495 1
112 1495 1
112 1494 1
112 1494 1
112 1494 1
112 1494 1
112 1494 1
112 1494 1
112 1492 1
112 1492 1
110 1491 1
110 1491 1
111 1489 1
110 1485 1
110 1480 1
109 1472 1
109 1463 1
109 1453 1
109 1446 1
109 1442 1
109 1438 1
109 1435 1
109 1432 1
109 1431 1
109 1431 1
108 1430 1
108 1430 1
108 1430 1
108 1429 1
108 1429 1
108 1428 1
106 1424 1
107 1420 1
107 1412 1
107 1404 1
107 1394 1
107 1386 1
107 1380 1
107 1375 1
107 1372 1
107 1369 1
107 1367 1
107 1365 1
107 1365 1
107 1365 1
107 1364 1
107 1362 1
108 1359 1
108 1354 1
108 1350 1
108 1344 1
108 1339 1
108 1335 1
109 1332 1
109 1327 1
109 1324 1
109 1321 1
110 1318 1
110 1315 1
110 1309 1
111 1303 1
111 1295 1
112 1290 1
113 1285 1
113 1281 1
114 1278 1
114 1273 1
114 1268 1
115 1263 1
115 1257 1
116 1252 1
116 1249 1
116 1245 1
117 1241 1
117 1238 1
117 1234 1
118 1231 1
119 1226 1
119 1222 1
119 1217 1
120 1211 1
121 1204 1
121 1196 1
122 1188 1
124 1179 1
125 1171 1
127 1161 1
128 1148 1
130 1137 1
132 1128 1
135 1121 1
136 1116 1
138 1113 1
138 1109 1
139 1108 1
139 1106 1
139 1106 1
139 1106 1
139 1106 1
139 1106 1
140 1105 1
141 1103 1
142 1097 1
144 1090 1
147 1082 1
150 1074 1
152 1067 1
153 1063 1
155 1060 1
155 1056 1
156 1053 1
157 1049 1
157 1047 1
158 1044 1
159 1039 1
160 1033 1
161 1026 1
163 1020 1
165 1011 1
166 1004 1
168 996 1
168 989 1
170 981 1
170 976 1
171 973 1
171 970 1
171 967 1
172 964 1
172 962 1
172 960 1
172 959 1
172 959 1
172 958 1
172 958 1
172 958 1
172 956 1
173 956 1
173 953 1
173 950 1
173 945 1
173 939 1
173 933 1
173 927 1
173 920 1
173 916 1
173 911 1
173 907 1
173 904 1
173 902 1
173 899 1
173 897 1
173 897 1
173 897 1
173 897 1
173 897 1
173 897 1
173 897 1
173 897 1
173 896 1
173 896 1
172 893 1
171 889 1
169 882 1
169 875 1
167 869 1
166 864 1
164 859 1
164 855 1
162 852 1
162 850 1
161 849 1
161 849 1
161 848 1
161 848 1
161 848 1
161 848 1
161 848 1
161 848 1
159 848 1
159 848 1
159 848 1
157 848 1
157 848 1
157 848 1
157 848 1
156 848 1
156 848 1
155 848 1
153 849 1
153 849 1
152 849 1
152 849 1
152 849 1
152 849 1
152 850 1
151 850 1
151 850 1
150 850 1
150 850 1
149 850 1
149 850 1
147 850 1
147 850 1
147 850 1
146 851 1
145 851 1
145 851 1
144 851 1
142 851 1
141 852 1
139 855 1
137 859 1
136 866 1
136 874 1
135 882 1
133 887 1
133 891 1
133 895 1
131 899 1
132 902 1
130 906 1
131 911 1
131 916 1
130 920 1
130 925 1
130 930 1
130 934 1
128 938 1
129 943 1
129 946 1
129 951 1
129 956 1
129 960 1
129 965 1
129 969 1
129 975 1
129 980 1
129 983 1
129 988 1
129 993 1
129 997 1
129 1003 1
129 1009 1
129 1015 1
130 1022 1
130 1030 1
130 1036 1
131 1042 1
132 1047 1
132 1052 1
132 1056 1
133 1060 1
133 1065 1
134 1069 1
134 1073 1
135 1078 1
136 1084 1
138 1089 1
139 1094 1
140 1100 1
142 1106 1
143 1111 1
144 1116 1
145 1122 1
147 1127 1
148 1131 1
149 1136 1
151 1139 1
151 1142 1
153 1145 1
153 1148 1
154 1151 1
155 1154 1
156 1159 1
158 1165 1
160 1170 1
163 1175 1
165 1180 1
168 1184 1
169 1189 1
171 1194 1
173 1199 1
173 1203 1
174 1207 1
175 1210 1
177 1215 1
177 1219 1
179 1222 1
179 1226 1
181 1229 1
182 1234 1
183 1237 1
184 1241 1
185 1245 1
186 1249 1
187 1253 1
188 1258 1
188 1262 1
189 1267 1
190 1270 1
190 1273 1
190 1275 1
190 1276 1
190 1278 1
191 1279 1
191 1280 1
190 1280 1
190 1282 1
188 1284 1
189 1287 1
187 1292 1
187 1298 1
187 1303 1
186 1307 1
186 1310 1
185 1316 1
184 1320 1
182 1325 1
182 1330 1
180 1335 1
180 1341 1
178 1346 1
178 1351 1
176 1356 1
176 1362 1
175 1366 1
173 1369 1
174 1372 1
172 1375 1
173 1377 1
172 1379 1
172 1381 1
172 1381 1
170 1383 1
171 1384 1
171 1387 1
171 1394 1
171 1400 1
171 1407 1
171 1415 1
172 1424 1
172 1432 1
173 1439 1
173 1443 1
174 1446 1
174 1448 1
174 1450 1
175 1452 1
175 1452 1
175 1453 1
175 1453 1
175 1453 1
175 1453 1
175 1453 1
175 1453 1
175 1453 1
175 1453 1
175 1453 1
175 1453 1
175 1453 1
175 1453 1
175 1453 1
175 1453 1
175 1453 1
175 1453 1
175 1453 1
175 1453 1
175 1453 1
175 1453 1
175 1453 1
175 1453 1
175 1453 1
175 1453 1
175 1451 1
175 1449 1
176 1447 1
176 1447 1
177 1445 1
177 1444 1
178 1441 1
178 1438 1
179 1432 1
180 1426 1
181 1422 1
181 1417 1
182 1414 1
182 1411 1
182 1408 1
183 1406 1
183 1402 1
183 1400 1
184 1398 1
184 1395 1
185 1392 1
186 1386 1
188 1378 1
192 1364 1
195 1352 1
198 1340 1
200 1333 1
203 1326 1
203 1323 1
205 1320 1
205 1317 1
205 1316 1
206 1314 1
206 1312 1
207 1309 1
207 1304 1
209 1299 1
209 1294 1
211 1288 1
212 1283 1
212 1279 1
213 1276 1
214 1274 1
214 1271 1
215 1269 1
215 1267 1
216 1264 1
216 1262 1
217 1259 1
218 1257 1
219 1252 1
219 1247 1
221 1239 1
222 1230 1
223 1221 1
225 1215 1
225 1210 1
226 1207 1
226 1204 1
227 1202 1
227 1198 1
228 1196 1
228 1193 1
228 1190 1
229 1186 1
229 1177 1
230 1166 1
231 1150 1
233 1135 1
234 1120 1
235 1103 1
237 1086 1
238 1069 1
240 1057 1
240 1048 1
241 1040 1
241 1037 1
242 1034 1
242 1031 1
242 1031 1
242 1029 1
242 1029 1
242 1029 1
242 1027 1
242 1027 1
242 1027 1
242 1027 1
242 1027 1
242 1026 1
242 1026 1
242 1025 1
242 1025 1
242 1023 1
242 1023 1
242 1022 1
241 1021 1
241 1020 1
241 1018 1
241 1016 1
241 1015 1
241 1013 1
241 1012 1
241 1010 1
240 1007 1
240 1005 1
239 1002 1
237 1000 1
237 997 1
235 995 1
235 992 1
234 991 1
234 991 1
234 991 1
232 990 1
233 988 1
233 988 1
232 986 1
232 986 1
231 984 1
230 983 1
230 981 1
230 979 1
229 978 1
229 975 1
228 972 1
228 970 1
228 967 1
228 964 1
228 960 1
228 957 1
228 952 1
228 949 1
228 946 1
228 943 1
228 938 1
228 934 1
228 929 1
228 925 1
228 922 1
226 919 1
227 915 1
225 912 1
226 908 1
224 905 1
223 901 1
223 898 1
223 896 1
221 894 1
219 892 1
219 890 1
219 890 1
218 889 1
218 889 1
218 888 1
217 888 1
217 886 1
217 886 1
215 885 1
215 885 1
215 885 1
215 885 1
215 885 1
214 882 1
212 882 1
210 880 1
210 879 1
208 879 1
206 879 1
206 879 1
206 879 1
205 878 1
205 878 1
205 878 1
204 878 1
202 878 1
202 878 1
203 879 1
201 879 1
201 880 1
200 881 1
198 882 1
196 885 1
195 889 1
193 895 1
191 902 1
189 910 1
188 917 1
186 924 1
186 932 1
184 942 1
183 949 1
182 958 1
180 966 1
180 974 1
178 981 1
179 989 1
177 997 1
178 1005 1
177 1013 1
177 1021 1
177 1029 1
177 1037 1
178 1045 1
179 1053 1
182 1063 1
185 1071 1
187 1079 1
190 1087 1
193 1095 1
196 1104 1
201 1113 1
205 1121 1
209 1128 1
212 1135 1
216 1140 1
219 1145 1
222 1152 1
225 1157 1
227 1162 1
230 1167 1
233 1171 1
234 1174 1
237 1180 1
239 1187 1
242 1196 1
245 1207 1
248 1220 1
252 1234 1
256 1249 1
258 1261 1
260 1271 1
262 1281 1
263 1289 1
265 1296 1
266 1302 1
268 1307 1
269 1313 1
270 1318 1
271 1324 1
271 1331 1
272 1339 1
272 1347 1
273 1356 1
273 1365 1
274 1375 1
274 1385 1
273 1394 1
273 1402 1
273 1406 1
273 1411 1
273 1413 1
272 1415 1
272 1417 1
272 1417 1
272 1417 1
272 1417 1
272 1417 1
272 1417 1
272 1417 1
272 1417 1
272 1417 1
272 1417 1
272 1417 1
272 1417 1
272 1417 1
273 1417 1
273 1415 1
275 1412 1
278 1410 1
279 1408 1
281 1405 1
283 1399 1
287 1388 1
293 1375 1
299 1359 1
305 1344 1
309 1331 1
313 1318 1
315 1307 1
318 1298 1
319 1287 1
320 1278 1
321 1271 1
322 1263 1
323 1255 1
324 1248 1
325 1240 1
325 1232 1
326 1223 1
326 1215 1
326 1206 1
324 1197 1
324 1189 1
324 1181 1
323 1174 1
321 1168 1
321 1163 1
321 1158 1
320 1152 1
319 1147 1
317 1141 1
317 1135 1
315 1128 1
316 1121 1
314 1112 1
315 1100 1
316 1086 1
316 1072 1
317 1060 1
318 1051 1
318 1042 1
319 1034 1
320 1029 1
320 1024 1
320 1020 1
320 1016 1
320 1013 1
319 1009 1
319 1003 1
319 995 1
317 984 1
316 972 1
315 956 1
313 939 1
313 924 1
311 912 1
310 904 1
310 896 1
309 892 1
308 889 1
306 886 1
307 885 1
307 885 1
307 885 1
307 885 1
306 882 1
303 879 1
300 875 1
299 872 1
296 869 1
295 867 1
293 865 1
293 865 1
293 865 1
292 865 1
292 865 1
292 865 1
292 865 1
292 865 1
291 865 1
289 866 1
289 867 1
288 868 1
286 870 1
286 870 1
284 873 1
284 875 1
282 878 1
281 882 1
279 888 1
275 899 1
272 911 1
267 922 1
263 934 1
259 945 1
257 954 1
254 962 1
252 971 1
251 980 1
251 989 1
251 998 1
251 1007 1
252 1018 1
254 1031 1
257 1044 1
259 1058 1
264 1074 1
270 1091 1
276 1110 1
283 1126 1
289 1142 1
293 1156 1
298 1168 1
302 1178 1
305 1185 1
308 1192 1
310 1199 1
312 1204 1
314 1209 1
317 1214 1
318 1218 1
322 1225 1
324 1229 1
326 1236 1
328 1242 1
331 1251 1
334 1261 1
336 1269 1
339 1278 1
342 1286 1
344 1293 1
346 1298 1
347 1304 1
349 1309 1
350 1314 1
351 1319 1
352 1324 1
353 1330 1
355 1336 1
356 1343 1
358 1354 1
359 1364 1
362 1376 1
364 1387 1
368 1398 1
371 1407 1
372 1415 1
375 1422 1
376 1426 1
378 1429 1
379 1432 1
380 1434 1
380 1435 1
380 1435 1
380 1435 1
380 1435 1
380 1435 1
380 1435 1
381 1433 1
382 1431 1
382 1429 1
383 1426 1
384 1421 1
384 1416 1
384 1408 1
384 1399 1
385 1388 1
385 1375 1
386 1359 1
385 1338 1
385 1315 1
382 1293 1
379 1275 1
378 1263 1
376 1255 1
374 1250 1
375 1247 1
373 1244 1
374 1242 1
372 1242 1
373 1241 1
373 1241 1
373 1240 1
373 1240 1
373 1239 1
372 1237 1
372 1234 1
371 1229 1
369 1223 1
369 1218 1
368 1211 1
368 1204 1
367 1194 1
368 1182 1
368 1167 1
369 1152 1
370 1137 1
370 1125 1
371 1115 1
371 1106 1
373 1097 1
373 1085 1
375 1076 1
376 1067 1
378 1059 1
379 1054 1
380 1048 1
380 1044 1
380 1040 1
381 1035 1
383 1027 1
385 1016 1
389 998 1
395 978 1
401 956 1
407 934 1
412 916 1
415 903 1
418 895 1
419 891 1
421 888 1
421 887 1
421 887 1
421 887 1
421 887 1
421 887 1
421 887 1
421 887 1
421 887 1
421 887 1
421 887 1
421 887 1
421 887 1
421 887 1
421 887 1
421 887 1
421 887 1
419 887 1
419 888 1
417 889 1
416 889 1
413 891 1
412 892 1
409 894 1
408 895 1
405 897 1
403 899 1
401 900 1
399 903 1
396 905 1
393 908 1
387 914 1
381 920 1
370 931 1
361 940 1
353 949 1
346 955 1
340 961 1
335 966 1
332 969 1
330 972 1
328 976 1
326 978 1
325 980 1
323 983 1
322 985 1
322 988 1
321 992 1
319 998 1
320 1005 1
320 1012 1
321 1020 1
322 1028 1
322 1035 1
323 1039 1
324 1042 1
325 1045 1
326 1048 1
326 1050 1
327 1051 1
328 1053 1
328 1054 1
328 1054 1
328 1054 1
329 1056 1
330 1058 1
332 1061 1
334 1064 1
336 1067 1
338 1072 1
340 1077 1
343 1083 1
347 1090 1
350 1097 1
353 1103 1
354 1109 1
357 1115 1
358 1119 1
360 1125 1
362 1130 1
364 1137 1
368 1144 1
371 1153 1
373 1163 1
376 1171 1
379 1180 1
382 1187 1
385 1195 1
388 1203 1
391 1210 1
393 1218 1
395 1225 1
397 1232 1
398 1235 1
399 1240 1
400 1242 1
401 1246 1
403 1250 1
403 1253 1
404 1256 1
405 1260 1
407 1266 1
408 1271 1
410 1279 1
414 1290 1
418 1303 1
421 1314 1
424 1323 1
426 1330 1
428 1336 1
430 1341 1
432 1345 1
433 1348 1
435 1351 1
436 1355 1
438 1360 1
441 1366 1
445 1373 1
449 1380 1
452 1386 1
455 1390 1
457 1395 1
459 1398 1
461 1400 1
463 1403 1
465 1405 1
467 1407 1
470 1409 1
474 1411 1
477 1413 1
480 1413 1
483 1415 1
486 1415 1
487 1416 1
489 1416 1
490 1416 1
490 1416 1
490 1416 1
491 1415 1
492 1411 1
493 1408 1
496 1402 1
498 1393 1
503 1381 1
506 1365 1
510 1348 1
514 1335 1
515 1324 1
517 1314 1
518 1308 1
519 1303 1
519 1300 1
519 1297 1
519 1292 1
519 1288 1
517 1282 1
517 1274 1
517 1265 1
516 1253 1
514 1243 1
514 1233 1
512 1222 1
510 1212 1
508 1204 1
506 1195 1
505 1188 1
503 1182 1
503 1177 1
501 1171 1
500 1164 1
499 1158 1
499 1151 1
497 1144 1
495 1136 1
494 1129 1
491 1123 1
489 1116 1
485 1106 1
481 1096 1
478 1086 1
476 1075 1
476 1064 1
476 1053 1
477 1041 1
481 1029 1
486 1013 1
490 999 1
494 987 1
497 978 1
500 970 1
501 962 1
504 956 1
506 947 1
506 940 1
507 932 1
506 925 1
506 917 1
504 909 1
502 901 1
501 896 1
499 891 1
496 887 1
495 884 1
493 882 1
493 881 1
491 881 1
491 881 1
491 881 1
491 881 1
490 881 1
490 881 1
490 881 1
489 882 1
487 883 1
487 884 1
486 885 1
485 886 1
483 887 1
482 889 1
480 891 1
479 894 1
476 897 1
474 901 1
471 905 1
468 909 1
466 912 1
463 916 1
461 920 1
458 924 1
456 928 1
453 933 1
450 939 1
448 943 1
445 948 1
444 953 1
441 958 1
440 965 1
437 971 1
436 977 1
434 983 1
432 987 1
432 991 1
430 995 1
430 1000 1
430 1006 1
429 1011 1
429 1017 1
429 1023 1
429 1027 1
429 1032 1
429 1037 1
429 1041 1
429 1045 1
430 1050 1
430 1053 1
431 1058 1
431 1062 1
432 1066 1
432 1071 1
433 1077 1
434 1082 1
434 1088 1
436 1094 1
437 1100 1
438 1106 1
439 1111 1
440 1118 1
441 1125 1
442 1130 1
443 1135 1
444 1140 1
445 1145 1
447 1151 1
448 1155 1
449 1160 1
450 1165 1
451 1169 1
452 1174 1
454 1180 1
456 1187 1
457 1192 1
459 1197 1
461 1204 1
464 1210 1
466 1216 1
468 1222 1
471 1229 1
473 1235 1
475 1241 1
476 1247 1
479 1253 1
480 1257 1
484 1264 1
486 1269 1
489 1275 1
493 1283 1
498 1293 1
503 1303 1
507 1313 1
512 1323 1
517 1333 1
523 1343 1
528 1352 1
533 1359 1
536 1365 1
538 1370 1
542 1374 1
542 1377 1
543 1379 1
545 1381 1
545 1382 1
547 1384 1
547 1385 1
547 1385 1
548 1386 1
548 1387 1
550 1390 1
553 1395 1
556 1400 1
561 1406 1
565 1411 1
569 1416 1
572 1419 1
574 1422 1
576 1423 1
578 1424 1
581 1425 1
582 1425 1
583 1425 1
583 1425 1
584 1425 1
584 1425 1
584 1423 1
585 1421 1
585 1421 1
586 1418 1
587 1415 1
589 1408 1
590 1395 1
592 1380 1
593 1358 1
593 1337 1
591 1318 1
589 1299 1
586 1281 1
583 1268 1
581 1256 1
579 1247 1
578 1238 1
578 1228 1
577 1216 1
575 1203 1
575 1192 1
575 1176 1
575 1159 1
575 1139 1
576 1119 1
577 1100 1
578 1083 1
578 1070 1
579 1058 1
579 1048 1
579 1040 1
579 1032 1
580 1026 1
581 1019 1
582 1012 1
582 1004 1
582 997 1
582 990 1
582 983 1
582 977 1
582 970 1
582 964 1
582 958 1
582 950 1
583 944 1
582 939 1
582 936 1
579 931 1
578 928 1
576 925 1
575 923 1
572 921 1
571 921 1
568 919 1
567 919 1
564 920 1
562 920 1
560 921 1
558 922 1
555 925 1
552 928 1
549 931 1
547 936 1
543 940 1
540 945 1
537 951 1
534 957 1
532 964 1
529 970 1
527 976 1
524 984 1
523 990 1
523 997 1
521 1003 1
521 1010 1
520 1017 1
520 1023 1
520 1029 1
520 1036 1
520 1041 1
520 1047 1
521 1053 1
521 1057 1
523 1063 1
525 1069 1
530 1077 1
533 1084 1
537 1091 1
540 1099 1
542 1104 1
545 1109 1
546 1114 1
548 1119 1
551 1124 1
552 1128 1
553 1132 1
554 1136 1
556 1139 1
556 1142 1
558 1145 1
559 1150 1
560 1153 1
561 1157 1
562 1162 1
563 1166 1
564 1169 1
565 1172 1
566 1176 1
566 1178 1
567 1180 1
567 1182 1
568 1185 1
568 1187 1
569 1189 1
570 1192 1
571 1194 1
572 1197 1
572 1199 1
573 1202 1
573 1204 1
574 1207 1
575 1210 1
576 1216 1
578 1223 1
580 1232 1
582 1242 1
585 1252 1
588 1264 1
592 1278 1
597 1292 1
601 1306 1
603 1318 1
606 1328 1
608 1336 1
610 1344 1
612 1352 1
614 1358 1
616 1365 1
617 1369 1
618 1372 1
619 1374 1
619 1376 1
620 1377 1
620 1378 1
620 1378 1
620 1378 1
620 1378 1
620 1378 1
620 1378 1
620 1378 1
622 1376 1
627 1374 1
635 1371 1
642 1368 1
647 1366 1
651 1364 1
653 1364 1
655 1362 1
656 1361 1
658 1361 1
660 1358 1
661 1356 1
664 1354 1
665 1348 1
668 1341 1
670 1326 1
674 1309 1
677 1291 1
678 1276 1
679 1264 1
678 1256 1
678 1248 1
677 1239 1
677 1231 1
676 1223 1
675 1215 1
675 1207 1
674 1201 1
674 1195 1
673 1186 1
673 1175 1
673 1162 1
674 1145 1
677 1128 1
678 1112 1
680 1094 1
681 1079 1
682 1065 1
683 1055 1
683 1047 1
684 1041 1
684 1037 1
685 1032 1
686 1030 1
687 1025 1
690 1021 1
692 1017 1
694 1013 1
695 1009 1
697 1005 1
698 1001 1
700 996 1
700 990 1
701 985 1
702 978 1
702 973 1
700 967 1
700 960 1
698 954 1
698 948 1
696 942 1
694 934 1
693 929 1
691 924 1
690 919 1
688 915 1
688 910 1
686 905 1
685 900 1
683 894 1
681 887 1
679 880 1
676 874 1
675 867 1
672 860 1
669 854 1
666 848 1
661 842 1
658 838 1
656 834 1
654 832 1
652 830 1
650 828 1
648 826 1
645 824 1
645 824 1
643 824 1
643 824 1
643 824 1
643 824 1
643 824 1
643 824 1
643 824 1
643 824 1
642 824 1
640 826 1
639 830 1
636 837 1
633 848 1
630 865 1
628 883 1
628 904 1
628 923 1
628 943 1
628 960 1
628 975 1
628 988 1
629 1001 1
630 1011 1
631 1021 1
631 1028 1
632 1034 1
632 1040 1
632 1044 1
633 1049 1
633 1053 1
633 1058 1
634 1063 1
635 1072 1
638 1081 1
641 1094 1
645 1109 1
650 1125 1
656 1142 1
661 1161 1
665 1176 1
668 1188 1
670 1196 1
672 1202 1
674 1207 1
676 1212 1
677 1215 1
679 1219 1
681 1221 1
681 1223 1
683 1225 1
684 1227 1
685 1229 1
686 1231 1
688 1233 1
690 1235 1
692 1237 1
695 1240 1
697 1244 1
700 1247 1
704 1252 1
708 1256 1
712 1260 1
715 1264 1
718 1267 1
721 1269 1
723 1272 1
725 1274 1
728 1277 1
732 1282 1
735 1286 1
741 1293 1
747 1301 1
754 1309 1
757 1316 1
762 1321 1
764 1325 1
767 1328 1
769 1331 1
770 1332 1
772 1334 1
773 1335 1
775 1337 1
775 1337 1
775 1338 1
775 1338 1
775 1338 1
776 1338 1
776 1337 1
777 1334 1
778 1330 1
780 1327 1
782 1321 1
783 1317 1
785 1312 1
786 1305 1
788 1296 1
789 1283 1
790 1272 1
791 1261 1
792 1250 1
792 1240 1
792 1228 1
790 1214 1
791 1201 1
791 1187 1
792 1173 1
793 1162 1
794 1153 1
794 1147 1
795 1140 1
796 1137 1
797 1134 1
798 1132 1
799 1129 1
800 1127 1
800 1127 1
801 1127 1
801 1125 1
801 1125 1
801 1125 1
801 1123 1
801 1121 1
801 1118 1
801 1116 1
801 1112 1
801 1107 1
801 1101 1
801 1093 1
802 1083 1
802 1070 1
803 1058 1
804 1045 1
804 1031 1
803 1017 1
801 1002 1
799 985 1
799 967 1
799 947 1
797 928 1
795 907 1
794 888 1
792 870 1
792 852 1
790 837 1
790 822 1
789 808 1
789 792 1
789 776 1
789 760 1
788 742 1
786 725 1
783 715 1
783 708 1
781 704 1
781 702 1
781 700 1
781 700 1
781 700 1
781 700 1
781 700 1
781 700 1
781 700 1
781 700 1
781 700 1
781 700 1
781 700 1
781 700 1
781 700 1
781 700 1
778 704 1
777 708 1
774 712 1
770 721 1
765 732 1
758 748 1
754 763 1
749 779 1
746 792 1
743 803 1
741 814 1
739 825 1
738 835 1
738 846 1
735 856 1
735 866 1
733 877 1
734 888 1
734 899 1
734 910 1
734 921 1
735 935 1
736 948 1
739 962 1
742 975 1
745 988 1
749 1002 1
752 1016 1
756 1031 1
761 1045 1
767 1062 1
776 1084 1
790 1109 1
804 1134 1
819 1158 1
832 1173 1
843 1185 1
851 1194 1
856 1199 1
861 1204 1
865 1207 1
868 1210 1
869 1211 1
871 1212 1
873 1214 1
874 1214 1
874 1215 1
874 1215 1
874 1215 1
874 1215 1
874 1215 1
874 1215 1
876 1216 1
883 1220 1
890 1224 1
898 1228 1
903 1234 1
906 1237 1
904 1235 0
