765 381 1
765 381 1
765 381 1
765 381 1
765 381 1
765 381 1
763 381 1
763 381 1
761 385 1
756 395 1
750 403 1
743 413 1
734 424 1
725 434 1
717 443 1
709 452 1
701 463 1
692 473 1
682 487 1
670 501 1
653 522 1
644 533 1
638 542 1
631 550 1
625 558 1
618 567 1
610 576 1
597 594 1
590 606 1
580 619 1
570 633 1
560 647 1
549 664 1
540 680 1
530 694 1
520 708 1
509 723 1
498 740 1
490 757 1
483 770 1
473 785 1
462 800 1
451 815 1
442 826 1
433 837 1
425 847 1
416 857 1
401 877 1
393 888 1
383 903 1
375 914 1
367 923 1
355 938 1
344 953 1
334 966 1
324 978 1
314 992 1
305 1005 1
293 1024 1
281 1041 1
271 1059 1
261 1077 1
251 1097 1
242 1118 1
233 1141 1
223 1168 1
214 1194 1
208 1219 1
203 1247 1
199 1276 1
196 1304 1
196 1331 1
196 1361 1
197 1386 1
198 1407 1
199 1426 1
201 1446 1
204 1465 1
210 1485 1
218 1505 1
226 1524 1
232 1536 1
238 1547 1
244 1554 1
252 1563 1
268 1575 1
282 1581 1
296 1587 1
313 1592 1
331 1596 1
350 1598 1
371 1600 1
394 1599 1
417 1597 1
433 1593 1
448 1589 1
462 1585 1
479 1579 1
495 1573 1
510 1564 1
524 1555 1
537 1545 1
550 1536 1
560 1527 1
571 1517 1
582 1505 1
594 1489 1
606 1472 1
617 1455 1
629 1436 1
638 1419 1
648 1402 1
656 1384 1
665 1364 1
675 1344 1
682 1325 1
689 1308 1
693 1294 1
698 1281 1
702 1268 1
706 1254 1
712 1241 1
717 1226 1
722 1211 1
727 1196 1
733 1179 1
740 1162 1
748 1144 1
754 1128 1
761 1114 1
767 1102 1
774 1088 1
781 1074 1
787 1060 1
793 1048 1
798 1034 1
803 1020 1
808 1005 1
813 989 1
819 972 1
824 955 1
828 936 1
832 919 1
837 901 1
840 885 1
844 868 1
849 851 1
852 838 1
855 826 1
858 814 1
861 800 1
866 786 1
871 772 1
876 758 1
883 744 1
888 730 1
894 714 1
900 699 1
905 683 1
910 668 1
916 652 1
921 638 1
924 624 1
929 612 1
933 595 1
937 578 1
941 563 1
944 548 1
946 531 1
948 511 1
950 492 1
953 474 1
957 458 1
960 443 1
961 428 1
963 413 1
964 399 1
964 385 1
962 370 1
960 357 1
957 347 1
954 338 1
950 331 1
947 326 1
943 321 1
939 317 1
936 314 1
932 312 1
926 310 1
920 308 1
912 308 1
899 308 1
882 308 1
861 311 1
837 314 1
813 318 1
793 325 1
776 331 1
759 340 1
745 349 1
732 358 1
723 366 1
716 374 1
709 383 1
701 394 1
694 406 1
688 418 1
681 433 1
672 450 1
663 469 1
652 488 1
643 507 1
632 527 1
621 544 1
612 558 1
603 575 1
593 593 1
583 613 1
571 633 1
559 653 1
547 674 1
535 690 1
523 704 1
512 717 1
501 732 1
489 747 1
477 764 1
463 782 1
450 799 1
436 816 1
424 832 1
413 847 1
402 861 1
390 874 1
379 891 1
368 907 1
358 921 1
347 937 1
337 952 1
328 967 1
317 981 1
307 996 1
295 1013 1
283 1029 1
272 1043 1
264 1056 1
255 1070 1
247 1085 1
238 1100 1
230 1116 1
224 1130 1
219 1145 1
213 1160 1
208 1177 1
204 1193 1
201 1209 1
199 1226 1
198 1244 1
196 1260 1
196 1277 1
197 1294 1
198 1310 1
201 1328 1
204 1345 1
208 1363 1
211 1381 1
215 1397 1
218 1412 1
223 1428 1
226 1445 1
233 1462 1
238 1477 1
244 1493 1
249 1506 1
254 1517 1
258 1528 1
261 1536 1
265 1543 1
271 1549 1
279 1556 1
290 1562 1
301 1568 1
314 1574 1
331 1580 1
346 1584 1
362 1587 1
375 1588 1
390 1587 1
404 1585 1
419 1583 1
431 1580 1
443 1577 1
454 1571 1
467 1563 1
479 1554 1
491 1544 1
501 1534 1
508 1526 1
514 1518 1
518 1509 1
522 1497 1
525 1483 1
531 1465 1
539 1447 1
545 1431 1
550 1418 1
554 1407 1
559 1397 1
563 1386 1
570 1371 1
576 1355 1
580 1341 1
585 1330 1
590 1320 1
595 1310 1
601 1298 1
609 1285 1
617 1274 1
625 1264 1
631 1256 1
637 1250 1
644 1244 1
650 1234 1
656 1224 1
662 1213 1
668 1203 1
674 1195 1
680 1185 1
686 1176 1
694 1164 1
703 1149 1
712 1136 1
720 1124 1
728 1111 1
736 1097 1
747 1081 1
757 1064 1
765 1051 1
773 1038 1
780 1025 1
789 1010 1
798 996 1
806 980 1
812 966 1
817 952 1
822 936 1
827 921 1
831 907 1
835 896 1
837 885 1
839 876 1
842 866 1
843 858 1
844 849 1
844 841 1
846 832 1
846 823 1
849 814 1
851 804 1
852 794 1
855 783 1
857 775 1
860 766 1
864 760 1
868 751 1
875 741 1
881 730 1
888 718 1
895 706 1
900 693 1
905 680 1
910 666 1
915 651 1
918 638 1
920 628 1
921 618 1
922 611 1
920 603 1
919 596 1
918 588 1
916 582 1
914 574 1
914 567 1
912 561 1
912 554 1
912 546 1
912 538 1
912 530 1
913 523 1
913 515 1
913 506 1
914 498 1
914 490 1
914 483 1
914 476 1
914 470 1
914 463 1
915 458 1
915 451 1
915 441 1
913 431 1
912 419 1
907 406 1
901 393 1
893 381 1
886 370 1
880 362 1
875 356 1
871 352 1
867 348 1
864 346 1
861 343 1
858 342 1
855 340 1
851 338 1
848 339 1
844 340 1
840 340 1
832 343 1
823 346 1
812 349 1
799 354 1
785 359 1
774 364 1
761 370 1
747 376 1
733 381 1
720 387 1
705 395 1
691 402 1
678 408 1
666 416 1
653 421 1
644 425 1
637 429 1
629 432 1
623 436 1
615 440 1
608 444 1
601 450 1
595 456 1
587 466 1
579 476 1
573 485 1
568 493 1
562 503 1
555 516 1
548 529 1
543 543 1
540 554 1
536 563 1
533 571 1
527 579 1
522 588 1
516 598 1
507 609 1
498 619 1
489 628 1
478 638 1
465 648 1
453 659 1
437 673 1
425 686 1
414 700 1
404 712 1
395 727 1
388 742 1
382 758 1
377 770 1
373 781 1
370 790 1
367 800 1
364 810 1
363 819 1
361 826 1
361 833 1
361 841 1
359 848 1
357 855 1
354 864 1
349 876 1
344 889 1
337 905 1
330 922 1
322 941 1
314 960 1
309 978 1
306 994 1
301 1012 1
300 1027 1
300 1042 1
300 1056 1
301 1071 1
302 1086 1
304 1100 1
305 1113 1
305 1125 1
306 1138 1
305 1151 1
303 1164 1
301 1175 1
297 1186 1
291 1196 1
285 1209 1
274 1224 1
263 1241 1
250 1256 1
237 1272 1
225 1288 1
212 1305 1
201 1321 1
190 1336 1
179 1350 1
170 1365 1
161 1379 1
155 1393 1
150 1407 1
145 1418 1
143 1429 1
141 1440 1
142 1452 1
143 1463 1
145 1474 1
148 1489 1
154 1503 1
162 1519 1
170 1534 1
178 1547 1
186 1559 1
194 1571 1
204 1585 1
217 1599 1
231 1611 1
244 1622 1
257 1631 1
271 1637 1
284 1644 1
298 1648 1
311 1652 1
325 1655 1
339 1657 1
350 1656 1
360 1656 1
367 1654 1
373 1652 1
376 1651 1
379 1649 1
384 1647 1
391 1639 1
405 1627 1
420 1614 1
433 1602 1
443 1591 1
452 1579 1
465 1564 1
477 1548 1
489 1534 1
500 1520 1
509 1508 1
514 1497 1
519 1487 1
523 1478 1
529 1467 1
535 1456 1
542 1442 1
550 1428 1
558 1414 1
567 1402 1
576 1388 1
587 1374 1
597 1358 1
608 1343 1
617 1330 1
625 1315 1
634 1299 1
643 1282 1
652 1266 1
660 1251 1
668 1234 1
677 1216 1
685 1198 1
692 1178 1
698 1157 1
703 1138 1
708 1120 1
711 1106 1
715 1092 1
717 1079 1
719 1066 1
722 1055 1
725 1046 1
728 1038 1
731 1030 1
736 1022 1
739 1011 1
745 1000 1
751 989 1
758 977 1
765 966 1
772 954 1
780 943 1
790 929 1
801 913 1
810 901 1
819 889 1
826 878 1
833 866 1
840 852 1
846 840 1
852 828 1
860 814 1
866 800 1
871 787 1
877 776 1
881 767 1
883 760 1
886 753 1
888 745 1
890 737 1
892 730 1
894 723 1
895 715 1
896 707 1
897 700 1
898 692 1
900 682 1
902 669 1
904 654 1
908 635 1
913 620 1
916 604 1
921 589 1
927 574 1
931 561 1
936 548 1
940 539 1
943 531 1
946 525 1
949 519 1
951 512 1
954 504 1
956 496 1
958 489 1
960 483 1
961 476 1
962 469 1
963 460 1
964 452 1
962 442 1
963 436 1
963 430 1
962 426 1
962 423 1
961 419 1
961 414 1
960 412 1
960 407 1
957 403 1
956 400 1
956 396 1
954 393 1
952 391 1
952 389 1
950 387 1
949 386 1
947 384 1
945 382 1
943 381 1
939 379 1
934 377 1
926 375 1
914 373 1
896 371 1
869 371 1
842 371 1
813 370 1
790 371 1
770 373 1
750 378 1
731 384 1
715 392 1
698 402 1
680 416 1
663 428 1
648 441 1
635 453 1
622 467 1
610 481 1
597 494 1
586 506 1
575 520 1
567 533 1
559 547 1
554 557 1
548 569 1
541 583 1
532 599 1
524 616 1
515 634 1
508 651 1
500 672 1
494 692 1
488 712 1
482 734 1
477 754 1
470 772 1
466 787 1
458 801 1
449 814 1
438 827 1
427 840 1
413 850 1
399 860 1
386 869 1
372 881 1
360 893 1
347 905 1
336 914 1
325 925 1
314 934 1
305 945 1
295 956 1
284 967 1
274 978 1
266 987 1
257 995 1
250 1003 1
241 1014 1
233 1026 1
224 1039 1
216 1051 1
208 1062 1
200 1075 1
191 1087 1
183 1100 1
176 1112 1
168 1125 1
162 1137 1
156 1152 1
152 1167 1
148 1183 1
146 1198 1
144 1216 1
144 1235 1
144 1254 1
146 1272 1
148 1291 1
153 1311 1
157 1329 1
161 1347 1
166 1364 1
170 1380 1
175 1393 1
178 1404 1
181 1413 1
184 1421 1
187 1430 1
190 1438 1
193 1449 1
197 1458 1
200 1468 1
204 1477 1
207 1487 1
211 1497 1
214 1506 1
220 1516 1
225 1524 1
232 1532 1
239 1540 1
246 1548 1
254 1554 1
263 1560 1
273 1566 1
284 1571 1
295 1577 1
306 1581 1
319 1584 1
332 1587 1
348 1588 1
362 1588 1
378 1586 1
394 1582 1
409 1580 1
424 1575 1
438 1571 1
453 1564 1
467 1557 1
481 1547 1
494 1538 1
505 1530 1
513 1523 1
520 1517 1
528 1508 1
537 1498 1
547 1486 1
557 1473 1
566 1460 1
577 1444 1
586 1426 1
597 1410 1
606 1395 1
614 1381 1
622 1365 1
630 1350 1
638 1338 1
644 1327 1
648 1319 1
654 1310 1
659 1302 1
662 1293 1
667 1283 1
672 1275 1
677 1266 1
686 1256 1
694 1245 1
702 1232 1
710 1218 1
718 1205 1
722 1197 1
728 1186 1
732 1178 1
738 1166 1
745 1152 1
752 1138 1
760 1126 1
768 1115 1
774 1108 1
780 1101 1
787 1094 1
796 1084 1
805 1075 1
815 1064 1
824 1054 1
832 1044 1
840 1033 1
849 1022 1
856 1011 1
863 1000 1
869 989 1
874 980 1
879 968 1
885 954 1
891 938 1
897 921 1
903 902 1
907 888 1
910 875 1
911 866 1
914 858 1
916 849 1
919 841 1
921 832 1
923 826 1
925 820 1
926 816 1
927 810 1
930 801 1
934 790 1
937 775 1
940 763 1
942 748 1
944 734 1
946 723 1
947 714 1
949 707 1
949 701 1
951 698 1
952 695 1
953 693 1
953 692 1
954 691 1
954 691 1
954 689 1
955 688 1
956 687 1
959 683 1
964 674 1
972 663 1
979 648 1
985 635 1
990 623 1
994 612 1
997 600 1
1001 585 1
1004 571 1
1007 557 1
1010 545 1
1011 534 1
1012 524 1
1014 513 1
1014 502 1
1014 492 1
1014 478 1
1014 463 1
1014 445 1
1013 430 1
1013 420 1
1012 412 1
1010 404 1
1008 391 1
1003 374 1
997 356 1
991 343 1
986 333 1
981 327 1
978 323 1
975 321 1
972 319 1
970 318 1
967 316 1
964 316 1
961 315 1
957 313 1
949 313 1
938 313 1
923 313 1
906 314 1
883 316 1
859 319 1
833 325 1
810 329 1
790 334 1
774 340 1
760 347 1
745 355 1
731 362 1
717 370 1
703 378 1
691 386 1
678 397 1
664 408 1
653 418 1
640 428 1
631 437 1
620 448 1
611 459 1
603 470 1
594 481 1
585 491 1
577 502 1
569 511 1
561 520 1
554 530 1
547 540 1
539 550 1
531 557 1
524 563 1
517 568 1
510 573 1
500 580 1
491 588 1
482 596 1
472 604 1
464 610 1
456 615 1
450 621 1
444 625 1
437 630 1
430 634 1
423 638 1
416 642 1
409 645 1
402 649 1
394 654 1
386 660 1
378 666 1
369 673 1
360 682 1
352 690 1
347 697 1
341 703 1
337 711 1
332 722 1
327 734 1
323 747 1
318 760 1
315 774 1
313 787 1
311 801 1
309 816 1
309 830 1
307 844 1
306 858 1
307 873 1
307 887 1
307 901 1
307 914 1
307 926 1
305 938 1
304 950 1
303 962 1
301 971 1
299 982 1
296 993 1
292 1007 1
289 1022 1
284 1039 1
279 1054 1
274 1071 1
270 1087 1
266 1102 1
263 1115 1
261 1126 1
259 1138 1
256 1149 1
255 1162 1
252 1172 1
251 1182 1
249 1191 1
247 1201 1
244 1213 1
241 1227 1
237 1242 1
232 1257 1
227 1268 1
222 1280 1
217 1293 1
212 1306 1
206 1318 1
202 1330 1
199 1341 1
197 1353 1
194 1365 1
192 1377 1
192 1386 1
191 1395 1
193 1405 1
197 1417 1
201 1430 1
206 1442 1
211 1454 1
215 1463 1
220 1475 1
226 1487 1
232 1502 1
240 1518 1
247 1533 1
252 1543 1
256 1549 1
261 1556 1
266 1561 1
271 1566 1
279 1570 1
286 1574 1
294 1576 1
302 1579 1
312 1581 1
324 1583 1
340 1584 1
356 1584 1
370 1582 1
385 1580 1
400 1577 1
414 1575 1
428 1571 1
440 1565 1
453 1556 1
468 1547 1
482 1536 1
498 1527 1
514 1517 1
531 1502 1
547 1486 1
561 1471 1
575 1454 1
586 1438 1
595 1423 1
603 1408 1
608 1395 1
612 1382 1
615 1368 1
618 1355 1
620 1341 1
621 1330 1
624 1318 1
627 1303 1
631 1288 1
635 1273 1
639 1261 1
644 1251 1
650 1239 1
657 1227 1
665 1214 1
673 1203 1
682 1191 1
692 1182 1
700 1169 1
710 1155 1
721 1142 1
730 1129 1
739 1119 1
747 1110 1
754 1102 1
762 1092 1
770 1081 1
778 1070 1
786 1060 1
793 1052 1
799 1044 1
805 1036 1
809 1030 1
814 1020 1
819 1010 1
824 999 1
829 988 1
833 977 1
837 967 1
841 957 1
844 945 1
847 932 1
850 920 1
853 906 1
858 894 1
862 882 1
865 870 1
868 858 1
871 849 1
874 840 1
877 830 1
882 818 1
886 804 1
891 792 1
896 781 1
899 771 1
904 762 1
910 751 1
917 739 1
924 726 1
930 712 1
936 699 1
941 687 1
947 670 1
951 655 1
956 641 1
961 628 1
965 615 1
969 604 1
972 593 1
975 584 1
976 574 1
978 566 1
980 556 1
982 547 1
984 535 1
986 521 1
987 508 1
988 494 1
989 482 1
987 466 1
985 448 1
981 424 1
976 400 1
972 384 1
967 373 1
964 366 1
963 363 1
961 360 1
960 359 1
960 357 1
960 357 1
959 358 1
959 358 1
957 358 1
956 358 1
955 358 1
952 358 1
947 359 1
939 361 1
924 363 1
905 366 1
880 372 1
851 380 1
821 388 1
795 397 1
770 406 1
748 415 1
729 424 1
713 431 1
700 437 1
688 444 1
675 453 1
659 467 1
644 481 1
630 494 1
615 507 1
599 521 1
583 538 1
571 552 1
560 564 1
550 576 1
538 591 1
524 607 1
511 621 1
499 633 1
490 645 1
479 658 1
467 673 1
454 691 1
443 707 1
433 723 1
423 736 1
414 752 1
406 766 1
398 778 1
391 790 1
383 801 1
378 813 1
370 826 1
362 837 1
354 850 1
347 861 1
339 874 1
331 888 1
324 902 1
318 916 1
313 928 1
306 942 1
301 955 1
296 968 1
290 981 1
285 993 1
278 1007 1
272 1022 1
266 1037 1
261 1052 1
256 1067 1
251 1082 1
247 1096 1
244 1110 1
241 1123 1
238 1134 1
235 1146 1
233 1159 1
230 1171 1
228 1182 1
225 1194 1
223 1204 1
220 1219 1
219 1234 1
217 1249 1
216 1263 1
214 1277 1
213 1292 1
210 1307 1
208 1326 1
208 1343 1
208 1360 1
209 1377 1
209 1392 1
209 1405 1
210 1419 1
213 1433 1
216 1446 1
222 1458 1
230 1470 1
239 1484 1
248 1499 1
257 1514 1
265 1528 1
274 1541 1
283 1551 1
292 1560 1
299 1565 1
307 1572 1
314 1576 1
322 1580 1
331 1584 1
341 1587 1
352 1589 1
362 1590 1
371 1590 1
386 1589 1
402 1586 1
418 1583 1
429 1580 1
439 1577 1
447 1575 1
457 1570 1
467 1565 1
476 1560 1
483 1554 1
489 1550 1
494 1545 1
500 1539 1
505 1534 1
513 1525 1
520 1515 1
529 1504 1
538 1492 1
547 1482 1
554 1473 1
562 1464 1
569 1455 1
576 1447 1
582 1438 1
588 1428 1
592 1419 1
597 1411 1
602 1402 1
608 1391 1
614 1379 1
620 1368 1
627 1355 1
631 1347 1
636 1337 1
640 1330 1
645 1322 1
648 1315 1
651 1307 1
655 1296 1
660 1285 1
664 1276 1
668 1268 1
671 1260 1
675 1253 1
680 1245 1
685 1236 1
689 1227 1
693 1219 1
698 1212 1
702 1204 1
707 1196 1
712 1188 1
717 1182 1
722 1174 1
726 1165 1
729 1155 1
734 1143 1
739 1133 1
743 1123 1
748 1113 1
753 1103 1
756 1093 1
761 1084 1
767 1074 1
771 1067 1
776 1059 1
781 1053 1
784 1045 1
789 1038 1
794 1030 1
798 1020 1
803 1009 1
810 997 1
816 985 1
823 973 1
830 962 1
838 950 1
846 938 1
853 929 1
858 922 1
863 915 1
868 909 1
872 903 1
877 897 1
882 890 1
886 883 1
891 876 1
896 868 1
899 862 1
904 854 1
908 847 1
911 839 1
915 832 1
918 824 1
922 816 1
926 805 1
931 793 1
934 779 1
937 765 1
941 752 1
944 736 1
948 719 1
951 704 1
953 689 1
955 674 1
957 660 1
958 648 1
959 637 1
961 626 1
962 618 1
963 610 1
964 602 1
965 594 1
965 587 1
966 580 1
967 571 1
968 563 1
969 555 1
969 546 1
971 534 1
972 520 1
973 505 1
973 492 1
974 481 1
974 471 1
974 462 1
974 451 1
974 440 1
972 427 1
972 410 1
970 391 1
969 375 1
966 362 1
965 355 1
963 349 1
960 345 1
958 342 1
956 339 1
954 337 1
951 334 1
948 332 1
943 330 1
936 328 1
927 327 1
914 327 1
896 328 1
873 332 1
843 342 1
812 352 1
787 364 1
760 375 1
738 387 1
716 399 1
696 412 1
676 424 1
656 437 1
635 451 1
613 466 1
594 483 1
578 497 1
565 510 1
554 522 1
543 536 1
532 549 1
518 563 1
506 577 1
495 591 1
484 605 1
474 617 1
464 628 1
454 639 1
440 652 1
426 667 1
410 684 1
396 700 1
385 715 1
374 731 1
364 746 1
356 760 1
347 774 1
337 789 1
329 802 1
321 813 1
314 825 1
306 837 1
299 850 1
293 862 1
287 873 1
279 886 1
274 897 1
269 906 1
263 916 1
258 924 1
252 933 1
245 945 1
238 957 1
233 969 1
227 981 1
221 992 1
215 1005 1
207 1021 1
199 1038 1
192 1054 1
184 1069 1
176 1084 1
169 1098 1
165 1110 1
159 1125 1
154 1138 1
150 1153 1
147 1167 1
145 1181 1
144 1194 1
142 1209 1
141 1222 1
139 1236 1
139 1250 1
137 1262 1
138 1274 1
136 1284 1
137 1300 1
138 1314 1
140 1329 1
143 1342 1
146 1353 1
148 1363 1
150 1374 1
153 1382 1
154 1391 1
156 1401 1
157 1412 1
160 1423 1
163 1436 1
166 1449 1
169 1462 1
173 1476 1
176 1492 1
179 1506 1
183 1521 1
187 1533 1
190 1543 1
193 1551 1
198 1561 1
204 1571 1
211 1583 1
220 1594 1
229 1605 1
240 1616 1
250 1625 1
261 1633 1
274 1641 1
287 1648 1
299 1655 1
311 1659 1
322 1663 1
336 1665 1
349 1666 1
365 1664 1
381 1661 1
397 1656 1
412 1650 1
427 1641 1
440 1629 1
452 1615 1
466 1599 1
480 1585 1
493 1569 1
506 1555 1
514 1544 1
524 1532 1
533 1518 1
545 1502 1
555 1487 1
564 1474 1
571 1461 1
577 1449 1
583 1437 1
589 1423 1
593 1412 1
596 1401 1
599 1394 1
602 1387 1
606 1380 1
609 1373 1
613 1365 1
618 1357 1
625 1347 1
631 1340 1
637 1332 1
642 1325 1
648 1319 1
654 1312 1
661 1303 1
670 1292 1
677 1279 1
687 1267 1
695 1255 1
702 1244 1
708 1233 1
715 1220 1
722 1206 1
731 1186 1
742 1165 1
754 1141 1
768 1115 1
782 1091 1
798 1065 1
812 1044 1
825 1023 1
836 1006 1
846 991 1
854 979 1
862 969 1
868 960 1
873 953 1
875 947 1
880 941 1
883 937 1
885 933 1
888 929 1
891 924 1
895 918 1
900 911 1
903 904 1
908 898 1
913 889 1
918 878 1
926 866 1
931 854 1
936 842 1
941 831 1
947 818 1
953 804 1
958 790 1
964 776 1
968 765 1
974 754 1
979 740 1
983 724 1
988 708 1
992 696 1
996 685 1
997 679 1
1000 673 1
1001 663 1
1003 651 1
1004 637 1
1004 626 1
1005 617 1
1005 607 1
1005 595 1
1005 581 1
1005 565 1
1005 552 1
1006 542 1
1006 531 1
1005 522 1
1005 510 1
1003 497 1
1001 486 1
1001 477 1
999 468 1
997 458 1
995 447 1
992 435 1
989 423 1
986 411 1
983 401 1
979 390 1
975 382 1
970 373 1
964 363 1
956 354 1
949 345 1
942 339 1
935 334 1
927 331 1
920 329 1
912 329 1
903 329 1
887 330 1
868 335 1
842 342 1
816 350 1
791 359 1
769 366 1
748 373 1
727 380 1
706 389 1
688 398 1
669 409 1
653 417 1
639 425 1
625 433 1
611 440 1
596 448 1
583 458 1
570 468 1
559 479 1
547 491 1
533 502 1
519 513 1
507 524 1
493 537 1
480 551 1
468 562 1
454 574 1
441 585 1
429 597 1
417 609 1
408 620 1
397 630 1
388 640 1
378 650 1
368 663 1
357 677 1
347 691 1
337 704 1
330 715 1
324 724 1
319 729 1
315 733 1
311 737 1
307 739 1
304 742 1
300 745 1
295 750 1
291 754 1
286 759 1
280 765 1
275 770 1
268 777 1
261 782 1
255 788 1
249 795 1
242 803 1
234 813 1
228 825 1
222 838 1
216 852 1
212 867 1
209 883 1
207 899 1
206 914 1
204 930 1
204 944 1
202 958 1
201 973 1
198 987 1
197 1002 1
194 1018 1
192 1034 1
191 1051 1
189 1071 1
189 1091 1
189 1113 1
189 1134 1
187 1154 1
188 1174 1
186 1193 1
187 1211 1
185 1230 1
183 1247 1
183 1259 1
181 1272 1
182 1284 1
182 1296 1
181 1306 1
181 1317 1
181 1327 1
181 1335 1
182 1345 1
183 1355 1
184 1367 1
185 1380 1
186 1392 1
187 1404 1
188 1415 1
189 1426 1
190 1438 1
191 1450 1
191 1464 1
193 1476 1
194 1490 1
197 1504 1
200 1519 1
204 1533 1
208 1546 1
213 1560 1
219 1573 1
227 1587 1
236 1600 1
245 1611 1
253 1619 1
260 1626 1
267 1633 1
275 1639 1
282 1643 1
292 1648 1
303 1651 1
313 1654 1
326 1654 1
342 1652 1
359 1649 1
376 1643 1
393 1633 1
413 1621 1
431 1607 1
446 1594 1
462 1579 1
475 1567 1
488 1554 1
499 1543 1
509 1533 1
518 1522 1
525 1511 1
533 1500 1
541 1489 1
548 1481 1
553 1474 1
558 1468 1
564 1463 1
568 1458 1
575 1452 1
579 1448 1
584 1442 1
589 1436 1
594 1429 1
599 1423 1
606 1415 1
612 1408 1
618 1402 1
625 1395 1
631 1389 1
637 1383 1
643 1375 1
649 1367 1
656 1356 1
662 1347 1
668 1338 1
674 1330 1
680 1321 1
687 1313 1
693 1301 1
699 1289 1
706 1276 1
714 1264 1
721 1249 1
729 1231 1
740 1210 1
751 1187 1
762 1163 1
774 1142 1
784 1126 1
790 1116 1
795 1110 1
797 1106 1
798 1104 1
799 1102 1
800 1100 1
801 1097 1
802 1093 1
805 1087 1
808 1081 1
811 1073 1
816 1065 1
820 1058 1
825 1050 1
831 1038 1
840 1023 1
849 1007 1
857 991 1
865 976 1
871 964 1
876 951 1
881 937 1
886 922 1
892 903 1
896 884 1
900 862 1
905 839 1
909 813 1
915 787 1
922 760 1
928 732 1
933 705 1
937 675 1
940 646 1
944 619 1
947 595 1
950 575 1
953 559 1
956 543 1
959 527 1
962 513 1
963 502 1
965 492 1
966 485 1
966 479 1
965 473 1
963 462 1
955 448 1
946 431 1
935 418 1
926 409 1
916 402 1
900 397 1
879 392 1
842 391 1
802 391 1
760 397 1
725 407 1
694 419 1
665 434 1
635 454 1
604 478 1
573 507 1
545 538 1
519 567 1
497 598 1
479 625 1
461 652 1
440 681 1
417 711 1
395 745 1
372 779 1
350 810 1
328 844 1
308 881 1
286 921 1
263 964 1
243 1004 1
251 990 0
