629 922 1
629 922 1
628 922 1
628 923 1
628 923 1
628 923 1
628 923 1
628 923 1
628 923 1
628 923 1
628 923 1
628 923 1
628 923 1
628 923 1
628 923 1
628 923 1
628 923 1
628 923 1
628 923 1
628 923 1
626 923 1
626 923 1
625 923 1
626 922 1
626 922 1
625 922 1
624 921 1
624 921 1
624 921 1
622 919 1
622 918 1
620 916 1
619 914 1
619 911 1
618 906 1
619 901 1
622 895 1
625 888 1
629 882 1
632 877 1
635 873 1
637 871 1
639 868 1
640 867 1
641 865 1
643 866 1
644 866 1
645 866 1
646 866 1
647 866 1
648 867 1
649 868 1
650 868 1
651 870 1
652 870 1
653 871 1
655 874 1
656 876 1
657 879 1
658 882 1
659 885 1
660 888 1
660 891 1
660 894 1
660 898 1
660 901 1
659 903 1
659 905 1
658 907 1
656 910 1
655 911 1
655 914 1
653 916 1
653 918 1
650 923 1
648 928 1
647 933 1
647 938 1
645 944 1
643 948 1
644 953 1
642 958 1
643 961 1
642 965 1
642 969 1
642 971 1
642 974 1
642 976 1
642 979 1
642 981 1
642 984 1
642 986 1
640 988 1
641 991 1
641 993 1
640 997 1
640 998 1
639 1001 1
638 1004 1
636 1006 1
636 1008 1
634 1011 1
634 1012 1
632 1014 1
633 1015 1
631 1016 1
631 1016 1
632 1017 1
631 1017 1
631 1017 1
631 1017 1
631 1017 1
631 1017 1
631 1017 1
631 1017 1
631 1017 1
631 1017 1
631 1017 1
631 1017 1
631 1017 1
631 1017 1
628 1017 1
625 1017 1
620 1017 1
613 1016 1
604 1016 1
593 1013 1
581 1011 1
573 1008 1
565 1006 1
559 1003 1
555 1002 1
552 1000 1
549 999 1
546 999 1
544 997 1
542 997 1
542 996 1
542 996 1
540 994 1
537 992 1
533 988 1
530 984 1
528 979 1
526 973 1
524 967 1
522 956 1
520 945 1
519 931 1
519 917 1
520 906 1
521 897 1
522 887 1
525 879 1
527 870 1
531 859 1
534 851 1
538 844 1
541 837 1
546 831 1
552 825 1
557 821 1
562 815 1
568 810 1
574 806 1
579 801 1
585 796 1
591 792 1
597 787 1
603 784 1
609 780 1
617 777 1
625 773 1
631 770 1
638 767 1
643 765 1
646 763 1
650 763 1
653 763 1
658 763 1
663 763 1
669 763 1
677 764 1
684 766 1
690 767 1
697 769 1
702 772 1
708 777 1
713 783 1
717 787 1
721 794 1
724 800 1
728 806 1
732 814 1
735 823 1
738 832 1
741 840 1
744 847 1
746 854 1
748 861 1
750 869 1
751 877 1
752 884 1
752 891 1
752 897 1
752 902 1
752 906 1
750 909 1
750 913 1
749 918 1
747 925 1
746 932 1
744 941 1
742 950 1
740 959 1
738 968 1
735 978 1
731 988 1
726 999 1
721 1011 1
717 1022 1
711 1033 1
706 1042 1
701 1052 1
697 1060 1
692 1068 1
689 1075 1
686 1083 1
682 1088 1
680 1092 1
677 1096 1
675 1100 1
672 1103 1
669 1106 1
666 1108 1
664 1110 1
662 1112 1
658 1115 1
655 1116 1
652 1118 1
649 1118 1
646 1120 1
644 1120 1
641 1121 1
639 1122 1
637 1122 1
634 1123 1
632 1123 1
629 1123 1
628 1124 1
626 1124 1
626 1124 1
626 1124 1
625 1123 1
623 1123 1
621 1123 1
620 1122 1
618 1122 1
617 1122 1
615 1122 1
615 1122 1
613 1121 1
611 1121 1
610 1120 1
608 1120 1
606 1119 1
602 1117 1
596 1115 1
590 1113 1
582 1112 1
574 1110 1
566 1108 1
557 1107 1
548 1107 1
540 1106 1
531 1104 1
523 1104 1
516 1104 1
511 1104 1
508 1104 1
504 1104 1
501 1104 1
499 1102 1
497 1103 1
497 1103 1
496 1103 1
494 1101 1
494 1101 1
494 1101 1
494 1100 1
494 1100 1
493 1101 1
493 1101 1
492 1100 1
491 1099 1
488 1097 1
487 1096 1
484 1094 1
481 1090 1
476 1085 1
470 1077 1
464 1067 1
458 1058 1
453 1048 1
449 1037 1
443 1024 1
438 1008 1
435 993 1
432 978 1
429 965 1
428 954 1
426 945 1
427 934 1
427 923 1
427 914 1
428 906 1
428 897 1
429 889 1
431 879 1
435 868 1
439 856 1
442 847 1
446 838 1
450 830 1
453 824 1
456 816 1
461 810 1
464 804 1
469 798 1
473 792 1
478 786 1
485 778 1
492 770 1
499 764 1
507 758 1
516 751 1
524 745 1
533 738 1
543 731 1
554 723 1
563 714 1
570 708 1
577 702 1
583 697 1
589 693 1
595 690 1
601 688 1
607 686 1
613 683 1
619 682 1
626 681 1
633 681 1
639 681 1
645 681 1
652 682 1
660 685 1
670 688 1
679 691 1
687 695 1
696 698 1
703 702 1
709 705 1
715 708 1
722 712 1
729 715 1
735 718 1
740 721 1
744 723 1
749 725 1
753 728 1
756 731 1
759 734 1
762 737 1
766 741 1
769 745 1
772 749 1
775 754 1
778 760 1
781 767 1
786 775 1
790 784 1
793 792 1
796 800 1
798 809 1
801 818 1
803 827 1
805 834 1
806 841 1
808 846 1
810 851 1
810 855 1
811 859 1
812 863 1
813 867 1
813 872 1
813 877 1
813 884 1
813 893 1
812 903 1
810 912 1
808 921 1
806 930 1
804 940 1
801 949 1
798 958 1
796 967 1
794 975 1
792 982 1
790 990 1
787 998 1
786 1007 1
784 1017 1
783 1024 1
780 1032 1
779 1039 1
777 1045 1
776 1050 1
774 1055 1
772 1061 1
771 1066 1
769 1071 1
769 1076 1
769 1080 1
769 1084 1
769 1089 1
769 1091 1
769 1094 1
769 1097 1
769 1099 1
770 1102 1
770 1104 1
770 1106 1
770 1108 1
770 1110 1
769 1112 1
767 1115 1
764 1119 1
760 1123 1
753 1129 1
740 1137 1
724 1146 1
707 1155 1
692 1163 1
681 1171 1
672 1177 1
663 1182 1
658 1185 1
653 1187 1
650 1189 1
646 1191 1
644 1191 1
641 1192 1
639 1193 1
637 1193 1
637 1193 1
636 1194 1
636 1194 1
636 1194 1
635 1194 1
635 1194 1
633 1194 1
633 1194 1
632 1194 1
630 1194 1
627 1194 1
623 1194 1
620 1193 1
616 1193 1
612 1193 1
609 1193 1
605 1193 1
602 1193 1
599 1192 1
596 1192 1
593 1191 1
590 1191 1
585 1191 1
580 1191 1
574 1191 1
569 1191 1
562 1192 1
557 1193 1
549 1194 1
540 1195 1
533 1195 1
527 1197 1
521 1197 1
515 1198 1
509 1199 1
503 1199 1
500 1200 1
497 1200 1
494 1199 1
491 1199 1
487 1199 1
484 1198 1
481 1196 1
479 1196 1
477 1196 1
474 1195 1
472 1193 1
470 1193 1
467 1193 1
466 1191 1
463 1190 1
461 1188 1
459 1187 1
456 1185 1
455 1185 1
452 1183 1
451 1182 1
449 1180 1
447 1179 1
445 1176 1
440 1173 1
437 1170 1
431 1165 1
425 1158 1
416 1149 1
409 1140 1
402 1131 1
397 1124 1
392 1117 1
388 1110 1
383 1104 1
380 1099 1
377 1094 1
374 1089 1
372 1085 1
369 1080 1
366 1073 1
363 1066 1
359 1057 1
354 1049 1
350 1040 1
347 1031 1
342 1022 1
339 1014 1
336 1005 1
333 996 1
330 988 1
329 981 1
327 974 1
326 969 1
326 963 1
326 958 1
326 953 1
327 948 1
327 944 1
327 941 1
328 938 1
328 935 1
329 933 1
330 931 1
330 929 1
331 926 1
332 923 1
333 920 1
335 915 1
338 908 1
341 902 1
344 896 1
347 891 1
350 885 1
353 878 1
356 873 1
359 868 1
362 863 1
364 858 1
367 854 1
371 849 1
374 842 1
377 835 1
382 829 1
386 822 1
390 814 1
393 807 1
398 801 1
401 795 1
404 789 1
409 782 1
413 777 1
417 772 1
422 766 1
426 758 1
433 750 1
439 738 1
444 724 1
450 710 1
455 700 1
458 692 1
460 687 1
462 682 1
464 678 1
467 672 1
470 666 1
476 658 1
482 649 1
489 642 1
497 634 1
501 629 1
507 624 1
511 620 1
513 618 1
516 616 1
518 616 1
520 614 1
524 614 1
529 614 1
536 614 1
544 614 1
553 613 1
562 612 1
570 610 1
579 610 1
587 608 1
595 608 1
604 606 1
612 605 1
618 602 1
623 602 1
628 600 1
632 598 1
636 598 1
640 596 1
645 595 1
650 592 1
658 589 1
666 586 1
674 582 1
681 579 1
689 574 1
695 569 1
703 564 1
708 560 1
713 556 1
717 553 1
720 551 1
722 550 1
724 548 1
726 548 1
728 548 1
730 548 1
734 549 1
738 551 1
744 554 1
750 558 1
757 563 1
765 570 1
773 578 1
780 585 1
786 595 1
792 603 1
797 612 1
800 618 1
803 623 1
804 626 1
805 629 1
805 631 1
806 633 1
806 635 1
806 638 1
806 643 1
807 651 1
807 661 1
808 673 1
808 685 1
808 697 1
808 711 1
808 725 1
808 741 1
808 755 1
809 765 1
810 775 1
811 783 1
813 790 1
814 797 1
816 802 1
817 807 1
819 810 1
819 814 1
821 817 1
822 820 1
824 823 1
827 827 1
829 830 1
832 833 1
834 837 1
838 840 1
842 845 1
846 849 1
851 854 1
856 859 1
859 862 1
863 867 1
865 870 1
868 874 1
870 879 1
872 884 1
875 890 1
876 896 1
878 902 1
879 909 1
881 915 1
882 923 1
882 931 1
883 941 1
882 952 1
882 962 1
880 971 1
880 979 1
877 987 1
875 993 1
873 1001 1
872 1006 1
872 1011 1
871 1015 1
869 1019 1
869 1024 1
867 1030 1
867 1036 1
865 1042 1
863 1050 1
861 1061 1
859 1073 1
858 1086 1
858 1098 1
857 1107 1
857 1116 1
856 1124 1
856 1132 1
855 1139 1
853 1147 1
852 1153 1
850 1159 1
846 1165 1
844 1169 1
841 1174 1
838 1178 1
834 1182 1
830 1188 1
825 1193 1
819 1198 1
811 1204 1
801 1212 1
792 1220 1
781 1229 1
771 1238 1
763 1246 1
755 1253 1
748 1257 1
742 1262 1
736 1265 1
729 1269 1
721 1273 1
715 1275 1
711 1276 1
708 1278 1
705 1279 1
702 1279 1
700 1280 1
697 1280 1
693 1280 1
688 1281 1
680 1282 1
671 1282 1
661 1284 1
650 1285 1
639 1287 1
628 1288 1
617 1289 1
605 1290 1
596 1293 1
587 1294 1
579 1295 1
573 1297 1
568 1297 1
565 1298 1
562 1298 1
560 1298 1
557 1298 1
554 1298 1
552 1298 1
549 1298 1
544 1298 1
540 1298 1
535 1298 1
528 1298 1
522 1298 1
513 1298 1
506 1298 1
498 1298 1
490 1299 1
482 1299 1
475 1299 1
469 1299 1
464 1299 1
460 1297 1
457 1298 1
454 1298 1
452 1297 1
449 1297 1
446 1295 1
441 1292 1
436 1288 1
431 1284 1
426 1278 1
422 1273 1
417 1268 1
413 1264 1
410 1261 1
408 1258 1
405 1256 1
402 1254 1
399 1252 1
395 1249 1
392 1247 1
388 1245 1
382 1242 1
376 1240 1
368 1237 1
360 1235 1
351 1233 1
343 1231 1
335 1230 1
326 1228 1
318 1225 1
311 1224 1
305 1221 1
301 1220 1
298 1217 1
295 1216 1
292 1213 1
289 1208 1
284 1200 1
281 1193 1
278 1185 1
275 1175 1
271 1164 1
268 1149 1
266 1134 1
263 1120 1
263 1107 1
261 1095 1
259 1082 1
259 1070 1
257 1059 1
255 1052 1
253 1047 1
253 1042 1
251 1037 1
250 1035 1
248 1030 1
245 1026 1
242 1021 1
239 1015 1
235 1008 1
231 1000 1
228 992 1
225 986 1
223 978 1
221 970 1
219 963 1
220 956 1
220 949 1
220 942 1
221 936 1
222 929 1
224 923 1
227 917 1
230 909 1
234 900 1
238 891 1
243 877 1
247 863 1
253 849 1
257 834 1
261 819 1
263 806 1
265 794 1
265 782 1
266 771 1
264 764 1
265 757 1
265 752 1
264 747 1
264 743 1
264 738 1
264 733 1
264 729 1
264 723 1
267 715 1
269 707 1
273 700 1
278 692 1
285 683 1
292 675 1
299 667 1
310 658 1
321 650 1
334 640 1
348 633 1
361 626 1
371 620 1
379 613 1
386 608 1
394 602 1
400 597 1
407 589 1
412 582 1
416 574 1
421 566 1
427 556 1
432 548 1
438 541 1
444 535 1
449 530 1
457 524 1
466 518 1
476 514 1
487 510 1
499 507 1
510 505 1
523 503 1
536 501 1
547 502 1
558 502 1
567 502 1
576 502 1
586 503 1
598 503 1
610 505 1
622 505 1
631 507 1
642 507 1
652 509 1
664 509 1
677 510 1
688 511 1
698 512 1
709 513 1
720 513 1
733 514 1
747 515 1
760 515 1
769 516 1
777 517 1
783 517 1
787 518 1
791 519 1
794 520 1
797 521 1
799 522 1
801 524 1
805 526 1
810 531 1
816 539 1
823 546 1
829 555 1
835 565 1
840 574 1
844 586 1
847 597 1
849 609 1
851 618 1
851 627 1
852 638 1
853 650 1
853 664 1
855 676 1
856 688 1
858 699 1
860 711 1
862 724 1
865 739 1
870 753 1
874 766 1
878 778 1
880 787 1
882 797 1
884 805 1
885 814 1
886 822 1
885 829 1
885 837 1
883 842 1
881 847 1
881 851 1
879 855 1
879 860 1
877 865 1
877 872 1
877 880 1
877 888 1
878 898 1
880 906 1
882 915 1
883 922 1
884 931 1
885 940 1
887 949 1
887 959 1
888 967 1
888 975 1
886 983 1
885 991 1
884 997 1
882 1005 1
881 1013 1
879 1022 1
879 1031 1
877 1040 1
878 1049 1
879 1060 1
879 1073 1
880 1085 1
880 1100 1
880 1111 1
880 1120 1
879 1130 1
877 1139 1
876 1147 1
874 1157 1
872 1166 1
869 1174 1
866 1182 1
865 1189 1
861 1196 1
858 1203 1
854 1210 1
849 1219 1
846 1228 1
840 1237 1
834 1246 1
827 1254 1
819 1260 1
811 1269 1
804 1275 1
796 1283 1
790 1293 1
782 1304 1
776 1316 1
769 1327 1
763 1334 1
757 1342 1
750 1348 1
744 1355 1
735 1361 1
726 1366 1
718 1371 1
711 1376 1
703 1379 1
697 1383 1
690 1386 1
681 1388 1
670 1390 1
659 1392 1
649 1393 1
638 1395 1
626 1395 1
612 1396 1
597 1395 1
581 1395 1
568 1395 1
554 1395 1
540 1395 1
528 1396 1
516 1397 1
505 1397 1
493 1398 1
481 1397 1
469 1397 1
457 1396 1
446 1396 1
437 1395 1
428 1395 1
418 1393 1
406 1394 1
394 1392 1
384 1391 1
374 1389 1
365 1388 1
355 1386 1
346 1385 1
338 1382 1
332 1380 1
327 1378 1
322 1375 1
316 1373 1
310 1370 1
304 1368 1
300 1365 1
294 1361 1
288 1356 1
280 1351 1
272 1343 1
263 1336 1
256 1331 1
250 1325 1
245 1320 1
241 1317 1
236 1311 1
233 1306 1
229 1300 1
226 1294 1
222 1287 1
219 1281 1
215 1274 1
211 1266 1
207 1258 1
201 1249 1
195 1236 1
187 1222 1
178 1207 1
172 1194 1
168 1183 1
164 1174 1
162 1167 1
160 1159 1
160 1152 1
158 1144 1
159 1138 1
159 1134 1
159 1130 1
159 1127 1
159 1123 1
159 1120 1
159 1115 1
158 1112 1
156 1107 1
155 1100 1
153 1094 1
151 1087 1
149 1079 1
147 1071 1
146 1065 1
146 1060 1
144 1056 1
144 1051 1
144 1049 1
144 1047 1
144 1044 1
144 1042 1
144 1040 1
143 1038 1
143 1033 1
143 1029 1
141 1022 1
141 1013 1
139 1003 1
136 989 1
135 978 1
133 967 1
133 959 1
133 949 1
134 940 1
136 930 1
138 921 1
141 914 1
145 906 1
149 898 1
152 891 1
154 885 1
156 879 1
157 874 1
157 868 1
156 860 1
155 853 1
153 846 1
153 839 1
151 831 1
152 821 1
153 811 1
155 799 1
160 785 1
166 775 1
170 766 1
174 760 1
178 753 1
181 746 1
184 738 1
187 730 1
191 720 1
198 708 1
207 692 1
218 676 1
230 657 1
245 635 1
260 614 1
275 594 1
287 575 1
300 558 1
312 544 1
322 531 1
332 522 1
340 514 1
349 506 1
360 499 1
372 490 1
384 482 1
398 474 1
415 468 1
432 463 1
449 458 1
466 453 1
483 446 1
500 439 1
517 432 1
533 426 1
547 420 1
561 414 1
574 408 1
585 404 1
596 400 1
608 397 1
620 395 1
630 393 1
640 391 1
647 391 1
653 391 1
663 391 1
674 392 1
684 395 1
697 397 1
708 401 1
722 405 1
736 411 1
751 416 1
765 422 1
774 428 1
781 431 1
787 434 1
792 438 1
797 441 1
803 446 1
808 451 1
813 456 1
819 462 1
824 469 1
828 475 1
834 482 1
840 489 1
848 497 1
856 505 1
866 516 1
878 530 1
890 542 1
898 552 1
905 559 1
909 566 1
912 571 1
915 575 1
917 579 1
919 584 1
921 589 1
923 595 1
926 603 1
927 610 1
930 618 1
932 630 1
935 645 1
942 665 1
949 687 1
957 708 1
963 729 1
967 748 1
969 763 1
969 778 1
965 790 1
961 801 1
958 810 1
955 818 1
953 825 1
951 831 1
950 838 1
949 845 1
949 854 1
949 866 1
950 879 1
952 892 1
954 906 1
954 918 1
953 932 1
952 946 1
949 960 1
944 972 1
940 981 1
937 991 1
935 1000 1
935 1009 1
934 1022 1
936 1036 1
939 1051 1
945 1066 1
949 1082 1
952 1097 1
954 1111 1
954 1122 1
954 1130 1
952 1139 1
950 1147 1
949 1154 1
947 1162 1
945 1170 1
943 1178 1
941 1185 1
939 1195 1
937 1207 1
935 1221 1
932 1236 1
928 1252 1
923 1270 1
919 1288 1
913 1304 1
905 1320 1
898 1332 1
891 1344 1
880 1358 1
868 1373 1
854 1389 1
839 1403 1
820 1414 1
803 1424 1
783 1435 1
764 1444 1
738 1453 1
714 1462 1
688 1470 1
663 1476 1
642 1481 1
625 1482 1
609 1484 1
595 1486 1
583 1486 1
572 1486 1
562 1485 1
550 1483 1
536 1482 1
522 1480 1
508 1479 1
492 1476 1
476 1475 1
458 1473 1
438 1473 1
420 1472 1
403 1472 1
389 1472 1
378 1472 1
371 1473 1
363 1473 1
359 1474 1
354 1475 1
350 1476 1
345 1477 1
338 1478 1
332 1479 1
324 1480 1
316 1481 1
308 1481 1
300 1481 1
293 1479 1
287 1478 1
279 1475 1
274 1472 1
266 1467 1
259 1463 1
249 1457 1
238 1450 1
225 1439 1
212 1428 1
201 1417 1
190 1406 1
180 1396 1
169 1385 1
160 1376 1
152 1368 1
143 1358 1
134 1348 1
126 1338 1
120 1330 1
114 1322 1
110 1312 1
105 1302 1
102 1288 1
97 1271 1
92 1248 1
88 1221 1
85 1191 1
84 1153 1
90 1114 1
89 1121 0
