274 797 1
274 797 1
274 797 1
274 797 1
274 797 1
274 797 1
274 797 1
274 797 1
274 797 1
274 797 1
274 797 1
272 797 1
272 797 1
268 797 1
265 798 1
262 799 1
258 800 1
253 802 1
249 803 1
244 806 1
239 810 1
235 811 1
231 815 1
227 817 1
223 821 1
220 824 1
217 828 1
215 831 1
212 836 1
211 838 1
209 841 1
207 845 1
208 848 1
207 851 1
206 854 1
206 858 1
206 861 1
207 865 1
208 869 1
210 875 1
214 880 1
219 887 1
225 894 1
234 902 1
244 912 1
254 920 1
264 928 1
274 936 1
285 942 1
295 949 1
304 956 1
313 962 1
320 967 1
325 971 1
330 974 1
333 977 1
338 979 1
341 982 1
345 983 1
349 985 1
351 986 1
354 987 1
357 988 1
360 989 1
364 990 1
367 991 1
371 993 1
376 998 1
381 1004 1
385 1010 1
388 1017 1
390 1023 1
392 1028 1
393 1033 1
395 1038 1
395 1042 1
395 1045 1
394 1049 1
393 1054 1
391 1058 1
388 1062 1
385 1067 1
380 1072 1
371 1080 1
361 1087 1
350 1095 1
338 1101 1
327 1107 1
318 1111 1
306 1115 1
292 1118 1
279 1119 1
266 1120 1
255 1120 1
242 1118 1
234 1118 1
224 1118 1
217 1116 1
209 1114 1
200 1111 1
193 1109 1
186 1107 1
180 1104 1
174 1101 1
169 1098 1
165 1095 1
162 1091 1
159 1089 1
157 1087 1
155 1084 1
155 1082 1
153 1081 1
154 1078 1
154 1075 1
154 1070 1
154 1064 1
154 1058 1
154 1053 1
155 1048 1
156 1043 1
157 1037 1
158 1031 1
158 1026 1
158 1020 1
157 1015 1
157 1010 1
156 1006 1
156 1002 1
155 999 1
155 996 1
154 993 1
154 988 1
154 985 1
156 981 1
159 975 1
164 969 1
169 963 1
176 956 1
184 950 1
192 944 1
199 939 1
209 933 1
221 927 1
233 920 1
246 916 1
257 910 1
266 906 1
274 902 1
281 897 1
288 894 1
292 890 1
297 887 1
299 884 1
304 881 1
308 875 1
312 870 1
316 865 1
319 861 1
321 855 1
323 850 1
325 844 1
326 839 1
326 833 1
326 830 1
326 827 1
325 824 1
323 820 1
320 817 1
317 815 1
312 812 1
305 811 1
295 809 1
282 810 1
268 811 1
260 812 1
264 812 0
614 854 1
614 854 1
614 854 1
614 854 1
614 854 1
614 854 1
614 854 1
614 854 1
614 854 1
614 854 1
614 854 1
612 852 1
612 852 1
608 853 1
604 853 1
599 853 1
595 853 1
590 853 1
585 854 1
581 854 1
577 855 1
574 856 1
572 857 1
570 858 1
568 860 1
566 861 1
566 862 1
564 862 1
562 864 1
560 867 1
560 870 1
560 873 1
559 877 1
560 881 1
560 886 1
561 890 1
561 895 1
562 901 1
563 906 1
564 913 1
566 918 1
566 923 1
568 929 1
569 934 1
570 937 1
571 941 1
574 945 1
575 948 1
578 951 1
580 954 1
582 958 1
587 961 1
591 964 1
597 968 1
604 972 1
612 976 1
618 979 1
625 982 1
629 985 1
634 987 1
637 989 1
641 991 1
643 992 1
646 994 1
649 995 1
650 996 1
652 996 1
653 997 1
654 999 1
655 999 1
657 1001 1
660 1005 1
666 1012 1
671 1019 1
675 1026 1
678 1032 1
681 1037 1
683 1041 1
684 1044 1
685 1047 1
685 1050 1
686 1053 1
686 1056 1
685 1058 1
685 1060 1
685 1061 1
685 1064 1
684 1067 1
684 1071 1
684 1076 1
682 1081 1
681 1086 1
679 1092 1
673 1099 1
664 1106 1
654 1112 1
645 1117 1
638 1121 1
630 1124 1
621 1127 1
613 1128 1
606 1129 1
599 1129 1
593 1129 1
588 1129 1
584 1129 1
580 1129 1
577 1129 1
573 1129 1
567 1128 1
560 1126 1
550 1125 1
538 1123 1
526 1119 1
516 1114 1
507 1111 1
498 1106 1
489 1102 1
483 1098 1
478 1095 1
474 1093 1
471 1091 1
469 1090 1
467 1088 1
467 1088 1
465 1085 1
465 1080 1
463 1072 1
464 1063 1
464 1056 1
464 1048 1
465 1040 1
467 1032 1
469 1025 1
471 1021 1
472 1016 1
473 1013 1
474 1010 1
476 1006 1
479 1003 1
481 1001 1
484 999 1
487 997 1
491 994 1
498 991 1
504 986 1
512 983 1
520 980 1
527 977 1
535 974 1
543 969 1
551 967 1
560 964 1
571 961 1
581 959 1
592 956 1
601 954 1
612 951 1
621 948 1
629 946 1
636 944 1
644 942 1
651 940 1
658 938 1
664 936 1
670 934 1
675 932 1
678 930 1
681 929 1
684 926 1
686 925 1
689 922 1
691 918 1
692 915 1
693 912 1
692 908 1
692 904 1
689 898 1
686 892 1
683 886 1
680 881 1
675 876 1
669 871 1
664 867 1
658 864 1
651 861 1
640 860 1
629 858 1
619 857 1
610 855 1
606 856 1
608 856 0
898 899 1
898 899 1
898 899 1
898 899 1
898 899 1
898 899 1
898 899 1
898 899 1
898 899 1
898 899 1
898 899 1
898 899 1
897 899 1
894 899 1
891 899 1
887 900 1
885 900 1
882 901 1
880 902 1
877 903 1
875 903 1
872 905 1
870 906 1
867 909 1
864 911 1
862 914 1
859 918 1
856 923 1
854 927 1
852 931 1
850 935 1
850 940 1
850 944 1
849 950 1
849 955 1
849 958 1
849 963 1
849 966 1
849 969 1
850 972 1
850 974 1
850 976 1
850 978 1
851 980 1
852 981 1
853 983 1
854 984 1
855 986 1
856 987 1
858 989 1
860 991 1
861 991 1
863 993 1
866 995 1
869 997 1
872 998 1
875 1000 1
878 1001 1
881 1003 1
886 1005 1
889 1007 1
894 1010 1
897 1012 1
901 1015 1
905 1018 1
909 1021 1
913 1025 1
918 1030 1
921 1034 1
924 1039 1
927 1043 1
931 1047 1
932 1051 1
933 1053 1
934 1056 1
934 1057 1
935 1059 1
935 1060 1
935 1062 1
936 1063 1
936 1065 1
936 1068 1
936 1072 1
934 1077 1
934 1083 1
932 1089 1
928 1096 1
924 1100 1
917 1106 1
910 1112 1
905 1115 1
899 1118 1
892 1122 1
886 1124 1
878 1125 1
869 1126 1
860 1127 1
854 1127 1
849 1127 1
845 1127 1
840 1127 1
837 1126 1
832 1126 1
826 1124 1
820 1124 1
814 1122 1
808 1120 1
804 1117 1
801 1115 1
799 1113 1
797 1113 1
795 1111 1
795 1111 1
793 1111 1
792 1110 1
792 1109 1
792 1107 1
791 1107 1
791 1105 1
790 1105 1
790 1103 1
789 1101 1
787 1095 1
787 1087 1
785 1076 1
785 1068 1
783 1061 1
784 1055 1
784 1052 1
784 1048 1
784 1045 1
785 1042 1
785 1040 1
786 1037 1
787 1035 1
789 1033 1
791 1030 1
792 1029 1
796 1027 1
800 1026 1
807 1023 1
815 1022 1
823 1020 1
830 1019 1
836 1017 1
840 1017 1
843 1015 1
847 1015 1
851 1014 1
855 1012 1
858 1012 1
860 1010 1
863 1010 1
866 1008 1
870 1006 1
875 1004 1
879 1001 1
884 998 1
891 993 1
897 989 1
904 984 1
910 978 1
916 974 1
923 968 1
928 963 1
930 961 1
933 959 1
935 956 1
938 953 1
941 950 1
942 948 1
944 945 1
945 943 1
945 941 1
946 939 1
944 936 1
944 935 1
944 932 1
939 929 1
935 927 1
929 924 1
921 921 1
912 918 1
906 917 1
904 916 1
906 917 0
