921 387 1
921 387 1
921 387 1
921 387 1
921 387 1
921 387 1
921 387 1
921 387 1
921 387 1
921 387 1
921 387 1
921 387 1
921 387 1
921 387 1
921 387 1
921 387 1
921 387 1
921 387 1
921 387 1
921 387 1
921 387 1
923 389 1
925 391 1
927 394 1
929 397 1
931 400 1
933 402 1
935 405 1
939 409 1
942 412 1
945 416 1
949 418 1
951 422 1
953 424 1
955 426 1
958 428 1
960 431 1
962 432 1
965 435 1
967 436 1
969 439 1
971 440 1
975 444 1
977 446 1
980 447 1
981 450 1
983 452 1
985 454 1
986 456 1
988 458 1
989 460 1
991 463 1
993 467 1
994 470 1
996 473 1
997 476 1
998 480 1
999 483 1
1000 486 1
1001 490 1
1002 493 1
1002 497 1
1003 504 1
1003 509 1
1003 513 1
1003 517 1
1002 519 1
1002 522 1
1001 523 1
1001 524 1
1000 525 1
1000 526 1
998 528 1
996 534 1
994 541 1
991 549 1
987 558 1
981 568 1
973 588 1
969 599 1
966 612 1
963 620 1
960 631 1
957 641 1
955 652 1
952 665 1
950 677 1
948 689 1
947 697 1
945 703 1
945 708 1
945 714 1
944 720 1
944 725 1
944 731 1
943 737 1
943 745 1
943 753 1
943 760 1
943 768 1
943 776 1
942 784 1
940 791 1
938 799 1
936 806 1
933 814 1
931 819 1
928 823 1
924 827 1
921 830 1
917 833 1
912 837 1
907 839 1
904 841 1
898 843 1
893 844 1
888 845 1
881 845 1
875 846 1
870 846 1
864 846 1
859 845 1
851 844 1
843 842 1
836 841 1
828 839 1
821 837 1
814 834 1
809 832 1
804 830 1
800 828 1
795 825 1
792 823 1
790 821 1
788 819 1
786 818 1
784 816 1
783 815 1
781 812 1
781 812 1
781 812 1
779 811 1
779 808 1
777 805 1
776 801 1
774 795 1
772 787 1
769 779 1
766 769 1
763 759 1
760 748 1
757 737 1
754 726 1
752 715 1
750 707 1
749 700 1
749 696 1
748 692 1
748 690 1
748 688 1
748 685 1
748 685 1
748 684 1
749 682 1
750 681 1
753 679 1
756 678 1
760 676 1
766 677 1
772 678 1
781 680 1
792 685 1
801 691 1
809 698 1
818 704 1
824 711 1
831 721 1
838 736 1
845 753 1
848 771 1
851 795 1
852 821 1
850 852 1
847 879 1
844 906 1
840 934 1
836 958 1
832 981 1
827 1003 1
821 1027 1
813 1049 1
804 1070 1
793 1090 1
782 1106 1
772 1119 1
762 1129 1
766 1126 0
648 441 1
648 441 1
648 441 1
648 441 1
648 441 1
648 441 1
648 441 1
648 441 1
648 441 1
648 441 1
648 441 1
648 441 1
648 441 1
648 441 1
648 441 1
648 441 1
648 441 1
648 441 1
648 441 1
648 441 1
647 441 1
647 442 1
648 447 1
648 456 1
649 465 1
651 476 1
653 486 1
655 496 1
657 507 1
659 518 1
661 528 1
663 538 1
665 547 1
665 554 1
667 562 1
667 568 1
668 572 1
668 576 1
668 581 1
667 583 1
667 586 1
666 592 1
664 596 1
664 602 1
662 606 1
660 612 1
658 617 1
655 624 1
651 634 1
646 644 1
638 664 1
633 677 1
629 686 1
627 694 1
623 701 1
622 709 1
622 718 1
621 727 1
621 737 1
622 746 1
623 756 1
624 764 1
626 772 1
631 780 1
637 787 1
643 795 1
650 804 1
656 812 1
663 819 1
670 826 1
676 833 1
681 840 1
686 846 1
691 852 1
695 858 1
698 863 1
701 868 1
703 872 1
705 877 1
706 883 1
707 889 1
708 894 1
709 899 1
709 905 1
709 913 1
707 922 1
705 931 1
701 941 1
695 951 1
687 959 1
681 966 1
674 972 1
667 976 1
661 979 1
654 983 1
646 987 1
639 988 1
633 989 1
627 990 1
621 989 1
616 989 1
608 987 1
600 984 1
593 978 1
586 972 1
579 965 1
573 957 1
567 949 1
562 940 1
558 929 1
557 922 1
555 916 1
556 911 1
556 908 1
556 906 1
557 903 1
561 901 1
574 898 1
585 899 1
598 901 1
609 906 1
618 910 1
625 915 1
635 926 1
646 940 1
654 958 1
662 979 1
666 1003 1
668 1031 1
667 1061 1
664 1089 1
654 1116 1
644 1144 1
648 1135 0
474 528 1
474 528 1
474 528 1
474 528 1
474 528 1
474 528 1
474 528 1
474 528 1
474 528 1
474 528 1
474 528 1
474 528 1
474 528 1
474 528 1
474 528 1
474 528 1
474 528 1
474 528 1
474 528 1
474 531 1
474 533 1
474 536 1
475 538 1
475 540 1
473 543 1
474 544 1
474 545 1
474 545 1
474 545 1
474 545 1
474 545 1
474 546 1
474 548 1
473 551 1
472 555 1
472 560 1
470 566 1
468 574 1
468 586 1
468 599 1
469 614 1
470 629 1
470 645 1
472 663 1
473 678 1
474 691 1
475 700 1
476 708 1
478 715 1
478 719 1
479 723 1
480 726 1
481 729 1
482 734 1
484 737 1
485 743 1
487 749 1
488 755 1
491 763 1
497 772 1
502 783 1
509 801 1
512 811 1
513 822 1
514 831 1
514 842 1
514 852 1
513 862 1
512 871 1
512 879 1
509 887 1
508 894 1
505 901 1
503 907 1
500 913 1
498 919 1
496 923 1
496 927 1
496 932 1
495 934 1
495 938 1
494 941 1
493 945 1
491 949 1
491 953 1
489 957 1
487 961 1
484 966 1
477 970 1
471 975 1
463 978 1
456 981 1
449 982 1
441 983 1
435 983 1
430 982 1
424 980 1
420 980 1
414 977 1
407 972 1
401 964 1
395 958 1
390 952 1
386 944 1
383 937 1
380 932 1
379 927 1
379 923 1
379 920 1
379 915 1
380 914 1
381 911 1
382 909 1
383 909 1
385 909 1
392 910 1
402 913 1
414 921 1
425 931 1
435 943 1
445 956 1
450 971 1
455 986 1
457 1008 1
457 1028 1
455 1048 1
449 1071 1
441 1094 1
443 1091 0
253 659 1
253 659 1
253 659 1
253 659 1
253 659 1
253 659 1
253 659 1
253 659 1
253 659 1
253 659 1
253 659 1
253 659 1
253 659 1
253 659 1
253 659 1
253 659 1
253 659 1
253 659 1
253 659 1
253 659 1
253 659 1
253 659 1
253 659 1
253 659 1
253 659 1
253 659 1
253 659 1
253 659 1
253 659 1
253 660 1
254 667 1
258 680 1
268 702 1
280 729 1
292 758 1
303 783 1
310 801 1
317 817 1
320 827 1
322 835 1
324 843 1
324 849 1
324 853 1
323 856 1
321 860 1
321 863 1
318 868 1
314 873 1
309 879 1
303 886 1
298 893 1
292 901 1
289 907 1
286 914 1
286 922 1
286 931 1
286 944 1
287 955 1
287 966 1
288 975 1
288 982 1
289 989 1
289 994 1
289 998 1
287 1002 1
288 1006 1
286 1009 1
285 1013 1
282 1016 1
276 1019 1
270 1022 1
261 1024 1
253 1026 1
244 1027 1
236 1027 1
229 1028 1
222 1028 1
214 1028 1
209 1028 1
203 1028 1
199 1027 1
194 1027 1
191 1025 1
189 1026 1
186 1025 1
185 1024 1
185 1024 1
184 1022 1
184 1022 1
183 1020 1
183 1020 1
183 1018 1
183 1016 1
184 1014 1
184 1013 1
185 1011 1
186 1010 1
187 1008 1
188 1008 1
190 1006 1
191 1007 1
194 1008 1
203 1015 1
212 1028 1
221 1045 1
227 1065 1
234 1087 1
237 1109 1
234 1137 1
228 1165 1
218 1196 1
220 1191 0
