76 1562 1
76 1562 1
76 1562 1
76 1562 1
76 1562 1
76 1562 1
76 1562 1
76 1562 1
76 1562 1
76 1562 1
76 1562 1
76 1562 1
76 1562 1
75 1561 1
75 1558 1
74 1556 1
72 1553 1
72 1548 1
70 1544 1
70 1539 1
70 1534 1
68 1529 1
68 1523 1
67 1515 1
66 1506 1
66 1496 1
65 1489 1
65 1481 1
66 1474 1
67 1466 1
67 1456 1
69 1447 1
71 1436 1
74 1428 1
76 1419 1
78 1410 1
81 1403 1
84 1395 1
87 1389 1
89 1381 1
92 1374 1
93 1367 1
95 1361 1
96 1356 1
97 1351 1
99 1345 1
100 1340 1
101 1333 1
102 1326 1
104 1318 1
105 1311 1
107 1301 1
108 1291 1
109 1281 1
110 1271 1
111 1262 1
112 1253 1
112 1245 1
113 1236 1
113 1226 1
114 1216 1
114 1206 1
115 1196 1
115 1189 1
117 1180 1
118 1171 1
120 1160 1
124 1148 1
130 1135 1
135 1122 1
141 1110 1
145 1098 1
150 1085 1
155 1073 1
157 1063 1
160 1055 1
163 1046 1
167 1037 1
169 1028 1
170 1019 1
171 1010 1
172 1001 1
173 992 1
174 983 1
175 974 1
176 966 1
176 957 1
177 947 1
177 937 1
178 928 1
178 918 1
176 909 1
177 901 1
177 893 1
175 885 1
174 876 1
171 866 1
168 859 1
164 852 1
161 846 1
157 840 1
153 834 1
148 828 1
146 824 1
143 821 1
139 817 1
138 815 1
136 813 1
136 812 1
134 812 1
134 811 1
134 809 1
134 809 1
133 810 1
133 810 1
133 810 1
133 810 1
133 810 1
133 810 1
133 810 1
133 810 1
133 810 1
133 810 1
133 810 1
131 811 1
131 813 1
129 818 1
128 825 1
129 832 1
127 838 1
128 845 1
126 853 1
127 860 1
127 867 1
127 877 1
127 886 1
128 891 1
128 889 0
142 970 1
140 970 1
140 970 1
141 972 1
141 973 1
141 973 1
141 973 1
141 973 1
141 974 1
140 976 1
139 979 1
139 983 1
137 988 1
136 996 1
135 1004 1
133 1013 1
132 1018 1
132 1025 1
130 1029 1
128 1034 1
126 1039 1
124 1046 1
120 1052 1
116 1061 1
111 1072 1
106 1083 1
103 1094 1
100 1103 1
98 1112 1
97 1125 1
97 1137 1
97 1152 1
97 1164 1
97 1173 1
97 1182 1
97 1190 1
98 1196 1
99 1204 1
99 1212 1
100 1220 1
100 1227 1
101 1233 1
103 1242 1
104 1249 1
105 1256 1
106 1264 1
109 1273 1
113 1284 1
119 1298 1
124 1311 1
129 1323 1
135 1334 1
138 1343 1
144 1352 1
149 1361 1
154 1371 1
159 1379 1
162 1386 1
166 1393 1
169 1398 1
172 1402 1
175 1407 1
178 1409 1
179 1412 1
180 1414 1
181 1415 1
182 1417 1
182 1417 1
184 1419 1
184 1420 1
187 1422 1
190 1426 1
195 1431 1
199 1437 1
203 1442 1
208 1447 1
212 1453 1
216 1457 1
220 1463 1
223 1467 1
227 1471 1
230 1476 1
234 1479 1
237 1484 1
241 1487 1
242 1490 1
244 1492 1
245 1494 1
246 1496 1
246 1496 1
247 1497 1
247 1497 1
248 1497 1
248 1497 1
248 1497 1
248 1497 1
248 1497 1
248 1497 1
248 1497 1
248 1497 1
248 1497 1
248 1497 1
248 1496 1
248 1494 1
249 1492 1
249 1487 1
250 1478 1
250 1468 1
250 1456 1
249 1443 1
249 1429 1
247 1417 1
245 1404 1
244 1393 1
242 1381 1
239 1369 1
235 1358 1
230 1347 1
225 1336 1
222 1328 1
218 1321 1
215 1314 1
213 1307 1
211 1299 1
210 1293 1
208 1285 1
207 1277 1
207 1270 1
207 1263 1
207 1255 1
207 1247 1
207 1239 1
207 1231 1
207 1221 1
208 1212 1
208 1201 1
209 1191 1
210 1179 1
211 1167 1
212 1153 1
213 1140 1
215 1127 1
216 1116 1
217 1104 1
220 1090 1
223 1077 1
226 1066 1
230 1055 1
233 1046 1
237 1036 1
240 1025 1
243 1014 1
247 1004 1
251 990 1
256 977 1
261 965 1
266 954 1
270 943 1
274 934 1
277 924 1
280 915 1
282 904 1
283 894 1
285 882 1
286 871 1
287 860 1
287 850 1
287 839 1
284 828 1
282 818 1
279 810 1
275 802 1
272 795 1
268 791 1
266 788 1
264 786 1
262 783 1
262 783 1
262 782 1
261 783 1
261 783 1
261 783 1
261 783 1
259 784 1
257 785 1
254 788 1
249 793 1
241 802 1
235 814 1
227 828 1
221 841 1
216 857 1
212 875 1
208 891 1
206 906 1
205 922 1
205 937 1
204 951 1
204 964 1
204 974 1
204 983 1
205 992 1
207 1002 1
210 1015 1
213 1026 1
218 1037 1
220 1047 1
224 1057 1
227 1066 1
230 1076 1
233 1086 1
237 1096 1
239 1107 1
241 1117 1
244 1128 1
247 1141 1
249 1154 1
252 1168 1
253 1181 1
255 1192 1
257 1202 1
260 1212 1
262 1222 1
264 1233 1
267 1243 1
268 1251 1
271 1260 1
274 1269 1
278 1278 1
282 1287 1
287 1297 1
291 1306 1
294 1314 1
299 1321 1
302 1327 1
305 1336 1
308 1346 1
311 1356 1
314 1365 1
317 1375 1
319 1383 1
323 1391 1
324 1402 1
325 1412 1
327 1422 1
328 1432 1
330 1441 1
331 1448 1
332 1454 1
333 1459 1
334 1463 1
334 1466 1
335 1468 1
335 1470 1
335 1471 1
335 1471 1
335 1471 1
336 1471 1
337 1466 1
338 1461 1
341 1453 1
343 1439 1
346 1424 1
348 1407 1
350 1390 1
351 1372 1
352 1353 1
351 1333 1
350 1310 1
348 1286 1
346 1267 1
346 1253 1
345 1241 1
343 1231 1
344 1222 1
342 1214 1
343 1205 1
342 1198 1
342 1191 1
342 1183 1
342 1174 1
342 1164 1
343 1152 1
345 1140 1
347 1130 1
349 1121 1
351 1111 1
353 1101 1
355 1089 1
358 1077 1
360 1066 1
363 1057 1
366 1048 1
367 1041 1
370 1034 1
372 1026 1
375 1018 1
377 1010 1
379 1003 1
382 996 1
384 988 1
388 980 1
391 971 1
395 959 1
399 947 1
402 933 1
405 920 1
406 906 1
407 892 1
407 876 1
407 861 1
406 846 1
406 831 1
404 817 1
402 800 1
399 784 1
394 772 1
391 761 1
388 753 1
384 748 1
382 744 1
380 742 1
379 741 1
379 739 1
379 739 1
378 740 1
378 739 1
376 739 1
373 739 1
371 739 1
368 739 1
365 741 1
360 745 1
353 752 1
345 761 1
336 772 1
326 784 1
318 797 1
310 810 1
305 822 1
301 831 1
298 840 1
295 849 1
293 858 1
292 867 1
290 877 1
291 887 1
289 898 1
289 906 1
289 916 1
288 926 1
287 938 1
285 949 1
285 959 1
285 967 1
284 974 1
282 981 1
282 987 1
279 995 1
277 1002 1
277 1008 1
275 1015 1
274 1023 1
272 1029 1
271 1037 1
269 1044 1
268 1051 1
268 1059 1
268 1066 1
268 1075 1
270 1088 1
272 1099 1
275 1108 1
277 1117 1
280 1124 1
282 1131 1
285 1138 1
289 1144 1
292 1152 1
298 1160 1
304 1168 1
309 1177 1
315 1185 1
319 1191 1
324 1199 1
330 1206 1
337 1217 1
346 1229 1
358 1242 1
367 1254 1
375 1265 1
381 1276 1
389 1287 1
396 1299 1
402 1311 1
408 1321 1
414 1330 1
418 1339 1
421 1346 1
424 1353 1
425 1359 1
426 1367 1
426 1373 1
426 1381 1
426 1388 1
424 1394 1
423 1400 1
423 1405 1
423 1409 1
424 1413 1
425 1417 1
426 1420 1
428 1422 1
429 1423 1
432 1424 1
435 1424 1
438 1420 1
442 1415 1
447 1407 1
451 1397 1
456 1383 1
461 1368 1
464 1351 1
466 1336 1
469 1321 1
469 1307 1
469 1293 1
468 1278 1
468 1267 1
467 1256 1
465 1247 1
465 1235 1
464 1223 1
464 1211 1
464 1199 1
466 1187 1
466 1174 1
468 1161 1
469 1145 1
469 1133 1
469 1121 1
469 1112 1
469 1100 1
469 1089 1
470 1077 1
470 1068 1
471 1059 1
472 1051 1
473 1042 1
474 1032 1
477 1023 1
478 1013 1
480 1002 1
482 993 1
485 984 1
487 975 1
488 966 1
490 956 1
491 945 1
493 934 1
493 922 1
494 908 1
493 890 1
493 873 1
489 857 1
486 841 1
482 826 1
479 811 1
477 797 1
475 786 1
473 776 1
473 769 1
471 761 1
470 754 1
471 746 1
471 739 1
470 731 1
468 723 1
468 715 1
466 709 1
463 702 1
460 696 1
455 691 1
453 688 1
450 686 1
450 685 1
450 685 1
449 685 1
449 685 1
447 685 1
445 686 1
442 690 1
438 696 1
433 705 1
427 719 1
419 735 1
413 751 1
407 767 1
403 782 1
400 798 1
399 811 1
397 824 1
398 835 1
400 846 1
402 858 1
405 869 1
408 880 1
411 892 1
414 903 1
416 913 1
419 921 1
422 930 1
426 939 1
429 947 1
433 956 1
437 964 1
440 972 1
443 979 1
445 984 1
448 990 1
451 995 1
452 999 1
455 1004 1
456 1008 1
458 1012 1
459 1017 1
461 1025 1
463 1030 1
465 1037 1
467 1043 1
470 1050 1
473 1059 1
476 1069 1
479 1080 1
482 1091 1
484 1102 1
486 1112 1
488 1123 1
490 1134 1
493 1146 1
496 1155 1
500 1164 1
503 1172 1
505 1180 1
508 1187 1
509 1194 1
511 1202 1
515 1210 1
518 1219 1
522 1228 1
526 1238 1
529 1248 1
532 1256 1
534 1264 1
536 1271 1
539 1279 1
542 1285 1
546 1292 1
548 1297 1
549 1301 1
551 1305 1
552 1309 1
554 1312 1
556 1316 1
558 1321 1
561 1326 1
563 1332 1
566 1337 1
569 1343 1
571 1348 1
572 1353 1
574 1357 1
574 1361 1
576 1364 1
577 1367 1
579 1370 1
580 1373 1
582 1377 1
584 1379 1
584 1381 1
586 1384 1
586 1385 1
587 1386 1
587 1387 1
587 1387 1
588 1387 1
588 1387 1
588 1387 1
588 1387 1
588 1387 1
588 1387 1
588 1387 1
588 1385 1
590 1382 1
592 1377 1
595 1368 1
597 1357 1
601 1346 1
602 1333 1
602 1317 1
602 1299 1
599 1281 1
597 1267 1
595 1254 1
593 1242 1
590 1228 1
585 1214 1
582 1199 1
579 1183 1
575 1165 1
572 1147 1
569 1131 1
567 1117 1
565 1103 1
564 1091 1
564 1080 1
563 1072 1
562 1064 1
562 1059 1
562 1053 1
562 1049 1
562 1044 1
562 1039 1
562 1035 1
562 1030 1
563 1023 1
563 1017 1
565 1010 1
566 1002 1
567 994 1
568 988 1
569 982 1
570 978 1
572 972 1
574 966 1
574 961 1
576 955 1
577 949 1
580 943 1
581 935 1
583 928 1
585 920 1
587 914 1
589 907 1
591 901 1
593 892 1
594 884 1
596 873 1
597 862 1
598 852 1
599 841 1
601 827 1
602 812 1
604 795 1
605 781 1
606 769 1
606 759 1
605 748 1
603 738 1
602 729 1
600 722 1
599 716 1
597 710 1
595 706 1
593 701 1
590 698 1
590 696 1
588 694 1
586 692 1
584 690 1
582 690 1
580 688 1
579 688 1
577 686 1
577 686 1
576 687 1
574 685 1
571 686 1
567 686 1
563 687 1
559 688 1
555 690 1
549 693 1
545 696 1
540 699 1
535 703 1
530 707 1
526 711 1
522 714 1
518 718 1
515 723 1
512 727 1
510 734 1
508 740 1
508 748 1
508 757 1
509 765 1
510 772 1
513 782 1
514 794 1
517 807 1
518 820 1
521 831 1
524 840 1
527 851 1
530 862 1
535 875 1
538 884 1
541 893 1
544 899 1
546 905 1
549 910 1
551 916 1
554 921 1
556 927 1
559 933 1
563 941 1
566 948 1
570 957 1
574 966 1
577 975 1
581 982 1
584 990 1
587 998 1
590 1007 1
594 1018 1
598 1029 1
601 1038 1
605 1048 1
608 1056 1
611 1063 1
616 1070 1
618 1079 1
621 1088 1
625 1099 1
628 1108 1
632 1119 1
635 1131 1
638 1142 1
642 1155 1
646 1167 1
648 1178 1
650 1186 1
651 1193 1
651 1201 1
651 1211 1
650 1221 1
650 1230 1
650 1239 1
651 1247 1
651 1252 1
652 1258 1
653 1264 1
654 1272 1
655 1280 1
656 1288 1
657 1296 1
658 1303 1
659 1309 1
660 1314 1
661 1319 1
662 1321 1
662 1325 1
663 1327 1
663 1329 1
664 1331 1
664 1331 1
664 1332 1
664 1332 1
665 1332 1
665 1333 1
665 1333 1
665 1333 1
665 1333 1
665 1333 1
666 1334 1
666 1334 1
667 1334 1
668 1334 1
670 1333 1
672 1332 1
675 1330 1
678 1328 1
681 1325 1
685 1322 1
690 1319 1
693 1315 1
698 1310 1
700 1306 1
704 1301 1
706 1295 1
708 1289 1
711 1281 1
713 1275 1
715 1267 1
717 1259 1
719 1252 1
721 1245 1
724 1237 1
726 1228 1
727 1220 1
729 1210 1
729 1203 1
729 1196 1
728 1190 1
728 1183 1
727 1175 1
725 1166 1
723 1156 1
719 1145 1
716 1134 1
713 1121 1
708 1109 1
702 1092 1
696 1075 1
688 1056 1
681 1035 1
674 1017 1
668 999 1
664 985 1
661 972 1
659 962 1
659 952 1
659 943 1
659 934 1
659 926 1
659 919 1
659 911 1
659 904 1
660 896 1
661 887 1
663 877 1
665 866 1
666 855 1
668 844 1
669 832 1
671 820 1
673 806 1
674 793 1
676 780 1
677 770 1
678 760 1
678 749 1
680 738 1
680 725 1
680 714 1
678 705 1
677 698 1
674 690 1
671 683 1
667 675 1
664 671 1
661 668 1
659 666 1
657 664 1
654 664 1
653 664 1
650 664 1
646 665 1
641 669 1
634 675 1
626 684 1
620 694 1
614 705 1
610 716 1
607 729 1
603 742 1
603 755 1
604 768 1
605 781 1
607 793 1
608 806 1
611 817 1
612 826 1
614 834 1
615 840 1
619 848 1
620 856 1
622 866 1
624 879 1
626 891 1
628 904 1
631 916 1
633 929 1
637 941 1
640 955 1
646 967 1
650 979 1
655 992 1
660 1005 1
664 1017 1
669 1030 1
674 1041 1
677 1051 1
682 1060 1
687 1072 1
692 1082 1
698 1092 1
702 1100 1
706 1108 1
710 1115 1
713 1123 1
717 1129 1
721 1136 1
724 1144 1
727 1151 1
730 1159 1
734 1168 1
737 1176 1
740 1183 1
743 1189 1
747 1196 1
751 1203 1
754 1209 1
756 1213 1
758 1217 1
760 1221 1
762 1224 1
765 1228 1
767 1233 1
770 1236 1
773 1241 1
778 1245 1
780 1249 1
783 1252 1
784 1255 1
786 1257 1
787 1258 1
789 1261 1
790 1262 1
791 1263 1
792 1264 1
792 1264 1
792 1264 1
792 1264 1
793 1265 1
793 1265 1
793 1265 1
793 1265 1
793 1265 1
793 1265 1
793 1265 1
793 1265 1
793 1265 1
793 1265 1
793 1263 1
794 1260 1
795 1255 1
798 1247 1
800 1235 1
802 1223 1
804 1210 1
805 1199 1
805 1187 1
804 1176 1
801 1164 1
799 1150 1
797 1139 1
794 1128 1
791 1117 1
788 1104 1
784 1091 1
781 1078 1
777 1069 1
774 1061 1
772 1055 1
770 1049 1
767 1043 1
766 1038 1
764 1032 1
762 1025 1
760 1016 1
758 1007 1
756 997 1
754 988 1
752 979 1
752 970 1
752 959 1
752 947 1
753 935 1
753 923 1
754 913 1
754 904 1
754 891 1
753 877 1
752 863 1
750 851 1
749 841 1
749 831 1
749 819 1
747 806 1
747 792 1
745 779 1
743 768 1
743 758 1
741 749 1
742 735 1
741 722 1
741 711 1
741 702 1
741 694 1
741 689 1
742 684 1
742 680 1
742 675 1
742 668 1
742 661 1
742 655 1
741 650 1
741 645 1
741 641 1
739 638 1
738 634 1
735 631 1
731 628 1
728 625 1
723 623 1
721 622 1
718 622 1
716 622 1
714 622 1
713 622 1
711 625 1
709 629 1
706 637 1
703 647 1
701 658 1
699 672 1
699 686 1
701 701 1
702 719 1
704 736 1
705 754 1
706 770 1
706 784 1
706 796 1
706 809 1
706 819 1
707 827 1
708 835 1
709 841 1
709 848 1
709 855 1
710 861 1
710 867 1
711 873 1
712 879 1
713 886 1
713 893 1
715 901 1
718 910 1
722 921 1
726 935 1
731 951 1
737 966 1
744 980 1
751 993 1
757 1004 1
763 1015 1
769 1025 1
774 1033 1
778 1041 1
782 1047 1
785 1052 1
788 1056 1
790 1061 1
792 1062 1
795 1065 1
798 1069 1
800 1073 1
803 1076 1
806 1081 1
810 1086 1
816 1094 1
821 1103 1
827 1111 1
835 1119 1
841 1128 1
846 1136 1
851 1143 1
856 1151 1
859 1159 1
863 1165 1
866 1171 1
867 1174 1
870 1179 1
872 1182 1
872 1185 1
874 1187 1
875 1189 1
877 1192 1
878 1193 1
879 1196 1
881 1198 1
882 1199 1
884 1201 1
885 1203 1
887 1205 1
888 1206 1
890 1208 1
892 1209 1
894 1211 1
897 1214 1
900 1215 1
902 1217 1
905 1218 1
907 1220 1
909 1221 1
911 1223 1
913 1223 1
914 1224 1
914 1225 1
915 1225 1
915 1225 1
915 1225 1
916 1225 1
916 1225 1
916 1225 1
916 1225 1
916 1225 1
916 1225 1
916 1225 1
916 1225 1
916 1225 1
916 1225 1
916 1225 1
916 1225 1
916 1225 1
916 1225 1
916 1225 1
916 1225 1
916 1225 1
916 1225 1
916 1225 1
916 1225 1
916 1225 1
916 1225 1
916 1225 1
916 1225 1
916 1225 1
916 1225 1
916 1225 1
916 1225 1
916 1225 1
916 1225 1
916 1225 1
916 1225 1
916 1225 1
916 1225 1
916 1225 1
916 1225 1
916 1225 1
916 1225 1
916 1225 1
916 1225 1
916 1225 1
916 1225 1
916 1225 1
916 1225 1
916 1225 1
916 1225 1
916 1225 1
916 1225 1
916 1225 1
916 1225 1
916 1225 1
916 1225 1
916 1225 1
916 1225 1
916 1225 1
916 1225 1
916 1225 1
916 1225 1
916 1225 1
916 1225 1
916 1225 1
916 1225 1
916 1225 1
916 1225 1
916 1225 1
916 1225 1
916 1225 1
916 1225 1
916 1225 1
916 1225 1
916 1225 1
916 1225 1
916 1225 1
916 1225 1
916 1225 1
916 1225 1
916 1225 1
917 1223 1
918 1218 1
919 1211 1
921 1202 1
921 1190 1
919 1179 1
916 1165 1
913 1151 1
910 1138 1
907 1126 1
901 1114 1
897 1103 1
892 1092 1
889 1080 1
884 1069 1
880 1059 1
876 1051 1
873 1044 1
870 1037 1
868 1030 1
865 1022 1
862 1014 1
860 1006 1
857 995 1
856 985 1
853 975 1
852 964 1
850 952 1
850 935 1
848 920 1
848 904 1
848 889 1
848 874 1
849 859 1
850 845 1
850 833 1
851 824 1
851 815 1
851 807 1
850 798 1
849 788 1
847 779 1
847 769 1
845 757 1
843 743 1
839 728 1
835 711 1
830 695 1
825 677 1
820 657 1
815 643 1
813 632 1
810 624 1
808 618 1
805 613 1
800 607 1
795 602 1
787 599 1
779 597 1
774 596 1
770 594 1
766 595 1
764 596 1
761 596 1
760 597 1
757 600 1
756 605 1
753 613 1
753 621 1
753 632 1
754 649 1
756 668 1
760 688 1
766 708 1
774 728 1
781 746 1
789 764 1
793 780 1
799 798 1
808 818 1
816 839 1
826 860 1
836 879 1
845 898 1
855 913 1
862 925 1
870 938 1
878 950 1
885 962 1
891 972 1
896 979 1
900 985 1
904 992 1
909 998 1
914 1004 1
919 1011 1
926 1019 1
933 1029 1
941 1039 1
949 1050 1
957 1060 1
966 1069 1
975 1081 1
983 1091 1
991 1103 1
997 1112 1
1002 1119 1
1002 1119 0
