490 499 1
487 503 1
478 527 1
466 556 1
453 590 1
434 630 1
416 669 1
386 731 1
367 771 1
348 811 1
331 849 1
316 890 1
303 932 1
293 975 1
285 1018 1
283 1060 1
283 1103 1
284 1146 1
294 1190 1
309 1231 1
325 1264 1
341 1292 1
358 1315 1
372 1328 1
384 1338 1
399 1343 1
414 1344 1
432 1342 1
460 1332 1
491 1316 1
528 1294 1
566 1269 1
607 1238 1
646 1201 1
683 1164 1
715 1126 1
744 1087 1
770 1049 1
791 1009 1
810 966 1
826 924 1
839 883 1
848 847 1
856 812 1
864 773 1
869 734 1
872 689 1
875 645 1
877 603 1
877 565 1
876 532 1
873 501 1
871 474 1
868 449 1
864 428 1
857 410 1
849 394 1
838 380 1
826 369 1
811 359 1
791 353 1
767 349 1
740 348 1
711 349 1
678 353 1
649 360 1
619 370 1
593 382 1
567 398 1
543 414 1
523 434 1
503 457 1
482 482 1
464 512 1
445 545 1
429 577 1
414 608 1
398 640 1
384 671 1
371 702 1
360 731 1
349 761 1
341 793 1
332 824 1
324 853 1
317 882 1
309 912 1
302 941 1
298 969 1
294 999 1
294 1027 1
294 1055 1
296 1087 1
302 1116 1
310 1147 1
320 1175 1
330 1202 1
341 1227 1
352 1245 1
362 1261 1
371 1271 1
380 1279 1
387 1285 1
396 1289 1
404 1292 1
416 1293 1
433 1291 1
451 1284 1
475 1271 1
502 1256 1
528 1240 1
558 1217 1
586 1194 1
612 1170 1
637 1147 1
662 1123 1
684 1097 1
705 1070 1
726 1038 1
745 1003 1
765 967 1
780 930 1
794 893 1
807 859 1
819 825 1
830 791 1
839 760 1
847 730 1
854 700 1
861 672 1
868 645 1
872 617 1
876 591 1
879 567 1
880 544 1
881 522 1
880 497 1
877 475 1
874 454 1
870 435 1
865 417 1
859 400 1
852 385 1
843 374 1
833 364 1
822 356 1
809 352 1
789 350 1
767 355 1
740 365 1
709 379 1
678 398 1
649 417 1
624 436 1
600 454 1
579 470 1
560 488 1
542 505 1
527 522 1
512 541 1
498 559 1
485 579 1
474 600 1
461 624 1
451 650 1
441 677 1
433 705 1
425 736 1
420 765 1
414 797 1
410 826 1
407 856 1
404 886 1
403 916 1
402 948 1
403 979 1
404 1009 1
406 1039 1
407 1066 1
408 1092 1
409 1115 1
409 1137 1
410 1159 1
410 1181 1
411 1199 1
413 1217 1
415 1235 1
418 1251 1
420 1266 1
424 1281 1
428 1295 1
432 1308 1
438 1319 1
442 1329 1
447 1335 1
451 1340 1
457 1344 1
464 1348 1
472 1350 1
483 1351 1
498 1347 1
521 1336 1
549 1319 1
581 1294 1
617 1263 1
649 1230 1
678 1198 1
704 1164 1
730 1125 1
755 1080 1
780 1029 1
804 973 1
825 918 1
845 867 1
862 821 1
877 776 1
891 735 1
905 692 1
917 648 1
925 609 1
930 574 1
932 547 1
931 525 1
929 508 1
925 494 1
922 482 1
918 474 1
915 466 1
910 460 1
906 453 1
901 447 1
893 439 1
884 431 1
876 424 1
866 419 1
853 413 1
840 408 1
826 404 1
809 401 1
790 397 1
772 394 1
754 393 1
731 393 1
710 394 1
691 397 1
673 401 1
654 407 1
633 415 1
614 424 1
593 435 1
573 449 1
553 465 1
536 481 1
518 498 1
503 515 1
488 532 1
475 549 1
464 563 1
453 579 1
443 594 1
433 610 1
423 627 1
415 641 1
407 656 1
400 670 1
393 685 1
386 701 1
381 717 1
375 732 1
370 747 1
365 762 1
361 778 1
356 793 1
351 807 1
347 821 1
343 836 1
340 852 1
336 866 1
332 881 1
330 896 1
327 912 1
324 926 1
322 941 1
320 956 1
319 971 1
318 984 1
316 997 1
316 1009 1
314 1022 1
313 1033 1
313 1045 1
313 1056 1
312 1064 1
312 1073 1
310 1081 1
310 1090 1
310 1100 1
310 1110 1
310 1117 1
310 1125 1
310 1132 1
311 1140 1
311 1150 1
313 1160 1
314 1171 1
315 1181 1
317 1190 1
320 1199 1
323 1210 1
327 1221 1
332 1233 1
337 1244 1
343 1255 1
348 1262 1
352 1269 1
358 1275 1
363 1281 1
370 1287 1
376 1290 1
384 1294 1
391 1298 1
398 1301 1
405 1304 1
411 1304 1
418 1306 1
425 1307 1
432 1307 1
439 1307 1
446 1307 1
453 1305 1
461 1304 1
468 1302 1
475 1300 1
483 1297 1
492 1293 1
503 1287 1
514 1280 1
527 1272 1
536 1264 1
546 1256 1
554 1250 1
564 1243 1
572 1236 1
582 1227 1
590 1219 1
599 1209 1
608 1198 1
617 1189 1
624 1179 1
632 1170 1
641 1158 1
651 1144 1
661 1130 1
671 1117 1
679 1103 1
689 1088 1
700 1071 1
710 1053 1
720 1034 1
729 1016 1
739 998 1
746 980 1
754 961 1
760 944 1
766 925 1
772 909 1
776 895 1
780 884 1
784 872 1
790 861 1
794 850 1
799 837 1
804 824 1
810 810 1
814 795 1
819 778 1
824 759 1
829 740 1
833 718 1
837 696 1
839 676 1
841 657 1
843 638 1
843 619 1
841 600 1
840 581 1
838 563 1
835 545 1
830 529 1
826 515 1
822 501 1
816 489 1
809 477 1
803 467 1
796 457 1
789 447 1
784 440 1
778 434 1
772 428 1
766 423 1
759 419 1
751 416 1
744 414 1
734 413 1
721 413 1
709 414 1
693 418 1
676 422 1
657 430 1
637 438 1
619 447 1
604 455 1
591 463 1
579 470 1
568 479 1
557 489 1
546 498 1
535 508 1
524 522 1
514 535 1
503 549 1
494 563 1
484 577 1
473 592 1
465 608 1
456 624 1
448 639 1
441 654 1
434 667 1
427 683 1
420 697 1
412 712 1
406 726 1
399 740 1
393 754 1
387 767 1
383 779 1
377 791 1
373 803 1
367 814 1
363 825 1
358 834 1
354 843 1
349 853 1
345 862 1
341 871 1
337 882 1
332 892 1
330 900 1
326 909 1
323 918 1
320 927 1
318 935 1
315 945 1
313 956 1
311 966 1
309 975 1
308 984 1
308 994 1
306 1004 1
306 1013 1
304 1025 1
305 1035 1
305 1046 1
305 1056 1
306 1066 1
307 1078 1
307 1091 1
310 1104 1
311 1116 1
313 1126 1
315 1137 1
317 1150 1
320 1163 1
324 1175 1
327 1187 1
329 1196 1
332 1205 1
335 1215 1
339 1225 1
344 1235 1
348 1244 1
354 1253 1
359 1263 1
365 1269 1
372 1277 1
379 1284 1
388 1289 1
397 1294 1
405 1298 1
419 1300 1
432 1302 1
448 1302 1
466 1299 1
486 1297 1
510 1289 1
535 1278 1
559 1266 1
583 1251 1
603 1237 1
623 1221 1
641 1203 1
658 1181 1
674 1155 1
691 1121 1
706 1084 1
721 1048 1
733 1013 1
748 973 1
762 936 1
775 898 1
789 860 1
801 827 1
813 796 1
821 768 1
829 744 1
836 721 1
842 703 1
847 683 1
851 664 1
856 646 1
861 629 1
864 610 1
867 593 1
870 574 1
872 557 1
874 538 1
877 522 1
876 507 1
877 494 1
875 482 1
872 471 1
870 458 1
865 446 1
859 435 1
853 424 1
845 414 1
838 404 1
828 396 1
820 389 1
812 384 1
804 380 1
797 378 1
791 376 1
784 374 1
777 374 1
768 374 1
757 374 1
747 375 1
735 378 1
722 381 1
708 387 1
692 392 1
674 402 1
656 412 1
637 424 1
619 435 1
600 448 1
585 460 1
570 474 1
555 486 1
542 498 1
530 509 1
520 519 1
509 531 1
498 543 1
486 557 1
475 571 1
466 585 1
456 599 1
448 615 1
439 630 1
432 645 1
424 662 1
416 679 1
409 697 1
403 717 1
397 738 1
390 760 1
386 780 1
382 801 1
377 822 1
374 843 1
372 864 1
371 883 1
368 901 1
368 918 1
366 933 1
365 947 1
365 960 1
363 971 1
362 981 1
360 990 1
359 998 1
358 1008 1
356 1018 1
354 1029 1
353 1038 1
350 1048 1
349 1057 1
347 1067 1
345 1075 1
344 1085 1
342 1095 1
341 1106 1
339 1116 1
338 1126 1
338 1135 1
338 1144 1
338 1156 1
339 1167 1
340 1178 1
342 1187 1
344 1197 1
347 1205 1
349 1215 1
354 1227 1
358 1237 1
363 1248 1
369 1257 1
375 1267 1
382 1276 1
389 1282 1
397 1289 1
407 1296 1
422 1302 1
441 1308 1
462 1311 1
485 1312 1
510 1310 1
534 1305 1
557 1299 1
576 1290 1
595 1281 1
613 1268 1
629 1256 1
643 1243 1
658 1226 1
673 1205 1
690 1173 1
706 1137 1
723 1095 1
738 1055 1
752 1015 1
764 980 1
776 943 1
788 908 1
799 878 1
810 850 1
818 828 1
825 807 1
832 787 1
836 770 1
840 753 1
846 737 1
850 721 1
852 706 1
856 689 1
859 673 1
862 658 1
864 643 1
865 627 1
866 613 1
868 598 1
868 583 1
868 567 1
868 550 1
867 533 1
865 516 1
864 499 1
862 483 1
859 467 1
855 451 1
850 436 1
845 423 1
839 411 1
834 401 1
828 392 1
823 384 1
815 376 1
808 369 1
801 364 1
795 358 1
786 355 1
779 351 1
766 348 1
754 346 1
743 345 1
731 345 1
719 346 1
705 348 1
691 351 1
676 356 1
662 360 1
650 364 1
637 370 1
626 374 1
617 380 1
608 386 1
600 391 1
591 397 1
583 403 1
576 410 1
568 416 1
560 424 1
552 430 1
545 437 1
537 446 1
530 454 1
521 464 1
513 474 1
506 486 1
498 497 1
489 507 1
482 518 1
475 530 1
468 541 1
463 554 1
456 564 1
452 577 1
446 588 1
441 601 1
436 613 1
432 626 1
428 640 1
423 653 1
418 667 1
414 683 1
409 697 1
405 713 1
400 730 1
395 748 1
390 766 1
385 785 1
381 804 1
377 818 1
375 834 1
372 848 1
369 861 1
366 874 1
364 889 1
362 900 1
359 912 1
358 922 1
356 932 1
355 942 1
354 951 1
352 962 1
352 971 1
350 980 1
351 989 1
350 999 1
350 1010 1
350 1020 1
351 1031 1
352 1042 1
352 1052 1
354 1062 1
355 1074 1
356 1086 1
358 1097 1
360 1110 1
362 1122 1
365 1134 1
367 1149 1
370 1163 1
372 1175 1
374 1185 1
377 1195 1
379 1205 1
381 1213 1
385 1223 1
388 1234 1
392 1244 1
397 1254 1
401 1262 1
404 1269 1
408 1276 1
413 1283 1
419 1290 1
424 1297 1
433 1304 1
440 1311 1
448 1317 1
455 1322 1
464 1328 1
473 1330 1
483 1334 1
495 1336 1
508 1337 1
522 1335 1
538 1330 1
557 1323 1
575 1315 1
593 1305 1
611 1292 1
627 1278 1
643 1264 1
655 1248 1
666 1231 1
678 1213 1
687 1193 1
698 1172 1
709 1147 1
720 1121 1
730 1092 1
739 1065 1
749 1037 1
758 1010 1
767 983 1
778 954 1
788 926 1
800 895 1
810 867 1
820 840 1
828 813 1
836 787 1
842 764 1
848 744 1
853 726 1
855 710 1
859 698 1
861 687 1
864 676 1
866 665 1
868 654 1
870 644 1
872 633 1
873 623 1
874 612 1
876 597 1
876 584 1
876 569 1
874 555 1
872 541 1
870 527 1
867 516 1
863 505 1
860 496 1
856 488 1
851 480 1
846 472 1
842 466 1
834 458 1
828 451 1
818 444 1
809 437 1
799 432 1
789 427 1
778 422 1
767 418 1
756 416 1
745 414 1
732 415 1
717 417 1
698 422 1
678 429 1
657 437 1
637 446 1
617 457 1
598 469 1
582 481 1
566 493 1
552 504 1
539 516 1
528 527 1
518 537 1
508 549 1
500 561 1
490 571 1
481 582 1
473 595 1
464 609 1
456 622 1
446 638 1
437 655 1
427 671 1
418 687 1
410 702 1
402 717 1
394 731 1
388 744 1
383 756 1
377 767 1
373 778 1
368 789 1
364 800 1
361 809 1
357 818 1
353 828 1
349 838 1
347 848 1
343 859 1
340 870 1
336 883 1
333 895 1
330 908 1
326 921 1
323 932 1
321 944 1
319 957 1
316 968 1
314 978 1
311 987 1
310 997 1
309 1009 1
307 1021 1
307 1034 1
307 1046 1
307 1059 1
307 1072 1
307 1088 1
308 1102 1
309 1114 1
312 1127 1
314 1140 1
317 1153 1
322 1165 1
325 1177 1
329 1186 1
333 1194 1
338 1201 1
342 1207 1
348 1214 1
354 1220 1
360 1224 1
367 1227 1
373 1231 1
381 1234 1
388 1235 1
397 1236 1
407 1238 1
418 1238 1
429 1236 1
442 1235 1
452 1233 1
465 1231 1
477 1228 1
490 1224 1
504 1220 1
518 1214 1
530 1207 1
543 1199 1
554 1191 1
566 1183 1
576 1173 1
586 1164 1
597 1154 1
607 1143 1
616 1131 1
626 1118 1
636 1105 1
646 1090 1
655 1076 1
664 1061 1
672 1047 1
680 1031 1
687 1016 1
695 999 1
702 984 1
708 970 1
714 956 1
720 940 1
727 922 1
733 904 1
738 887 1
743 872 1
747 857 1
753 843 1
757 831 1
762 817 1
766 803 1
770 788 1
772 776 1
777 763 1
779 752 1
783 738 1
787 725 1
790 712 1
794 699 1
797 687 1
800 675 1
803 664 1
806 652 1
809 641 1
812 630 1
814 620 1
817 609 1
817 598 1
818 587 1
818 577 1
816 568 1
817 560 1
816 552 1
814 543 1
812 535 1
809 525 1
806 515 1
802 505 1
798 497 1
795 490 1
791 485 1
787 480 1
782 476 1
776 471 1
768 468 1
760 466 1
747 466 1
733 467 1
715 472 1
693 482 1
670 494 1
649 508 1
630 521 1
613 534 1
599 549 1
586 563 1
573 578 1
563 592 1
551 607 1
541 622 1
532 636 1
524 650 1
517 667 1
509 683 1
502 701 1
494 720 1
486 743 1
477 765 1
469 787 1
461 808 1
454 826 1
447 843 1
442 857 1
438 870 1
435 882 1
430 894 1
428 904 1
425 913 1
422 923 1
418 933 1
415 944 1
413 956 1
411 967 1
407 977 1
404 988 1
402 998 1
399 1009 1
396 1021 1
393 1033 1
392 1042 1
390 1053 1
387 1062 1
386 1074 1
384 1085 1
385 1098 1
384 1108 1
382 1117 1
383 1126 1
384 1136 1
385 1147 1
387 1159 1
391 1170 1
394 1181 1
397 1188 1
402 1194 1
406 1200 1
411 1206 1
416 1210 1
430 1216 1
445 1222 1
464 1225 1
486 1228 1
510 1228 1
533 1225 1
555 1221 1
574 1214 1
591 1206 1
608 1196 1
623 1184 1
637 1173 1
651 1160 1
662 1146 1
675 1131 1
689 1111 1
703 1090 1
717 1066 1
730 1043 1
743 1021 1
754 998 1
765 976 1
775 953 1
785 931 1
795 909 1
802 888 1
809 869 1
815 851 1
821 832 1
828 813 1
833 792 1
839 771 1
843 753 1
847 732 1
849 711 1
851 690 1
853 670 1
854 652 1
855 635 1
856 619 1
857 602 1
858 586 1
858 571 1
858 559 1
858 546 1
858 537 1
856 526 1
856 516 1
855 508 1
853 501 1
851 493 1
848 487 1
846 482 1
841 476 1
836 470 1
829 464 1
822 459 1
812 455 1
802 451 1
792 448 1
781 446 1
768 446 1
756 446 1
744 446 1
730 448 1
716 452 1
702 456 1
688 461 1
673 467 1
659 474 1
646 482 1
633 490 1
621 499 1
610 506 1
600 515 1
590 524 1
581 532 1
573 544 1
562 556 1
554 567 1
544 579 1
537 590 1
529 603 1
522 616 1
515 628 1
508 639 1
501 650 1
494 661 1
486 674 1
478 686 1
471 697 1
465 708 1
460 717 1
454 729 1
447 741 1
443 752 1
436 764 1
429 777 1
423 788 1
418 800 1
412 813 1
406 825 1
401 836 1
396 849 1
391 863 1
387 877 1
383 891 1
379 906 1
375 920 1
372 934 1
370 949 1
368 962 1
365 974 1
364 988 1
361 1001 1
360 1017 1
359 1029 1
357 1042 1
358 1053 1
356 1064 1
356 1076 1
355 1088 1
355 1099 1
353 1112 1
354 1123 1
354 1134 1
354 1148 1
354 1161 1
355 1174 1
356 1185 1
359 1195 1
362 1207 1
368 1219 1
373 1231 1
380 1243 1
388 1254 1
397 1263 1
408 1273 1
419 1283 1
433 1292 1
447 1301 1
459 1309 1
473 1313 1
484 1318 1
495 1319 1
505 1318 1
516 1316 1
529 1310 1
544 1302 1
562 1288 1
583 1271 1
602 1254 1
620 1236 1
640 1216 1
656 1196 1
671 1178 1
685 1163 1
699 1143 1
713 1125 1
726 1107 1
739 1086 1
753 1065 1
768 1041 1
783 1016 1
798 991 1
811 964 1
823 940 1
834 916 1
844 894 1
854 869 1
864 846 1
871 824 1
878 804 1
882 785 1
886 766 1
890 743 1
894 721 1
899 698 1
901 674 1
903 651 1
906 628 1
907 606 1
909 585 1
910 565 1
911 548 1
913 533 1
913 518 1
913 505 1
911 494 1
910 485 1
908 477 1
905 469 1
901 460 1
896 451 1
890 441 1
884 433 1
877 424 1
870 416 1
863 409 1
855 401 1
848 393 1
839 386 1
830 379 1
821 374 1
811 370 1
801 366 1
790 362 1
778 361 1
764 359 1
747 361 1
730 364 1
711 371 1
687 381 1
666 392 1
645 405 1
627 418 1
612 430 1
598 442 1
587 453 1
578 463 1
570 472 1
563 482 1
554 492 1
547 500 1
539 510 1
532 520 1
527 530 1
520 539 1
513 550 1
507 560 1
501 570 1
493 582 1
486 594 1
479 606 1
470 619 1
463 633 1
456 648 1
448 665 1
439 683 1
432 703 1
420 727 1
410 751 1
400 773 1
392 794 1
384 811 1
377 831 1
370 848 1
365 864 1
359 880 1
355 897 1
352 911 1
348 925 1
344 938 1
341 951 1
339 964 1
335 978 1
331 991 1
328 1005 1
325 1019 1
323 1033 1
320 1045 1
317 1057 1
316 1068 1
314 1083 1
311 1097 1
310 1109 1
308 1122 1
307 1136 1
307 1151 1
307 1166 1
307 1180 1
308 1192 1
311 1204 1
313 1215 1
317 1228 1
323 1239 1
329 1251 1
336 1261 1
346 1274 1
355 1285 1
367 1297 1
380 1310 1
395 1321 1
408 1329 1
422 1335 1
434 1340 1
447 1343 1
459 1343 1
474 1341 1
491 1336 1
509 1328 1
529 1318 1
547 1307 1
569 1293 1
589 1277 1
612 1259 1
635 1240 1
656 1220 1
675 1200 1
692 1180 1
709 1161 1
726 1143 1
742 1123 1
757 1103 1
773 1082 1
785 1062 1
795 1042 1
805 1024 1
812 1005 1
821 985 1
829 965 1
836 944 1
843 923 1
848 900 1
852 879 1
856 860 1
860 841 1
862 821 1
865 802 1
867 783 1
867 768 1
868 754 1
868 742 1
867 729 1
867 717 1
865 703 1
863 689 1
864 675 1
862 660 1
860 646 1
858 634 1
855 621 1
854 609 1
851 595 1
848 581 1
844 567 1
840 554 1
836 542 1
831 528 1
826 514 1
819 502 1
814 489 1
807 479 1
801 468 1
795 458 1
790 452 1
784 445 1
777 438 1
770 434 1
764 430 1
756 427 1
748 424 1
740 425 1
729 425 1
717 428 1
704 432 1
685 441 1
667 451 1
647 465 1
629 479 1
614 493 1
601 505 1
590 516 1
581 526 1
573 536 1
566 545 1
560 553 1
553 561 1
547 569 1
540 578 1
535 586 1
528 597 1
523 607 1
517 617 1
510 628 1
505 639 1
499 650 1
493 660 1
486 673 1
479 686 1
472 701 1
464 714 1
457 728 1
450 745 1
442 760 1
434 777 1
425 794 1
416 811 1
408 827 1
399 846 1
391 863 1
384 881 1
378 897 1
373 911 1
369 925 1
365 939 1
361 952 1
359 964 1
356 977 1
353 988 1
350 1000 1
348 1012 1
345 1025 1
343 1037 1
340 1049 1
338 1060 1
337 1070 1
335 1081 1
333 1094 1
331 1105 1
329 1116 1
330 1127 1
330 1138 1
330 1147 1
331 1158 1
332 1169 1
334 1179 1
337 1190 1
342 1202 1
349 1218 1
358 1235 1
369 1252 1
384 1270 1
398 1289 1
413 1301 1
428 1312 1
442 1320 1
457 1323 1
471 1324 1
488 1319 1
509 1312 1
532 1301 1
561 1283 1
588 1264 1
615 1245 1
639 1224 1
662 1205 1
679 1185 1
695 1167 1
714 1142 1
733 1115 1
751 1084 1
769 1050 1
786 1018 1
802 985 1
817 952 1
832 919 1
844 888 1
855 862 1
863 838 1
870 816 1
877 795 1
881 775 1
886 755 1
888 736 1
890 717 1
892 698 1
894 679 1
895 658 1
895 637 1
896 616 1
896 594 1
896 574 1
896 555 1
896 539 1
894 524 1
895 510 1
893 498 1
890 487 1
888 477 1
885 468 1
883 458 1
876 447 1
870 437 1
861 426 1
852 416 1
839 406 1
824 395 1
807 386 1
790 377 1
772 369 1
756 362 1
739 358 1
724 355 1
709 353 1
693 353 1
680 354 1
666 357 1
653 362 1
638 368 1
622 376 1
607 386 1
591 399 1
576 411 1
561 425 1
548 439 1
536 452 1
524 469 1
514 483 1
504 500 1
494 516 1
483 532 1
475 548 1
466 564 1
458 578 1
451 594 1
444 609 1
437 625 1
430 642 1
423 659 1
416 677 1
409 695 1
403 715 1
396 734 1
391 754 1
384 775 1
378 794 1
375 813 1
371 830 1
367 845 1
364 862 1
361 879 1
357 895 1
355 910 1
353 924 1
351 939 1
349 953 1
349 965 1
348 977 1
346 991 1
346 1007 1
346 1022 1
344 1037 1
345 1050 1
346 1064 1
346 1080 1
347 1096 1
348 1110 1
349 1124 1
349 1136 1
350 1148 1
352 1160 1
353 1172 1
356 1183 1
359 1193 1
363 1204 1
367 1215 1
373 1227 1
382 1242 1
392 1256 1
405 1270 1
421 1284 1
438 1296 1
459 1307 1
480 1316 1
500 1317 1
523 1316 1
546 1309 1
573 1296 1
600 1279 1
626 1257 1
650 1234 1
672 1208 1
694 1175 1
716 1142 1
735 1107 1
752 1076 1
767 1044 1
782 1011 1
798 973 1
815 929 1
828 887 1
839 853 1
846 823 1
853 796 1
857 774 1
862 750 1
869 724 1
876 689 1
882 659 1
886 633 1
888 613 1
888 595 1
887 583 1
885 571 1
883 562 1
881 552 1
880 544 1
877 535 1
874 527 1
871 519 1
867 510 1
863 501 1
858 494 1
853 485 1
848 478 1
841 471 1
836 464 1
828 458 1
820 451 1
809 446 1
799 440 1
788 436 1
776 432 1
762 430 1
744 430 1
723 433 1
698 438 1
670 450 1
642 464 1
617 481 1
594 496 1
574 514 1
557 532 1
543 550 1
531 566 1
520 581 1
511 596 1
503 613 1
495 630 1
487 646 1
478 663 1
470 678 1
464 693 1
457 707 1
452 719 1
446 734 1
440 747 1
435 761 1
428 775 1
423 789 1
415 804 1
408 818 1
402 833 1
396 850 1
389 867 1
382 887 1
376 904 1
371 923 1
365 943 1
361 961 1
358 981 1
355 1000 1
353 1020 1
351 1038 1
350 1058 1
351 1076 1
353 1094 1
355 1111 1
358 1126 1
360 1141 1
365 1157 1
369 1172 1
375 1186 1
382 1200 1
390 1214 1
397 1227 1
406 1239 1
414 1250 1
422 1260 1
428 1266 1
435 1272 1
440 1276 1
447 1279 1
454 1283 1
462 1285 1
473 1286 1
487 1286 1
509 1281 1
535 1274 1
568 1261 1
601 1245 1
631 1227 1
656 1209 1
676 1191 1
693 1172 1
709 1151 1
723 1128 1
737 1102 1
751 1072 1
764 1041 1
776 1010 1
788 977 1
802 945 1
815 906 1
828 872 1
838 845 1
845 821 1
852 801 1
858 782 1
862 765 1
866 748 1
869 731 1
872 715 1
875 698 1
876 682 1
877 663 1
878 642 1
877 619 1
874 595 1
870 571 1
864 545 1
857 518 1
850 496 1
839 475 1
829 457 1
819 442 1
809 428 1
799 418 1
790 409 1
780 401 1
771 396 1
760 391 1
749 387 1
735 388 1
722 390 1
702 397 1
683 406 1
664 419 1
642 435 1
621 453 1
601 470 1
582 488 1
566 504 1
552 519 1
540 535 1
530 549 1
518 565 1
508 581 1
497 596 1
487 611 1
478 626 1
469 643 1
459 660 1
452 676 1
444 693 1
437 710 1
430 727 1
424 742 1
419 756 1
414 769 1
410 780 1
406 790 1
401 799 1
400 804 1
397 809 1
398 809 0
