530 885 1
530 885 1
530 885 1
530 885 1
530 885 1
530 885 1
530 883 1
530 883 1
532 882 1
533 881 1
536 880 1
539 878 1
543 878 1
547 877 1
552 877 1
558 878 1
563 879 1
569 882 1
573 884 1
578 889 1
582 893 1
585 899 1
587 906 1
589 910 1
590 914 1
590 919 1
588 923 1
587 926 1
585 929 1
583 932 1
579 935 1
575 938 1
571 939 1
566 941 1
560 942 1
554 943 1
548 941 1
541 942 1
534 939 1
527 936 1
520 932 1
513 926 1
506 921 1
502 915 1
498 908 1
494 901 1
492 891 1
490 881 1
491 871 1
491 860 1
493 849 1
496 841 1
499 832 1
503 825 1
508 818 1
513 813 1
519 807 1
526 803 1
533 799 1
540 795 1
548 794 1
557 794 1
566 794 1
576 794 1
586 797 1
596 799 1
605 803 1
614 809 1
624 816 1
633 824 1
641 834 1
649 846 1
656 860 1
662 877 1
666 900 1
668 922 1
669 954 1
666 978 1
662 995 1
655 1008 1
647 1019 1
637 1031 1
623 1042 1
610 1052 1
592 1058 1
574 1064 1
556 1065 1
537 1064 1
516 1059 1
495 1048 1
472 1036 1
453 1019 1
433 999 1
417 980 1
406 959 1
396 939 1
389 916 1
385 892 1
383 865 1
386 838 1
391 810 1
401 785 1
410 763 1
421 743 1
434 728 1
446 714 1
460 702 1
474 694 1
491 687 1
509 683 1
527 681 1
547 682 1
567 682 1
584 685 1
598 689 1
611 693 1
624 698 1
634 703 1
644 710 1
654 716 1
663 723 1
671 728 1
678 736 1
686 746 1
693 757 1
701 769 1
708 781 1
714 794 1
721 806 1
725 820 1
730 833 1
734 847 1
736 861 1
739 876 1
740 892 1
740 907 1
740 922 1
736 940 1
733 957 1
726 974 1
718 994 1
708 1015 1
696 1035 1
683 1054 1
670 1069 1
656 1083 1
641 1095 1
619 1107 1
594 1118 1
564 1124 1
531 1128 1
497 1125 1
460 1116 1
425 1104 1
389 1085 1
358 1062 1
330 1037 1
309 1007 1
291 973 1
276 931 1
270 877 1
270 822 1
281 763 1
298 706 1
322 653 1
349 614 1
379 579 1
415 551 1
454 528 1
535 496 1
572 487 1
606 484 1
636 487 1
663 491 1
684 498 1
704 506 1
720 516 1
735 528 1
748 541 1
760 558 1
774 577 1
786 600 1
798 626 1
809 657 1
817 689 1
825 720 1
829 749 1
833 778 1
834 806 1
835 836 1
832 867 1
828 898 1
820 929 1
812 958 1
800 984 1
787 1011 1
770 1037 1
751 1062 1
731 1085 1
710 1107 1
688 1125 1
670 1141 1
652 1154 1
635 1168 1
618 1179 1
601 1188 1
587 1196 1
568 1200 1
550 1205 1
530 1206 1
509 1205 1
486 1203 1
458 1195 1
429 1185 1
400 1172 1
372 1159 1
345 1146 1
320 1130 1
297 1115 1
278 1100 1
261 1086 1
248 1073 1
234 1055 1
223 1037 1
213 1018 1
205 997 1
197 976 1
189 951 1
180 927 1
174 903 1
168 879 1
163 857 1
159 832 1
156 808 1
154 784 1
152 760 1
153 735 1
153 709 1
156 681 1
161 653 1
168 622 1
176 590 1
189 559 1
203 528 1
218 502 1
235 477 1
255 452 1
277 431 1
300 412 1
324 395 1
352 381 1
380 368 1
411 359 1
446 352 1
481 345 1
523 343 1
561 341 1
594 341 1
623 343 1
648 347 1
671 351 1
691 357 1
710 364 1
727 373 1
742 383 1
757 395 1
772 409 1
786 425 1
801 444 1
815 467 1
832 493 1
849 522 1
864 554 1
880 589 1
893 622 1
905 652 1
913 681 1
919 704 1
924 726 1
928 749 1
931 769 1
932 788 1
933 806 1
933 824 1
931 842 1
930 860 1
928 879 1
925 899 1
921 920 1
917 943 1
912 966 1
905 989 1
896 1013 1
887 1038 1
877 1062 1
865 1086 1
853 1108 1
838 1131 1
822 1155 1
806 1177 1
787 1197 1
767 1219 1
747 1238 1
726 1257 1
704 1273 1
683 1286 1
663 1298 1
643 1307 1
623 1316 1
602 1322 1
580 1326 1
556 1328 1
533 1326 1
508 1322 1
484 1317 1
459 1309 1
435 1302 1
414 1295 1
395 1288 1
379 1283 1
364 1277 1
352 1271 1
344 1269 1
337 1266 1
333 1264 1
330 1264 1
327 1262 1
328 1263 0
