192 1091 1
192 1089 1
194 1087 1
197 1083 1
204 1076 1
212 1068 1
223 1056 1
234 1043 1
247 1027 1
258 1007 1
269 986 1
280 963 1
295 924 1
300 898 1
306 873 1
309 848 1
310 822 1
309 797 1
307 772 1
300 753 1
290 736 1
281 725 1
266 719 1
253 714 1
238 715 1
222 718 1
206 722 1
194 730 1
182 737 1
176 745 1
171 754 1
169 764 1
171 777 1
176 795 1
187 818 1
200 845 1
214 876 1
230 907 1
248 940 1
265 970 1
282 1004 1
296 1033 1
307 1059 1
315 1085 1
320 1106 1
325 1128 1
327 1151 1
327 1172 1
325 1197 1
321 1222 1
315 1245 1
308 1266 1
300 1284 1
289 1300 1
277 1312 1
262 1324 1
249 1330 1
236 1332 1
224 1331 1
210 1329 1
199 1321 1
190 1314 1
181 1303 1
173 1290 1
166 1274 1
162 1260 1
159 1245 1
158 1231 1
158 1216 1
159 1200 1
161 1185 1
165 1171 1
169 1155 1
176 1139 1
185 1124 1
195 1107 1
191 1114 0
557 1121 1
558 1114 1
562 1105 1
570 1091 1
580 1073 1
592 1052 1
607 1024 1
626 989 1
645 946 1
677 862 1
695 809 1
704 759 1
708 715 1
708 679 1
702 650 1
692 626 1
682 612 1
668 601 1
656 594 1
638 591 1
619 591 1
603 593 1
586 602 1
573 617 1
562 636 1
553 655 1
550 678 1
551 708 1
556 746 1
568 792 1
582 835 1
598 873 1
613 905 1
629 933 1
642 959 1
655 983 1
667 1008 1
678 1031 1
688 1055 1
694 1076 1
700 1097 1
701 1117 1
703 1138 1
701 1156 1
698 1174 1
694 1190 1
686 1204 1
677 1216 1
667 1229 1
656 1239 1
645 1246 1
634 1252 1
623 1255 1
610 1256 1
600 1255 1
592 1252 1
585 1248 1
580 1244 1
574 1238 1
569 1229 1
565 1218 1
562 1205 1
561 1192 1
559 1177 1
560 1163 1
561 1147 1
562 1134 1
564 1121 1
569 1106 1
575 1092 1
584 1075 1
583 1078 0
861 887 1
861 885 1
861 885 1
861 884 1
863 880 1
866 873 1
871 863 1
878 850 1
887 831 1
896 808 1
906 776 1
917 739 1
928 701 1
939 644 1
943 613 1
944 589 1
942 569 1
939 554 1
930 543 1
921 537 1
910 533 1
893 533 1
877 535 1
861 546 1
847 561 1
836 581 1
826 613 1
822 648 1
822 689 1
824 726 1
828 759 1
839 786 1
849 814 1
859 843 1
869 872 1
877 901 1
883 928 1
887 956 1
889 978 1
890 1000 1
890 1019 1
887 1038 1
882 1057 1
877 1074 1
868 1089 1
860 1101 1
851 1111 1
844 1117 1
837 1123 1
830 1126 1
823 1129 1
817 1130 1
811 1130 1
801 1127 1
798 1120 1
792 1112 1
788 1101 1
785 1086 1
783 1071 1
781 1052 1
781 1034 1
781 1016 1
782 1000 1
783 986 1
783 975 1
786 965 1
790 952 1
795 941 1
801 928 1
808 916 1
815 905 1
822 895 1
829 885 1
836 875 1
844 865 1
851 855 1
858 845 1
865 840 1
862 843 0
