880 603 1
880 603 1
880 607 1
882 614 1
887 626 1
891 640 1
897 657 1
901 679 1
907 702 1
911 729 1
914 758 1
916 786 1
918 827 1
918 850 1
917 870 1
914 891 1
909 910 1
901 929 1
890 947 1
877 964 1
863 979 1
846 992 1
828 1003 1
809 1011 1
794 1018 1
781 1020 1
771 1022 1
764 1022 1
758 1020 1
753 1019 1
749 1018 1
747 1015 1
746 1006 1
747 997 1
748 989 1
749 982 1
752 977 1
755 971 1
760 965 1
765 961 1
769 957 1
775 954 1
778 952 1
783 950 1
788 951 1
793 951 1
801 954 1
808 963 1
814 973 1
819 987 1
824 1006 1
827 1027 1
826 1046 1
823 1065 1
815 1084 1
801 1104 1
782 1125 1
759 1144 1
768 1137 0
569 725 1
569 725 1
569 727 1
570 732 1
572 743 1
576 756 1
578 772 1
585 795 1
591 820 1
598 847 1
605 876 1
612 905 1
620 947 1
624 968 1
628 986 1
630 1002 1
632 1017 1
632 1027 1
632 1036 1
631 1043 1
630 1051 1
624 1065 1
610 1075 1
592 1087 1
568 1101 1
538 1114 1
506 1125 1
478 1133 1
456 1139 1
438 1141 1
427 1142 1
418 1140 1
414 1140 1
409 1138 1
407 1136 1
406 1129 1
406 1123 1
407 1116 1
408 1109 1
410 1103 1
412 1098 1
415 1094 1
419 1092 1
424 1091 1
430 1089 1
442 1090 1
453 1093 1
466 1101 1
480 1116 1
492 1134 1
501 1157 1
506 1180 1
506 1203 1
502 1225 1
488 1246 1
466 1265 1
439 1281 1
411 1292 1
420 1289 0
239 961 1
239 961 1
241 964 1
244 970 1
249 981 1
256 995 1
265 1012 1
275 1032 1
283 1051 1
293 1073 1
300 1096 1
309 1126 1
317 1151 1
322 1171 1
325 1183 1
328 1193 1
330 1202 1
332 1210 1
332 1217 1
330 1228 1
326 1238 1
317 1248 1
308 1257 1
295 1266 1
281 1274 1
267 1281 1
255 1285 1
247 1288 1
240 1290 1
233 1291 1
227 1291 1
223 1291 1
220 1290 1
218 1288 1
218 1287 1
217 1286 1
217 1284 1
218 1284 1
219 1282 1
221 1281 1
227 1281 1
234 1282 1
242 1282 1
250 1284 1
258 1286 1
269 1298 1
278 1310 1
283 1323 1
287 1338 1
289 1357 1
289 1379 1
286 1402 1
276 1425 1
259 1447 1
241 1465 1
220 1475 1
202 1482 1
204 1482 0
132 1157 1
132 1157 1
132 1158 1
133 1162 1
134 1169 1
137 1178 1
139 1189 1
144 1204 1
148 1223 1
154 1243 1
159 1268 1
165 1293 1
170 1321 1
177 1367 1
178 1390 1
178 1408 1
176 1426 1
171 1443 1
164 1458 1
155 1471 1
143 1482 1
133 1491 1
123 1497 1
118 1499 1
112 1501 1
107 1502 1
104 1500 1
102 1501 1
101 1498 1
99 1494 1
100 1489 1
101 1483 1
102 1478 1
104 1474 1
107 1470 1
115 1469 1
124 1470 1
135 1472 1
153 1487 1
171 1505 1
189 1529 1
201 1554 1
205 1579 1
199 1613 1
184 1653 1
187 1647 0
