59 1137 1
59 1135 1
59 1133 1
62 1127 1
66 1119 1
76 1104 1
87 1086 1
101 1064 1
114 1039 1
126 1012 1
136 980 1
149 923 1
154 893 1
154 856 1
156 825 1
156 798 1
156 776 1
153 759 1
148 751 1
141 745 1
134 745 1
123 746 1
111 755 1
98 771 1
87 791 1
78 813 1
72 832 1
68 848 1
67 873 1
67 900 1
71 935 1
77 972 1
82 1010 1
85 1037 1
87 1060 1
87 1079 1
88 1097 1
88 1113 1
88 1122 1
89 1131 1
89 1140 1
90 1150 1
90 1158 1
91 1166 1
92 1171 1
93 1175 1
95 1180 1
96 1182 1
101 1185 1
107 1188 1
124 1189 1
136 1189 1
149 1187 1
160 1183 1
173 1177 1
184 1172 1
196 1162 1
208 1153 1
219 1140 1
230 1126 1
240 1110 1
252 1091 1
264 1069 1
278 1043 1
292 1014 1
305 983 1
317 949 1
327 914 1
338 876 1
346 843 1
351 815 1
351 797 1
352 782 1
349 775 1
347 771 1
344 769 1
337 773 1
326 780 1
314 793 1
295 817 1
277 844 1
261 878 1
246 914 1
234 948 1
224 975 1
218 1000 1
213 1023 1
208 1045 1
206 1065 1
204 1082 1
202 1099 1
202 1113 1
202 1125 1
203 1135 1
206 1146 1
209 1156 1
212 1167 1
215 1177 1
219 1184 1
221 1191 1
225 1197 1
228 1201 1
233 1206 1
238 1210 1
244 1213 1
251 1216 1
259 1217 1
269 1218 1
280 1216 1
295 1209 1
310 1200 1
327 1187 1
344 1172 1
360 1156 1
375 1137 1
389 1117 1
403 1092 1
415 1065 1
429 1034 1
443 999 1
457 960 1
471 923 1
483 885 1
492 854 1
495 835 1
497 819 1
498 810 1
497 805 1
494 802 1
489 802 1
481 805 1
470 812 1
454 827 1
437 847 1
422 870 1
408 896 1
395 926 1
386 957 1
378 988 1
374 1017 1
371 1045 1
369 1071 1
369 1097 1
367 1121 1
368 1145 1
368 1166 1
369 1186 1
369 1201 1
371 1214 1
374 1227 1
375 1237 1
378 1246 1
381 1250 1
384 1254 1
387 1258 1
392 1260 1
397 1261 1
407 1259 1
419 1254 1
436 1245 1
455 1232 1
476 1213 1
498 1194 1
518 1173 1
535 1153 1
550 1130 1
565 1104 1
577 1078 1
589 1053 1
598 1030 1
604 1008 1
610 990 1
613 973 1
614 958 1
615 944 1
614 931 1
612 919 1
610 911 1
607 903 1
605 898 1
601 895 1
598 893 1
592 895 1
585 901 1
575 912 1
561 935 1
548 959 1
534 989 1
522 1020 1
512 1049 1
504 1077 1
497 1103 1
490 1128 1
486 1148 1
482 1170 1
478 1186 1
475 1203 1
473 1218 1
473 1234 1
471 1249 1
473 1264 1
474 1278 1
476 1290 1
480 1304 1
483 1316 1
487 1326 1
491 1333 1
496 1340 1
502 1344 1
509 1348 1
520 1349 1
538 1346 1
560 1339 1
589 1322 1
620 1302 1
650 1279 1
675 1253 1
696 1229 1
712 1204 1
726 1177 1
740 1148 1
753 1108 1
766 1069 1
773 1034 1
778 1004 1
781 983 1
779 967 1
776 956 1
774 950 1
771 946 1
769 944 1
766 945 1
760 947 1
751 958 1
738 975 1
721 998 1
702 1030 1
686 1062 1
673 1093 1
660 1123 1
650 1151 1
640 1178 1
633 1203 1
626 1229 1
620 1252 1
615 1272 1
612 1292 1
609 1312 1
606 1329 1
604 1346 1
603 1363 1
603 1380 1
604 1395 1
605 1410 1
608 1423 1
610 1437 1
615 1447 1
620 1457 1
626 1464 1
633 1470 1
642 1473 1
655 1474 1
671 1469 1
689 1461 1
714 1441 1
738 1417 1
759 1390 1
779 1361 1
795 1333 1
808 1305 1
821 1275 1
831 1247 1
840 1219 1
850 1192 1
857 1167 1
866 1142 1
871 1123 1
875 1107 1
878 1095 1
878 1087 1
879 1080 1
878 1077 1
876 1075 1
874 1076 1
867 1078 1
859 1086 1
843 1101 1
828 1121 1
813 1147 1
798 1174 1
785 1203 1
773 1230 1
764 1258 1
756 1286 1
750 1313 1
744 1338 1
741 1360 1
737 1380 1
736 1397 1
736 1408 1
736 1419 1
737 1429 1
740 1438 1
742 1445 1
746 1451 1
751 1456 1
757 1460 1
764 1463 1
772 1463 1
785 1457 1
800 1448 1
816 1433 1
835 1410 1
851 1386 1
867 1360 1
881 1334 1
895 1308 1
908 1277 1
920 1245 1
932 1213 1
944 1181 1
951 1155 1
956 1136 1
961 1123 1
961 1116 1
963 1111 1
964 1108 1
964 1106 1
962 1105 1
961 1106 1
958 1108 1
951 1113 1
941 1123 1
928 1139 1
914 1158 1
900 1180 1
887 1205 1
875 1230 1
864 1253 1
854 1280 1
846 1305 1
838 1329 1
833 1350 1
829 1369 1
826 1387 1
824 1403 1
822 1417 1
821 1431 1
821 1446 1
820 1461 1
818 1476 1
819 1491 1
820 1506 1
822 1520 1
825 1529 1
829 1537 1
832 1544 1
836 1546 1
842 1547 1
849 1543 1
858 1534 1
871 1518 1
887 1497 1
903 1475 1
917 1453 1
931 1430 1
942 1407 1
954 1383 1
963 1359 1
971 1340 1
977 1324 1
981 1310 1
985 1299 1
988 1288 1
990 1278 1
992 1270 1
992 1265 1
993 1260 1
993 1257 1
992 1256 1
990 1254 1
988 1255 1
985 1255 1
980 1259 1
971 1266 1
960 1278 1
949 1294 1
934 1313 1
920 1336 1
908 1357 1
898 1377 1
891 1396 1
885 1413 1
879 1432 1
875 1448 1
872 1463 1
869 1481 1
866 1500 1
864 1520 1
862 1537 1
861 1554 1
861 1571 1
860 1585 1
860 1598 1
861 1607 1
862 1616 1
865 1623 1
868 1628 1
867 1626 0
