730 737 1
727 738 1
726 740 1
723 744 1
718 754 1
711 766 1
702 786 1
692 809 1
679 835 1
663 865 1
646 896 1
621 947 1
604 980 1
586 1012 1
568 1041 1
554 1066 1
542 1090 1
526 1114 1
512 1139 1
496 1165 1
479 1187 1
460 1208 1
440 1225 1
423 1238 1
407 1245 1
393 1248 1
377 1248 1
360 1245 1
345 1240 1
331 1229 1
317 1214 1
306 1194 1
297 1171 1
292 1143 1
287 1113 1
288 1079 1
289 1040 1
298 997 1
311 952 1
328 909 1
349 867 1
371 826 1
394 787 1
419 752 1
442 715 1
464 685 1
484 657 1
507 631 1
530 605 1
552 585 1
574 565 1
596 547 1
620 528 1
644 510 1
668 494 1
691 481 1
712 471 1
735 463 1
758 457 1
778 452 1
797 450 1
817 448 1
834 450 1
846 452 1
857 458 1
867 468 1
876 480 1
884 501 1
889 524 1
890 553 1
889 587 1
884 622 1
877 659 1
868 698 1
856 736 1
842 774 1
828 807 1
816 838 1
803 870 1
790 903 1
776 937 1
762 970 1
749 1003 1
734 1037 1
715 1073 1
696 1108 1
675 1143 1
650 1176 1
624 1208 1
598 1236 1
571 1261 1
545 1286 1
514 1311 1
486 1333 1
461 1348 1
438 1361 1
415 1368 1
393 1373 1
372 1376 1
349 1374 1
325 1368 1
300 1352 1
276 1334 1
257 1312 1
243 1286 1
234 1257 1
230 1221 1
230 1181 1
233 1142 1
240 1104 1
250 1071 1
263 1037 1
278 1004 1
294 968 1
311 932 1
333 892 1
357 850 1
386 803 1
416 759 1
443 719 1
469 685 1
494 654 1
517 626 1
538 601 1
558 576 1
579 555 1
598 540 1
617 527 1
637 512 1
657 497 1
679 482 1
703 469 1
728 458 1
752 451 1
779 444 1
804 445 1
828 447 1
848 458 1
864 472 1
879 491 1
890 518 1
898 554 1
899 600 1
892 653 1
879 706 1
864 758 1
846 811 1
827 866 1
807 920 1
785 970 1
764 1014 1
746 1053 1
724 1089 1
703 1122 1
679 1154 1
650 1185 1
622 1210 1
595 1234 1
569 1253 1
541 1272 1
510 1289 1
474 1306 1
437 1321 1
403 1332 1
375 1339 1
349 1340 1
327 1336 1
310 1325 1
294 1312 1
283 1292 1
273 1266 1
266 1233 1
264 1191 1
264 1144 1
269 1101 1
276 1062 1
291 1023 1
311 982 1
336 934 1
362 890 1
386 853 1
408 820 1
430 788 1
455 753 1
485 714 1
511 681 1
533 653 1
551 631 1
569 612 1
587 594 1
608 574 1
628 557 1
649 540 1
670 524 1
691 510 1
712 495 1
730 483 1
749 474 1
769 467 1
788 461 1
807 457 1
823 454 1
839 452 1
852 451 1
865 450 1
876 450 1
884 452 1
893 456 1
901 465 1
909 477 1
915 499 1
921 526 1
920 567 1
916 612 1
905 661 1
891 708 1
877 756 1
863 800 1
849 843 1
835 882 1
820 920 1
804 957 1
787 993 1
770 1026 1
752 1057 1
731 1086 1
709 1115 1
686 1143 1
659 1172 1
630 1200 1
600 1227 1
571 1251 1
545 1272 1
518 1289 1
491 1303 1
460 1312 1
433 1317 1
408 1314 1
387 1307 1
367 1297 1
351 1279 1
335 1255 1
322 1224 1
308 1191 1
299 1152 1
296 1114 1
297 1078 1
303 1043 1
312 1006 1
325 971 1
340 933 1
356 895 1
373 858 1
390 821 1
408 785 1
429 750 1
454 714 1
479 681 1
504 649 1
527 621 1
549 594 1
567 571 1
586 549 1
611 525 1
639 502 1
665 483 1
690 468 1
709 458 1
727 449 1
746 444 1
764 441 1
782 438 1
801 439 1
820 440 1
836 443 1
850 446 1
863 454 1
877 463 1
889 478 1
902 498 1
909 528 1
911 567 1
904 617 1
888 671 1
869 726 1
853 774 1
839 821 1
827 868 1
816 916 1
805 963 1
795 1007 1
783 1046 1
769 1085 1
755 1121 1
738 1154 1
720 1183 1
696 1207 1
669 1229 1
641 1248 1
613 1262 1
586 1274 1
564 1283 1
544 1291 1
524 1299 1
502 1308 1
476 1317 1
450 1325 1
425 1331 1
401 1333 1
378 1331 1
356 1327 1
332 1319 1
311 1310 1
293 1296 1
278 1280 1
265 1254 1
256 1224 1
251 1187 1
251 1148 1
258 1108 1
268 1070 1
281 1035 1
293 1002 1
305 971 1
320 940 1
335 909 1
355 872 1
375 835 1
395 799 1
415 766 1
435 735 1
456 705 1
478 677 1
498 648 1
519 622 1
538 599 1
557 578 1
576 561 1
595 547 1
615 536 1
634 524 1
652 512 1
667 502 1
681 493 1
698 483 1
714 475 1
734 471 1
757 466 1
782 466 1
808 466 1
835 470 1
857 480 1
879 493 1
897 516 1
913 543 1
921 582 1
921 627 1
915 671 1
905 713 1
892 752 1
880 790 1
866 828 1
852 867 1
837 903 1
821 934 1
807 964 1
793 990 1
779 1016 1
765 1042 1
750 1070 1
731 1098 1
711 1127 1
687 1159 1
660 1190 1
631 1219 1
603 1246 1
581 1262 1
562 1277 1
546 1288 1
531 1300 1
512 1313 1
490 1326 1
465 1339 1
437 1346 1
411 1350 1
385 1348 1
356 1340 1
328 1324 1
303 1307 1
284 1288 1
269 1270 1
261 1251 1
254 1230 1
249 1203 1
246 1171 1
244 1137 1
246 1111 1
250 1085 1
259 1053 1
272 1017 1
288 981 1
305 947 1
322 915 1
342 881 1
365 844 1
394 800 1
425 754 1
452 710 1
473 679 1
492 654 1
506 637 1
521 622 1
538 604 1
560 578 1
586 554 1
611 533 1
633 515 1
651 504 1
666 495 1
680 488 1
695 482 1
715 476 1
736 470 1
760 465 1
782 462 1
804 460 1
824 461 1
845 464 1
863 472 1
882 484 1
897 504 1
911 528 1
920 556 1
925 588 1
927 624 1
921 665 1
912 708 1
901 748 1
887 789 1
870 827 1
855 865 1
837 900 1
817 940 1
796 977 1
776 1013 1
756 1048 1
734 1085 1
711 1121 1
684 1160 1
657 1194 1
627 1225 1
600 1251 1
576 1274 1
553 1294 1
529 1315 1
506 1333 1
482 1351 1
458 1366 1
436 1378 1
416 1388 1
399 1395 1
384 1399 1
366 1395 1
346 1385 1
323 1359 1
302 1328 1
286 1294 1
276 1259 1
271 1225 1
268 1188 1
268 1150 1
269 1116 1
272 1083 1
279 1053 1
285 1023 1
292 994 1
300 964 1
307 936 1
318 908 1
331 877 1
348 845 1
367 811 1
385 781 1
403 753 1
420 726 1
438 699 1
458 671 1
480 644 1
499 620 1
516 601 1
533 580 1
552 562 1
572 547 1
593 532 1
615 519 1
635 506 1
652 496 1
668 485 1
684 477 1
700 469 1
715 462 1
729 457 1
742 451 1
753 446 1
762 442 1
772 437 1
781 432 1
790 429 1
801 425 1
814 422 1
829 422 1
843 423 1
855 425 1
868 428 1
881 435 1
893 444 1
906 458 1
917 476 1
926 498 1
932 524 1
937 551 1
938 580 1
936 612 1
930 647 1
920 685 1
908 725 1
894 762 1
882 795 1
870 827 1
859 856 1
845 888 1
831 919 1
816 950 1
800 980 1
784 1010 1
768 1037 1
751 1062 1
735 1089 1
716 1117 1
697 1147 1
675 1178 1
653 1206 1
633 1231 1
615 1250 1
600 1265 1
587 1277 1
573 1289 1
557 1301 1
539 1315 1
521 1328 1
503 1339 1
483 1346 1
459 1353 1
428 1352 1
390 1342 1
349 1320 1
315 1297 1
290 1275 1
276 1259 1
267 1243 1
264 1221 1
264 1193 1
268 1157 1
274 1118 1
287 1075 1
302 1033 1
318 990 1
332 954 1
344 923 1
356 898 1
366 874 1
377 849 1
389 821 1
404 794 1
419 769 1
435 746 1
452 721 1
474 695 1
495 667 1
515 642 1
530 622 1
548 604 1
565 588 1
583 573 1
602 557 1
621 543 1
639 530 1
656 519 1
670 509 1
684 502 1
696 495 1
707 490 1
716 487 1
726 483 1
735 481 1
746 479 1
756 480 1
769 481 1
784 483 1
799 487 1
813 492 1
825 498 1
836 504 1
845 513 1
854 525 1
864 541 1
872 557 1
877 576 1
880 598 1
881 622 1
878 651 1
874 681 1
868 710 1
861 740 1
853 768 1
845 797 1
834 827 1
823 858 1
809 890 1
795 924 1
781 959 1
768 991 1
756 1021 1
742 1051 1
727 1079 1
709 1107 1
692 1132 1
673 1161 1
649 1189 1
624 1217 1
603 1241 1
584 1260 1
569 1273 1
557 1285 1
546 1296 1
534 1309 1
520 1323 1
505 1335 1
491 1345 1
476 1354 1
460 1362 1
445 1366 1
427 1372 1
409 1377 1
393 1379 1
377 1377 1
362 1369 1
344 1354 1
326 1329 1
311 1300 1
302 1268 1
297 1236 1
293 1199 1
293 1155 1
296 1109 1
304 1071 1
313 1037 1
323 1008 1
333 981 1
342 952 1
351 927 1
360 903 1
368 877 1
379 849 1
392 819 1
408 789 1
423 764 1
440 738 1
456 712 1
470 692 1
481 673 1
494 656 1
506 639 1
520 623 1
534 604 1
548 585 1
564 566 1
580 549 1
598 535 1
618 518 1
636 502 1
655 489 1
670 478 1
684 470 1
699 463 1
715 459 1
729 455 1
743 453 1
754 451 1
765 450 1
776 450 1
789 451 1
805 455 1
821 460 1
840 468 1
860 478 1
880 488 1
896 499 1
910 510 1
923 524 1
935 545 1
943 569 1
950 597 1
952 626 1
950 656 1
942 689 1
935 723 1
924 757 1
913 790 1
901 824 1
890 854 1
873 888 1
859 917 1
845 945 1
830 976 1
811 1011 1
792 1050 1
771 1087 1
749 1122 1
725 1157 1
698 1192 1
674 1222 1
650 1249 1
629 1271 1
605 1293 1
583 1315 1
561 1333 1
540 1347 1
522 1357 1
506 1364 1
492 1370 1
478 1376 1
464 1380 1
450 1382 1
434 1380 1
417 1372 1
397 1357 1
377 1330 1
358 1297 1
345 1263 1
334 1229 1
329 1194 1
325 1158 1
322 1122 1
324 1086 1
326 1053 1
330 1024 1
336 996 1
346 961 1
360 921 1
375 877 1
391 834 1
407 795 1
425 760 1
445 726 1
468 696 1
492 669 1
510 649 1
527 633 1
540 620 1
551 611 1
562 603 1
574 594 1
590 583 1
609 571 1
631 557 1
652 542 1
673 530 1
691 520 1
705 510 1
718 502 1
734 493 1
748 486 1
762 479 1
774 474 1
785 472 1
796 473 1
810 475 1
825 479 1
840 485 1
856 493 1
868 500 1
879 509 1
888 520 1
900 534 1
908 548 1
916 564 1
922 582 1
926 605 1
927 634 1
925 667 1
920 700 1
914 732 1
906 760 1
897 792 1
886 828 1
873 864 1
859 898 1
841 930 1
822 965 1
804 998 1
785 1031 1
766 1062 1
746 1092 1
726 1119 1
702 1148 1
676 1177 1
648 1203 1
620 1228 1
597 1248 1
578 1264 1
560 1280 1
542 1295 1
522 1311 1
501 1326 1
483 1337 1
470 1344 1
459 1349 1
449 1353 1
439 1355 1
428 1357 1
411 1354 1
391 1345 1
368 1331 1
348 1312 1
330 1287 1
316 1262 1
306 1235 1
299 1208 1
295 1180 1
295 1152 1
297 1123 1
301 1092 1
307 1063 1
316 1037 1
327 1012 1
340 986 1
355 953 1
372 916 1
389 884 1
407 852 1
422 827 1
437 800 1
454 775 1
470 752 1
485 730 1
495 714 1
503 701 1
509 692 1
515 684 1
522 675 1
532 662 1
542 648 1
554 632 1
565 618 1
578 603 1
592 587 1
605 572 1
620 556 1
635 540 1
651 525 1
668 510 1
685 495 1
702 482 1
721 472 1
741 462 1
758 454 1
775 446 1
792 440 1
808 436 1
821 433 1
833 433 1
842 433 1
852 435 1
862 438 1
873 443 1
886 450 1
898 460 1
910 472 1
920 487 1
929 504 1
936 525 1
940 551 1
942 579 1
941 615 1
936 656 1
928 699 1
917 741 1
906 779 1
897 812 1
890 840 1
882 866 1
873 893 1
859 923 1
844 958 1
826 994 1
807 1028 1
788 1059 1
765 1089 1
738 1124 1
709 1161 1
680 1199 1
653 1226 1
630 1246 1
612 1263 1
599 1272 1
588 1281 1
580 1289 1
572 1297 1
565 1305 1
557 1312 1
547 1320 1
533 1330 1
517 1339 1
497 1348 1
475 1354 1
455 1359 1
437 1362 1
420 1363 1
404 1359 1
387 1350 1
368 1335 1
351 1316 1
339 1294 1
330 1272 1
325 1251 1
322 1229 1
322 1204 1
323 1178 1
326 1151 1
328 1126 1
332 1102 1
337 1079 1
345 1056 1
352 1032 1
359 1008 1
366 985 1
372 964 1
379 944 1
387 924 1
396 901 1
406 878 1
416 853 1
428 832 1
439 812 1
451 791 1
464 771 1
479 751 1
497 726 1
516 699 1
537 675 1
556 654 1
571 637 1
587 623 1
606 609 1
628 592 1
652 574 1
673 556 1
693 541 1
708 530 1
722 521 1
736 511 1
750 501 1
766 491 1
780 483 1
795 475 1
808 471 1
821 468 1
834 466 1
848 463 1
859 464 1
872 465 1
883 469 1
895 475 1
907 483 1
919 495 1
931 507 1
940 527 1
946 553 1
948 586 1
946 626 1
942 671 1
934 715 1
925 755 1
916 789 1
907 821 1
895 854 1
881 887 1
866 922 1
851 959 1
834 997 1
814 1032 1
792 1070 1
770 1105 1
746 1141 1
724 1172 1
703 1199 1
682 1224 1
663 1247 1
642 1268 1
623 1286 1
603 1305 1
583 1321 1
565 1334 1
548 1345 1
532 1351 1
515 1358 1
497 1363 1
478 1368 1
459 1368 1
438 1361 1
418 1350 1
399 1330 1
379 1306 1
363 1276 1
350 1245 1
340 1211 1
334 1177 1
331 1143 1
330 1109 1
330 1075 1
333 1042 1
336 1010 1
341 982 1
347 954 1
354 926 1
362 901 1
371 877 1
382 854 1
393 831 1
404 806 1
416 782 1
427 760 1
440 738 1
451 716 1
462 695 1
478 668 1
500 640 1
524 615 1
542 594 1
555 577 1
568 564 1
583 553 1
606 538 1
634 519 1
662 499 1
685 483 1
705 472 1
720 466 1
734 463 1
749 460 1
765 459 1
779 459 1
793 462 1
805 466 1
818 473 1
830 480 1
844 492 1
856 504 1
870 523 1
882 545 1
893 568 1
901 598 1
905 633 1
901 679 1
892 730 1
881 776 1
867 819 1
853 857 1
836 894 1
819 930 1
804 962 1
790 989 1
779 1011 1
768 1033 1
757 1051 1
745 1072 1
733 1094 1
718 1117 1
704 1142 1
688 1169 1
672 1195 1
654 1220 1
637 1242 1
621 1261 1
603 1281 1
586 1302 1
568 1321 1
549 1337 1
531 1350 1
512 1360 1
490 1367 1
467 1372 1
437 1368 1
400 1351 1
363 1327 1
336 1299 1
315 1272 1
304 1246 1
296 1220 1
292 1189 1
291 1156 1
293 1122 1
297 1086 1
305 1051 1
316 1017 1
329 985 1
340 956 1
351 928 1
362 902 1
373 874 1
388 847 1
404 819 1
419 792 1
435 767 1
452 742 1
470 717 1
489 694 1
510 668 1
535 640 1
558 613 1
580 588 1
599 564 1
616 547 1
635 531 1
653 516 1
670 504 1
686 492 1
701 484 1
715 476 1
729 472 1
742 469 1
753 468 1
764 468 1
777 469 1
792 474 1
809 481 1
823 490 1
835 499 1
846 507 1
857 518 1
870 533 1
881 554 1
890 578 1
896 606 1
899 639 1
896 674 1
890 711 1
880 748 1
871 784 1
861 816 1
847 849 1
832 882 1
815 913 1
797 945 1
783 975 1
769 1004 1
758 1032 1
745 1062 1
730 1095 1
715 1128 1
698 1161 1
682 1193 1
667 1224 1
650 1252 1
631 1279 1
612 1303 1
594 1327 1
572 1344 1
551 1358 1
531 1370 1
514 1382 1
498 1393 1
483 1401 1
469 1407 1
453 1409 1
439 1405 1
422 1397 1
402 1380 1
381 1357 1
360 1328 1
341 1297 1
327 1273 1
316 1251 1
306 1231 1
299 1209 1
291 1185 1
285 1159 1
281 1134 1
281 1109 1
282 1085 1
286 1064 1
290 1044 1
295 1026 1
299 1005 1
306 983 1
314 957 1
325 931 1
335 904 1
344 881 1
352 861 1
361 843 1
369 828 1
379 810 1
389 793 1
399 777 1
409 762 1
417 746 1
428 729 1
442 710 1
456 692 1
471 675 1
485 658 1
500 640 1
515 625 1
532 611 1
548 598 1
563 584 1
579 569 1
595 554 1
612 541 1
630 527 1
651 511 1
669 498 1
686 485 1
705 476 1
726 468 1
748 461 1
773 455 1
795 449 1
813 445 1
828 445 1
841 445 1
853 448 1
865 455 1
876 462 1
885 469 1
893 480 1
901 494 1
909 517 1
915 543 1
922 573 1
927 603 1
925 631 1
920 663 1
913 696 1
904 730 1
895 763 1
887 791 1
878 821 1
867 856 1
854 891 1
842 924 1
830 953 1
819 979 1
808 1007 1
796 1034 1
781 1067 1
765 1099 1
751 1126 1
736 1151 1
721 1176 1
704 1199 1
686 1222 1
666 1242 1
650 1258 1
636 1270 1
622 1282 1
606 1294 1
590 1306 1
573 1314 1
553 1318 1
533 1319 1
511 1315 1
489 1310 1
468 1305 1
450 1300 1
431 1291 1
410 1278 1
390 1262 1
369 1242 1
351 1217 1
334 1188 1
320 1157 1
311 1130 1
306 1103 1
304 1078 1
307 1051 1
310 1020 1
317 987 1
326 952 1
339 920 1
351 890 1
365 859 1
383 825 1
401 790 1
419 756 1
435 721 1
450 694 1
464 669 1
477 649 1
492 631 1
508 612 1
524 591 1
540 569 1
557 553 1
573 539 1
591 528 1
608 517 1
625 507 1
640 496 1
654 488 1
666 481 1
679 475 1
691 469 1
703 465 1
715 461 1
729 458 1
746 455 1
763 452 1
780 449 1
796 449 1
813 450 1
832 453 1
850 459 1
867 467 1
883 477 1
897 488 1
908 500 1
918 514 1
928 532 1
936 551 1
943 570 1
949 591 1
953 616 1
956 642 1
954 673 1
951 702 1
945 734 1
936 765 1
927 794 1
918 823 1
905 850 1
893 878 1
881 906 1
865 935 1
850 964 1
833 990 1
815 1016 1
798 1041 1
780 1068 1
763 1093 1
745 1121 1
728 1145 1
709 1169 1
689 1194 1
665 1221 1
640 1246 1
616 1270 1
595 1289 1
577 1308 1
558 1325 1
537 1342 1
518 1355 1
499 1367 1
480 1375 1
462 1381 1
444 1384 1
425 1383 1
405 1380 1
384 1373 1
363 1358 1
342 1338 1
323 1312 1
305 1285 1
294 1256 1
285 1228 1
278 1201 1
274 1176 1
271 1151 1
271 1127 1
273 1102 1
278 1077 1
284 1052 1
290 1028 1
297 1004 1
304 980 1
312 955 1
322 928 1
333 901 1
345 874 1
357 851 1
370 827 1
381 804 1
394 781 1
407 760 1
423 737 1
440 713 1
458 692 1
476 670 1
495 649 1
514 629 1
528 613 1
541 598 1
552 584 1
566 568 1
579 553 1
597 541 1
614 527 1
633 515 1
652 504 1
667 494 1
680 486 1
695 477 1
712 468 1
730 459 1
748 452 1
764 446 1
780 443 1
796 440 1
814 441 1
829 441 1
842 444 1
852 447 1
862 453 1
872 463 1
883 475 1
891 489 1
898 506 1
903 524 1
905 546 1
906 570 1
903 598 1
900 628 1
895 656 1
890 683 1
883 707 1
875 731 1
867 756 1
858 782 1
850 808 1
841 835 1
833 861 1
822 886 1
811 908 1
802 928 1
795 948 1
787 968 1
779 987 1
769 1009 1
759 1031 1
748 1055 1
736 1082 1
722 1109 1
708 1137 1
693 1162 1
678 1185 1
662 1203 1
645 1222 1
627 1241 1
609 1256 1
590 1272 1
570 1288 1
547 1303 1
525 1317 1
505 1328 1
487 1336 1
466 1343 1
450 1348 1
433 1351 1
416 1354 1
399 1355 1
383 1351 1
364 1343 1
347 1331 1
332 1318 1
318 1301 1
308 1282 1
299 1261 1
293 1236 1
288 1205 1
285 1171 1
285 1135 1
286 1103 1
288 1079 1
290 1060 1
293 1045 1
296 1029 1
300 1013 1
304 995 1
308 980 1
312 965 1
316 951 1
321 934 1
328 917 1
335 900 1
341 886 1
347 873 1
352 862 1
357 852 1
363 840 1
371 825 1
383 807 1
395 786 1
408 765 1
423 745 1
437 723 1
451 703 1
468 682 1
487 658 1
504 637 1
517 623 1
527 612 1
533 605 1
541 597 1
551 587 1
561 577 1
569 568 1
578 560 1
587 552 1
599 544 1
613 537 1
628 527 1
644 516 1
658 506 1
671 497 1
682 491 1
689 485 1
696 482 1
703 479 1
711 476 1
718 473 1
729 470 1
738 466 1
748 463 1
758 460 1
767 458 1
776 456 1
788 457 1
799 457 1
810 457 1
823 459 1
835 462 1
851 467 1
868 475 1
886 485 1
902 496 1
916 508 1
928 520 1
939 537 1
947 553 1
953 569 1
959 591 1
962 615 1
962 647 1
959 681 1
951 718 1
945 751 1
937 783 1
927 811 1
917 839 1
907 866 1
898 892 1
888 916 1
879 938 1
869 960 1
857 982 1
845 1005 1
831 1030 1
817 1055 1
801 1079 1
785 1102 1
771 1122 1
758 1142 1
746 1163 1
735 1182 1
723 1202 1
710 1221 1
695 1238 1
681 1255 1
667 1270 1
654 1285 1
642 1299 1
631 1311 1
622 1320 1
613 1329 1
607 1335 1
600 1341 1
593 1345 1
585 1350 1
575 1354 1
563 1357 1
548 1361 1
531 1364 1
512 1366 1
494 1367 1
476 1367 1
459 1361 1
444 1353 1
426 1337 1
407 1318 1
389 1296 1
374 1275 1
361 1257 1
352 1244 1
344 1231 1
337 1216 1
332 1202 1
326 1187 1
321 1172 1
317 1157 1
314 1142 1
311 1130 1
310 1118 1
308 1107 1
307 1092 1
308 1075 1
309 1057 1
312 1037 1
315 1017 1
321 998 1
327 981 1
333 960 1
339 942 1
348 921 1
354 902 1
361 884 1
368 868 1
374 851 1
382 833 1
392 813 1
404 792 1
415 772 1
426 756 1
439 737 1
452 716 1
469 696 1
486 677 1
502 657 1
518 638 1
533 623 1
548 607 1
565 589 1
581 572 1
599 555 1
618 540 1
635 526 1
652 512 1
669 498 1
684 486 1
698 477 1
712 468 1
725 462 1
737 457 1
747 454 1
757 452 1
767 451 1
779 451 1
794 452 1
809 457 1
826 463 1
841 473 1
858 485 1
873 499 1
888 514 1
899 532 1
909 551 1
917 574 1
925 598 1
927 629 1
926 661 1
923 693 1
919 722 1
915 749 1
910 775 1
905 800 1
900 825 1
894 850 1
884 873 1
876 894 1
868 912 1
859 932 1
849 953 1
837 980 1
825 1010 1
807 1041 1
788 1074 1
770 1104 1
753 1132 1
737 1159 1
721 1181 1
707 1202 1
690 1222 1
675 1242 1
658 1260 1
642 1276 1
628 1290 1
613 1305 1
598 1320 1
581 1333 1
564 1346 1
546 1355 1
529 1363 1
515 1368 1
501 1371 1
489 1373 1
475 1371 1
461 1368 1
445 1356 1
431 1342 1
420 1324 1
409 1304 1
397 1281 1
387 1259 1
378 1236 1
369 1214 1
363 1189 1
358 1163 1
356 1139 1
355 1112 1
355 1087 1
357 1059 1
359 1035 1
361 1013 1
363 995 1
368 978 1
375 954 1
386 925 1
398 895 1
411 866 1
422 841 1
433 819 1
447 796 1
462 771 1
479 745 1
495 719 1
509 697 1
524 678 1
540 656 1
557 635 1
578 615 1
597 596 1
614 577 1
628 562 1
645 546 1
663 533 1
680 521 1
697 510 1
712 500 1
725 492 1
739 487 1
753 483 1
769 481 1
786 483 1
802 486 1
818 491 1
831 496 1
844 500 1
855 506 1
866 512 1
875 518 1
886 527 1
895 537 1
904 548 1
910 560 1
916 574 1
920 588 1
924 608 1
927 630 1
930 654 1
930 678 1
927 706 1
921 737 1
912 769 1
902 801 1
891 831 1
880 859 1
868 886 1
852 913 1
836 944 1
819 976 1
802 1009 1
784 1041 1
769 1073 1
752 1104 1
736 1136 1
719 1165 1
697 1195 1
674 1224 1
650 1251 1
626 1276 1
604 1296 1
581 1316 1
560 1333 1
538 1346 1
516 1356 1
496 1362 1
476 1367 1
456 1368 1
435 1365 1
413 1356 1
389 1338 1
368 1319 1
350 1300 1
337 1278 1
327 1259 1
319 1238 1
313 1218 1
310 1199 1
308 1178 1
308 1158 1
309 1136 1
311 1114 1
316 1094 1
322 1074 1
330 1055 1
338 1033 1
348 1009 1
359 985 1
372 959 1
386 935 1
398 911 1
412 887 1
427 861 1
444 828 1
459 799 1
477 773 1
500 744 1
527 713 1
554 682 1
582 653 1
608 628 1
632 607 1
652 590 1
670 575 1
688 561 1
701 548 1
714 538 1
725 529 1
738 521 1
749 514 1
760 508 1
770 503 1
781 498 1
790 494 1
799 491 1
810 488 1
822 485 1
835 483 1
847 481 1
860 479 1
870 480 1
881 484 1
894 488 1
907 495 1
918 501 1
926 509 1
934 517 1
942 532 1
947 549 1
951 572 1
952 597 1
951 625 1
947 658 1
941 693 1
933 729 1
922 762 1
910 794 1
896 827 1
880 862 1
861 894 1
843 925 1
822 957 1
802 990 1
781 1026 1
762 1067 1
745 1108 1
730 1147 1
714 1180 1
696 1211 1
675 1241 1
655 1269 1
638 1292 1
624 1309 1
610 1323 1
598 1331 1
584 1334 1
565 1333 1
539 1324 1
508 1312 1
475 1301 1
444 1289 1
417 1278 1
389 1265 1
363 1251 1
342 1236 1
323 1218 1
307 1196 1
294 1170 1
286 1136 1
281 1095 1
287 1037 1
299 979 1
307 947 1
303 965 0
