614 951 1
614 951 1
614 951 1
614 951 1
614 951 1
614 951 1
614 951 1
614 951 1
614 951 1
614 951 1
612 951 1
612 951 1
612 951 1
610 952 1
607 954 1
603 955 1
597 956 1
590 956 1
582 956 1
575 953 1
569 950 1
564 946 1
559 938 1
555 929 1
553 918 1
551 907 1
553 898 1
556 889 1
564 882 1
573 878 1
582 873 1
595 872 1
609 873 1
621 875 1
634 881 1
648 888 1
660 897 1
672 908 1
680 917 1
686 927 1
691 939 1
693 951 1
692 966 1
687 979 1
682 993 1
673 1007 1
659 1022 1
641 1035 1
619 1047 1
593 1057 1
569 1063 1
547 1067 1
525 1068 1
496 1064 1
476 1053 1
462 1041 1
451 1029 1
443 1017 1
437 1000 1
434 985 1
434 969 1
435 957 1
437 941 1
443 922 1
453 903 1
464 884 1
476 866 1
491 850 1
507 836 1
521 824 1
536 814 1
551 806 1
566 797 1
581 789 1
598 784 1
616 780 1
634 778 1
653 778 1
670 780 1
687 783 1
699 789 1
711 796 1
722 804 1
735 814 1
747 825 1
760 838 1
771 852 1
780 865 1
789 880 1
797 895 1
803 912 1
808 929 1
812 948 1
815 966 1
816 984 1
816 1000 1
814 1019 1
811 1036 1
804 1052 1
796 1069 1
785 1087 1
772 1103 1
758 1117 1
742 1129 1
725 1139 1
702 1151 1
676 1164 1
647 1176 1
619 1185 1
593 1190 1
571 1193 1
549 1194 1
528 1191 1
508 1186 1
486 1179 1
467 1172 1
450 1163 1
434 1151 1
420 1136 1
408 1118 1
397 1101 1
389 1080 1
383 1060 1
379 1040 1
378 1018 1
379 995 1
384 970 1
390 946 1
399 924 1
408 903 1
420 881 1
433 859 1
444 834 1
455 810 1
464 788 1
476 768 1
488 751 1
502 735 1
515 718 1
529 703 1
543 690 1
557 679 1
573 671 1
590 665 1
608 659 1
626 656 1
643 653 1
660 651 1
676 649 1
691 650 1
706 651 1
719 654 1
733 660 1
750 667 1
766 675 1
782 686 1
796 697 1
811 710 1
823 724 1
834 736 1
845 752 1
854 768 1
863 785 1
871 802 1
878 824 1
885 845 1
891 868 1
897 890 1
901 911 1
904 932 1
906 952 1
907 970 1
906 989 1
903 1008 1
900 1029 1
894 1049 1
888 1071 1
881 1092 1
871 1114 1
861 1134 1
845 1158 1
827 1180 1
806 1199 1
784 1215 1
760 1229 1
735 1244 1
707 1259 1
674 1270 1
636 1278 1
601 1284 1
570 1288 1
541 1290 1
514 1289 1
489 1286 1
464 1277 1
438 1264 1
418 1249 1
400 1232 1
384 1212 1
370 1190 1
358 1164 1
349 1134 1
341 1101 1
335 1068 1
332 1035 1
329 1001 1
330 968 1
332 935 1
335 902 1
339 868 1
345 837 1
352 804 1
365 771 1
380 738 1
396 708 1
412 682 1
429 656 1
446 628 1
462 600 1
478 575 1
493 553 1
509 535 1
527 514 1
551 495 1
574 478 1
597 464 1
616 456 1
635 451 1
654 448 1
676 448 1
702 449 1
728 455 1
754 464 1
779 475 1
802 489 1
824 504 1
844 521 1
863 539 1
881 558 1
897 578 1
911 597 1
922 614 1
932 634 1
940 654 1
948 676 1
954 697 1
958 719 1
961 742 1
964 765 1
966 792 1
968 819 1
968 849 1
967 880 1
965 911 1
960 942 1
956 974 1
951 1005 1
947 1039 1
944 1073 1
941 1107 1
935 1143 1
926 1177 1
914 1212 1
903 1243 1
891 1271 1
877 1297 1
859 1325 1
836 1352 1
810 1378 1
776 1400 1
741 1418 1
703 1429 1
663 1437 1
622 1439 1
581 1437 1
542 1433 1
502 1423 1
462 1408 1
428 1391 1
400 1374 1
373 1354 1
348 1333 1
324 1305 1
302 1274 1
280 1242 1
261 1210 1
243 1172 1
229 1135 1
218 1096 1
210 1057 1
206 1017 1
204 974 1
205 929 1
208 888 1
215 846 1
224 803 1
236 759 1
250 717 1
265 676 1
282 635 1
300 594 1
320 555 1
339 519 1
360 486 1
379 458 1
395 435 1
413 412 1
431 391 1
449 373 1
471 356 1
494 341 1
517 329 1
543 320 1
569 315 1
593 311 1
615 310 1
634 310 1
648 312 1
662 316 1
676 323 1
692 330 1
705 337 1
719 345 1
734 356 1
752 369 1
770 382 1
787 396 1
805 411 1
820 422 1
832 432 1
844 442 1
855 451 1
863 462 1
871 472 1
879 481 1
886 490 1
894 499 1
903 510 1
911 523 1
920 535 1
926 546 1
934 559 1
941 571 1
948 583 1
956 596 1
964 609 1
970 621 1
976 632 1
979 643 1
984 654 1
988 665 1
992 677 1
996 688 1
999 699 1
1001 710 1
1003 723 1
1006 736 1
1009 752 1
1011 768 1
1014 783 1
1016 799 1
1018 816 1
1020 833 1
1023 850 1
1025 869 1
1025 886 1
1027 904 1
1028 923 1
1030 942 1
1031 962 1
1033 981 1
1033 999 1
1033 1019 1
1033 1039 1
1032 1060 1
1032 1082 1
1032 1103 1
1030 1126 1
1029 1148 1
1029 1170 1
1028 1193 1
1026 1216 1
1024 1240 1
1023 1264 1
1021 1287 1
1019 1314 1
1016 1341 1
1010 1367 1
1001 1392 1
990 1414 1
975 1436 1
961 1458 1
944 1480 1
920 1508 1
892 1535 1
861 1559 1
832 1578 1
803 1595 1
773 1610 1
737 1625 1
699 1637 1
655 1643 1
612 1645 1
567 1642 1
520 1634 1
477 1622 1
437 1606 1
396 1586 1
355 1559 1
318 1531 1
290 1503 1
265 1478 1
248 1450 1
229 1416 1
211 1377 1
194 1333 1
180 1288 1
168 1246 1
155 1203 1
144 1161 1
135 1121 1
129 1082 1
127 1034 1
124 983 1
118 936 1
113 898 1
109 870 1
106 846 1
106 829 1
106 816 1
106 804 1
105 798 1
105 791 1
105 793 0
