74 1211 1
74 1210 1
76 1206 1
82 1198 1
96 1181 1
119 1156 1
148 1124 1
179 1088 1
222 1032 1
255 986 1
284 948 1
308 910 1
327 877 1
337 849 1
345 827 1
349 807 1
351 791 1
349 778 1
347 770 1
346 765 1
336 757 1
319 757 1
294 760 1
268 772 1
246 787 1
228 803 1
216 817 1
209 831 1
206 844 1
204 860 1
208 878 1
215 899 1
227 920 1
243 944 1
261 967 1
276 985 1
290 999 1
301 1014 1
312 1028 1
320 1042 1
325 1054 1
330 1065 1
331 1078 1
331 1092 1
326 1107 1
321 1122 1
312 1135 1
298 1149 1
283 1160 1
268 1166 1
252 1169 1
239 1166 1
228 1161 1
220 1151 1
215 1139 1
215 1123 1
215 1124 0
465 1210 1
465 1210 1
465 1210 1
465 1209 1
465 1206 1
469 1202 1
479 1192 1
492 1178 1
511 1157 1
533 1133 1
562 1098 1
601 1049 1
636 1004 1
657 973 1
672 949 1
684 927 1
692 907 1
694 894 1
696 883 1
697 874 1
696 866 1
692 855 1
682 851 1
668 849 1
649 851 1
629 854 1
608 868 1
590 882 1
576 896 1
569 905 1
564 912 1
562 920 1
562 930 1
567 947 1
577 964 1
595 986 1
614 1006 1
634 1024 1
652 1042 1
669 1057 1
681 1069 1
690 1080 1
697 1089 1
702 1098 1
705 1108 1
707 1119 1
707 1131 1
704 1146 1
699 1162 1
692 1177 1
681 1189 1
669 1199 1
655 1207 1
639 1209 1
623 1207 1
606 1201 1
590 1191 1
575 1180 1
565 1166 1
557 1152 1
553 1138 1
550 1127 1
551 1131 0
819 1152 1
819 1152 1
819 1152 1
819 1149 1
825 1143 1
836 1131 1
854 1115 1
873 1095 1
892 1071 1
909 1047 1
922 1016 1
938 975 1
944 952 1
947 932 1
948 914 1
947 899 1
945 883 1
938 873 1
927 864 1
911 857 1
899 855 1
888 856 1
880 858 1
871 862 1
863 871 1
857 881 1
855 894 1
855 907 1
861 924 1
871 943 1
886 964 1
904 983 1
922 1002 1
940 1021 1
956 1040 1
971 1057 1
982 1074 1
993 1092 1
1000 1109 1
1005 1125 1
1009 1138 1
1012 1152 1
1013 1164 1
1014 1175 1
1014 1182 1
1014 1187 1
1014 1192 1
1008 1197 1
998 1203 1
980 1207 1
957 1212 1
932 1210 1
909 1205 1
888 1194 1
874 1178 1
862 1160 1
855 1141 1
853 1123 1
855 1114 1
855 1119 0
