1032 557 1
1032 557 1
1031 557 1
1031 557 1
1028 561 1
1028 569 1
1026 578 1
1026 592 1
1024 609 1
1024 627 1
1024 649 1
1022 675 1
1023 702 1
1023 729 1
1023 773 1
1023 797 1
1023 821 1
1023 844 1
1022 868 1
1022 888 1
1020 906 1
1020 921 1
1018 932 1
1017 943 1
1013 963 1
1002 975 1
990 987 1
974 996 1
957 1004 1
938 1009 1
915 1011 1
891 1011 1
867 1008 1
845 999 1
829 989 1
816 980 1
811 973 1
807 962 1
808 952 1
815 938 1
824 924 1
833 913 1
840 905 1
844 902 1
847 900 1
852 901 1
858 908 1
867 921 1
877 941 1
885 963 1
892 991 1
897 1020 1
898 1056 1
895 1091 1
890 1124 1
882 1152 1
872 1177 1
861 1196 1
848 1215 1
834 1232 1
823 1248 1
815 1257 1
809 1264 1
807 1267 1
808 1267 0
740 674 1
739 675 1
739 681 1
739 689 1
741 703 1
744 720 1
748 740 1
752 764 1
756 789 1
759 813 1
762 837 1
766 866 1
769 883 1
770 896 1
769 909 1
767 925 1
762 940 1
754 955 1
744 969 1
734 983 1
725 991 1
710 1002 1
693 1011 1
676 1017 1
656 1023 1
639 1025 1
628 1026 1
620 1025 1
614 1023 1
611 1023 1
609 1020 1
609 1014 1
608 1010 1
608 1006 1
608 1003 1
608 1001 1
608 1001 1
609 1001 1
611 1001 1
623 1004 1
642 1022 1
659 1043 1
676 1067 1
688 1092 1
696 1115 1
700 1141 1
698 1166 1
690 1189 1
681 1210 1
670 1229 1
663 1240 1
658 1247 1
655 1253 1
653 1256 1
652 1258 1
652 1260 1
650 1260 1
651 1260 0
541 757 1
541 757 1
541 757 1
540 757 1
540 761 1
541 768 1
542 777 1
544 789 1
547 804 1
550 823 1
554 846 1
559 870 1
563 896 1
566 923 1
568 961 1
566 976 1
566 986 1
564 994 1
562 1003 1
553 1022 1
541 1037 1
524 1052 1
508 1061 1
494 1068 1
479 1072 1
461 1074 1
443 1072 1
426 1064 1
414 1050 1
407 1038 1
407 1025 1
407 1008 1
411 993 1
416 984 1
420 979 1
421 976 1
423 974 1
426 975 1
432 978 1
442 996 1
455 1020 1
469 1052 1
480 1084 1
485 1120 1
484 1158 1
477 1191 1
465 1221 1
452 1245 1
441 1262 1
432 1273 1
428 1279 1
423 1284 1
420 1288 1
419 1290 1
417 1292 1
418 1293 1
418 1293 0
291 820 1
291 820 1
291 822 1
292 830 1
297 844 1
307 872 1
319 908 1
333 947 1
347 986 1
366 1040 1
371 1061 1
374 1090 1
373 1119 1
368 1144 1
355 1165 1
339 1184 1
319 1201 1
291 1216 1
263 1226 1
235 1231 1
212 1232 1
193 1229 1
178 1216 1
167 1200 1
161 1181 1
161 1163 1
166 1146 1
175 1130 1
187 1121 1
198 1116 1
211 1117 1
225 1122 1
242 1140 1
256 1168 1
267 1203 1
273 1245 1
274 1287 1
270 1324 1
252 1369 1
231 1406 1
211 1433 1
197 1450 1
189 1456 1
182 1461 1
184 1461 0
