45 1445 1
45 1445 1
45 1445 1
45 1445 1
45 1445 1
45 1445 1
45 1445 1
45 1444 1
45 1441 1
46 1433 1
49 1421 1
52 1405 1
57 1387 1
61 1365 1
67 1345 1
72 1325 1
76 1304 1
81 1282 1
90 1246 1
94 1220 1
98 1198 1
103 1178 1
108 1156 1
115 1133 1
124 1110 1
131 1084 1
137 1057 1
142 1032 1
145 1011 1
146 997 1
146 986 1
145 975 1
143 964 1
143 953 1
141 944 1
141 936 1
140 932 1
138 929 1
139 928 1
137 928 1
137 928 1
136 931 1
133 944 1
121 972 1
114 993 1
108 1013 1
104 1024 1
105 1034 1
103 1043 1
104 1052 1
104 1073 1
104 1088 1
104 1106 1
106 1124 1
107 1147 1
109 1168 1
115 1185 1
121 1200 1
126 1213 1
131 1224 1
136 1236 1
140 1245 1
144 1253 1
147 1261 1
150 1269 1
155 1278 1
160 1289 1
165 1300 1
168 1309 1
171 1316 1
174 1322 1
176 1326 1
177 1329 1
179 1332 1
180 1333 1
182 1336 1
184 1338 1
185 1338 1
187 1339 1
190 1336 1
193 1333 1
199 1326 1
205 1318 1
213 1306 1
220 1293 1
228 1279 1
234 1265 1
238 1251 1
242 1234 1
247 1217 1
250 1201 1
254 1187 1
256 1171 1
258 1154 1
260 1140 1
261 1126 1
262 1114 1
263 1102 1
263 1090 1
261 1076 1
261 1064 1
261 1054 1
259 1045 1
259 1039 1
257 1033 1
255 1029 1
254 1026 1
252 1024 1
252 1022 1
251 1021 1
251 1021 1
251 1020 1
251 1020 1
251 1020 1
251 1020 1
251 1020 1
251 1020 1
251 1020 1
250 1022 1
248 1026 1
246 1032 1
244 1040 1
243 1047 1
243 1055 1
242 1065 1
242 1077 1
242 1091 1
242 1103 1
244 1116 1
245 1128 1
247 1141 1
248 1152 1
250 1163 1
252 1174 1
254 1184 1
257 1194 1
260 1206 1
263 1219 1
267 1232 1
270 1243 1
272 1251 1
275 1259 1
279 1265 1
282 1271 1
285 1276 1
289 1280 1
291 1283 1
294 1284 1
297 1286 1
300 1287 1
304 1285 1
309 1281 1
317 1272 1
326 1258 1
337 1243 1
349 1224 1
360 1205 1
369 1186 1
376 1168 1
381 1150 1
386 1133 1
391 1118 1
394 1104 1
396 1090 1
399 1076 1
399 1064 1
398 1055 1
399 1046 1
397 1039 1
395 1033 1
395 1029 1
395 1026 1
393 1024 1
393 1022 1
393 1022 1
392 1022 1
392 1022 1
390 1022 1
388 1022 1
385 1024 1
382 1027 1
378 1033 1
375 1040 1
372 1048 1
370 1057 1
368 1069 1
369 1081 1
370 1095 1
370 1107 1
372 1119 1
373 1131 1
375 1143 1
376 1156 1
379 1167 1
382 1178 1
385 1188 1
389 1200 1
393 1215 1
396 1230 1
399 1245 1
401 1256 1
403 1263 1
405 1270 1
407 1274 1
409 1277 1
412 1279 1
416 1280 1
421 1279 1
428 1276 1
437 1270 1
448 1259 1
459 1246 1
472 1231 1
485 1213 1
498 1193 1
507 1173 1
516 1152 1
520 1133 1
524 1115 1
527 1099 1
528 1082 1
529 1067 1
529 1055 1
527 1046 1
526 1040 1
526 1034 1
524 1031 1
524 1029 1
523 1026 1
523 1026 1
523 1026 1
523 1026 1
521 1024 1
521 1024 1
519 1023 1
516 1024 1
511 1025 1
507 1027 1
502 1032 1
498 1038 1
494 1044 1
492 1051 1
490 1060 1
490 1071 1
489 1084 1
489 1098 1
490 1112 1
491 1124 1
494 1137 1
497 1149 1
502 1162 1
506 1173 1
511 1183 1
515 1191 1
519 1198 1
521 1203 1
523 1209 1
526 1214 1
528 1220 1
531 1228 1
536 1234 1
539 1238 1
544 1242 1
550 1243 1
556 1242 1
564 1239 1
575 1231 1
588 1219 1
605 1201 1
622 1180 1
637 1157 1
649 1135 1
660 1115 1
670 1094 1
677 1073 1
683 1054 1
686 1036 1
690 1019 1
692 1003 1
693 992 1
694 981 1
694 973 1
692 965 1
692 960 1
690 955 1
689 951 1
690 950 1
688 948 1
687 949 1
685 949 1
682 950 1
679 952 1
674 957 1
671 964 1
666 971 1
663 980 1
660 989 1
658 999 1
656 1012 1
655 1024 1
653 1037 1
652 1049 1
652 1062 1
651 1077 1
651 1091 1
652 1104 1
652 1115 1
654 1126 1
655 1140 1
657 1156 1
658 1168 1
660 1178 1
661 1185 1
662 1190 1
664 1194 1
665 1198 1
668 1201 1
673 1204 1
679 1206 1
689 1208 1
698 1205 1
707 1199 1
718 1189 1
729 1176 1
743 1158 1
757 1139 1
768 1120 1
779 1099 1
786 1079 1
793 1060 1
800 1041 1
806 1021 1
811 1002 1
816 984 1
821 968 1
823 953 1
825 939 1
827 926 1
827 916 1
827 908 1
825 902 1
825 899 1
823 896 1
821 894 1
821 894 1
818 894 1
816 895 1
812 897 1
807 901 1
802 907 1
798 912 1
794 918 1
792 924 1
790 931 1
788 942 1
786 953 1
786 965 1
786 976 1
785 986 1
785 998 1
785 1014 1
785 1030 1
786 1045 1
789 1059 1
791 1073 1
793 1087 1
795 1099 1
798 1108 1
801 1115 1
804 1120 1
807 1125 1
811 1128 1
817 1130 1
823 1132 1
833 1128 1
842 1122 1
853 1113 1
866 1099 1
879 1080 1
891 1061 1
901 1040 1
910 1020 1
917 999 1
923 978 1
927 956 1
932 936 1
935 917 1
938 904 1
940 890 1
940 878 1
940 867 1
938 858 1
937 851 1
935 846 1
934 844 1
932 841 1
930 841 1
929 840 1
927 841 1
925 843 1
922 847 1
919 853 1
916 860 1
913 871 1
910 884 1
908 896 1
908 907 1
908 916 1
907 928 1
907 940 1
907 954 1
908 965 1
908 974 1
910 983 1
912 992 1
913 1000 1
916 1007 1
918 1013 1
920 1017 1
924 1021 1
927 1023 1
933 1024 1
941 1022 1
951 1018 1
962 1012 1
973 1002 1
982 988 1
990 972 1
997 954 1
1003 934 1
1008 911 1
1011 889 1
1013 867 1
1014 847 1
1015 831 1
1015 818 1
1015 805 1
1015 795 1
1015 786 1
1013 779 1
1013 774 1
1013 771 1
1012 770 1
1012 768 1
1012 768 1
1012 768 1
1010 769 1
1010 771 1
1008 775 1
1006 781 1
1003 789 1
1000 800 1
997 811 1
994 821 1
991 832 1
989 841 1
987 851 1
985 861 1
985 870 1
983 881 1
984 891 1
984 901 1
985 910 1
986 920 1
989 930 1
992 941 1
995 952 1
999 963 1
1002 973 1
1004 980 1
1007 988 1
1013 999 1
1019 1011 1
1024 1019 1
1022 1015 0
