607 1089 1
607 1089 1
607 1089 1
607 1089 1
606 1089 1
604 1091 1
600 1096 1
592 1107 1
581 1118 1
570 1130 1
557 1142 1
546 1152 1
535 1157 1
525 1161 1
516 1160 1
509 1157 1
504 1152 1
502 1139 1
503 1124 1
510 1104 1
521 1083 1
535 1064 1
552 1049 1
569 1038 1
582 1032 1
592 1029 1
600 1027 1
606 1029 1
612 1035 1
616 1045 1
612 1069 1
601 1097 1
579 1132 1
553 1166 1
525 1195 1
495 1216 1
457 1239 1
445 1240 1
433 1236 1
422 1215 1
415 1172 1
416 1116 1
428 1065 1
451 1018 1
476 980 1
508 946 1
540 917 1
571 895 1
600 881 1
629 871 1
651 865 1
671 860 1
688 859 1
701 863 1
714 868 1
721 882 1
727 901 1
725 929 1
715 967 1
698 1009 1
673 1058 1
642 1107 1
607 1158 1
572 1199 1
538 1236 1
508 1263 1
479 1281 1
454 1292 1
433 1298 1
414 1299 1
395 1291 1
374 1272 1
358 1249 1
348 1214 1
343 1172 1
348 1122 1
369 1070 1
396 1022 1
429 983 1
465 950 1
500 921 1
535 898 1
569 878 1
599 863 1
628 850 1
655 840 1
674 836 1
692 833 1
705 834 1
716 837 1
724 841 1
731 851 1
735 866 1
736 883 1
731 915 1
720 948 1
703 987 1
682 1027 1
658 1067 1
627 1109 1
596 1148 1
564 1182 1
535 1211 1
506 1237 1
483 1256 1
463 1271 1
447 1281 1
433 1286 1
422 1287 1
409 1279 1
395 1266 1
381 1242 1
369 1211 1
362 1169 1
373 1117 1
395 1061 1
429 1006 1
472 949 1
519 902 1
565 864 1
609 833 1
649 815 1
683 802 1
708 795 1
724 796 1
737 797 1
744 801 1
750 807 1
756 819 1
757 842 1
753 875 1
743 918 1
721 973 1
698 1023 1
667 1072 1
635 1116 1
600 1157 1
561 1193 1
523 1223 1
490 1248 1
462 1266 1
441 1276 1
426 1280 1
413 1281 1
402 1274 1
392 1262 1
384 1242 1
377 1203 1
375 1156 1
382 1105 1
396 1057 1
418 1013 1
450 971 1
487 930 1
526 894 1
571 858 1
611 830 1
645 815 1
675 804 1
701 797 1
718 793 1
732 791 1
742 791 1
749 794 1
754 799 1
755 813 1
753 836 1
744 873 1
729 914 1
706 962 1
677 1011 1
645 1061 1
610 1111 1
570 1159 1
534 1199 1
504 1226 1
480 1246 1
461 1261 1
448 1268 1
438 1272 1
430 1271 1
422 1265 1
414 1254 1
401 1229 1
390 1201 1
385 1170 1
384 1137 1
389 1099 1
407 1057 1
432 1016 1
462 977 1
503 939 1
544 908 1
589 882 1
631 858 1
669 835 1
700 818 1
723 807 1
738 801 1
749 797 1
757 796 1
761 797 1
765 804 1
766 820 1
762 847 1
752 887 1
733 933 1
708 980 1
675 1028 1
636 1076 1
593 1125 1
550 1169 1
514 1204 1
487 1228 1
466 1246 1
449 1258 1
438 1264 1
430 1268 1
423 1267 1
417 1263 1
408 1254 1
399 1238 1
391 1217 1
386 1188 1
387 1144 1
399 1096 1
427 1042 1
458 991 1
497 941 1
539 900 1
580 863 1
616 839 1
648 819 1
674 807 1
692 802 1
706 799 1
717 799 1
725 802 1
733 806 1
740 815 1
745 829 1
749 851 1
747 879 1
738 917 1
721 956 1
702 994 1
682 1026 1
654 1062 1
623 1096 1
590 1127 1
555 1159 1
525 1187 1
496 1210 1
473 1228 1
454 1240 1
439 1248 1
429 1254 1
419 1255 1
410 1256 1
402 1251 1
394 1245 1
387 1234 1
381 1210 1
381 1181 1
389 1139 1
404 1093 1
426 1049 1
454 1009 1
482 975 1
509 951 1
536 929 1
564 910 1
590 893 1
617 881 1
640 869 1
663 859 1
683 850 1
697 846 1
710 843 1
718 842 1
723 844 1
729 847 1
731 857 1
733 873 1
731 897 1
720 935 1
706 976 1
683 1018 1
657 1059 1
625 1098 1
584 1136 1
543 1173 1
510 1201 1
483 1221 1
464 1235 1
451 1240 1
440 1242 1
431 1240 1
423 1235 1
415 1225 1
407 1208 1
403 1185 1
403 1152 1
410 1110 1
428 1059 1
457 1000 1
488 947 1
521 905 1
557 873 1
593 849 1
625 833 1
654 821 1
677 813 1
695 809 1
708 807 1
717 807 1
723 808 1
727 810 1
731 818 1
734 831 1
732 856 1
728 885 1
721 915 1
713 941 1
705 967 1
693 994 1
678 1022 1
659 1053 1
635 1087 1
605 1122 1
571 1159 1
529 1194 1
492 1224 1
462 1247 1
438 1263 1
420 1272 1
409 1273 1
398 1267 1
391 1250 1
384 1224 1
383 1192 1
390 1155 1
401 1118 1
421 1075 1
443 1033 1
468 992 1
496 960 1
527 929 1
561 904 1
600 882 1
634 864 1
663 851 1
688 840 1
709 832 1
722 827 1
733 824 1
739 823 1
744 823 1
748 824 1
751 829 1
755 837 1
756 854 1
753 879 1
745 913 1
731 949 1
713 987 1
690 1024 1
663 1064 1
629 1110 1
590 1155 1
555 1195 1
524 1227 1
496 1248 1
475 1263 1
457 1269 1
440 1272 1
424 1267 1
409 1255 1
397 1239 1
391 1214 1
391 1186 1
395 1151 1
412 1108 1
433 1064 1
457 1025 1
482 992 1
509 962 1
541 935 1
574 908 1
607 882 1
639 861 1
669 843 1
691 831 1
710 822 1
724 818 1
732 817 1
738 818 1
745 823 1
749 834 1
755 852 1
758 879 1
757 910 1
755 945 1
744 985 1
726 1027 1
697 1072 1
660 1120 1
614 1168 1
560 1212 1
511 1250 1
468 1277 1
429 1298 1
399 1313 1
379 1321 1
366 1326 1
357 1329 1
353 1325 1
350 1317 1
350 1291 1
356 1254 1
369 1202 1
388 1151 1
408 1101 1
431 1058 1
457 1017 1
485 979 1
511 951 1
536 926 1
562 903 1
588 886 1
615 872 1
635 863 1
654 857 1
666 855 1
676 855 1
682 855 1
687 858 1
692 864 1
696 872 1
695 894 1
689 922 1
675 959 1
657 999 1
636 1040 1
615 1073 1
589 1108 1
560 1145 1
532 1180 1
502 1214 1
477 1237 1
451 1257 1
431 1268 1
414 1271 1
399 1269 1
387 1256 1
376 1235 1
369 1206 1
367 1171 1
369 1132 1
378 1092 1
392 1050 1
412 1009 1
437 972 1
463 940 1
493 916 1
522 895 1
553 878 1
581 863 1
608 849 1
631 840 1
650 834 1
667 829 1
680 828 1
690 829 1
698 831 1
705 834 1
710 839 1
713 848 1
715 860 1
712 881 1
699 913 1
680 952 1
653 999 1
624 1041 1
587 1087 1
552 1127 1
516 1167 1
485 1197 1
457 1222 1
433 1242 1
416 1254 1
402 1262 1
393 1263 1
384 1259 1
377 1251 1
371 1226 1
367 1195 1
368 1160 1
372 1128 1
382 1098 1
401 1070 1
426 1037 1
456 1002 1
487 969 1
519 940 1
548 919 1
575 902 1
599 888 1
620 876 1
637 866 1
648 860 1
658 856 1
667 854 1
677 853 1
687 854 1
697 858 1
705 862 1
714 869 1
717 880 1
719 900 1
706 936 1
686 979 1
658 1025 1
622 1068 1
584 1111 1
545 1155 1
512 1194 1
483 1222 1
459 1243 1
435 1258 1
419 1263 1
404 1264 1
392 1256 1
384 1235 1
380 1205 1
384 1163 1
393 1121 1
410 1079 1
436 1038 1
466 996 1
501 957 1
539 921 1
575 890 1
609 869 1
639 852 1
663 838 1
684 825 1
702 816 1
715 808 1
729 802 1
740 798 1
751 798 1
761 799 1
768 804 1
774 812 1
774 828 1
762 863 1
742 911 1
707 972 1
672 1031 1
639 1081 1
607 1123 1
572 1165 1
540 1200 1
511 1228 1
483 1249 1
461 1261 1
441 1269 1
424 1270 1
410 1264 1
396 1250 1
388 1223 1
383 1190 1
385 1155 1
391 1119 1
405 1080 1
429 1039 1
455 997 1
483 962 1
511 935 1
538 912 1
567 893 1
596 875 1
625 859 1
649 847 1
673 835 1
689 828 1
703 823 1
712 821 1
717 822 1
722 825 1
725 831 1
727 842 1
726 860 1
718 895 1
702 936 1
677 987 1
651 1033 1
624 1075 1
594 1115 1
562 1157 1
532 1194 1
504 1220 1
481 1241 1
460 1253 1
442 1262 1
428 1267 1
420 1264 1
412 1257 1
406 1243 1
401 1221 1
400 1190 1
405 1145 1
413 1097 1
428 1050 1
449 1004 1
475 963 1
509 927 1
548 889 1
586 858 1
624 833 1
657 814 1
681 805 1
701 800 1
715 798 1
724 798 1
731 800 1
735 804 1
740 812 1
744 823 1
744 843 1
743 869 1
735 907 1
722 949 1
704 994 1
681 1033 1
658 1070 1
631 1100 1
601 1130 1
568 1160 1
537 1187 1
513 1207 1
494 1222 1
478 1234 1
463 1243 1
452 1247 1
443 1249 1
437 1246 1
431 1242 1
426 1230 1
423 1213 1
423 1190 1
426 1161 1
435 1123 1
447 1087 1
465 1048 1
487 1009 1
513 971 1
541 936 1
568 907 1
595 886 1
621 866 1
646 850 1
667 839 1
686 830 1
702 826 1
715 824 1
726 825 1
733 829 1
740 834 1
747 843 1
748 860 1
746 884 1
737 917 1
722 954 1
703 994 1
676 1035 1
651 1074 1
622 1112 1
587 1153 1
552 1189 1
526 1210 1
506 1224 1
493 1232 1
480 1237 1
469 1239 1
459 1239 1
451 1237 1
443 1235 1
436 1230 1
429 1220 1
423 1203 1
419 1176 1
421 1145 1
429 1110 1
445 1071 1
468 1033 1
496 989 1
525 953 1
556 919 1
584 893 1
611 876 1
636 860 1
661 847 1
682 837 1
702 830 1
716 826 1
728 824 1
738 826 1
742 831 1
745 842 1
743 864 1
733 898 1
716 942 1
692 988 1
663 1035 1
633 1076 1
600 1118 1
566 1161 1
535 1197 1
509 1227 1
486 1249 1
468 1265 1
451 1276 1
439 1282 1
429 1286 1
422 1287 1
415 1282 1
409 1270 1
404 1246 1
401 1214 1
403 1176 1
413 1138 1
424 1103 1
439 1069 1
462 1026 1
489 981 1
520 937 1
549 903 1
574 878 1
597 866 1
619 855 1
643 847 1
667 841 1
688 837 1
705 835 1
719 835 1
730 838 1
736 842 1
742 849 1
744 867 1
740 893 1
727 931 1
698 985 1
665 1035 1
632 1078 1
599 1118 1
564 1159 1
535 1193 1
507 1221 1
482 1242 1
460 1257 1
442 1266 1
431 1270 1
422 1272 1
417 1268 1
413 1261 1
410 1245 1
411 1219 1
413 1188 1
417 1154 1
428 1116 1
441 1077 1
460 1036 1
481 997 1
504 965 1
524 944 1
545 925 1
567 909 1
591 895 1
614 882 1
639 873 1
661 866 1
680 863 1
693 862 1
705 862 1
712 864 1
720 867 1
723 872 1
726 881 1
727 897 1
718 928 1
706 964 1
687 1005 1
665 1047 1
639 1089 1
603 1130 1
563 1169 1
528 1199 1
496 1225 1
471 1246 1
453 1258 1
438 1268 1
426 1271 1
419 1267 1
413 1256 1
409 1234 1
409 1205 1
410 1173 1
419 1133 1
432 1093 1
452 1046 1
478 998 1
506 955 1
537 920 1
567 893 1
595 874 1
621 861 1
642 853 1
660 848 1
676 844 1
690 843 1
703 841 1
714 842 1
723 843 1
730 847 1
734 854 1
739 863 1
740 878 1
736 904 1
727 936 1
710 974 1
690 1013 1
668 1049 1
648 1082 1
625 1113 1
603 1143 1
576 1177 1
553 1204 1
537 1222 1
522 1235 1
509 1244 1
493 1251 1
479 1254 1
466 1254 1
453 1250 1
442 1243 1
431 1228 1
424 1206 1
421 1177 1
422 1144 1
426 1110 1
434 1079 1
448 1047 1
465 1014 1
491 978 1
515 949 1
538 926 1
560 908 1
581 893 1
601 883 1
621 874 1
639 867 1
656 861 1
669 857 1
681 856 1
689 854 1
696 856 1
702 860 1
707 867 1
710 882 1
709 904 1
707 932 1
693 975 1
678 1017 1
658 1057 1
640 1094 1
615 1130 1
587 1165 1
556 1196 1
529 1217 1
504 1233 1
484 1247 1
464 1255 1
448 1262 1
437 1265 1
426 1266 1
420 1262 1
414 1255 1
409 1242 1
407 1218 1
409 1188 1
419 1144 1
439 1087 1
462 1031 1
486 989 1
508 957 1
531 931 1
556 913 1
581 896 1
611 877 1
643 857 1
675 841 1
698 830 1
718 823 1
730 820 1
739 820 1
745 820 1
748 825 1
749 835 1
746 852 1
734 885 1
719 923 1
701 965 1
682 1005 1
662 1043 1
645 1072 1
628 1097 1
609 1121 1
584 1148 1
554 1176 1
527 1198 1
497 1217 1
467 1233 1
436 1245 1
409 1253 1
388 1255 1
373 1256 1
363 1251 1
356 1245 1
351 1233 1
351 1216 1
352 1194 1
358 1166 1
371 1128 1
388 1088 1
414 1048 1
444 1008 1
479 968 1
512 934 1
542 904 1
567 886 1
592 871 1
617 860 1
641 850 1
664 843 1
682 838 1
694 838 1
704 838 1
711 842 1
718 850 1
724 865 1
724 897 1
721 935 1
711 969 1
699 1003 1
685 1034 1
669 1063 1
651 1093 1
623 1126 1
587 1162 1
548 1194 1
516 1216 1
491 1234 1
471 1248 1
451 1259 1
434 1266 1
421 1270 1
409 1271 1
399 1269 1
392 1262 1
385 1254 1
383 1234 1
383 1208 1
388 1174 1
400 1137 1
414 1100 1
434 1067 1
459 1034 1
490 999 1
524 964 1
556 933 1
582 908 1
608 888 1
630 870 1
649 858 1
666 849 1
681 842 1
692 839 1
702 837 1
709 838 1
716 841 1
721 845 1
726 857 1
729 871 1
724 902 1
713 945 1
695 993 1
671 1034 1
649 1070 1
631 1095 1
611 1120 1
587 1144 1
558 1168 1
531 1188 1
508 1204 1
484 1214 1
460 1226 1
436 1238 1
415 1249 1
397 1258 1
385 1262 1
375 1265 1
369 1263 1
364 1257 1
360 1243 1
361 1216 1
367 1183 1
375 1147 1
386 1112 1
403 1074 1
431 1030 1
463 983 1
494 942 1
522 911 1
546 887 1
566 874 1
585 862 1
603 852 1
620 845 1
637 839 1
651 836 1
664 833 1
672 832 1
680 834 1
687 836 1
692 839 1
697 843 1
702 849 1
706 855 1
709 863 1
709 878 1
701 908 1
689 943 1
672 981 1
654 1018 1
635 1052 1
612 1088 1
581 1131 1
549 1173 1
518 1210 1
487 1243 1
462 1264 1
441 1281 1
426 1290 1
414 1296 1
405 1297 1
397 1291 1
389 1279 1
379 1258 1
376 1221 1
376 1180 1
383 1134 1
396 1089 1
414 1047 1
438 1007 1
464 972 1
493 943 1
521 918 1
550 896 1
578 878 1
604 861 1
626 849 1
644 838 1
658 831 1
667 827 1
676 825 1
680 825 1
684 825 1
687 826 1
691 829 1
695 833 1
698 839 1
700 855 1
701 875 1
693 903 1
683 935 1
670 969 1
652 1002 1
636 1031 1
618 1056 1
600 1077 1
582 1096 1
561 1117 1
538 1141 1
517 1165 1
499 1184 1
482 1200 1
468 1211 1
454 1218 1
442 1225 1
432 1227 1
424 1229 1
416 1229 1
410 1225 1
403 1220 1
399 1209 1
396 1195 1
396 1178 1
399 1158 1
408 1130 1
422 1095 1
443 1057 1
467 1020 1
491 987 1
517 959 1
541 936 1
564 918 1
584 905 1
603 893 1
619 885 1
634 879 1
648 874 1
658 872 1
666 871 1
672 869 1
676 871 1
680 874 1
682 879 1
685 894 1
686 914 1
681 941 1
674 970 1
664 1001 1
648 1033 1
631 1064 1
616 1090 1
597 1119 1
577 1147 1
555 1174 1
533 1200 1
513 1222 1
495 1237 1
477 1250 1
463 1257 1
451 1260 1
438 1258 1
427 1251 1
414 1240 1
405 1223 1
397 1204 1
393 1182 1
395 1153 1
401 1121 1
417 1083 1
436 1043 1
461 1004 1
486 972 1
511 943 1
536 920 1
562 901 1
587 884 1
608 872 1
627 863 1
642 856 1
651 853 1
658 850 1
663 850 1
668 850 1
670 850 1
675 854 1
679 862 1
683 875 1
684 895 1
682 921 1
670 956 1
656 993 1
637 1031 1
617 1065 1
590 1101 1
558 1141 1
527 1177 1
501 1206 1
477 1227 1
455 1246 1
433 1261 1
413 1273 1
396 1280 1
387 1281 1
378 1277 1
374 1267 1
371 1241 1
372 1207 1
378 1170 1
388 1133 1
400 1100 1
417 1069 1
437 1038 1
459 1009 1
482 983 1
504 962 1
526 943 1
547 925 1
569 910 1
592 893 1
614 880 1
631 867 1
648 857 1
659 851 1
669 846 1
678 842 1
684 841 1
690 839 1
695 840 1
701 842 1
707 846 1
710 854 1
713 867 1
707 893 1
694 929 1
672 977 1
645 1023 1
620 1065 1
594 1102 1
562 1141 1
528 1183 1
493 1216 1
460 1244 1
433 1262 1
413 1267 1
396 1266 1
386 1259 1
377 1248 1
372 1229 1
372 1204 1
374 1174 1
381 1142 1
389 1111 1
399 1081 1
412 1053 1
430 1023 1
451 995 1
473 968 1
494 946 1
513 926 1
534 907 1
556 890 1
576 875 1
596 863 1
613 853 1
630 846 1
645 840 1
660 835 1
672 834 1
684 834 1
695 834 1
703 837 1
711 839 1
720 844 1
726 849 1
732 856 1
738 868 1
739 890 1
736 920 1
720 961 1
699 1005 1
672 1052 1
640 1099 1
601 1149 1
564 1193 1
531 1227 1
503 1253 1
475 1269 1
446 1284 1
423 1289 1
403 1291 1
386 1285 1
374 1267 1
364 1240 1
359 1204 1
360 1166 1
362 1130 1
371 1103 1
382 1078 1
396 1051 1
422 1016 1
452 978 1
485 943 1
518 911 1
550 885 1
579 870 1
606 856 1
629 847 1
650 839 1
668 834 1
685 830 1
699 830 1
709 830 1
717 833 1
722 837 1
727 842 1
730 852 1
731 868 1
728 890 1
721 921 1
705 955 1
686 991 1
668 1024 1
647 1056 1
626 1088 1
601 1129 1
573 1171 1
546 1207 1
523 1231 1
503 1249 1
485 1263 1
467 1272 1
451 1280 1
434 1283 1
420 1284 1
406 1278 1
393 1265 1
381 1243 1
375 1211 1
373 1175 1
378 1138 1
387 1102 1
398 1069 1
417 1033 1
438 1000 1
463 969 1
491 942 1
520 917 1
552 897 1
582 879 1
610 867 1
633 857 1
655 851 1
674 848 1
691 846 1
705 848 1
717 851 1
725 855 1
732 861 1
738 868 1
742 878 1
743 895 1
741 918 1
728 952 1
709 992 1
682 1037 1
649 1085 1
609 1137 1
568 1182 1
534 1215 1
509 1237 1
493 1247 1
477 1253 1
463 1252 1
448 1247 1
433 1239 1
420 1221 1
410 1201 1
403 1176 1
399 1150 1
397 1128 1
400 1109 1
406 1088 1
415 1067 1
432 1038 1
450 1008 1
469 983 1
486 961 1
503 944 1
520 930 1
535 918 1
553 908 1
571 900 1
589 896 1
605 896 1
618 898 1
629 901 1
637 905 1
644 910 1
649 918 1
653 929 1
657 944 1
656 968 1
651 996 1
639 1029 1
624 1063 1
600 1100 1
561 1146 1
523 1189 1
489 1223 1
460 1251 1
435 1270 1
416 1280 1
400 1287 1
385 1288 1
372 1284 1
361 1276 1
353 1259 1
346 1235 1
345 1196 1
350 1151 1
364 1101 1
383 1057 1
402 1021 1
423 992 1
444 971 1
467 952 1
494 932 1
521 912 1
547 893 1
569 880 1
588 869 1
601 862 1
611 857 1
620 852 1
626 851 1
633 849 1
642 848 1
654 850 1
667 853 1
678 859 1
688 867 1
696 877 1
698 891 1
696 913 1
684 947 1
668 986 1
646 1028 1
620 1066 1
590 1104 1
556 1145 1
526 1182 1
497 1211 1
475 1231 1
456 1246 1
442 1257 1
428 1265 1
419 1270 1
412 1273 1
407 1275 1
402 1273 1
395 1265 1
389 1250 1
388 1223 1
389 1189 1
396 1151 1
413 1105 1
432 1059 1
457 1015 1
480 978 1
497 953 1
513 937 1
528 923 1
544 911 1
562 901 1
581 891 1
598 883 1
614 876 1
630 872 1
644 866 1
659 861 1
673 857 1
686 854 1
697 853 1
706 851 1
714 851 1
723 852 1
730 855 1
735 860 1
737 870 1
735 888 1
719 923 1
693 967 1
662 1015 1
626 1059 1
587 1104 1
549 1147 1
519 1185 1
497 1214 1
482 1231 1
469 1245 1
457 1253 1
449 1254 1
439 1253 1
432 1247 1
424 1232 1
419 1207 1
418 1163 1
422 1119 1
434 1081 1
449 1045 1
469 1011 1
498 978 1
528 943 1
560 913 1
588 888 1
612 870 1
632 860 1
650 852 1
667 847 1
681 843 1
693 840 1
702 840 1
708 840 1
713 841 1
716 847 1
720 855 1
721 873 1
718 894 1
713 920 1
700 952 1
683 987 1
662 1025 1
634 1069 1
606 1113 1
576 1155 1
549 1190 1
528 1218 1
506 1234 1
484 1249 1
462 1259 1
443 1266 1
427 1270 1
416 1270 1
408 1269 1
401 1264 1
396 1255 1
392 1238 1
393 1210 1
397 1176 1
409 1137 1
424 1099 1
443 1061 1
467 1026 1
489 993 1
511 968 1
528 946 1
544 929 1
560 914 1
576 899 1
596 884 1
616 869 1
637 857 1
654 848 1
669 842 1
680 838 1
689 837 1
696 837 1
701 837 1
706 840 1
710 844 1
713 853 1
714 869 1
705 898 1
690 935 1
669 978 1
642 1024 1
615 1068 1
590 1106 1
562 1145 1
539 1180 1
521 1203 1
502 1223 1
484 1242 1
461 1256 1
441 1266 1
424 1270 1
408 1269 1
393 1265 1
381 1255 1
373 1247 1
367 1234 1
363 1219 1
361 1203 1
362 1180 1
365 1155 1
374 1130 1
384 1103 1
398 1078 1
418 1050 1
442 1019 1
467 991 1
491 965 1
512 944 1
533 928 1
555 913 1
574 902 1
599 890 1
622 883 1
643 879 1
659 879 1
673 880 1
681 887 1
688 898 1
689 918 1
687 945 1
680 977 1
663 1017 1
647 1055 1
629 1086 1
609 1117 1
583 1151 1
553 1184 1
525 1211 1
500 1227 1
476 1240 1
456 1248 1
439 1249 1
426 1250 1
417 1247 1
409 1235 1
404 1221 1
402 1199 1
402 1172 1
405 1148 1
409 1125 1
415 1102 1
427 1078 1
443 1051 1
464 1019 1
491 985 1
518 952 1
547 925 1
574 902 1
599 884 1
620 870 1
639 859 1
653 853 1
666 849 1
675 848 1
683 850 1
690 854 1
696 863 1
702 875 1
704 892 1
697 922 1
685 959 1
664 1004 1
641 1046 1
615 1088 1
582 1132 1
550 1176 1
524 1212 1
497 1243 1
473 1265 1
450 1281 1
433 1290 1
420 1297 1
414 1298 1
408 1299 1
405 1292 1
401 1276 1
400 1247 1
404 1200 1
413 1148 1
429 1095 1
449 1043 1
474 989 1
504 947 1
532 912 1
555 889 1
580 870 1
602 852 1
626 839 1
650 826 1
673 816 1
694 811 1
713 807 1
724 808 1
733 810 1
740 813 1
744 821 1
747 831 1
747 846 1
743 867 1
733 895 1
711 940 1
683 990 1
649 1040 1
613 1089 1
574 1141 1
539 1185 1
508 1220 1
484 1246 1
462 1266 1
443 1280 1
426 1286 1
410 1290 1
396 1290 1
385 1288 1
375 1279 1
367 1265 1
361 1243 1
360 1211 1
365 1164 1
373 1119 1
385 1081 1
400 1049 1
417 1020 1
442 988 1
471 954 1
501 925 1
529 900 1
556 881 1
576 867 1
599 857 1
620 850 1
643 845 1
666 844 1
686 847 1
703 852 1
716 859 1
725 870 1
730 884 1
732 903 1
730 925 1
721 954 1
705 989 1
685 1026 1
663 1059 1
642 1089 1
614 1118 1
579 1150 1
539 1183 1
504 1208 1
474 1226 1
453 1237 1
438 1243 1
427 1245 1
419 1241 1
414 1234 1
410 1218 1
411 1195 1
417 1166 1
428 1130 1
441 1093 1
459 1055 1
477 1020 1
496 986 1
517 953 1
539 925 1
562 900 1
586 882 1
607 866 1
625 858 1
641 852 1
655 847 1
667 846 1
678 846 1
686 847 1
692 849 1
696 853 1
700 859 1
702 868 1
700 882 1
693 904 1
682 931 1
667 961 1
648 997 1
626 1033 1
603 1068 1
581 1102 1
557 1134 1
534 1163 1
512 1187 1
490 1206 1
468 1220 1
448 1230 1
431 1234 1
416 1235 1
404 1232 1
394 1226 1
386 1217 1
382 1198 1
379 1172 1
381 1137 1
390 1088 1
401 1043 1
420 1000 1
442 960 1
471 919 1
509 873 1
547 834 1
577 807 1
601 789 1
621 777 1
635 774 1
649 770 1
662 771 1
676 773 1
688 777 1
700 784 1
711 792 1
718 803 1
724 815 1
725 829 1
722 851 1
711 881 1
688 925 1
660 976 1
625 1028 1
592 1075 1
556 1125 1
526 1173 1
500 1216 1
501 1216 0
