582 997 1
582 997 1
582 997 1
582 997 1
582 997 1
582 997 1
582 997 1
582 997 1
582 997 1
582 997 1
582 997 1
582 997 1
582 997 1
582 997 1
582 997 1
582 997 1
580 997 1
580 997 1
577 997 1
574 997 1
570 997 1
566 997 1
564 995 1
558 992 1
554 988 1
549 983 1
545 977 1
544 973 1
543 969 1
543 965 1
544 962 1
548 957 1
553 955 1
562 952 1
570 950 1
575 951 1
580 952 1
586 957 1
590 962 1
593 969 1
595 978 1
596 986 1
593 997 1
587 1011 1
578 1025 1
568 1036 1
557 1043 1
544 1050 1
530 1052 1
516 1051 1
503 1049 1
490 1040 1
478 1031 1
470 1018 1
462 1002 1
460 984 1
461 966 1
466 945 1
477 926 1
492 907 1
510 892 1
531 880 1
553 871 1
576 868 1
601 867 1
621 869 1
641 875 1
659 883 1
674 893 1
687 904 1
696 913 1
708 928 1
717 942 1
721 956 1
724 969 1
726 980 1
726 993 1
724 1008 1
718 1026 1
708 1046 1
697 1064 1
685 1084 1
668 1099 1
650 1112 1
626 1122 1
599 1130 1
568 1136 1
540 1138 1
517 1140 1
499 1137 1
481 1131 1
466 1121 1
453 1107 1
442 1090 1
431 1069 1
423 1049 1
418 1031 1
414 1010 1
411 990 1
409 968 1
409 945 1
410 923 1
416 901 1
425 878 1
437 861 1
454 843 1
472 830 1
495 820 1
518 813 1
544 808 1
575 806 1
606 807 1
634 811 1
662 819 1
687 829 1
705 840 1
723 854 1
739 867 1
753 881 1
767 897 1
778 913 1
786 931 1
793 951 1
798 972 1
801 990 1
804 1009 1
806 1030 1
804 1053 1
798 1076 1
787 1102 1
773 1126 1
754 1149 1
730 1172 1
704 1190 1
678 1206 1
642 1220 1
599 1229 1
554 1230 1
515 1226 1
477 1221 1
443 1210 1
411 1197 1
383 1181 1
363 1163 1
345 1142 1
332 1121 1
321 1090 1
314 1059 1
310 1028 1
308 998 1
309 972 1
313 949 1
319 928 1
326 908 1
333 890 1
343 873 1
355 856 1
370 841 1
388 828 1
408 815 1
430 803 1
454 790 1
478 777 1
503 768 1
528 760 1
555 753 1
582 748 1
610 746 1
637 747 1
666 749 1
693 755 1
717 763 1
740 771 1
759 779 1
772 788 1
784 796 1
792 804 1
799 812 1
806 823 1
813 837 1
821 852 1
829 873 1
838 894 1
846 920 1
853 945 1
858 967 1
863 988 1
867 1009 1
868 1030 1
869 1047 1
867 1069 1
865 1090 1
857 1113 1
848 1134 1
837 1158 1
824 1180 1
807 1204 1
789 1225 1
771 1247 1
748 1267 1
725 1285 1
699 1305 1
671 1320 1
643 1331 1
608 1339 1
574 1343 1
537 1343 1
498 1336 1
461 1328 1
428 1315 1
396 1302 1
366 1286 1
336 1267 1
310 1246 1
286 1223 1
266 1196 1
248 1165 1
234 1131 1
224 1096 1
218 1063 1
214 1030 1
213 997 1
215 963 1
219 930 1
226 897 1
237 865 1
248 834 1
264 803 1
282 774 1
302 745 1
324 719 1
348 693 1
376 672 1
403 651 1
431 632 1
458 616 1
484 603 1
513 594 1
540 587 1
565 582 1
592 580 1
617 577 1
642 578 1
667 581 1
692 585 1
717 592 1
741 602 1
763 613 1
782 624 1
800 635 1
816 644 1
832 654 1
846 665 1
861 678 1
875 692 1
889 706 1
903 720 1
916 737 1
929 754 1
940 770 1
953 788 1
964 806 1
975 826 1
984 846 1
993 867 1
998 890 1
1001 912 1
1005 934 1
1005 957 1
1007 981 1
1006 1008 1
1004 1034 1
1000 1060 1
996 1087 1
990 1116 1
982 1145 1
971 1174 1
962 1201 1
951 1226 1
940 1252 1
926 1275 1
909 1298 1
890 1321 1
866 1342 1
841 1363 1
813 1383 1
782 1404 1
753 1418 1
715 1431 1
679 1443 1
642 1453 1
607 1461 1
573 1468 1
538 1468 1
504 1467 1
469 1463 1
437 1457 1
406 1452 1
378 1444 1
349 1434 1
319 1421 1
288 1404 1
261 1388 1
235 1367 1
209 1343 1
189 1320 1
170 1287 1
155 1256 1
147 1221 1
141 1186 1
140 1147 1
142 1102 1
145 1055 1
148 1012 1
153 969 1
153 973 0
