135 1179 1
155 1128 1
181 1063 1
213 990 1
257 888 1
272 848 1
272 827 1
271 811 1
266 804 1
257 798 1
243 796 1
221 798 1
198 809 1
174 832 1
157 862 1
147 898 1
155 941 1
168 979 1
191 1011 1
218 1045 1
251 1083 1
278 1117 1
300 1148 1
314 1178 1
322 1207 1
320 1232 1
304 1251 1
281 1265 1
255 1273 1
220 1265 1
189 1244 1
173 1193 1
167 1167 1
172 1186 0
487 1173 1
495 1154 1
516 1114 1
546 1056 1
580 989 1
606 909 1
612 867 1
601 850 1
587 836 1
565 826 1
538 821 1
508 822 1
479 826 1
452 848 1
432 870 1
423 893 1
420 921 1
428 952 1
451 982 1
480 1016 1
512 1050 1
540 1086 1
566 1128 1
575 1168 1
574 1199 1
565 1219 1
551 1230 1
534 1231 1
514 1216 1
498 1188 1
497 1147 1
500 1121 1
499 1136 0
761 1163 1
769 1150 1
788 1123 1
816 1087 1
846 1039 1
867 993 1
879 934 1
872 906 1
855 885 1
828 873 1
798 866 1
771 868 1
747 876 1
727 888 1
716 910 1
712 934 1
723 964 1
756 1005 1
801 1049 1
849 1096 1
888 1141 1
913 1181 1
915 1213 1
910 1240 1
894 1255 1
872 1261 1
848 1252 1
821 1223 1
800 1185 1
796 1138 1
803 1096 1
803 1097 0
