938 489 1
938 489 1
938 490 1
939 496 1
940 508 1
945 535 1
952 572 1
962 622 1
974 678 1
990 777 1
989 810 1
984 848 1
975 875 1
964 897 1
950 915 1
930 929 1
904 941 1
872 951 1
841 959 1
811 961 1
793 959 1
781 956 1
777 950 1
778 942 1
780 931 1
797 920 1
816 910 1
838 908 1
858 910 1
877 920 1
893 941 1
903 964 1
908 991 1
905 1023 1
897 1063 1
877 1103 1
857 1135 1
839 1157 1
827 1171 1
820 1179 1
817 1182 1
815 1185 1
813 1186 1
813 1188 1
813 1188 0
630 566 1
630 567 1
630 577 1
633 611 1
637 656 1
646 711 1
655 767 1
675 860 1
684 879 1
695 909 1
702 932 1
707 954 1
707 972 1
705 986 1
698 1001 1
685 1016 1
664 1032 1
644 1044 1
620 1051 1
599 1054 1
580 1052 1
567 1046 1
559 1038 1
558 1025 1
559 1012 1
561 1001 1
580 994 1
599 991 1
617 997 1
633 1007 1
649 1024 1
657 1048 1
663 1072 1
664 1097 1
662 1119 1
656 1141 1
645 1161 1
632 1182 1
615 1200 1
596 1221 1
582 1236 1
575 1245 1
570 1250 1
568 1252 1
566 1255 1
565 1257 1
566 1256 0
364 755 1
364 755 1
364 755 1
367 759 1
373 768 1
381 782 1
393 809 1
406 839 1
420 875 1
436 917 1
459 978 1
466 996 1
473 1018 1
477 1038 1
477 1049 1
478 1064 1
475 1078 1
467 1094 1
453 1112 1
428 1126 1
401 1138 1
373 1144 1
348 1147 1
328 1145 1
315 1143 1
306 1136 1
303 1128 1
305 1119 1
310 1112 1
322 1107 1
337 1105 1
354 1110 1
370 1117 1
384 1128 1
394 1141 1
403 1154 1
408 1172 1
407 1199 1
402 1229 1
382 1267 1
360 1303 1
337 1330 1
318 1344 1
303 1355 1
293 1359 1
285 1363 1
280 1364 1
282 1364 0
110 823 1
110 823 1
112 827 1
119 841 1
133 870 1
154 913 1
174 953 1
191 991 1
217 1046 1
232 1083 1
246 1114 1
255 1142 1
259 1163 1
260 1182 1
260 1198 1
253 1216 1
241 1235 1
225 1252 1
201 1266 1
179 1276 1
157 1279 1
136 1280 1
119 1277 1
106 1267 1
97 1257 1
93 1249 1
92 1241 1
92 1233 1
97 1227 1
108 1222 1
123 1221 1
144 1221 1
168 1226 1
191 1246 1
208 1266 1
222 1290 1
222 1321 1
219 1355 1
197 1391 1
171 1425 1
144 1450 1
114 1471 1
94 1483 1
99 1481 0
