38 1215 1
38 1211 1
40 1205 1
41 1197 1
43 1190 1
46 1183 1
48 1176 1
51 1168 1
54 1158 1
56 1146 1
60 1132 1
67 1117 1
74 1100 1
82 1081 1
88 1060 1
97 1026 1
100 1007 1
104 986 1
108 968 1
110 952 1
112 936 1
112 917 1
113 901 1
113 884 1
112 868 1
110 857 1
109 847 1
107 839 1
106 832 1
104 826 1
101 821 1
97 817 1
95 815 1
92 812 1
90 812 1
88 812 1
87 812 1
86 812 1
84 814 1
82 817 1
79 823 1
75 832 1
72 842 1
67 853 1
64 866 1
60 878 1
58 890 1
55 902 1
53 915 1
53 926 1
53 935 1
54 945 1
62 967 1
76 989 1
92 1012 1
102 1029 1
108 1042 1
111 1049 1
114 1056 1
117 1065 1
118 1074 1
121 1085 1
124 1095 1
126 1104 1
127 1111 1
130 1119 1
134 1126 1
139 1135 1
145 1144 1
150 1155 1
157 1164 1
161 1174 1
165 1180 1
169 1186 1
170 1188 1
172 1191 1
174 1193 1
175 1194 1
176 1195 1
178 1195 1
180 1192 1
184 1188 1
187 1184 1
193 1177 1
199 1168 1
205 1157 1
211 1144 1
218 1129 1
222 1114 1
228 1099 1
232 1084 1
236 1069 1
238 1054 1
240 1042 1
242 1031 1
242 1020 1
242 1010 1
242 998 1
241 988 1
241 977 1
241 967 1
241 956 1
241 947 1
240 934 1
238 922 1
237 909 1
236 900 1
234 890 1
233 881 1
230 873 1
229 868 1
228 863 1
226 860 1
225 858 1
224 856 1
222 854 1
222 854 1
221 854 1
220 855 1
219 855 1
217 857 1
215 860 1
213 863 1
211 867 1
209 874 1
207 884 1
205 894 1
203 904 1
202 913 1
202 925 1
200 937 1
201 952 1
201 965 1
201 978 1
201 991 1
201 1004 1
202 1019 1
204 1033 1
205 1045 1
208 1055 1
211 1065 1
215 1077 1
220 1091 1
226 1104 1
230 1114 1
234 1125 1
238 1134 1
243 1145 1
248 1156 1
253 1167 1
256 1176 1
260 1183 1
262 1188 1
264 1192 1
266 1195 1
269 1198 1
270 1199 1
273 1199 1
277 1199 1
284 1194 1
293 1189 1
303 1181 1
316 1172 1
329 1160 1
341 1146 1
351 1131 1
359 1117 1
366 1105 1
371 1094 1
375 1081 1
379 1067 1
382 1054 1
385 1042 1
387 1029 1
390 1017 1
390 1002 1
392 989 1
393 976 1
394 966 1
394 956 1
394 949 1
394 943 1
394 936 1
393 931 1
393 926 1
392 923 1
392 920 1
392 918 1
391 916 1
391 913 1
390 910 1
388 908 1
387 906 1
387 904 1
385 902 1
383 900 1
380 898 1
376 899 1
373 898 1
368 898 1
362 899 1
357 901 1
351 906 1
346 910 1
341 915 1
337 921 1
334 928 1
331 938 1
331 950 1
329 961 1
330 973 1
330 986 1
330 1001 1
331 1017 1
331 1032 1
333 1047 1
335 1063 1
337 1081 1
340 1100 1
342 1116 1
347 1132 1
350 1148 1
354 1165 1
360 1179 1
363 1193 1
368 1206 1
372 1217 1
376 1227 1
380 1235 1
381 1238 1
384 1243 1
386 1243 1
389 1244 1
392 1244 1
396 1242 1
401 1237 1
407 1232 1
414 1224 1
424 1214 1
432 1202 1
441 1189 1
449 1176 1
458 1161 1
466 1145 1
472 1130 1
478 1116 1
484 1102 1
490 1086 1
496 1071 1
500 1053 1
504 1038 1
507 1024 1
509 1009 1
510 994 1
511 980 1
511 966 1
510 950 1
508 935 1
507 919 1
506 909 1
506 900 1
505 894 1
503 888 1
504 886 1
503 883 1
503 881 1
503 881 1
503 881 1
503 881 1
501 881 1
498 882 1
496 883 1
491 886 1
487 890 1
483 896 1
478 902 1
474 909 1
472 917 1
469 926 1
466 938 1
464 952 1
461 979 1
461 993 1
459 1007 1
459 1021 1
459 1034 1
458 1046 1
459 1058 1
460 1073 1
462 1090 1
465 1106 1
470 1121 1
476 1138 1
484 1155 1
492 1172 1
501 1189 1
510 1204 1
520 1221 1
530 1236 1
539 1250 1
546 1261 1
551 1269 1
555 1276 1
559 1283 1
562 1286 1
565 1290 1
569 1291 1
573 1293 1
575 1293 1
581 1290 1
587 1286 1
594 1277 1
603 1267 1
613 1254 1
623 1238 1
633 1219 1
640 1202 1
646 1185 1
650 1170 1
653 1155 1
656 1140 1
659 1125 1
660 1109 1
662 1091 1
663 1073 1
664 1055 1
664 1039 1
664 1021 1
662 1003 1
663 986 1
661 971 1
660 957 1
659 945 1
657 933 1
655 923 1
653 915 1
650 909 1
649 905 1
647 902 1
648 901 1
647 901 1
645 899 1
644 901 1
643 902 1
636 908 1
629 914 1
623 920 1
617 929 1
611 938 1
606 948 1
603 958 1
600 969 1
598 980 1
596 993 1
595 1008 1
596 1025 1
598 1041 1
599 1052 1
603 1066 1
608 1082 1
614 1099 1
620 1116 1
627 1133 1
636 1152 1
643 1169 1
651 1184 1
657 1197 1
663 1209 1
669 1225 1
675 1240 1
681 1253 1
688 1264 1
693 1272 1
697 1279 1
701 1285 1
706 1289 1
710 1291 1
714 1292 1
716 1292 1
720 1292 1
723 1289 1
728 1285 1
732 1278 1
736 1271 1
740 1263 1
744 1256 1
748 1245 1
754 1233 1
758 1220 1
762 1206 1
766 1193 1
771 1180 1
777 1167 1
782 1152 1
787 1138 1
793 1124 1
796 1109 1
799 1092 1
803 1077 1
806 1061 1
808 1045 1
810 1029 1
812 1012 1
814 996 1
817 982 1
818 968 1
819 953 1
820 939 1
820 926 1
818 915 1
816 905 1
815 899 1
813 894 1
812 890 1
811 888 1
811 886 1
810 886 1
808 884 1
806 885 1
802 885 1
796 886 1
790 888 1
784 892 1
775 898 1
769 906 1
762 913 1
757 919 1
751 928 1
745 938 1
741 951 1
738 963 1
736 974 1
735 985 1
733 998 1
733 1013 1
733 1028 1
734 1044 1
736 1060 1
739 1078 1
743 1095 1
747 1112 1
749 1128 1
755 1145 1
760 1164 1
766 1182 1
772 1200 1
777 1218 1
783 1235 1
788 1250 1
793 1261 1
797 1270 1
802 1277 1
804 1282 1
806 1285 1
807 1288 1
808 1289 1
811 1290 1
813 1289 1
817 1286 1
823 1282 1
830 1272 1
840 1261 1
849 1247 1
858 1231 1
868 1215 1
876 1196 1
884 1177 1
892 1155 1
900 1133 1
907 1109 1
915 1085 1
922 1060 1
928 1036 1
932 1012 1
934 987 1
936 965 1
938 943 1
937 924 1
936 909 1
934 894 1
932 886 1
929 880 1
928 874 1
927 871 1
925 868 1
924 866 1
924 866 1
924 864 1
923 865 1
921 866 1
918 867 1
914 871 1
909 875 1
902 883 1
896 891 1
890 901 1
884 910 1
879 920 1
875 930 1
871 942 1
867 953 1
864 965 1
863 978 1
863 994 1
863 1011 1
865 1028 1
868 1044 1
870 1060 1
874 1080 1
878 1101 1
885 1120 1
893 1141 1
900 1162 1
908 1179 1
914 1195 1
920 1211 1
927 1227 1
934 1244 1
939 1258 1
945 1269 1
949 1276 1
952 1281 1
954 1285 1
956 1286 1
958 1288 1
962 1287 1
965 1283 1
970 1278 1
975 1269 1
980 1259 1
985 1245 1
990 1230 1
995 1214 1
998 1195 1
1002 1177 1
1005 1160 1
1006 1140 1
1008 1124 1
1009 1105 1
1009 1084 1
1009 1065 1
1009 1046 1
1007 1025 1
1007 1004 1
1006 985 1
1004 966 1
1004 950 1
1002 936 1
1003 923 1
1003 913 1
1001 904 1
1001 899 1
1001 895 1
999 893 1
1000 890 1
998 888 1
998 888 1
999 888 1
999 888 1
999 888 1
999 888 1
999 888 1
999 888 1
997 886 1
996 887 1
994 888 1
993 888 1
991 888 1
988 890 1
985 893 1
982 897 1
980 901 1
976 906 1
973 910 1
970 916 1
968 922 1
966 927 1
965 936 1
963 943 1
962 953 1
961 961 1
961 972 1
960 980 1
962 988 1
965 999 1
969 1013 1
973 1026 1
977 1039 1
981 1051 1
985 1065 1
990 1084 1
996 1102 1
1000 1118 1
1004 1136 1
1008 1156 1
1011 1176 1
1015 1195 1
1020 1219 1
1025 1241 1
1029 1265 1
1036 1291 1
1040 1317 1
1045 1341 1
1049 1366 1
1051 1392 1
1051 1384 0
