769 662 1
767 666 1
765 674 1
764 687 1
761 698 1
757 712 1
752 730 1
745 750 1
735 777 1
720 812 1
702 852 1
668 919 1
642 964 1
616 1010 1
591 1052 1
566 1089 1
540 1128 1
514 1166 1
490 1201 1
467 1233 1
439 1263 1
413 1290 1
382 1313 1
352 1332 1
329 1344 1
307 1355 1
287 1360 1
270 1361 1
255 1360 1
244 1359 1
234 1355 1
227 1347 1
221 1336 1
215 1323 1
213 1299 1
211 1260 1
214 1206 1
223 1106 1
235 1005 1
249 926 1
264 865 1
277 822 1
295 786 1
314 749 1
338 714 1
363 679 1
390 644 1
418 616 1
444 591 1
469 569 1
493 551 1
517 537 1
540 524 1
565 512 1
587 502 1
609 492 1
629 483 1
648 476 1
667 469 1
686 466 1
707 465 1
725 466 1
743 470 1
758 478 1
772 486 1
784 499 1
793 514 1
798 536 1
801 564 1
798 599 1
790 646 1
778 696 1
763 746 1
747 794 1
731 839 1
717 879 1
700 920 1
678 962 1
654 1003 1
627 1043 1
597 1083 1
563 1122 1
525 1167 1
489 1210 1
455 1250 1
422 1286 1
391 1318 1
363 1339 1
341 1354 1
323 1361 1
306 1364 1
291 1361 1
272 1341 1
250 1308 1
233 1263 1
219 1193 1
212 1122 1
218 1044 1
230 974 1
247 913 1
270 857 1
293 805 1
323 752 1
356 697 1
394 643 1
433 596 1
469 555 1
503 524 1
536 495 1
569 473 1
600 454 1
633 436 1
664 423 1
694 411 1
721 407 1
745 405 1
767 407 1
785 414 1
802 423 1
814 438 1
823 463 1
827 496 1
821 551 1
809 613 1
790 678 1
765 746 1
740 807 1
713 865 1
685 922 1
659 974 1
631 1026 1
603 1070 1
569 1114 1
535 1155 1
502 1194 1
466 1231 1
434 1262 1
404 1285 1
376 1306 1
351 1323 1
328 1333 1
307 1339 1
290 1338 1
274 1332 1
259 1319 1
245 1285 1
232 1237 1
227 1169 1
228 1100 1
235 1031 1
254 964 1
280 893 1
316 815 1
351 747 1
384 694 1
413 655 1
441 622 1
471 593 1
503 565 1
534 539 1
562 519 1
588 502 1
611 488 1
633 476 1
654 466 1
675 459 1
696 455 1
717 453 1
737 453 1
756 455 1
770 460 1
783 466 1
794 476 1
803 495 1
809 520 1
807 557 1
798 602 1
785 653 1
764 707 1
744 758 1
722 803 1
698 848 1
675 888 1
648 933 1
620 978 1
592 1024 1
559 1071 1
526 1117 1
491 1165 1
459 1209 1
430 1246 1
401 1279 1
374 1308 1
349 1331 1
327 1348 1
312 1359 1
297 1365 1
285 1369 1
270 1365 1
255 1354 1
238 1327 1
222 1292 1
209 1253 1
204 1204 1
206 1146 1
224 1061 1
247 971 1
273 893 1
296 841 1
322 791 1
350 748 1
381 706 1
414 663 1
450 623 1
479 589 1
505 562 1
528 539 1
551 520 1
569 506 1
588 492 1
607 481 1
624 471 1
640 464 1
655 459 1
670 455 1
685 453 1
701 451 1
717 451 1
731 450 1
743 452 1
753 456 1
764 469 1
774 490 1
780 521 1
780 561 1
775 610 1
761 661 1
747 709 1
733 750 1
718 788 1
701 825 1
683 855 1
665 885 1
651 909 1
636 931 1
621 954 1
604 977 1
582 1007 1
557 1037 1
533 1067 1
507 1097 1
481 1127 1
453 1157 1
422 1191 1
392 1226 1
367 1255 1
348 1275 1
334 1288 1
322 1299 1
312 1305 1
302 1311 1
290 1313 1
278 1314 1
266 1310 1
255 1304 1
243 1294 1
233 1269 1
224 1234 1
218 1192 1
218 1140 1
220 1084 1
230 1019 1
242 959 1
254 906 1
267 866 1
282 832 1
296 802 1
313 772 1
331 742 1
350 714 1
368 688 1
390 663 1
414 637 1
442 611 1
470 583 1
496 558 1
520 538 1
540 519 1
560 503 1
578 490 1
598 477 1
619 468 1
640 458 1
663 449 1
684 440 1
703 432 1
720 427 1
733 425 1
746 425 1
756 428 1
768 434 1
777 444 1
784 464 1
787 493 1
783 534 1
775 583 1
762 633 1
749 681 1
736 723 1
721 764 1
707 803 1
692 839 1
676 879 1
659 916 1
644 954 1
626 994 1
605 1034 1
584 1070 1
562 1100 1
538 1130 1
513 1161 1
487 1192 1
458 1226 1
426 1258 1
395 1282 1
368 1298 1
344 1309 1
322 1313 1
299 1314 1
276 1308 1
255 1299 1
239 1288 1
225 1276 1
214 1263 1
209 1243 1
205 1213 1
206 1168 1
213 1109 1
222 1047 1
238 982 1
259 915 1
285 847 1
312 790 1
337 740 1
366 697 1
396 657 1
429 621 1
464 586 1
495 555 1
525 531 1
552 508 1
579 487 1
606 470 1
634 453 1
662 439 1
689 428 1
715 418 1
739 414 1
763 411 1
787 413 1
811 418 1
832 425 1
846 440 1
857 460 1
863 499 1
866 548 1
860 605 1
846 664 1
827 725 1
802 780 1
773 836 1
743 885 1
712 934 1
678 985 1
642 1035 1
605 1084 1
570 1131 1
533 1178 1
500 1221 1
470 1256 1
443 1287 1
416 1312 1
389 1331 1
361 1344 1
333 1349 1
305 1353 1
280 1352 1
260 1350 1
243 1345 1
229 1334 1
216 1318 1
204 1295 1
194 1252 1
188 1206 1
191 1151 1
201 1095 1
220 1031 1
250 959 1
284 891 1
319 825 1
353 769 1
383 725 1
409 692 1
437 661 1
469 628 1
505 596 1
539 566 1
573 544 1
601 526 1
628 511 1
652 497 1
676 485 1
702 475 1
727 468 1
750 463 1
771 461 1
789 459 1
804 460 1
818 463 1
829 469 1
838 480 1
845 499 1
848 532 1
846 575 1
839 622 1
826 677 1
812 726 1
797 769 1
782 810 1
766 849 1
742 893 1
716 938 1
687 981 1
660 1018 1
635 1050 1
608 1078 1
579 1108 1
548 1140 1
521 1168 1
495 1191 1
475 1206 1
455 1219 1
432 1231 1
408 1245 1
383 1256 1
361 1266 1
341 1275 1
326 1280 1
310 1287 1
297 1292 1
281 1300 1
267 1307 1
254 1314 1
243 1317 1
235 1319 1
230 1318 1
224 1314 1
217 1304 1
211 1279 1
205 1246 1
204 1202 1
209 1151 1
219 1093 1
238 1021 1
259 947 1
278 884 1
298 831 1
314 787 1
331 755 1
348 724 1
367 699 1
385 676 1
404 655 1
421 635 1
441 617 1
463 602 1
486 586 1
510 569 1
533 552 1
557 534 1
581 516 1
605 498 1
629 482 1
652 470 1
674 460 1
693 453 1
712 449 1
728 446 1
739 446 1
747 447 1
754 449 1
761 453 1
770 460 1
778 474 1
786 490 1
796 513 1
802 539 1
808 564 1
809 594 1
810 627 1
808 661 1
800 702 1
791 739 1
778 774 1
761 812 1
739 854 1
708 900 1
679 946 1
649 986 1
619 1026 1
592 1060 1
564 1096 1
537 1134 1
514 1171 1
493 1205 1
475 1239 1
456 1270 1
438 1301 1
420 1326 1
404 1349 1
391 1366 1
377 1378 1
366 1385 1
355 1388 1
345 1386 1
332 1381 1
318 1361 1
303 1336 1
286 1293 1
271 1242 1
260 1184 1
256 1133 1
256 1088 1
259 1045 1
266 999 1
276 949 1
289 896 1
302 846 1
316 803 1
334 761 1
354 721 1
378 682 1
404 645 1
432 612 1
462 576 1
490 544 1
516 513 1
543 484 1
569 457 1
596 432 1
621 411 1
644 397 1
664 387 1
682 380 1
699 381 1
718 383 1
737 393 1
755 408 1
772 432 1
783 472 1
788 521 1
781 588 1
765 661 1
746 732 1
722 796 1
699 853 1
675 906 1
649 964 1
621 1024 1
593 1074 1
564 1121 1
538 1162 1
513 1196 1
490 1226 1
468 1251 1
447 1274 1
425 1293 1
404 1308 1
384 1321 1
365 1325 1
349 1327 1
333 1324 1
320 1319 1
307 1312 1
297 1297 1
284 1273 1
275 1230 1
266 1181 1
262 1127 1
267 1077 1
277 1022 1
294 966 1
328 886 1
359 817 1
389 768 1
412 729 1
433 698 1
454 669 1
478 641 1
506 611 1
533 583 1
559 559 1
586 538 1
612 517 1
639 500 1
666 483 1
689 471 1
712 461 1
733 455 1
751 454 1
769 457 1
786 464 1
801 481 1
813 500 1
820 526 1
826 559 1
827 596 1
822 648 1
813 700 1
799 750 1
783 798 1
762 848 1
738 898 1
712 948 1
683 992 1
655 1035 1
630 1072 1
601 1112 1
570 1155 1
540 1199 1
510 1241 1
484 1272 1
459 1299 1
435 1320 1
415 1333 1
395 1342 1
375 1343 1
353 1337 1
330 1325 1
307 1303 1
286 1277 1
268 1248 1
254 1217 1
246 1184 1
244 1141 1
246 1093 1
256 1044 1
279 982 1
305 922 1
338 859 1
374 796 1
414 734 1
452 683 1
491 633 1
524 592 1
556 554 1
585 522 1
613 495 1
638 475 1
660 461 1
682 452 1
702 446 1
719 444 1
737 445 1
757 448 1
778 455 1
800 466 1
820 483 1
837 503 1
848 528 1
851 567 1
849 612 1
837 665 1
820 726 1
795 787 1
768 849 1
738 909 1
708 964 1
679 1014 1
650 1063 1
619 1111 1
581 1161 1
545 1208 1
512 1247 1
480 1279 1
448 1306 1
420 1324 1
395 1336 1
356 1343 1
340 1339 1
325 1330 1
309 1311 1
293 1286 1
279 1252 1
269 1213 1
265 1173 1
269 1132 1
279 1087 1
296 1037 1
327 964 1
357 894 1
389 828 1
415 776 1
435 738 1
452 709 1
470 681 1
491 658 1
513 633 1
536 611 1
560 585 1
583 562 1
604 545 1
627 528 1
649 512 1
677 496 1
707 481 1
736 470 1
759 461 1
778 454 1
790 453 1
801 453 1
811 457 1
822 466 1
830 477 1
837 500 1
842 528 1
839 568 1
831 618 1
818 673 1
798 734 1
775 795 1
749 854 1
721 911 1
694 965 1
663 1016 1
631 1065 1
594 1113 1
558 1159 1
526 1199 1
500 1225 1
475 1249 1
448 1264 1
420 1276 1
394 1281 1
368 1278 1
345 1272 1
326 1263 1
310 1252 1
297 1241 1
284 1220 1
271 1189 1
263 1149 1
257 1110 1
258 1074 1
265 1033 1
280 983 1
306 925 1
336 866 1
367 810 1
398 765 1
426 724 1
453 685 1
483 647 1
511 609 1
541 570 1
569 536 1
596 506 1
626 476 1
654 454 1
679 437 1
704 423 1
726 414 1
743 410 1
757 408 1
767 412 1
777 417 1
785 429 1
793 449 1
800 477 1
803 514 1
802 554 1
798 597 1
788 641 1
777 685 1
767 724 1
756 762 1
745 796 1
732 832 1
718 868 1
703 905 1
688 941 1
671 975 1
651 1009 1
629 1047 1
606 1083 1
572 1127 1
542 1167 1
518 1200 1
492 1233 1
463 1266 1
431 1297 1
403 1321 1
385 1336 1
368 1345 1
354 1350 1
344 1351 1
334 1348 1
322 1339 1
311 1324 1
299 1300 1
289 1268 1
282 1234 1
275 1201 1
271 1164 1
268 1130 1
267 1098 1
270 1065 1
276 1028 1
287 976 1
302 920 1
319 868 1
337 822 1
356 783 1
371 754 1
390 725 1
410 698 1
430 673 1
450 649 1
469 627 1
490 607 1
512 587 1
541 566 1
572 546 1
603 527 1
632 511 1
658 495 1
678 484 1
697 476 1
716 470 1
736 466 1
759 464 1
780 464 1
799 466 1
811 469 1
822 475 1
830 480 1
837 493 1
841 512 1
839 546 1
829 588 1
812 641 1
790 694 1
764 754 1
737 811 1
708 875 1
678 935 1
652 987 1
625 1037 1
597 1081 1
566 1126 1
534 1172 1
509 1209 1
485 1239 1
464 1265 1
443 1287 1
424 1306 1
403 1322 1
386 1334 1
371 1342 1
355 1346 1
341 1344 1
325 1332 1
311 1317 1
300 1292 1
290 1260 1
281 1218 1
279 1160 1
277 1095 1
279 1035 1
283 994 1
287 964 1
294 943 1
305 919 1
319 891 1
340 857 1
360 823 1
378 791 1
396 763 1
413 735 1
435 704 1
461 668 1
488 635 1
514 601 1
536 573 1
555 550 1
574 527 1
597 503 1
622 477 1
646 453 1
668 432 1
688 413 1
704 399 1
721 389 1
737 379 1
753 372 1
769 367 1
783 363 1
799 363 1
816 363 1
835 368 1
853 374 1
871 384 1
886 398 1
897 412 1
905 434 1
910 461 1
911 493 1
905 530 1
896 566 1
881 604 1
866 646 1
848 690 1
826 736 1
804 780 1
782 823 1
759 865 1
735 908 1
711 952 1
684 996 1
659 1038 1
632 1081 1
602 1124 1
564 1173 1
531 1215 1
500 1250 1
470 1280 1
441 1308 1
414 1332 1
390 1355 1
367 1374 1
345 1390 1
327 1402 1
312 1405 1
297 1406 1
285 1401 1
273 1391 1
260 1372 1
249 1342 1
239 1306 1
233 1264 1
232 1219 1
234 1171 1
245 1114 1
260 1057 1
274 1005 1
293 951 1
313 903 1
336 857 1
358 814 1
381 777 1
405 744 1
427 713 1
451 687 1
473 659 1
497 635 1
521 611 1
550 585 1
581 559 1
614 531 1
651 503 1
682 479 1
713 459 1
741 443 1
766 428 1
789 418 1
807 415 1
823 415 1
836 420 1
848 431 1
856 449 1
861 480 1
860 522 1
852 573 1
830 643 1
804 709 1
778 770 1
748 829 1
715 887 1
679 947 1
642 1010 1
606 1063 1
569 1112 1
537 1158 1
510 1202 1
484 1243 1
459 1276 1
434 1304 1
414 1320 1
395 1328 1
379 1330 1
363 1322 1
347 1309 1
331 1288 1
315 1260 1
303 1228 1
293 1188 1
287 1143 1
285 1093 1
287 1043 1
294 995 1
308 950 1
328 901 1
357 844 1
389 789 1
420 741 1
452 698 1
488 656 1
528 613 1
571 570 1
612 529 1
650 495 1
685 467 1
716 446 1
739 434 1
759 425 1
775 421 1
785 421 1
795 424 1
803 434 1
810 449 1
817 471 1
819 509 1
818 547 1
812 596 1
803 647 1
790 701 1
775 757 1
759 811 1
736 868 1
710 925 1
686 978 1
661 1028 1
637 1075 1
613 1119 1
586 1165 1
559 1209 1
530 1242 1
502 1268 1
475 1283 1
447 1293 1
415 1300 1
386 1297 1
360 1291 1
341 1279 1
324 1264 1
308 1246 1
295 1218 1
282 1182 1
273 1146 1
269 1110 1
268 1073 1
274 1036 1
282 996 1
296 951 1
318 897 1
344 843 1
379 785 1
412 732 1
446 683 1
478 639 1
511 599 1
544 563 1
576 529 1
605 501 1
635 476 1
661 458 1
683 447 1
703 440 1
722 436 1
737 437 1
753 441 1
766 448 1
779 460 1
790 477 1
798 506 1
804 542 1
803 590 1
797 639 1
786 685 1
764 739 1
741 794 1
711 852 1
681 912 1
651 971 1
617 1024 1
583 1072 1
550 1115 1
518 1161 1
494 1203 1
471 1240 1
448 1269 1
422 1291 1
398 1308 1
374 1320 1
354 1326 1
334 1328 1
318 1324 1
302 1316 1
285 1298 1
271 1264 1
261 1222 1
255 1173 1
257 1125 1
261 1081 1
272 1036 1
288 983 1
313 913 1
339 843 1
366 783 1
388 739 1
409 703 1
432 673 1
461 643 1
492 615 1
521 588 1
546 564 1
569 545 1
591 528 1
614 508 1
640 489 1
667 472 1
691 461 1
715 453 1
736 446 1
753 443 1
769 443 1
783 444 1
796 451 1
808 463 1
818 487 1
824 520 1
823 566 1
816 620 1
807 679 1
790 742 1
772 802 1
750 861 1
731 913 1
711 965 1
693 1007 1
673 1045 1
651 1084 1
625 1118 1
596 1157 1
565 1193 1
538 1226 1
512 1255 1
488 1281 1
464 1304 1
444 1323 1
424 1335 1
406 1345 1
389 1347 1
370 1348 1
355 1345 1
340 1338 1
327 1330 1
316 1319 1
306 1302 1
297 1278 1
292 1239 1
290 1203 1
293 1164 1
299 1123 1
311 1078 1
330 1009 1
351 940 1
376 875 1
397 822 1
415 785 1
431 753 1
448 725 1
468 694 1
490 661 1
514 631 1
538 603 1
561 578 1
583 558 1
605 539 1
628 525 1
655 509 1
678 494 1
701 484 1
720 475 1
736 470 1
751 467 1
765 467 1
779 469 1
792 474 1
803 481 1
812 493 1
822 510 1
829 535 1
835 565 1
836 599 1
832 636 1
824 676 1
815 719 1
802 765 1
787 812 1
767 863 1
744 914 1
720 963 1
692 1013 1
663 1062 1
634 1108 1
602 1155 1
573 1195 1
546 1228 1
524 1253 1
502 1271 1
482 1285 1
463 1297 1
445 1304 1
428 1310 1
413 1312 1
399 1311 1
384 1309 1
372 1304 1
360 1297 1
349 1283 1
339 1261 1
332 1228 1
329 1171 1
332 1097 1
342 1002 1
355 912 1
368 843 1
381 806 1
396 775 1
416 749 1
440 721 1
467 692 1
499 661 1
526 634 1
547 616 1
567 600 1
586 586 1
608 572 1
634 557 1
660 544 1
690 528 1
719 515 1
741 501 1
764 488 1
786 478 1
803 471 1
820 465 1
838 465 1
855 466 1
872 471 1
886 480 1
897 489 1
905 505 1
910 525 1
911 554 1
904 595 1
892 639 1
876 684 1
851 736 1
826 785 1
798 838 1
770 889 1
741 940 1
714 985 1
689 1024 1
666 1054 1
646 1081 1
627 1106 1
606 1127 1
583 1152 1
561 1176 1
542 1196 1
527 1211 1
514 1223 1
502 1234 1
487 1245 1
469 1256 1
447 1265 1
423 1269 1
401 1270 1
380 1266 1
361 1257 1
344 1244 1
328 1219 1
311 1188 1
299 1151 1
290 1116 1
286 1081 1
292 1037 1
305 981 1
334 904 1
366 832 1
400 770 1
427 726 1
455 684 1
483 646 1
518 606 1
552 568 1
587 534 1
619 504 1
647 481 1
672 466 1
694 455 1
715 449 1
735 444 1
755 443 1
772 443 1
788 447 1
799 456 1
810 470 1
818 493 1
824 531 1
826 575 1
816 630 1
802 687 1
783 745 1
755 806 1
728 862 1
697 921 1
665 976 1
633 1028 1
601 1074 1
567 1124 1
535 1177 1
507 1226 1
484 1267 1
461 1303 1
439 1333 1
420 1352 1
403 1368 1
388 1380 1
374 1386 1
361 1391 1
349 1390 1
337 1386 1
325 1379 1
314 1368 1
303 1353 1
295 1328 1
291 1299 1
296 1221 1
303 1180 1
322 1102 1
332 1067 1
342 1025 1
354 981 1
368 934 1
383 889 1
398 849 1
412 815 1
428 779 1
445 743 1
469 703 1
494 666 1
518 637 1
543 612 1
569 591 1
596 571 1
622 553 1
647 539 1
670 527 1
693 516 1
713 507 1
731 500 1
746 497 1
761 495 1
773 496 1
787 499 1
798 503 1
809 510 1
819 519 1
831 533 1
839 555 1
844 584 1
843 625 1
835 673 1
818 729 1
795 791 1
767 856 1
735 918 1
705 977 1
672 1034 1
639 1085 1
562 1178 1
526 1211 1
494 1236 1
466 1252 1
439 1265 1
413 1271 1
390 1275 1
369 1272 1
351 1261 1
334 1248 1
319 1225 1
305 1196 1
295 1165 1
291 1127 1
289 1089 1
294 1044 1
305 991 1
323 935 1
347 877 1
371 826 1
394 784 1
417 743 1
440 700 1
471 653 1
502 604 1
535 562 1
566 526 1
599 492 1
630 466 1
658 444 1
681 430 1
701 420 1
721 412 1
736 413 1
752 414 1
766 420 1
779 428 1
794 440 1
808 461 1
822 486 1
831 520 1
830 568 1
823 619 1
808 677 1
791 735 1
772 792 1
747 846 1
722 898 1
694 947 1
665 991 1
634 1032 1
605 1062 1
577 1089 1
549 1112 1
525 1134 1
503 1152 1
484 1168 1
464 1179 1
446 1185 1
412 1188 1
399 1183 1
387 1177 1
377 1166 1
366 1147 1
357 1117 1
350 1084 1
346 1052 1
349 1018 1
357 983 1
371 941 1
390 893 1
411 845 1
430 805 1
447 768 1
466 733 1
490 695 1
518 656 1
551 614 1
583 575 1
617 539 1
647 508 1
673 483 1
696 464 1
718 448 1
738 436 1
756 425 1
774 415 1
790 408 1
806 404 1
820 402 1
833 406 1
847 415 1
861 432 1
872 458 1
879 491 1
875 546 1
863 613 1
840 692 1
815 768 1
783 843 1
750 913 1
718 978 1
685 1039 1
652 1098 1
616 1157 1
576 1208 1
540 1248 1
506 1277 1
472 1297 1
440 1313 1
413 1321 1
390 1326 1
373 1325 1
360 1320 1
348 1315 1
336 1302 1
325 1283 1
313 1255 1
305 1223 1
300 1194 1
301 1163 1
306 1124 1
319 1069 1
345 985 1
374 903 1
403 833 1
428 781 1
451 738 1
479 697 1
511 654 1
547 607 1
584 561 1
617 522 1
644 492 1
666 470 1
685 456 1
701 447 1
716 443 1
730 442 1
743 443 1
753 445 1
763 452 1
773 461 1
780 476 1
787 496 1
791 524 1
793 562 1
791 610 1
783 666 1
774 724 1
761 778 1
748 830 1
734 879 1
719 927 1
703 971 1
684 1015 1
661 1056 1
633 1098 1
598 1144 1
561 1189 1
526 1227 1
493 1256 1
461 1277 1
432 1290 1
404 1298 1
380 1299 1
358 1297 1
340 1289 1
322 1274 1
308 1254 1
298 1224 1
294 1187 1
295 1142 1
306 1086 1
320 1023 1
339 959 1
360 898 1
379 846 1
400 799 1
422 754 1
444 708 1
468 662 1
493 618 1
518 576 1
543 539 1
570 506 1
597 483 1
624 464 1
647 448 1
669 440 1
687 433 1
703 429 1
718 429 1
733 430 1
750 435 1
768 445 1
786 465 1
804 490 1
818 522 1
827 559 1
831 602 1
825 653 1
812 708 1
792 766 1
768 822 1
742 876 1
711 927 1
680 973 1
650 1016 1
620 1054 1
592 1088 1
564 1121 1
537 1156 1
510 1192 1
484 1226 1
459 1255 1
433 1280 1
406 1301 1
382 1316 1
362 1327 1
345 1330 1
333 1324 1
321 1313 1
311 1291 1
303 1258 1
299 1219 1
300 1172 1
303 1127 1
310 1081 1
320 1027 1
338 954 1
373 845 1
406 749 1
430 685 1
447 657 1
462 634 1
477 619 1
492 606 1
512 595 1
532 584 1
554 574 1
578 566 1
603 558 1
628 550 1
651 545 1
673 540 1
695 535 1
715 534 1
734 531 1
748 531 1
762 531 1
774 531 1
785 534 1
796 539 1
805 548 1
813 560 1
818 577 1
821 603 1
819 634 1
810 679 1
797 731 1
778 788 1
754 849 1
725 913 1
692 975 1
661 1031 1
628 1084 1
597 1134 1
568 1182 1
546 1219 1
526 1248 1
507 1270 1
487 1281 1
468 1288 1
452 1290 1
434 1288 1
419 1283 1
402 1274 1
385 1263 1
370 1247 1
355 1226 1
342 1199 1
333 1166 1
327 1132 1
326 1095 1
330 1059 1
338 1025 1
349 991 1
364 954 1
382 914 1
403 874 1
425 836 1
446 800 1
467 763 1
490 724 1
515 682 1
542 642 1
567 607 1
592 575 1
618 547 1
646 524 1
672 505 1
697 491 1
719 480 1
739 471 1
755 466 1
771 461 1
783 460 1
795 460 1
806 461 1
818 467 1
829 475 1
840 490 1
849 510 1
857 536 1
860 570 1
859 611 1
850 659 1
838 707 1
822 754 1
805 799 1
784 845 1
760 893 1
733 942 1
681 1025 1
655 1058 1
632 1085 1
602 1114 1
572 1143 1
542 1172 1
517 1197 1
495 1215 1
476 1228 1
457 1237 1
440 1243 1
426 1245 1
414 1244 1
404 1238 1
394 1226 1
385 1205 1
377 1178 1
372 1143 1
371 1103 1
373 1055 1
380 1003 1
388 951 1
397 905 1
422 832 1
439 800 1
459 762 1
483 719 1
508 679 1
531 643 1
552 610 1
576 579 1
603 547 1
633 515 1
665 485 1
695 459 1
721 437 1
744 417 1
763 403 1
781 392 1
819 381 1
836 381 1
853 386 1
865 399 1
874 418 1
879 451 1
875 498 1
860 560 1
832 635 1
800 708 1
731 837 1
694 900 1
658 962 1
621 1022 1
588 1074 1
556 1125 1
527 1176 1
505 1221 1
487 1261 1
469 1298 1
476 1285 0
