557 961 1
557 961 1
557 961 1
557 961 1
557 961 1
557 961 1
557 961 1
557 961 1
556 961 1
556 961 1
554 960 1
552 960 1
552 960 1
550 958 1
549 958 1
547 956 1
547 956 1
547 954 1
545 951 1
546 948 1
548 945 1
550 943 1
554 941 1
558 939 1
561 940 1
564 940 1
566 941 1
567 942 1
567 946 1
564 950 1
560 958 1
553 965 1
543 971 1
531 976 1
520 978 1
511 977 1
502 973 1
496 968 1
492 962 1
489 953 1
489 942 1
494 931 1
501 919 1
515 909 1
532 902 1
550 899 1
567 900 1
581 904 1
590 912 1
598 920 1
602 930 1
606 943 1
606 958 1
600 975 1
589 992 1
573 1007 1
556 1019 1
537 1027 1
517 1030 1
499 1029 1
481 1026 1
467 1020 1
456 1010 1
446 997 1
439 983 1
435 968 1
434 953 1
434 936 1
436 921 1
440 907 1
444 894 1
451 881 1
457 868 1
466 858 1
476 847 1
490 837 1
504 831 1
518 826 1
533 824 1
548 825 1
561 826 1
574 830 1
586 835 1
597 840 1
609 848 1
617 856 1
626 864 1
634 873 1
641 884 1
647 894 1
652 905 1
656 916 1
659 928 1
662 941 1
663 955 1
663 968 1
660 979 1
656 991 1
651 1002 1
644 1015 1
635 1026 1
627 1036 1
617 1044 1
607 1052 1
595 1058 1
583 1064 1
569 1068 1
555 1071 1
540 1074 1
524 1076 1
510 1078 1
497 1078 1
486 1077 1
474 1075 1
463 1071 1
445 1063 1
434 1058 1
426 1050 1
418 1043 1
409 1035 1
394 1020 1
384 1006 1
376 993 1
370 980 1
366 968 1
361 953 1
359 938 1
359 920 1
360 903 1
363 886 1
367 871 1
372 857 1
377 846 1
383 836 1
390 826 1
399 817 1
409 807 1
422 797 1
436 786 1
451 777 1
465 769 1
482 761 1
496 756 1
511 752 1
527 749 1
542 746 1
557 746 1
571 744 1
583 746 1
596 749 1
610 754 1
624 759 1
638 766 1
653 773 1
667 780 1
680 790 1
692 799 1
704 809 1
715 823 1
724 837 1
734 852 1
742 866 1
748 879 1
754 895 1
758 910 1
761 926 1
763 941 1
764 958 1
762 970 1
759 983 1
756 995 1
751 1007 1
746 1020 1
740 1032 1
734 1043 1
727 1052 1
721 1061 1
714 1069 1
706 1078 1
697 1088 1
687 1099 1
675 1109 1
662 1119 1
643 1127 1
623 1135 1
600 1140 1
578 1145 1
554 1149 1
533 1151 1
517 1152 1
501 1153 1
489 1151 1
475 1148 1
462 1146 1
448 1140 1
436 1132 1
425 1126 1
414 1119 1
404 1112 1
395 1106 1
388 1100 1
381 1094 1
374 1088 1
367 1080 1
360 1070 1
353 1060 1
347 1051 1
341 1042 1
336 1032 1
330 1023 1
325 1012 1
319 998 1
313 985 1
309 973 1
307 961 1
305 948 1
304 935 1
305 921 1
306 908 1
309 894 1
312 881 1
316 869 1
321 856 1
327 843 1
334 829 1
341 817 1
349 802 1
359 788 1
368 776 1
377 766 1
387 756 1
396 747 1
407 737 1
419 727 1
433 717 1
446 706 1
462 696 1
477 689 1
493 683 1
508 678 1
523 673 1
538 669 1
551 667 1
563 665 1
574 664 1
587 664 1
599 664 1
614 665 1
628 668 1
642 671 1
657 676 1
670 681 1
686 689 1
700 696 1
714 705 1
726 713 1
738 721 1
752 731 1
765 741 1
780 753 1
793 768 1
807 784 1
824 804 1
839 824 1
853 843 1
863 862 1
871 880 1
878 898 1
883 916 1
887 936 1
889 953 1
890 968 1
889 981 1
887 992 1
883 1005 1
878 1019 1
869 1034 1
860 1047 1
848 1060 1
834 1073 1
819 1088 1
800 1102 1
775 1118 1
749 1132 1
722 1144 1
698 1155 1
675 1165 1
654 1176 1
632 1187 1
611 1197 1
588 1206 1
565 1212 1
546 1216 1
526 1220 1
507 1221 1
485 1222 1
461 1223 1
438 1221 1
414 1217 1
389 1213 1
366 1205 1
344 1196 1
325 1184 1
309 1172 1
295 1160 1
285 1142 1
275 1124 1
268 1104 1
262 1082 1
257 1061 1
254 1037 1
252 1015 1
251 992 1
250 970 1
248 949 1
249 928 1
251 908 1
254 885 1
258 864 1
264 843 1
270 824 1
277 802 1
284 783 1
292 762 1
300 741 1
308 719 1
317 699 1
325 680 1
332 660 1
340 641 1
349 626 1
359 610 1
370 596 1
379 584 1
389 572 1
403 558 1
417 547 1
432 537 1
449 529 1
468 521 1
490 513 1
514 507 1
538 500 1
560 496 1
580 493 1
600 494 1
621 493 1
644 495 1
666 499 1
685 503 1
702 507 1
718 513 1
734 519 1
747 527 1
760 534 1
770 543 1
780 551 1
789 561 1
797 570 1
805 580 1
814 591 1
822 602 1
830 613 1
839 624 1
845 635 1
850 645 1
855 656 1
859 666 1
863 676 1
866 685 1
870 695 1
872 705 1
875 716 1
879 727 1
883 740 1
886 752 1
890 767 1
893 780 1
897 794 1
901 810 1
904 824 1
908 839 1
913 854 1
916 870 1
920 885 1
924 900 1
927 914 1
931 929 1
934 944 1
936 958 1
939 974 1
941 989 1
944 1004 1
945 1019 1
946 1035 1
947 1050 1
948 1064 1
948 1079 1
948 1093 1
947 1108 1
944 1121 1
941 1136 1
936 1151 1
928 1168 1
918 1184 1
906 1199 1
894 1215 1
881 1232 1
866 1247 1
850 1261 1
833 1276 1
816 1287 1
797 1299 1
777 1310 1
760 1321 1
741 1331 1
724 1339 1
713 1343 1
705 1346 1
700 1348 1
697 1350 1
695 1351 1
694 1351 1
692 1352 1
691 1352 1
689 1353 1
688 1353 1
687 1353 1
687 1354 1
685 1354 1
683 1355 1
682 1355 1
682 1355 1
680 1356 1
679 1356 1
677 1357 1
676 1357 1
675 1357 1
673 1358 1
673 1358 1
671 1359 1
670 1359 1
669 1359 1
667 1360 1
666 1360 1
664 1360 1
664 1360 1
663 1360 1
661 1360 1
660 1361 1
659 1361 1
657 1361 1
656 1361 1
654 1361 1
653 1361 1
651 1361 1
649 1361 1
645 1361 1
638 1362 1
626 1362 1
611 1362 1
591 1363 1
568 1363 1
546 1363 1
525 1362 1
504 1359 1
485 1358 1
470 1352 1
455 1347 1
440 1339 1
427 1330 1
413 1321 1
401 1313 1
389 1303 1
375 1290 1
360 1276 1
345 1262 1
330 1249 1
316 1235 1
302 1220 1
289 1203 1
277 1188 1
265 1173 1
252 1155 1
240 1136 1
229 1118 1
221 1098 1
213 1078 1
208 1057 1
203 1036 1
198 1015 1
197 994 1
196 974 1
196 953 1
195 930 1
195 909 1
195 886 1
197 866 1
200 847 1
205 825 1
209 804 1
215 783 1
221 765 1
227 744 1
233 725 1
239 704 1
246 685 1
255 665 1
265 644 1
277 623 1
287 602 1
300 581 1
313 563 1
326 546 1
340 531 1
353 514 1
370 497 1
384 483 1
401 468 1
420 454 1
439 440 1
457 427 1
473 415 1
490 407 1
507 398 1
525 393 1
544 388 1
560 384 1
576 383 1
590 380 1
605 380 1
619 380 1
635 380 1
650 381 1
666 383 1
680 385 1
695 388 1
709 392 1
725 399 1
739 406 1
753 414 1
766 422 1
777 429 1
787 436 1
799 446 1
811 457 1
825 470 1
838 483 1
849 495 1
860 506 1
870 520 1
881 535 1
890 550 1
898 562 1
905 576 1
912 589 1
919 603 1
925 616 1
930 627 1
934 637 1
937 649 1
940 663 1
945 676 1
948 688 1
951 698 1
954 708 1
956 719 1
959 731 1
960 744 1
962 755 1
963 767 1
964 775 1
965 783 1
965 791 1
967 801 1
968 811 1
969 821 1
971 831 1
972 838 1
974 846 1
977 856 1
979 868 1
982 881 1
985 893 1
989 907 1
991 921 1
993 937 1
995 954 1
994 971 1
993 988 1
991 1005 1
989 1024 1
986 1041 1
982 1058 1
978 1076 1
972 1096 1
967 1112 1
962 1128 1
957 1143 1
951 1160 1
946 1175 1
940 1189 1
933 1202 1
926 1218 1
917 1234 1
908 1249 1
898 1262 1
888 1275 1
878 1288 1
868 1301 1
857 1314 1
845 1325 1
833 1336 1
822 1346 1
808 1354 1
796 1363 1
783 1372 1
767 1382 1
754 1391 1
739 1399 1
725 1406 1
707 1412 1
690 1417 1
672 1423 1
649 1425 1
628 1428 1
605 1430 1
581 1431 1
557 1431 1
533 1429 1
510 1426 1
487 1420 1
461 1412 1
435 1402 1
409 1391 1
383 1382 1
358 1371 1
333 1359 1
309 1347 1
286 1331 1
264 1314 1
241 1296 1
220 1276 1
200 1255 1
184 1233 1
167 1211 1
155 1188 1
142 1164 1
132 1141 1
123 1115 1
116 1087 1
109 1057 1
103 1022 1
99 990 1
97 960 1
95 934 1
94 910 1
95 888 1
97 866 1
99 846 1
102 827 1
106 807 1
111 786 1
117 764 1
124 742 1
131 719 1
139 695 1
149 669 1
159 645 1
170 620 1
184 593 1
199 566 1
217 540 1
234 514 1
253 492 1
274 464 1
293 441 1
314 417 1
333 396 1
352 377 1
369 360 1
386 343 1
402 329 1
419 317 1
437 304 1
454 294 1
470 285 1
489 277 1
506 269 1
524 262 1
541 256 1
559 252 1
578 249 1
596 246 1
612 245 1
632 245 1
650 245 1
668 247 1
685 250 1
704 255 1
722 263 1
740 271 1
757 279 1
775 289 1
790 299 1
808 311 1
824 325 1
839 339 1
854 355 1
868 372 1
882 391 1
895 409 1
907 427 1
917 445 1
925 463 1
933 482 1
941 501 1
950 522 1
958 543 1
963 561 1
970 579 1
975 598 1
979 618 1
984 636 1
990 658 1
995 677 1
999 697 1
1002 716 1
1003 736 1
1006 755 1
1007 771 1
1009 789 1
1012 806 1
1012 822 1
1014 839 1
1015 855 1
1018 874 1
1019 895 1
1020 916 1
1022 938 1
1023 959 1
1024 979 1
1022 1000 1
1023 1023 1
1021 1044 1
1019 1066 1
1017 1089 1
1015 1111 1
1011 1132 1
1007 1153 1
1002 1175 1
996 1197 1
989 1220 1
982 1241 1
974 1263 1
966 1284 1
957 1305 1
948 1324 1
937 1342 1
926 1360 1
913 1377 1
900 1393 1
886 1407 1
871 1418 1
854 1430 1
836 1441 1
817 1451 1
797 1461 1
775 1470 1
754 1477 1
733 1483 1
712 1486 1
691 1489 1
672 1492 1
651 1495 1
629 1496 1
607 1498 1
582 1501 1
555 1502 1
529 1503 1
503 1505 1
478 1506 1
454 1507 1
429 1508 1
401 1507 1
373 1505 1
344 1503 1
315 1500 1
288 1496 1
260 1487 1
232 1476 1
207 1463 1
182 1449 1
159 1434 1
139 1413 1
123 1393 1
108 1369 1
95 1347 1
86 1324 1
79 1301 1
73 1279 1
68 1254 1
63 1229 1
59 1203 1
54 1176 1
48 1148 1
42 1116 1
35 1080 1
31 1044 1
28 1011 1
25 984 1
24 963 1
25 940 1
26 918 1
31 896 1
35 873 1
41 855 1
46 838 1
50 821 1
53 802 1
56 784 1
59 769 1
62 750 1
67 732 1
73 711 1
78 691 1
85 668 1
94 645 1
102 623 1
113 599 1
124 575 1
135 552 1
147 526 1
160 501 1
172 478 1
184 455 1
198 431 1
212 408 1
226 384 1
240 362 1
256 337 1
273 313 1
289 293 1
306 274 1
320 260 1
335 244 1
348 230 1
362 216 1
376 203 1
390 191 1
406 180 1
420 169 1
435 159 1
452 148 1
471 137 1
491 126 1
512 118 1
530 111 1
550 105 1
569 101 1
586 100 1
601 97 1
616 96 1
633 96 1
649 96 1
666 96 1
681 98 1
697 100 1
712 103 1
730 109 1
746 115 1
763 122 1
780 130 1
795 138 1
809 145 1
821 152 1
833 160 1
844 170 1
856 180 1
867 191 1
876 202 1
885 212 1
891 221 1
898 233 1
905 245 1
912 259 1
919 273 1
925 288 1
931 305 1
938 323 1
943 341 1
951 358 1
958 375 1
965 393 1
971 409 1
978 425 1
983 442 1
989 460 1
993 474 1
998 490 1
1002 505 1
1004 523 1
1008 541 1
1010 555 1
1013 571 1
1016 588 1
1018 604 1
1020 619 1
1022 634 1
1024 650 1
1025 668 1
1026 684 1
1027 699 1
1028 715 1
1029 732 1
1029 748 1
1029 761 1
1029 775 1
1029 790 1
1029 807 1
1029 824 1
1029 841 1
1030 858 1
1031 876 1
1032 893 1
1032 908 1
1033 923 1
1034 941 1
1035 956 1
1036 973 1
1037 989 1
1037 1008 1
1038 1027 1
1037 1046 1
1037 1065 1
1035 1085 1
1034 1104 1
1032 1122 1
1030 1141 1
1027 1163 1
1025 1184 1
1022 1206 1
1019 1228 1
1016 1249 1
1012 1269 1
1007 1290 1
1001 1310 1
993 1331 1
985 1352 1
976 1373 1
967 1393 1
957 1410 1
948 1426 1
938 1444 1
924 1461 1
910 1479 1
894 1500 1
876 1521 1
858 1541 1
837 1560 1
816 1578 1
794 1597 1
771 1614 1
746 1630 1
720 1644 1
692 1660 1
665 1674 1
634 1688 1
606 1701 1
580 1708 1
554 1715 1
528 1721 1
502 1726 1
477 1730 1
451 1735 1
424 1738 1
400 1739 1
373 1740 1
349 1739 1
328 1737 1
306 1733 1
285 1729 1
263 1724 1
244 1718 1
226 1709 1
207 1697 1
192 1685 1
176 1671 1
162 1657 1
149 1640 1
138 1623 1
125 1603 1
115 1581 1
106 1558 1
97 1538 1
90 1520 1
84 1501 1
78 1484 1
74 1467 1
70 1448 1
68 1428 1
65 1409 1
63 1388 1
61 1366 1
59 1344 1
58 1323 1
56 1300 1
55 1280 1
55 1259 1
55 1237 1
54 1214 1
54 1196 1
52 1180 1
50 1166 1
49 1150 1
48 1142 1
49 1147 0
22 972 1
22 963 1
22 940 1
22 914 1
25 890 1
27 866 1
30 845 1
32 822 1
35 794 1
37 740 1
37 759 0
