45 1127 1
45 1125 1
45 1125 1
47 1125 1
51 1122 1
62 1114 1
78 1100 1
99 1080 1
121 1055 1
141 1029 1
158 1003 1
181 963 1
195 935 1
210 909 1
227 884 1
239 858 1
249 835 1
256 812 1
260 793 1
263 775 1
264 759 1
265 743 1
263 728 1
257 712 1
248 699 1
237 688 1
221 682 1
204 679 1
186 678 1
167 680 1
144 685 1
125 694 1
107 707 1
90 723 1
77 742 1
67 762 1
60 777 1
55 793 1
53 806 1
52 820 1
53 833 1
60 845 1
73 861 1
93 877 1
115 894 1
138 910 1
161 925 1
183 939 1
207 953 1
232 966 1
257 980 1
282 994 1
305 1008 1
326 1023 1
342 1037 1
356 1051 1
368 1063 1
376 1077 1
383 1091 1
388 1106 1
390 1120 1
387 1137 1
381 1155 1
371 1173 1
355 1189 1
336 1202 1
313 1214 1
288 1225 1
260 1235 1
230 1240 1
201 1243 1
171 1243 1
145 1240 1
123 1238 1
107 1234 1
94 1229 1
87 1223 1
81 1215 1
76 1205 1
73 1194 1
70 1185 1
71 1176 1
73 1167 1
79 1156 1
77 1160 0
534 1090 1
534 1090 1
534 1090 1
534 1090 1
534 1084 1
536 1074 1
540 1057 1
545 1032 1
552 990 1
559 948 1
564 903 1
568 838 1
565 811 1
555 786 1
544 762 1
529 745 1
512 730 1
491 720 1
467 718 1
441 719 1
417 724 1
395 736 1
375 752 1
360 766 1
348 781 1
343 793 1
341 804 1
342 814 1
348 821 1
358 829 1
377 839 1
409 851 1
445 865 1
484 880 1
522 897 1
556 912 1
590 932 1
618 951 1
643 970 1
664 988 1
681 1007 1
693 1023 1
703 1039 1
708 1054 1
711 1070 1
712 1087 1
707 1105 1
700 1123 1
690 1139 1
678 1156 1
663 1170 1
643 1182 1
622 1193 1
597 1200 1
569 1203 1
540 1204 1
514 1200 1
494 1195 1
480 1188 1
470 1181 1
463 1173 1
460 1161 1
460 1145 1
466 1121 1
478 1094 1
499 1063 1
520 1040 1
511 1051 0
818 1079 1
818 1077 1
818 1077 1
823 1070 1
833 1056 1
844 1037 1
854 1008 1
864 968 1
873 924 1
887 855 1
899 790 1
904 739 1
900 694 1
887 655 1
865 623 1
829 604 1
792 594 1
754 593 1
719 596 1
684 608 1
658 625 1
637 642 1
622 664 1
614 685 1
610 706 1
613 724 1
620 741 1
636 758 1
653 776 1
674 794 1
709 817 1
751 843 1
796 870 1
829 891 1
854 913 1
872 931 1
891 952 1
908 975 1
924 998 1
936 1020 1
943 1039 1
949 1059 1
955 1082 1
955 1106 1
956 1128 1
952 1147 1
947 1165 1
939 1182 1
923 1197 1
904 1210 1
878 1221 1
852 1227 1
825 1230 1
804 1225 1
784 1218 1
772 1203 1
763 1185 1
759 1161 1
765 1130 1
774 1097 1
790 1065 1
813 1033 1
813 1034 0
