961 662 1
961 663 1
962 668 1
965 677 1
968 692 1
973 709 1
977 732 1
981 758 1
985 786 1
989 818 1
991 851 1
994 897 1
994 924 1
993 948 1
991 968 1
987 986 1
975 1003 1
961 1020 1
940 1038 1
913 1053 1
886 1062 1
860 1063 1
836 1061 1
817 1054 1
804 1044 1
797 1035 1
793 1031 1
791 1026 1
792 1024 1
794 1016 1
801 1012 1
810 1010 1
820 1010 1
830 1011 1
838 1019 1
847 1031 1
850 1046 1
853 1061 1
854 1076 1
853 1092 1
850 1107 1
842 1125 1
822 1153 1
800 1180 1
784 1198 1
776 1207 1
781 1202 0
658 700 1
657 712 1
655 735 1
659 767 1
664 797 1
674 827 1
683 855 1
692 885 1
704 932 1
707 959 1
707 979 1
705 992 1
703 1003 1
689 1018 1
668 1034 1
635 1053 1
600 1067 1
569 1076 1
555 1078 1
546 1080 1
541 1080 1
538 1079 1
538 1077 1
538 1072 1
539 1065 1
540 1060 1
541 1056 1
543 1053 1
550 1051 1
562 1053 1
580 1063 1
599 1083 1
614 1101 1
622 1120 1
627 1139 1
627 1163 1
623 1192 1
611 1222 1
596 1247 1
585 1264 1
586 1264 0
392 779 1
392 781 1
397 798 1
406 824 1
418 857 1
430 893 1
441 928 1
449 959 1
455 998 1
457 1019 1
456 1036 1
454 1049 1
452 1060 1
443 1072 1
430 1086 1
411 1103 1
389 1119 1
365 1131 1
345 1136 1
331 1141 1
322 1141 1
315 1139 1
307 1140 1
301 1138 1
295 1135 1
292 1130 1
289 1125 1
287 1121 1
287 1118 1
288 1114 1
290 1108 1
296 1103 1
305 1099 1
318 1100 1
330 1102 1
342 1111 1
353 1121 1
362 1134 1
367 1151 1
371 1169 1
370 1198 1
365 1229 1
358 1262 1
347 1290 1
333 1317 1
322 1334 1
327 1327 0
181 814 1
181 818 1
185 842 1
194 878 1
203 920 1
212 960 1
220 994 1
229 1041 1
233 1070 1
234 1104 1
233 1129 1
231 1148 1
229 1159 1
223 1170 1
212 1181 1
196 1189 1
178 1197 1
161 1198 1
146 1198 1
133 1195 1
121 1184 1
112 1174 1
105 1164 1
101 1154 1
98 1147 1
97 1143 1
97 1139 1
97 1135 1
98 1129 1
106 1126 1
116 1126 1
126 1127 1
136 1129 1
141 1139 1
148 1154 1
152 1171 1
153 1199 1
151 1229 1
142 1267 1
125 1313 1
103 1366 1
91 1398 1
98 1382 0
