70 1292 1
70 1292 1
70 1292 1
70 1291 1
70 1289 1
71 1288 1
73 1282 1
76 1275 1
82 1260 1
88 1242 1
94 1222 1
100 1202 1
106 1185 1
112 1171 1
120 1154 1
129 1136 1
143 1107 1
152 1088 1
161 1067 1
169 1048 1
174 1031 1
178 1016 1
181 999 1
182 982 1
183 965 1
183 949 1
183 932 1
181 916 1
181 903 1
178 892 1
176 882 1
170 872 1
165 863 1
160 857 1
155 852 1
153 850 1
150 849 1
147 847 1
146 848 1
143 849 1
137 852 1
134 866 1
130 884 1
128 910 1
129 939 1
130 964 1
130 984 1
131 1007 1
131 1025 1
130 1037 1
128 1047 1
129 1055 1
129 1062 1
129 1071 1
128 1080 1
128 1090 1
128 1099 1
128 1107 1
129 1115 1
129 1122 1
130 1130 1
131 1140 1
131 1148 1
133 1158 1
134 1166 1
135 1173 1
137 1180 1
139 1186 1
142 1192 1
145 1198 1
147 1201 1
150 1205 1
153 1209 1
156 1213 1
159 1217 1
160 1219 1
162 1222 1
164 1225 1
166 1227 1
169 1230 1
172 1230 1
177 1231 1
183 1230 1
192 1227 1
205 1220 1
224 1206 1
240 1191 1
254 1175 1
266 1159 1
277 1142 1
283 1129 1
290 1116 1
296 1106 1
299 1092 1
302 1077 1
305 1062 1
307 1048 1
308 1035 1
309 1018 1
310 999 1
310 983 1
310 967 1
308 955 1
307 942 1
305 932 1
304 925 1
304 918 1
302 914 1
301 910 1
299 907 1
298 906 1
297 903 1
294 901 1
292 900 1
290 898 1
288 900 1
285 901 1
281 905 1
275 911 1
270 917 1
263 926 1
256 939 1
250 953 1
245 967 1
242 979 1
239 989 1
238 1001 1
238 1014 1
238 1030 1
239 1044 1
242 1058 1
244 1075 1
247 1091 1
250 1107 1
252 1120 1
256 1134 1
259 1149 1
264 1164 1
269 1180 1
276 1193 1
282 1207 1
288 1220 1
294 1233 1
298 1241 1
301 1248 1
304 1253 1
307 1257 1
309 1260 1
311 1262 1
315 1263 1
319 1264 1
326 1261 1
333 1257 1
343 1250 1
356 1241 1
371 1229 1
387 1214 1
402 1198 1
417 1180 1
430 1162 1
442 1144 1
453 1127 1
462 1111 1
469 1096 1
474 1081 1
478 1067 1
481 1052 1
481 1036 1
479 1020 1
475 1002 1
470 984 1
465 966 1
458 952 1
452 939 1
448 928 1
443 919 1
439 912 1
435 909 1
432 905 1
430 904 1
427 903 1
425 903 1
423 905 1
420 909 1
416 914 1
414 922 1
410 931 1
408 943 1
405 956 1
404 970 1
404 982 1
404 996 1
403 1009 1
403 1023 1
403 1038 1
403 1049 1
403 1060 1
403 1072 1
403 1087 1
405 1101 1
406 1114 1
408 1127 1
410 1139 1
412 1151 1
415 1164 1
418 1174 1
421 1183 1
424 1192 1
427 1198 1
430 1205 1
435 1214 1
440 1223 1
445 1231 1
449 1237 1
453 1243 1
457 1246 1
460 1249 1
464 1252 1
469 1252 1
476 1250 1
487 1245 1
499 1236 1
513 1220 1
527 1200 1
542 1179 1
552 1158 1
561 1137 1
569 1119 1
574 1101 1
578 1082 1
582 1065 1
583 1049 1
586 1034 1
587 1018 1
588 1003 1
589 988 1
589 973 1
589 957 1
588 943 1
586 930 1
584 918 1
582 911 1
579 904 1
577 900 1
575 897 1
574 895 1
573 894 1
573 892 1
573 892 1
570 894 1
569 895 1
566 900 1
562 906 1
557 915 1
551 927 1
547 943 1
542 958 1
538 972 1
537 985 1
536 994 1
534 1005 1
535 1019 1
535 1032 1
535 1043 1
536 1053 1
536 1063 1
537 1074 1
538 1087 1
538 1099 1
539 1114 1
541 1132 1
543 1153 1
545 1172 1
550 1191 1
552 1203 1
555 1216 1
559 1228 1
563 1238 1
569 1247 1
574 1253 1
579 1257 1
584 1260 1
590 1261 1
597 1261 1
607 1257 1
618 1251 1
629 1244 1
642 1232 1
654 1217 1
667 1197 1
679 1177 1
688 1154 1
695 1134 1
701 1114 1
703 1096 1
705 1079 1
706 1063 1
706 1047 1
704 1030 1
704 1014 1
702 998 1
701 983 1
699 968 1
697 951 1
695 937 1
693 923 1
691 913 1
690 905 1
688 899 1
687 895 1
686 891 1
684 889 1
683 887 1
681 885 1
681 885 1
679 885 1
677 886 1
673 889 1
669 894 1
664 899 1
659 909 1
653 917 1
650 927 1
646 938 1
644 948 1
642 960 1
640 971 1
640 984 1
640 997 1
640 1011 1
640 1024 1
641 1037 1
642 1047 1
645 1059 1
646 1071 1
650 1086 1
653 1100 1
657 1112 1
661 1124 1
667 1137 1
673 1153 1
680 1168 1
687 1182 1
695 1194 1
704 1204 1
710 1212 1
717 1221 1
724 1227 1
729 1231 1
735 1236 1
740 1239 1
746 1241 1
752 1241 1
758 1239 1
765 1236 1
772 1231 1
780 1223 1
787 1213 1
795 1199 1
802 1187 1
807 1172 1
812 1155 1
816 1139 1
819 1123 1
822 1108 1
823 1091 1
825 1073 1
826 1056 1
827 1038 1
827 1020 1
827 1001 1
827 983 1
827 966 1
825 947 1
825 930 1
823 915 1
821 904 1
819 894 1
816 888 1
814 883 1
812 879 1
808 876 1
805 873 1
800 872 1
797 872 1
793 872 1
789 875 1
784 880 1
779 889 1
773 899 1
768 910 1
764 925 1
760 941 1
758 957 1
758 971 1
756 983 1
757 997 1
758 1011 1
759 1025 1
761 1037 1
762 1047 1
763 1057 1
766 1065 1
768 1075 1
770 1085 1
772 1096 1
774 1106 1
777 1115 1
780 1122 1
782 1129 1
785 1135 1
789 1143 1
793 1150 1
799 1158 1
806 1167 1
813 1174 1
823 1181 1
831 1185 1
837 1188 1
843 1189 1
849 1188 1
855 1187 1
860 1183 1
867 1178 1
873 1172 1
882 1162 1
890 1149 1
898 1134 1
905 1116 1
913 1095 1
920 1075 1
924 1054 1
929 1033 1
933 1012 1
935 990 1
938 969 1
941 948 1
943 929 1
943 913 1
942 901 1
940 888 1
939 879 1
937 873 1
935 866 1
934 862 1
932 859 1
931 857 1
929 856 1
927 854 1
925 854 1
923 854 1
922 854 1
919 854 1
915 856 1
911 858 1
907 861 1
903 865 1
899 870 1
896 878 1
892 886 1
889 894 1
886 903 1
883 913 1
880 924 1
879 938 1
877 952 1
878 965 1
878 975 1
879 986 1
881 1000 1
883 1014 1
886 1027 1
887 1035 1
890 1042 1
891 1048 1
892 1052 1
894 1057 1
897 1062 1
900 1067 1
903 1074 1
907 1082 1
913 1090 1
918 1100 1
922 1107 1
926 1114 1
928 1118 1
931 1122 1
933 1126 1
935 1129 1
936 1131 1
937 1133 1
939 1136 1
941 1138 1
944 1140 1
945 1140 1
950 1141 1
954 1138 1
961 1134 1
969 1126 1
977 1116 1
985 1103 1
992 1086 1
999 1068 1
1004 1052 1
1008 1038 1
1009 1021 1
1011 1005 1
1012 990 1
1012 975 1
1010 958 1
1009 939 1
1007 922 1
1004 908 1
1000 896 1
998 885 1
995 877 1
991 869 1
989 861 1
984 853 1
981 849 1
978 845 1
975 842 1
974 841 1
973 841 1
971 841 1
969 843 1
967 846 1
965 848 1
963 855 1
960 863 1
958 873 1
955 884 1
953 895 1
952 905 1
952 915 1
952 926 1
952 937 1
953 950 1
954 960 1
957 968 1
959 977 1
961 984 1
964 993 1
967 1001 1
971 1011 1
974 1020 1
978 1029 1
982 1038 1
985 1044 1
989 1050 1
991 1056 1
994 1061 1
995 1065 1
998 1071 1
1001 1078 1
1005 1085 1
1009 1093 1
1013 1101 1
1016 1109 1
1022 1116 1
1025 1122 1
1029 1128 1
1033 1133 1
1035 1140 1
1037 1143 1
1036 1141 0
