639 781 1
636 785 1
632 795 1
626 815 1
616 839 1
604 867 1
582 905 1
558 943 1
516 995 1
483 1031 1
459 1049 1
436 1059 1
415 1064 1
398 1054 1
383 1040 1
371 1019 1
368 983 1
369 943 1
379 906 1
397 872 1
419 842 1
454 813 1
493 785 1
535 760 1
577 743 1
612 734 1
635 734 1
652 735 1
663 741 1
669 752 1
671 773 1
661 807 1
643 849 1
617 899 1
577 958 1
538 1013 1
502 1055 1
469 1092 1
437 1123 1
408 1139 1
383 1148 1
362 1143 1
342 1125 1
325 1090 1
319 1043 1
321 994 1
334 946 1
356 896 1
387 848 1
421 811 1
457 776 1
498 746 1
541 721 1
583 702 1
617 692 1
645 687 1
664 686 1
674 692 1
683 701 1
687 716 1
688 739 1
686 771 1
670 824 1
647 877 1
616 930 1
580 980 1
541 1026 1
497 1063 1
453 1097 1
412 1124 1
380 1139 1
356 1145 1
342 1140 1
328 1118 1
322 1070 1
321 1012 1
326 956 1
338 911 1
355 866 1
385 822 1
426 773 1
476 719 1
523 680 1
560 652 1
590 637 1
609 633 1
627 633 1
638 635 1
648 640 1
655 645 1
660 655 1
663 672 1
659 708 1
648 755 1
629 814 1
599 873 1
569 925 1
533 975 1
492 1018 1
454 1055 1
416 1081 1
381 1102 1
349 1116 1
326 1113 1
307 1106 1
298 1090 1
290 1067 1
290 1031 1
295 984 1
310 927 1
345 855 1
384 789 1
422 745 1
459 709 1
497 683 1
537 669 1
575 658 1
602 654 1
622 652 1
637 650 1
647 653 1
653 657 1
658 667 1
658 694 1
651 738 1
634 798 1
614 856 1
587 924 1
557 985 1
528 1039 1
498 1087 1
468 1124 1
429 1160 1
395 1176 1
361 1186 1
336 1182 1
319 1172 1
305 1151 1
303 1120 1
305 1080 1
318 1032 1
335 982 1
365 911 1
396 856 1
439 793 1
479 743 1
520 700 1
561 667 1
592 649 1
620 637 1
646 630 1
663 628 1
680 628 1
690 631 1
699 635 1
704 640 1
709 658 1
708 689 1
693 749 1
669 814 1
631 889 1
594 950 1
546 1014 1
511 1052 1
476 1085 1
437 1113 1
405 1122 1
373 1122 1
350 1106 1
334 1081 1
320 1040 1
315 997 1
315 961 1
323 924 1
337 888 1
360 847 1
393 802 1
429 761 1
462 732 1
498 704 1
534 682 1
566 672 1
599 662 1
623 659 1
641 657 1
654 658 1
662 661 1
669 667 1
674 683 1
674 713 1
667 757 1
648 817 1
623 877 1
594 938 1
558 1006 1
525 1062 1
496 1101 1
461 1140 1
430 1155 1
399 1165 1
377 1167 1
361 1161 1
346 1149 1
335 1124 1
328 1093 1
323 1054 1
324 1015 1
330 972 1
344 918 1
366 863 1
392 814 1
419 775 1
442 745 1
472 712 1
504 684 1
537 660 1
568 644 1
594 635 1
618 630 1
638 632 1
657 638 1
673 650 1
686 665 1
697 693 1
695 732 1
683 783 1
655 845 1
619 911 1
580 974 1
544 1021 1
508 1065 1
473 1098 1
439 1123 1
404 1143 1
375 1150 1
350 1153 1
331 1148 1
315 1136 1
298 1113 1
292 1079 1
288 1039 1
289 998 1
295 959 1
306 923 1
327 885 1
354 848 1
395 802 1
435 762 1
482 721 1
535 688 1
582 665 1
618 652 1
652 645 1
677 642 1
692 644 1
705 649 1
712 659 1
715 682 1
713 719 1
694 781 1
668 845 1
635 910 1
593 968 1
550 1024 1
515 1069 1
474 1124 1
441 1162 1
411 1189 1
382 1207 1
367 1209 1
354 1208 1
342 1201 1
329 1187 1
316 1159 1
310 1096 1
315 1008 1
330 929 1
349 872 1
374 829 1
405 804 1
439 780 1
485 753 1
540 724 1
588 699 1
625 684 1
650 677 1
669 674 1
679 677 1
687 684 1
692 696 1
693 718 1
685 755 1
666 811 1
640 876 1
610 935 1
577 1000 1
544 1061 1
507 1120 1
471 1167 1
437 1198 1
410 1217 1
389 1227 1
377 1228 1
363 1227 1
352 1215 1
339 1191 1
324 1139 1
317 1080 1
317 1020 1
324 968 1
340 923 1
363 880 1
404 821 1
449 756 1
493 698 1
535 664 1
571 645 1
603 643 1
632 646 1
655 653 1
673 667 1
685 681 1
692 705 1
697 737 1
697 778 1
685 831 1
669 887 1
639 953 1
603 1024 1
567 1093 1
523 1156 1
482 1204 1
438 1244 1
400 1271 1
369 1278 1
344 1272 1
324 1256 1
309 1228 1
296 1194 1
286 1149 1
285 1094 1
286 1037 1
295 993 1
310 951 1
331 916 1
359 883 1
393 849 1
426 818 1
460 788 1
493 760 1
528 738 1
561 720 1
591 705 1
614 698 1
635 694 1
648 695 1
657 699 1
664 710 1
660 732 1
653 770 1
635 826 1
612 883 1
585 942 1
554 996 1
525 1045 1
496 1091 1
473 1125 1
453 1150 1
435 1166 1
420 1176 1
406 1178 1
391 1174 1
375 1162 1
357 1131 1
342 1092 1
333 1047 1
333 1003 1
339 953 1
353 915 1
370 878 1
388 847 1
411 818 1
436 790 1
461 763 1
489 737 1
520 713 1
546 696 1
576 682 1
599 679 1
616 681 1
627 690 1
635 704 1
638 727 1
630 761 1
615 805 1
597 850 1
572 903 1
544 962 1
520 1008 1
492 1062 1
470 1101 1
449 1132 1
431 1154 1
417 1167 1
403 1179 1
394 1185 1
383 1183 1
371 1177 1
357 1155 1
341 1116 1
331 1067 1
331 1000 1
338 935 1
354 874 1
373 825 1
395 786 1
418 758 1
441 736 1
467 717 1
494 698 1
522 685 1
553 674 1
580 667 1
605 666 1
621 667 1
632 671 1
640 681 1
647 698 1
644 726 1
637 767 1
622 820 1
604 876 1
584 933 1
560 986 1
533 1039 1
507 1083 1
482 1122 1
458 1155 1
442 1178 1
428 1197 1
418 1208 1
410 1215 1
402 1218 1
395 1219 1
386 1216 1
371 1202 1
356 1176 1
343 1139 1
342 1089 1
348 1039 1
363 989 1
390 932 1
416 882 1
443 845 1
465 817 1
489 793 1
513 773 1
540 753 1
564 739 1
585 728 1
601 723 1
613 721 1
620 722 1
626 726 1
632 734 1
636 748 1
638 773 1
637 805 1
627 848 1
614 895 1
595 945 1
569 996 1
544 1045 1
515 1096 1
488 1136 1
463 1170 1
450 1185 1
440 1197 1
431 1200 1
423 1197 1
411 1184 1
397 1146 1
384 1100 1
379 1054 1
380 1012 1
387 971 1
404 931 1
426 890 1
455 850 1
487 809 1
521 771 1
554 744 1
588 722 1
621 705 1
645 698 1
668 695 1
679 695 1
688 699 1
692 704 1
693 720 1
689 746 1
677 787 1
661 835 1
641 889 1
613 944 1
582 1006 1
548 1065 1
515 1116 1
482 1162 1
452 1191 1
424 1212 1
405 1222 1
388 1225 1
373 1220 1
357 1196 1
340 1157 1
328 1100 1
322 1044 1
322 993 1
333 949 1
348 905 1
372 861 1
400 815 1
430 774 1
458 740 1
485 711 1
515 689 1
544 671 1
574 657 1
604 651 1
628 647 1
646 649 1
659 655 1
669 665 1
673 684 1
670 714 1
660 753 1
635 816 1
608 877 1
567 948 1
527 1016 1
497 1069 1
469 1112 1
444 1144 1
420 1166 1
399 1184 1
385 1195 1
375 1195 1
365 1192 1
354 1178 1
341 1153 1
331 1118 1
325 1070 1
323 1028 1
331 993 1
342 958 1
358 923 1
382 885 1
407 844 1
437 798 1
465 759 1
492 725 1
516 702 1
538 685 1
553 674 1
565 669 1
573 665 1
579 664 1
584 665 1
591 666 1
599 672 1
610 681 1
624 698 1
635 717 1
645 738 1
647 767 1
646 799 1
637 841 1
624 884 1
607 930 1
584 973 1
559 1014 1
533 1051 1
508 1085 1
484 1115 1
462 1135 1
441 1150 1
420 1156 1
401 1158 1
379 1153 1
358 1137 1
337 1117 1
323 1088 1
313 1058 1
311 1028 1
317 985 1
331 941 1
349 899 1
370 859 1
392 821 1
421 781 1
456 734 1
495 685 1
528 648 1
552 626 1
566 616 1
578 612 1
588 613 1
598 618 1
608 625 1
622 637 1
635 651 1
649 669 1
661 692 1
670 723 1
671 762 1
667 807 1
657 856 1
639 907 1
617 960 1
586 1014 1
552 1069 1
517 1113 1
483 1146 1
451 1171 1
424 1183 1
401 1188 1
382 1183 1
367 1165 1
351 1138 1
341 1096 1
335 1050 1
334 1006 1
342 964 1
351 925 1
369 887 1
391 851 1
418 817 1
444 791 1
472 765 1
500 742 1
529 717 1
558 696 1
578 683 1
596 674 1
606 670 1
613 669 1
620 670 1
625 675 1
631 683 1
636 702 1
637 728 1
633 760 1
620 802 1
605 842 1
577 902 1
541 960 1
510 1009 1
479 1052 1
456 1082 1
432 1112 1
414 1131 1
400 1145 1
389 1155 1
380 1160 1
369 1164 1
358 1161 1
346 1153 1
334 1136 1
324 1108 1
317 1072 1
319 1041 1
326 1010 1
342 967 1
363 926 1
385 889 1
414 857 1
443 831 1
475 809 1
509 788 1
543 769 1
576 755 1
606 745 1
630 739 1
647 738 1
659 738 1
665 740 1
671 746 1
675 755 1
676 776 1
674 805 1
666 842 1
646 903 1
623 956 1
592 1013 1
562 1067 1
530 1116 1
503 1152 1
480 1179 1
459 1198 1
443 1208 1
432 1212 1
422 1214 1
410 1215 1
401 1209 1
390 1199 1
379 1176 1
371 1141 1
367 1097 1
372 1041 1
384 986 1
407 927 1
435 874 1
465 827 1
492 791 1
519 760 1
542 738 1
569 723 1
593 712 1
611 706 1
629 703 1
648 703 1
659 704 1
669 708 1
674 712 1
679 723 1
684 743 1
678 774 1
668 811 1
651 849 1
626 894 1
600 937 1
569 981 1
536 1026 1
508 1065 1
481 1099 1
461 1125 1
439 1144 1
415 1160 1
396 1167 1
381 1170 1
363 1171 1
350 1162 1
336 1144 1
324 1111 1
316 1077 1
314 1029 1
321 996 1
333 959 1
357 918 1
383 879 1
416 836 1
454 789 1
489 751 1
522 718 1
560 692 1
596 672 1
623 663 1
644 657 1
662 655 1
672 656 1
679 660 1
685 669 1
690 685 1
691 711 1
685 754 1
672 801 1
651 859 1
621 922 1
587 987 1
549 1047 1
505 1109 1
475 1142 1
444 1170 1
412 1193 1
393 1201 1
379 1204 1
364 1198 1
352 1184 1
339 1161 1
331 1128 1
323 1083 1
322 1042 1
328 990 1
337 949 1
354 909 1
375 873 1
403 839 1
437 801 1
477 761 1
520 722 1
567 687 1
603 666 1
630 658 1
654 653 1
665 653 1
673 654 1
679 655 1
683 659 1
687 667 1
689 680 1
691 715 1
688 755 1
675 805 1
660 855 1
636 912 1
606 979 1
580 1038 1
553 1090 1
530 1129 1
505 1155 1
475 1181 1
449 1198 1
423 1206 1
402 1209 1
383 1202 1
363 1188 1
348 1169 1
339 1148 1
332 1121 1
332 1093 1
337 1056 1
345 1013 1
359 969 1
377 922 1
396 885 1
419 849 1
446 813 1
475 777 1
502 748 1
527 722 1
551 705 1
572 693 1
591 688 1
612 685 1
632 687 1
650 695 1
665 705 1
674 714 1
682 729 1
685 751 1
679 784 1
668 828 1
651 874 1
620 938 1
592 992 1
562 1039 1
536 1075 1
513 1102 1
492 1124 1
470 1145 1
455 1153 1
442 1161 1
432 1162 1
422 1160 1
412 1153 1
402 1135 1
391 1103 1
386 1063 1
382 1021 1
385 975 1
395 934 1
408 892 1
428 854 1
450 823 1
472 797 1
496 774 1
526 750 1
555 731 1
584 714 1
607 703 1
625 699 1
640 696 1
653 695 1
661 696 1
668 699 1
673 705 1
677 713 1
681 724 1
681 743 1
680 769 1
674 797 1
665 832 1
652 872 1
636 910 1
618 948 1
600 981 1
578 1017 1
554 1054 1
528 1087 1
504 1116 1
485 1139 1
460 1159 1
446 1172 1
434 1176 1
424 1179 1
415 1178 1
406 1174 1
395 1166 1
385 1149 1
376 1123 1
369 1078 1
369 1030 1
374 976 1
385 938 1
406 886 1
427 847 1
454 810 1
479 778 1
506 752 1
535 726 1
564 706 1
593 690 1
618 679 1
635 675 1
651 674 1
665 674 1
673 678 1
682 685 1
688 694 1
691 713 1
692 741 1
681 776 1
667 816 1
647 857 1
624 903 1
600 947 1
575 992 1
547 1040 1
522 1078 1
497 1115 1
476 1142 1
457 1165 1
442 1181 1
430 1192 1
421 1196 1
412 1198 1
402 1195 1
391 1189 1
381 1178 1
367 1149 1
355 1106 1
350 1060 1
355 995 1
364 945 1
378 906 1
394 874 1
414 847 1
439 817 1
473 781 1
509 749 1
546 721 1
576 702 1
601 688 1
622 680 1
636 678 1
649 678 1
659 681 1
668 687 1
676 695 1
681 710 1
683 733 1
677 767 1
667 803 1
650 853 1
630 894 1
606 937 1
582 980 1
551 1024 1
525 1060 1
502 1090 1
482 1115 1
464 1134 1
450 1148 1
439 1157 1
429 1163 1
419 1166 1
409 1167 1
398 1163 1
389 1158 1
379 1144 1
369 1121 1
361 1087 1
360 1044 1
364 1004 1
374 969 1
388 936 1
405 905 1
428 872 1
450 844 1
474 821 1
503 796 1
529 777 1
561 760 1
591 748 1
614 742 1
636 737 1
650 736 1
661 737 1
670 738 1
674 743 1
678 750 1
681 764 1
680 785 1
676 814 1
663 847 1
645 890 1
617 945 1
591 992 1
558 1052 1
531 1093 1
506 1128 1
486 1154 1
471 1173 1
456 1189 1
447 1198 1
437 1204 1
428 1207 1
418 1204 1
405 1195 1
393 1177 1
382 1149 1
372 1107 1
373 1050 1
381 995 1
399 936 1
421 886 1
447 844 1
481 808 1
516 773 1
552 746 1
587 721 1
621 698 1
640 689 1
656 682 1
668 679 1
676 679 1
683 680 1
688 685 1
696 694 1
702 709 1
707 739 1
707 774 1
697 820 1
682 872 1
660 930 1
630 987 1
600 1038 1
566 1082 1
533 1117 1
502 1148 1
468 1176 1
440 1195 1
418 1205 1
401 1209 1
386 1209 1
372 1197 1
357 1182 1
343 1153 1
332 1121 1
325 1084 1
326 1053 1
332 1020 1
342 985 1
361 948 1
384 908 1
411 869 1
435 838 1
460 812 1
484 792 1
512 772 1
541 757 1
570 746 1
599 735 1
617 731 1
631 728 1
638 727 1
642 728 1
644 728 1
645 731 1
648 740 1
649 755 1
650 780 1
648 808 1
644 837 1
638 870 1
624 913 1
608 966 1
588 1020 1
570 1065 1
546 1109 1
522 1146 1
498 1175 1
471 1203 1
444 1229 1
421 1249 1
403 1263 1
387 1269 1
372 1271 1
360 1265 1
346 1244 1
336 1217 1
328 1170 1
325 1121 1
330 1078 1
341 1033 1
355 989 1
373 943 1
393 900 1
416 863 1
439 834 1
463 807 1
490 781 1
518 758 1
544 740 1
569 728 1
590 717 1
608 710 1
624 705 1
636 701 1
647 701 1
657 701 1
663 702 1
669 706 1
676 714 1
678 735 1
677 767 1
667 812 1
653 857 1
632 911 1
604 960 1
572 1013 1
536 1072 1
502 1125 1
473 1163 1
454 1187 1
441 1203 1
435 1208 1
430 1211 1
428 1209 1
423 1202 1
416 1187 1
408 1160 1
400 1127 1
394 1087 1
398 1041 1
407 993 1
426 940 1
451 892 1
482 841 1
518 791 1
552 750 1
579 723 1
600 705 1
622 688 1
634 680 1
649 674 1
661 671 1
674 669 1
685 671 1
694 674 1
703 679 1
711 691 1
717 708 1
717 734 1
700 786 1
673 847 1
633 920 1
578 998 1
529 1066 1
490 1114 1
457 1148 1
434 1168 1
419 1176 1
407 1179 1
398 1172 1
392 1159 1
387 1136 1
384 1097 1
384 1055 1
387 1003 1
394 956 1
405 918 1
420 887 1
439 855 1
466 820 1
494 786 1
522 755 1
549 731 1
574 712 1
601 695 1
622 684 1
642 676 1
658 672 1
673 668 1
684 667 1
691 667 1
697 669 1
702 675 1
705 685 1
706 704 1
702 738 1
691 782 1
672 829 1
646 887 1
613 947 1
574 1008 1
540 1058 1
513 1093 1
487 1121 1
468 1133 1
452 1136 1
439 1127 1
424 1101 1
411 1068 1
401 1026 1
394 988 1
391 950 1
395 914 1
406 875 1
420 839 1
445 795 1
471 753 1
492 727 1
514 705 1
532 689 1
550 678 1
570 669 1
593 663 1
616 659 1
642 654 1
656 654 1
667 654 1
675 655 1
681 658 1
685 665 1
688 680 1
690 703 1
687 736 1
666 796 1
637 859 1
598 925 1
559 990 1
521 1045 1
494 1082 1
473 1111 1
457 1133 1
445 1148 1
438 1157 1
432 1160 1
427 1161 1
418 1154 1
407 1140 1
397 1115 1
387 1077 1
384 1039 1
387 998 1
395 959 1
411 926 1
435 888 1
465 847 1
493 814 1
519 785 1
545 762 1
570 745 1
595 731 1
618 721 1
635 715 1
651 712 1
659 711 1
668 712 1
674 714 1
679 718 1
683 724 1
687 736 1
690 754 1
688 788 1
680 831 1
665 873 1
640 926 1
611 980 1
574 1040 1
541 1092 1
511 1130 1
487 1155 1
469 1171 1
458 1177 1
449 1178 1
441 1172 1
432 1157 1
422 1131 1
414 1096 1
409 1056 1
411 1021 1
421 970 1
441 912 1
473 850 1
506 793 1
541 748 1
572 718 1
600 696 1
627 678 1
648 669 1
664 665 1
675 661 1
684 662 1
693 662 1
699 665 1
706 672 1
713 685 1
716 711 1
715 748 1
702 805 1
680 868 1
653 932 1
621 990 1
585 1047 1
551 1086 1
520 1113 1
485 1135 1
463 1140 1
444 1141 1
429 1131 1
417 1117 1
407 1096 1
402 1066 1
400 1033 1
402 998 1
412 957 1
427 909 1
446 875 1
472 834 1
501 798 1
531 767 1
559 742 1
587 724 1
611 710 1
636 697 1
655 689 1
668 685 1
681 684 1
692 684 1
702 685 1
710 688 1
718 694 1
723 706 1
727 726 1
725 756 1
710 811 1
687 876 1
653 939 1
616 1003 1
581 1052 1
545 1094 1
513 1126 1
483 1152 1
454 1174 1
435 1183 1
417 1182 1
400 1174 1
388 1152 1
378 1121 1
374 1081 1
374 1042 1
379 999 1
391 954 1
408 909 1
432 857 1
457 814 1
481 777 1
503 755 1
522 738 1
539 727 1
559 716 1
579 704 1
599 696 1
620 689 1
638 685 1
660 684 1
683 685 1
700 689 1
715 696 1
725 704 1
729 722 1
726 750 1
709 797 1
681 855 1
643 918 1
603 971 1
561 1021 1
526 1057 1
495 1085 1
469 1108 1
445 1123 1
425 1132 1
411 1134 1
399 1135 1
391 1133 1
384 1128 1
380 1121 1
375 1107 1
372 1084 1
373 1054 1
375 1018 1
379 983 1
388 950 1
400 917 1
414 887 1
436 844 1
460 808 1
482 776 1
503 750 1
520 730 1
538 714 1
557 700 1
575 688 1
598 679 1
620 672 1
636 668 1
651 666 1
660 665 1
667 664 1
671 666 1
674 666 1
676 670 1
677 678 1
667 708 1
647 752 1
617 804 1
585 856 1
552 904 1
522 944 1
500 977 1
483 1007 1
470 1030 1
455 1054 1
443 1071 1
429 1088 1
414 1103 1
401 1112 1
389 1118 1
380 1116 1
371 1108 1
361 1091 1
354 1060 1
350 1025 1
354 988 1
363 951 1
380 912 1
404 875 1
429 840 1
454 814 1
483 791 1
511 771 1
541 755 1
572 741 1
600 732 1
627 722 1
651 715 1
666 712 1
678 710 1
686 711 1
693 715 1
697 720 1
699 734 1
698 760 1
688 808 1
669 868 1
643 936 1
607 1003 1
568 1074 1
537 1123 1
506 1168 1
484 1195 1
465 1214 1
448 1226 1
433 1231 1
419 1230 1
405 1216 1
390 1187 1
381 1151 1
376 1110 1
376 1073 1
382 1037 1
393 1000 1
408 958 1
425 916 1
445 876 1
466 842 1
488 816 1
513 790 1
538 769 1
566 751 1
592 740 1
617 734 1
642 732 1
664 739 1
685 750 1
703 767 1
712 786 1
718 811 1
715 839 1
708 873 1
696 907 1
678 942 1
654 978 1
622 1016 1
584 1058 1
545 1096 1
507 1129 1
479 1152 1
458 1166 1
442 1174 1
430 1175 1
419 1172 1
408 1164 1
401 1151 1
395 1132 1
391 1103 1
395 1057 1
403 1000 1
419 943 1
437 898 1
457 858 1
482 820 1
507 791 1
534 764 1
560 742 1
587 725 1
612 711 1
635 702 1
655 696 1
666 696 1
677 697 1
684 699 1
689 705 1
695 715 1
698 735 1
699 762 1
692 798 1
681 839 1
664 881 1
640 929 1
609 985 1
574 1043 1
542 1096 1
516 1133 1
492 1162 1
472 1184 1
458 1196 1
442 1204 1
427 1206 1
411 1201 1
395 1187 1
380 1161 1
366 1116 1
358 1065 1
359 1015 1
365 968 1
375 927 1
395 886 1
424 838 1
454 799 1
485 765 1
511 740 1
535 724 1
557 709 1
582 700 1
605 694 1
626 692 1
645 695 1
661 700 1
673 708 1
682 719 1
688 737 1
690 766 1
685 805 1
673 854 1
658 901 1
642 947 1
624 990 1
603 1027 1
579 1058 1
555 1083 1
527 1107 1
499 1126 1
474 1140 1
456 1144 1
441 1145 1
427 1140 1
414 1126 1
404 1102 1
397 1066 1
393 1013 1
394 954 1
406 891 1
423 839 1
447 793 1
480 747 1
512 710 1
542 687 1
569 670 1
594 659 1
611 655 1
623 653 1
634 651 1
638 653 1
644 656 1
649 663 1
655 675 1
659 695 1
661 721 1
660 750 1
655 784 1
647 819 1
634 854 1
617 893 1
594 939 1
568 986 1
537 1037 1
509 1080 1
481 1117 1
455 1145 1
436 1159 1
418 1165 1
403 1161 1
388 1146 1
376 1124 1
368 1095 1
362 1062 1
360 1024 1
365 980 1
375 935 1
392 890 1
417 842 1
445 801 1
472 767 1
500 738 1
530 715 1
553 701 1
577 693 1
599 690 1
618 691 1
636 694 1
650 698 1
667 710 1
672 718 1
677 734 1
681 754 1
683 780 1
679 820 1
670 859 1
658 899 1
645 940 1
630 977 1
611 1014 1
588 1052 1
560 1089 1
530 1121 1
504 1144 1
477 1162 1
454 1172 1
434 1171 1
415 1161 1
398 1138 1
384 1107 1
376 1075 1
374 1038 1
377 1000 1
390 949 1
416 883 1
445 823 1
472 779 1
496 750 1
518 732 1
562 708 1
585 699 1
605 695 1
625 692 1
644 695 1
658 699 1
669 705 1
677 713 1
682 724 1
683 742 1
678 769 1
666 805 1
647 848 1
625 891 1
602 929 1
579 965 1
556 999 1
532 1032 1
503 1072 1
474 1108 1
446 1140 1
423 1161 1
404 1175 1
375 1183 1
359 1172 1
345 1152 1
329 1121 1
319 1084 1
315 1048 1
314 1015 1
320 980 1
333 939 1
351 897 1
371 859 1
389 830 1
409 804 1
452 766 1
479 751 1
512 735 1
548 723 1
578 715 1
602 709 1
619 707 1
641 709 1
648 712 1
656 718 1
662 725 1
669 737 1
675 756 1
677 785 1
677 817 1
662 889 1
649 926 1
631 971 1
609 1016 1
583 1061 1
550 1108 1
516 1153 1
490 1186 1
500 1174 0
