622 1039 1
622 1039 1
622 1039 1
622 1039 1
622 1039 1
622 1039 1
622 1039 1
621 1039 1
618 1039 1
615 1040 1
611 1040 1
608 1039 1
607 1038 1
604 1036 1
604 1035 1
604 1033 1
604 1033 1
604 1033 1
604 1032 1
604 1032 1
605 1031 1
606 1031 1
609 1031 1
612 1031 1
615 1032 1
617 1034 1
618 1036 1
619 1040 1
618 1044 1
616 1049 1
612 1053 1
604 1060 1
597 1062 1
590 1065 1
585 1066 1
581 1065 1
577 1064 1
573 1058 1
570 1051 1
569 1042 1
569 1033 1
574 1020 1
581 1007 1
588 996 1
595 988 1
603 982 1
613 977 1
624 975 1
634 975 1
640 975 1
648 977 1
654 980 1
660 986 1
664 991 1
668 998 1
671 1008 1
673 1019 1
674 1030 1
672 1042 1
668 1055 1
661 1067 1
653 1079 1
641 1090 1
631 1099 1
622 1107 1
612 1110 1
604 1112 1
592 1113 1
581 1109 1
570 1105 1
561 1098 1
552 1091 1
544 1080 1
537 1066 1
533 1049 1
532 1034 1
532 1019 1
537 1001 1
546 986 1
557 973 1
571 961 1
585 952 1
600 943 1
613 938 1
626 933 1
637 931 1
649 929 1
662 929 1
674 930 1
685 933 1
695 937 1
704 943 1
711 950 1
717 958 1
723 968 1
730 981 1
732 992 1
735 1005 1
736 1019 1
736 1034 1
734 1049 1
729 1062 1
722 1075 1
713 1088 1
702 1102 1
687 1115 1
675 1125 1
659 1134 1
646 1141 1
632 1149 1
618 1156 1
604 1160 1
588 1164 1
571 1165 1
554 1162 1
538 1156 1
519 1143 1
505 1127 1
495 1110 1
488 1091 1
484 1072 1
482 1055 1
482 1038 1
484 1020 1
490 1001 1
498 980 1
509 958 1
520 940 1
529 924 1
543 909 1
557 895 1
569 885 1
580 876 1
589 870 1
597 867 1
608 864 1
620 863 1
634 862 1
648 863 1
660 864 1
673 868 1
684 872 1
695 877 1
706 884 1
716 892 1
727 901 1
737 911 1
746 923 1
755 935 1
762 948 1
767 960 1
771 971 1
774 985 1
777 999 1
778 1014 1
779 1025 1
780 1039 1
779 1045 1
777 1053 1
776 1060 1
774 1066 1
770 1074 1
767 1082 1
761 1092 1
756 1101 1
748 1111 1
739 1121 1
729 1130 1
719 1140 1
710 1147 1
701 1155 1
693 1162 1
684 1169 1
674 1177 1
663 1185 1
653 1192 1
643 1197 1
635 1200 1
626 1204 1
615 1206 1
605 1207 1
591 1208 1
579 1208 1
566 1206 1
555 1203 1
544 1198 1
531 1190 1
520 1182 1
511 1174 1
501 1164 1
492 1154 1
484 1143 1
477 1133 1
469 1120 1
465 1111 1
460 1095 1
457 1081 1
454 1065 1
452 1049 1
454 1029 1
455 1011 1
457 994 1
460 981 1
464 967 1
471 953 1
478 936 1
489 918 1
500 901 1
508 887 1
518 872 1
524 865 1
531 856 1
540 849 1
549 841 1
558 833 1
564 830 1
570 825 1
575 823 1
579 820 1
586 817 1
593 816 1
602 813 1
611 812 1
618 812 1
625 810 1
631 811 1
639 811 1
648 812 1
660 815 1
673 819 1
687 825 1
700 831 1
710 838 1
718 843 1
727 849 1
735 857 1
745 866 1
753 874 1
761 883 1
769 892 1
775 903 1
782 915 1
787 927 1
792 941 1
798 955 1
801 967 1
805 978 1
810 991 1
814 1004 1
818 1016 1
821 1029 1
823 1040 1
823 1051 1
823 1061 1
821 1073 1
819 1084 1
816 1096 1
814 1107 1
812 1115 1
809 1120 1
808 1127 1
806 1133 1
803 1141 1
799 1150 1
795 1159 1
791 1168 1
785 1177 1
777 1187 1
772 1193 1
765 1200 1
757 1207 1
748 1215 1
737 1224 1
727 1231 1
717 1238 1
706 1245 1
695 1252 1
684 1258 1
672 1262 1
661 1266 1
648 1268 1
635 1269 1
620 1269 1
603 1265 1
584 1261 1
568 1257 1
551 1251 1
537 1247 1
522 1241 1
510 1237 1
497 1232 1
485 1227 1
473 1219 1
456 1209 1
444 1199 1
431 1188 1
421 1175 1
412 1161 1
403 1140 1
397 1121 1
393 1100 1
391 1080 1
391 1056 1
395 1032 1
400 1007 1
405 985 1
409 967 1
413 955 1
416 946 1
420 936 1
423 927 1
426 918 1
431 907 1
436 897 1
442 886 1
446 877 1
450 870 1
453 864 1
456 859 1
459 854 1
461 850 1
464 845 1
467 841 1
471 837 1
475 830 1
482 823 1
489 815 1
495 808 1
502 802 1
504 797 1
507 793 1
510 791 1
511 789 1
513 787 1
514 785 1
516 783 1
517 782 1
518 782 1
518 782 1
519 781 1
519 781 1
519 781 1
519 781 1
519 780 1
519 780 1
520 780 1
521 778 1
526 775 1
534 771 1
545 765 1
554 761 1
561 757 1
568 755 1
573 752 1
577 751 1
581 749 1
585 748 1
590 748 1
597 748 1
605 748 1
612 749 1
621 751 1
627 752 1
635 754 1
639 755 1
644 757 1
650 758 1
654 761 1
661 764 1
668 767 1
674 771 1
684 776 1
689 780 1
695 783 1
700 787 1
705 792 1
709 796 1
713 800 1
717 804 1
721 808 1
726 813 1
730 819 1
733 822 1
737 827 1
741 833 1
747 840 1
751 847 1
758 856 1
765 868 1
772 878 1
778 889 1
786 905 1
794 922 1
802 940 1
810 958 1
818 972 1
826 989 1
831 1000 1
837 1012 1
841 1023 1
845 1033 1
848 1042 1
850 1048 1
852 1055 1
853 1061 1
854 1069 1
856 1078 1
857 1087 1
857 1096 1
857 1106 1
855 1115 1
852 1123 1
850 1131 1
848 1140 1
846 1152 1
843 1162 1
840 1173 1
837 1181 1
833 1189 1
829 1197 1
826 1204 1
821 1213 1
815 1223 1
808 1233 1
800 1242 1
787 1255 1
776 1263 1
768 1269 1
756 1277 1
744 1284 1
734 1290 1
725 1294 1
714 1301 1
708 1303 1
700 1306 1
693 1309 1
686 1312 1
677 1315 1
668 1317 1
658 1320 1
648 1321 1
638 1323 1
629 1324 1
618 1325 1
607 1326 1
595 1326 1
583 1327 1
570 1327 1
558 1326 1
544 1324 1
529 1322 1
514 1318 1
498 1314 1
481 1308 1
464 1301 1
449 1293 1
434 1281 1
419 1265 1
406 1246 1
393 1227 1
383 1209 1
374 1191 1
364 1176 1
359 1156 1
355 1134 1
353 1107 1
354 1081 1
354 1059 1
355 1042 1
358 1026 1
359 1012 1
363 994 1
368 973 1
375 953 1
381 932 1
386 914 1
389 900 1
392 886 1
396 873 1
401 860 1
405 846 1
410 834 1
414 823 1
418 811 1
421 800 1
424 792 1
429 781 1
432 772 1
436 762 1
439 754 1
442 747 1
444 742 1
445 739 1
447 736 1
447 733 1
449 731 1
450 729 1
450 728 1
451 728 1
451 726 1
451 726 1
451 725 1
451 725 1
451 725 1
452 724 1
452 724 1
452 724 1
454 721 1
461 715 1
471 708 1
483 700 1
493 693 1
503 686 1
512 681 1
522 675 1
530 671 1
541 667 1
551 662 1
561 660 1
570 658 1
580 657 1
590 657 1
602 657 1
616 657 1
631 661 1
648 663 1
664 670 1
682 676 1
695 682 1
708 689 1
718 694 1
725 698 1
732 703 1
739 709 1
745 715 1
751 721 1
759 729 1
766 737 1
772 745 1
778 753 1
784 763 1
790 773 1
795 783 1
801 794 1
806 804 1
814 817 1
819 827 1
825 839 1
832 854 1
839 869 1
846 883 1
853 897 1
859 911 1
864 924 1
868 937 1
874 951 1
879 964 1
884 979 1
888 992 1
892 1008 1
895 1023 1
898 1038 1
900 1052 1
903 1069 1
904 1085 1
906 1106 1
906 1125 1
907 1146 1
905 1168 1
904 1192 1
901 1213 1
896 1232 1
890 1250 1
882 1272 1
873 1292 1
860 1314 1
852 1329 1
842 1345 1
834 1358 1
826 1370 1
817 1381 1
807 1394 1
797 1404 1
787 1412 1
774 1420 1
763 1427 1
749 1434 1
733 1441 1
718 1447 1
698 1453 1
678 1459 1
657 1462 1
636 1465 1
614 1468 1
594 1469 1
576 1469 1
559 1468 1
544 1466 1
527 1463 1
509 1458 1
491 1454 1
474 1448 1
457 1441 1
437 1433 1
414 1419 1
393 1404 1
373 1389 1
357 1377 1
338 1361 1
326 1350 1
314 1338 1
305 1328 1
299 1318 1
293 1307 1
289 1293 1
285 1279 1
281 1263 1
279 1247 1
277 1225 1
275 1204 1
273 1181 1
273 1157 1
273 1133 1
271 1109 1
271 1089 1
271 1066 1
272 1043 1
274 1020 1
275 998 1
279 981 1
282 959 1
285 940 1
288 920 1
293 898 1
297 879 1
304 860 1
310 840 1
316 821 1
323 802 1
328 788 1
334 773 1
339 759 1
344 747 1
349 735 1
354 724 1
359 713 1
365 700 1
373 688 1
380 675 1
386 665 1
393 655 1
399 645 1
404 638 1
411 630 1
417 623 1
424 616 1
430 611 1
437 606 1
444 603 1
451 598 1
458 595 1
466 593 1
477 590 1
487 587 1
497 586 1
508 584 1
517 583 1
528 583 1
537 583 1
544 583 1
552 584 1
557 584 1
560 584 1
563 585 1
566 585 1
567 585 1
569 585 1
571 585 1
575 586 1
579 587 1
585 588 1
593 591 1
604 594 1
615 598 1
627 602 1
640 607 1
651 612 1
663 618 1
677 624 1
689 631 1
701 636 1
712 642 1
723 649 1
733 655 1
746 663 1
758 671 1
767 678 1
778 687 1
787 695 1
797 705 1
805 713 1
815 722 1
823 730 1
831 739 1
840 748 1
846 756 1
853 764 1
859 773 1
864 781 1
870 788 1
875 796 1
881 805 1
887 817 1
894 827 1
900 838 1
905 848 1
912 859 1
917 872 1
922 884 1
926 898 1
932 911 1
935 925 1
940 941 1
943 956 1
947 970 1
950 981 1
952 995 1
955 1010 1
957 1024 1
960 1039 1
961 1052 1
962 1065 1
964 1081 1
966 1097 1
968 1112 1
968 1129 1
970 1146 1
971 1161 1
972 1175 1
973 1188 1
973 1204 1
973 1218 1
973 1235 1
970 1252 1
968 1268 1
966 1284 1
963 1300 1
962 1315 1
961 1328 1
958 1341 1
957 1357 1
954 1373 1
949 1389 1
945 1403 1
941 1417 1
936 1432 1
929 1445 1
922 1458 1
915 1468 1
907 1478 1
900 1489 1
892 1500 1
884 1511 1
875 1521 1
866 1531 1
856 1539 1
845 1548 1
834 1554 1
820 1562 1
807 1568 1
790 1576 1
776 1583 1
761 1588 1
746 1594 1
732 1599 1
719 1603 1
708 1607 1
698 1610 1
688 1613 1
677 1616 1
664 1617 1
652 1618 1
638 1619 1
621 1618 1
606 1616 1
590 1614 1
576 1612 1
562 1609 1
546 1606 1
531 1602 1
514 1597 1
496 1592 1
475 1585 1
451 1574 1
425 1562 1
402 1550 1
378 1534 1
357 1521 1
337 1506 1
322 1494 1
307 1484 1
296 1473 1
284 1461 1
274 1451 1
263 1439 1
252 1427 1
244 1414 1
234 1398 1
227 1383 1
218 1361 1
212 1338 1
206 1319 1
202 1299 1
199 1275 1
196 1252 1
195 1227 1
194 1200 1
192 1174 1
192 1146 1
192 1119 1
190 1092 1
189 1067 1
187 1044 1
186 1021 1
184 998 1
183 978 1
181 959 1
179 941 1
180 925 1
180 907 1
183 893 1
186 876 1
190 858 1
197 840 1
204 821 1
211 802 1
218 782 1
228 761 1
239 739 1
252 714 1
266 693 1
275 676 1
285 661 1
292 649 1
300 637 1
310 624 1
319 610 1
328 597 1
335 587 1
341 577 1
347 568 1
354 560 1
361 551 1
369 543 1
376 535 1
384 528 1
393 522 1
406 514 1
425 504 1
445 496 1
470 487 1
491 482 1
511 477 1
531 476 1
550 474 1
568 475 1
585 477 1
599 478 1
609 479 1
618 482 1
626 483 1
632 484 1
641 487 1
651 491 1
661 495 1
673 499 1
685 504 1
700 511 1
719 521 1
739 532 1
758 545 1
775 556 1
792 569 1
805 580 1
821 594 1
835 606 1
846 620 1
858 633 1
868 648 1
879 663 1
893 680 1
903 698 1
914 716 1
922 734 1
930 753 1
938 773 1
944 791 1
950 809 1
957 827 1
964 849 1
969 870 1
973 890 1
976 912 1
979 931 1
981 950 1
982 967 1
984 979 1
985 991 1
986 1001 1
989 1010 1
990 1016 1
991 1022 1
993 1029 1
995 1038 1
997 1048 1
999 1059 1
1003 1072 1
1007 1088 1
1010 1104 1
1013 1118 1
1016 1132 1
1019 1145 1
1021 1157 1
1022 1170 1
1024 1182 1
1024 1194 1
1025 1205 1
1025 1217 1
1024 1230 1
1024 1243 1
1023 1257 1
1021 1271 1
1022 1283 1
1020 1297 1
1018 1310 1
1017 1323 1
1016 1334 1
1014 1346 1
1013 1357 1
1010 1368 1
1008 1379 1
1005 1391 1
1003 1403 1
998 1418 1
993 1434 1
988 1452 1
983 1467 1
978 1481 1
974 1493 1
971 1505 1
967 1518 1
965 1528 1
962 1539 1
959 1548 1
956 1556 1
954 1565 1
949 1574 1
943 1585 1
936 1599 1
927 1613 1
917 1628 1
907 1641 1
898 1652 1
891 1663 1
884 1671 1
876 1681 1
870 1687 1
864 1691 1
860 1696 1
855 1700 1
850 1706 1
837 1712 1
822 1720 1
798 1730 1
774 1740 1
748 1747 1
725 1753 1
700 1759 1
682 1761 1
662 1764 1
644 1766 1
623 1767 1
603 1768 1
587 1768 1
564 1767 1
543 1765 1
522 1763 1
499 1760 1
478 1756 1
458 1752 1
435 1746 1
413 1739 1
392 1734 1
373 1729 1
351 1721 1
331 1713 1
308 1703 1
287 1692 1
267 1681 1
250 1670 1
234 1660 1
219 1648 1
205 1636 1
191 1622 1
178 1607 1
164 1590 1
150 1568 1
137 1549 1
122 1528 1
112 1508 1
102 1490 1
95 1475 1
87 1453 1
81 1432 1
75 1413 1
71 1394 1
67 1376 1
63 1357 1
60 1337 1
57 1315 1
55 1291 1
54 1270 1
54 1244 1
54 1224 1
54 1199 1
54 1178 1
54 1159 1
54 1138 1
54 1117 1
54 1093 1
54 1066 1
54 1037 1
56 1010 1
62 986 1
61 991 0
