115 1366 1
116 1361 1
126 1344 1
139 1321 1
159 1289 1
192 1233 1
230 1169 1
290 1072 1
318 1023 1
335 986 1
337 965 1
336 947 1
332 934 1
304 919 1
261 906 1
223 904 1
191 906 1
170 914 1
155 927 1
147 941 1
148 955 1
153 969 1
167 986 1
191 1006 1
236 1034 1
301 1074 1
371 1124 1
416 1173 1
441 1218 1
447 1253 1
432 1283 1
406 1310 1
361 1333 1
303 1353 1
243 1368 1
200 1371 1
169 1373 1
151 1373 1
142 1372 1
138 1372 1
138 1371 1
136 1371 1
136 1371 1
136 1371 1
136 1371 1
136 1371 1
136 1371 1
136 1371 0
566 1324 1
566 1322 1
566 1322 1
570 1315 1
578 1299 1
602 1251 1
636 1187 1
698 1080 1
751 992 1
780 934 1
772 904 1
750 879 1
698 869 1
630 867 1
569 873 1
533 893 1
500 915 1
481 934 1
471 956 1
464 979 1
464 1000 1
476 1025 1
499 1053 1
547 1085 1
606 1123 1
665 1165 1
713 1209 1
741 1249 1
746 1277 1
743 1299 1
719 1321 1
674 1343 1
613 1363 1
561 1370 1
520 1373 1
507 1375 1
498 1375 1
494 1375 1
493 1375 1
492 1375 1
493 1375 0
798 1239 1
799 1233 1
806 1221 1
822 1196 1
855 1154 1
891 1106 1
919 1060 1
937 1011 1
935 993 1
924 979 1
908 969 1
889 962 1
861 957 1
838 958 1
817 964 1
803 973 1
790 986 1
785 1000 1
786 1015 1
792 1031 1
814 1055 1
842 1083 1
878 1117 1
912 1152 1
940 1185 1
953 1205 1
960 1223 1
959 1234 1
952 1245 1
939 1254 1
918 1259 1
895 1260 1
874 1257 1
859 1247 1
850 1231 1
851 1213 1
858 1196 1
858 1197 0
