949 684 1
949 684 1
949 684 1
949 684 1
949 684 1
949 684 1
949 686 1
951 691 1
953 698 1
958 714 1
962 732 1
966 754 1
971 778 1
973 801 1
975 821 1
977 840 1
977 852 1
974 871 1
967 886 1
957 897 1
943 907 1
926 916 1
910 921 1
895 925 1
885 925 1
875 926 1
869 924 1
863 923 1
859 922 1
856 916 1
856 909 1
856 902 1
857 897 1
858 893 1
865 885 1
871 882 1
880 880 1
888 881 1
897 883 1
903 889 1
908 902 1
911 920 1
911 944 1
908 967 1
900 985 1
894 997 1
888 1009 1
884 1016 1
881 1021 1
879 1026 1
877 1030 1
875 1033 1
874 1034 1
875 1034 0
750 718 1
750 718 1
750 718 1
750 718 1
750 722 1
751 731 1
754 744 1
759 763 1
765 784 1
772 806 1
777 830 1
783 851 1
788 871 1
793 895 1
794 913 1
793 925 1
791 938 1
786 952 1
777 963 1
767 971 1
760 975 1
753 978 1
746 981 1
738 981 1
729 982 1
723 981 1
718 979 1
714 977 1
714 975 1
714 972 1
715 965 1
720 962 1
727 960 1
733 960 1
743 960 1
750 963 1
757 970 1
763 984 1
765 1000 1
766 1019 1
765 1033 1
762 1046 1
760 1055 1
757 1059 1
754 1063 1
752 1067 1
750 1070 1
751 1072 1
751 1073 1
751 1073 1
751 1073 0
612 800 1
612 800 1
612 800 1
612 800 1
612 800 1
612 800 1
614 806 1
619 819 1
626 837 1
635 860 1
646 887 1
656 913 1
667 942 1
672 959 1
676 973 1
675 989 1
671 1001 1
658 1013 1
635 1028 1
610 1041 1
590 1049 1
575 1055 1
564 1056 1
559 1058 1
550 1056 1
548 1051 1
546 1039 1
547 1027 1
548 1021 1
549 1015 1
549 1012 1
549 1011 1
551 1009 1
555 1011 1
563 1013 1
576 1024 1
588 1038 1
597 1050 1
602 1062 1
604 1077 1
601 1092 1
592 1111 1
580 1129 1
572 1142 1
565 1150 1
563 1155 1
560 1158 1
558 1161 1
558 1163 1
557 1164 1
556 1165 1
557 1165 0
400 941 1
400 941 1
400 941 1
405 952 1
413 968 1
424 987 1
438 1011 1
450 1031 1
461 1048 1
472 1064 1
477 1072 1
482 1082 1
480 1098 1
476 1109 1
463 1124 1
440 1137 1
421 1147 1
401 1156 1
393 1158 1
385 1161 1
380 1163 1
377 1164 1
375 1165 1
374 1165 1
372 1165 1
372 1165 1
373 1163 1
374 1164 1
378 1162 1
385 1162 1
393 1163 1
403 1169 1
414 1178 1
422 1186 1
428 1194 1
430 1201 1
429 1210 1
424 1222 1
410 1241 1
391 1262 1
369 1279 1
348 1293 1
332 1302 1
323 1306 1
317 1309 1
316 1312 1
317 1311 0
