42 1329 1
42 1328 1
42 1328 1
42 1325 1
43 1323 1
45 1314 1
49 1302 1
52 1290 1
58 1271 1
64 1250 1
73 1225 1
83 1196 1
96 1166 1
114 1125 1
122 1104 1
129 1087 1
138 1065 1
148 1039 1
155 1014 1
159 995 1
161 985 1
161 978 1
161 974 1
160 969 1
158 964 1
157 961 1
154 958 1
149 956 1
141 956 1
125 956 1
116 958 1
108 967 1
100 978 1
94 993 1
90 1011 1
88 1025 1
85 1038 1
86 1047 1
85 1065 1
85 1080 1
85 1095 1
85 1109 1
85 1126 1
86 1145 1
88 1165 1
91 1184 1
97 1206 1
101 1227 1
104 1240 1
107 1253 1
108 1260 1
111 1267 1
112 1274 1
115 1279 1
118 1284 1
122 1288 1
127 1290 1
135 1292 1
143 1289 1
155 1283 1
169 1271 1
185 1257 1
201 1242 1
215 1225 1
228 1208 1
241 1189 1
252 1167 1
263 1146 1
270 1128 1
278 1112 1
283 1096 1
289 1084 1
294 1070 1
298 1053 1
302 1038 1
305 1024 1
306 1013 1
306 1005 1
304 998 1
304 993 1
302 990 1
302 989 1
300 987 1
300 987 1
300 987 1
298 988 1
294 990 1
287 994 1
280 999 1
271 1007 1
263 1016 1
256 1029 1
249 1042 1
244 1055 1
240 1070 1
235 1088 1
231 1107 1
228 1124 1
226 1144 1
225 1162 1
223 1179 1
223 1196 1
221 1212 1
222 1228 1
221 1242 1
221 1255 1
221 1264 1
222 1274 1
223 1281 1
224 1287 1
226 1291 1
229 1295 1
232 1296 1
239 1298 1
250 1296 1
263 1293 1
278 1286 1
293 1276 1
306 1267 1
318 1255 1
332 1240 1
346 1224 1
359 1203 1
372 1184 1
383 1165 1
393 1146 1
403 1127 1
409 1112 1
414 1098 1
418 1087 1
421 1077 1
423 1067 1
425 1058 1
428 1048 1
429 1041 1
430 1036 1
430 1032 1
430 1028 1
428 1025 1
427 1023 1
427 1021 1
425 1019 1
423 1019 1
419 1020 1
415 1021 1
408 1026 1
402 1032 1
393 1042 1
386 1053 1
379 1066 1
371 1082 1
364 1102 1
358 1121 1
353 1140 1
349 1158 1
346 1176 1
343 1196 1
341 1213 1
341 1230 1
339 1244 1
340 1254 1
341 1262 1
342 1270 1
344 1276 1
345 1283 1
346 1290 1
349 1295 1
353 1301 1
358 1307 1
362 1311 1
368 1312 1
375 1314 1
381 1313 1
389 1310 1
398 1306 1
413 1297 1
430 1285 1
448 1269 1
463 1255 1
477 1241 1
491 1227 1
505 1211 1
517 1193 1
528 1176 1
536 1159 1
541 1147 1
546 1137 1
549 1127 1
550 1119 1
552 1111 1
553 1104 1
555 1098 1
555 1094 1
555 1091 1
554 1088 1
554 1086 1
552 1083 1
550 1082 1
549 1081 1
547 1079 1
545 1079 1
542 1080 1
538 1081 1
531 1088 1
523 1097 1
515 1108 1
507 1121 1
500 1135 1
493 1149 1
487 1165 1
483 1177 1
479 1191 1
475 1206 1
471 1224 1
467 1240 1
465 1257 1
463 1269 1
460 1282 1
460 1295 1
461 1307 1
461 1319 1
462 1326 1
464 1333 1
465 1338 1
468 1342 1
471 1345 1
475 1345 1
481 1347 1
489 1342 1
501 1335 1
517 1322 1
532 1308 1
547 1293 1
559 1278 1
572 1261 1
586 1240 1
600 1218 1
615 1195 1
631 1171 1
644 1150 1
656 1130 1
666 1112 1
675 1098 1
680 1083 1
684 1072 1
687 1063 1
688 1058 1
689 1052 1
689 1050 1
689 1048 1
689 1047 1
689 1047 1
689 1047 1
687 1047 1
683 1047 1
677 1050 1
671 1053 1
664 1058 1
655 1064 1
645 1072 1
638 1080 1
630 1091 1
622 1102 1
614 1117 1
606 1134 1
599 1150 1
592 1170 1
585 1190 1
580 1211 1
575 1233 1
569 1257 1
565 1275 1
563 1293 1
562 1308 1
562 1321 1
563 1331 1
565 1338 1
568 1344 1
569 1348 1
573 1351 1
576 1354 1
581 1356 1
588 1357 1
600 1354 1
620 1337 1
647 1310 1
680 1273 1
703 1246 1
719 1226 1
729 1209 1
740 1194 1
750 1177 1
761 1160 1
769 1146 1
775 1134 1
780 1124 1
785 1113 1
789 1103 1
793 1093 1
794 1086 1
796 1080 1
797 1076 1
797 1073 1
797 1072 1
793 1072 1
789 1073 1
784 1074 1
774 1081 1
766 1088 1
756 1099 1
747 1110 1
739 1123 1
731 1137 1
723 1154 1
717 1172 1
709 1193 1
702 1213 1
695 1235 1
689 1259 1
683 1279 1
679 1297 1
677 1314 1
674 1326 1
672 1336 1
671 1347 1
671 1356 1
672 1365 1
673 1371 1
675 1377 1
678 1379 1
680 1380 1
685 1381 1
693 1378 1
703 1371 1
719 1358 1
738 1340 1
755 1324 1
772 1305 1
790 1286 1
804 1265 1
817 1246 1
829 1230 1
834 1218 1
839 1209 1
843 1199 1
848 1189 1
852 1177 1
857 1163 1
862 1149 1
866 1137 1
872 1122 1
876 1108 1
878 1097 1
880 1087 1
881 1080 1
881 1077 1
881 1074 1
880 1073 1
877 1073 1
875 1074 1
871 1075 1
867 1078 1
863 1082 1
854 1091 1
846 1103 1
838 1114 1
829 1126 1
823 1138 1
816 1153 1
809 1170 1
803 1189 1
799 1207 1
795 1223 1
790 1244 1
786 1263 1
781 1282 1
777 1305 1
774 1324 1
772 1341 1
770 1358 1
771 1370 1
772 1382 1
774 1391 1
777 1396 1
781 1400 1
787 1400 1
795 1397 1
809 1388 1
825 1376 1
844 1357 1
868 1328 1
889 1301 1
906 1276 1
921 1253 1
934 1231 1
944 1212 1
953 1198 1
960 1183 1
967 1171 1
973 1159 1
977 1147 1
983 1134 1
986 1122 1
989 1112 1
990 1106 1
991 1102 1
992 1099 1
992 1097 1
992 1095 1
992 1095 1
992 1095 1
992 1095 1
990 1096 1
990 1096 1
988 1096 1
988 1096 1
988 1096 1
988 1096 1
988 1096 1
988 1096 1
988 1096 1
988 1096 1
988 1096 1
988 1096 1
988 1096 1
988 1096 1
988 1096 1
988 1096 1
988 1096 1
988 1096 1
988 1096 1
988 1096 1
988 1096 1
988 1096 1
988 1096 1
988 1096 1
988 1096 1
988 1096 1
988 1096 1
986 1096 1
984 1096 1
980 1097 1
975 1099 1
969 1101 1
963 1106 1
956 1111 1
949 1117 1
944 1124 1
936 1134 1
929 1144 1
923 1161 1
916 1176 1
911 1191 1
906 1207 1
901 1224 1
899 1241 1
896 1254 1
895 1267 1
894 1280 1
892 1295 1
891 1312 1
891 1331 1
891 1350 1
893 1367 1
896 1384 1
899 1396 1
901 1408 1
906 1424 1
911 1439 1
918 1458 1
928 1480 1
940 1500 1
959 1528 1
959 1528 0
