592 520 1
590 520 1
590 520 1
588 521 1
584 523 1
578 528 1
573 535 1
563 543 1
553 553 1
540 564 1
526 577 1
512 589 1
496 604 1
481 617 1
466 632 1
441 655 1
425 671 1
412 687 1
399 702 1
386 717 1
371 736 1
357 754 1
344 772 1
330 790 1
318 808 1
306 827 1
293 849 1
280 874 1
267 900 1
254 927 1
240 953 1
229 977 1
220 1000 1
210 1024 1
202 1047 1
192 1070 1
183 1093 1
159 1171 1
156 1192 1
153 1213 1
151 1235 1
150 1256 1
151 1279 1
151 1302 1
150 1326 1
150 1350 1
150 1376 1
150 1396 1
151 1414 1
151 1431 1
152 1446 1
155 1462 1
162 1475 1
171 1492 1
181 1509 1
191 1526 1
204 1542 1
215 1553 1
225 1564 1
235 1573 1
246 1583 1
257 1591 1
270 1599 1
283 1606 1
297 1610 1
311 1614 1
325 1615 1
340 1616 1
353 1614 1
365 1613 1
375 1611 1
382 1609 1
389 1605 1
396 1602 1
403 1596 1
411 1590 1
420 1585 1
430 1576 1
440 1568 1
451 1556 1
462 1544 1
474 1533 1
485 1520 1
494 1508 1
504 1497 1
513 1486 1
520 1478 1
526 1470 1
533 1460 1
539 1450 1
551 1430 1
559 1413 1
568 1397 1
575 1382 1
581 1366 1
587 1351 1
591 1339 1
596 1327 1
600 1317 1
606 1310 1
610 1299 1
615 1288 1
621 1278 1
625 1266 1
632 1256 1
639 1245 1
647 1231 1
657 1214 1
668 1196 1
679 1179 1
690 1166 1
698 1154 1
705 1143 1
711 1132 1
717 1122 1
723 1110 1
729 1098 1
734 1083 1
738 1069 1
744 1057 1
747 1043 1
751 1029 1
754 1015 1
758 1001 1
760 988 1
763 978 1
766 967 1
767 956 1
769 944 1
771 932 1
773 921 1
775 911 1
776 903 1
778 895 1
779 887 1
782 877 1
784 866 1
787 857 1
790 848 1
794 841 1
796 831 1
798 822 1
802 811 1
805 798 1
808 786 1
809 772 1
812 757 1
813 741 1
816 726 1
817 709 1
820 694 1
823 680 1
825 666 1
827 656 1
830 646 1
829 639 1
831 632 1
831 626 1
832 621 1
833 617 1
833 613 1
833 609 1
833 604 1
830 595 1
829 588 1
828 582 1
825 574 1
824 567 1
821 561 1
820 556 1
816 552 1
812 546 1
806 542 1
799 537 1
789 532 1
778 526 1
766 519 1
755 515 1
741 509 1
732 505 1
722 502 1
712 499 1
705 498 1
696 496 1
689 496 1
682 495 1
675 495 1
668 496 1
660 498 1
651 501 1
642 505 1
633 510 1
623 516 1
611 524 1
601 534 1
591 542 1
582 551 1
575 560 1
568 565 1
563 571 1
558 577 1
553 583 1
547 590 1
540 598 1
533 605 1
525 613 1
516 621 1
507 629 1
499 634 1
492 640 1
485 645 1
477 652 1
469 660 1
460 670 1
451 681 1
443 692 1
436 701 1
431 709 1
427 716 1
423 723 1
420 730 1
415 739 1
411 747 1
406 756 1
400 766 1
393 775 1
388 784 1
382 791 1
377 799 1
373 806 1
369 813 1
364 820 1
360 827 1
355 833 1
350 840 1
345 848 1
340 857 1
335 865 1
329 873 1
324 881 1
319 888 1
315 895 1
311 902 1
307 908 1
305 912 1
302 915 1
300 919 1
298 922 1
296 924 1
294 928 1
291 932 1
287 939 1
282 947 1
278 955 1
273 964 1
269 974 1
264 982 1
259 990 1
254 1000 1
250 1009 1
246 1016 1
243 1024 1
239 1031 1
237 1036 1
235 1041 1
232 1045 1
230 1049 1
228 1053 1
226 1057 1
225 1062 1
222 1067 1
220 1074 1
216 1084 1
211 1094 1
207 1102 1
203 1109 1
199 1115 1
197 1120 1
193 1124 1
190 1130 1
186 1134 1
184 1138 1
182 1142 1
179 1146 1
177 1151 1
175 1155 1
173 1159 1
172 1165 1
169 1171 1
167 1177 1
165 1183 1
163 1188 1
160 1194 1
158 1201 1
155 1208 1
153 1215 1
151 1224 1
149 1233 1
146 1242 1
145 1249 1
143 1256 1
142 1263 1
141 1269 1
139 1276 1
139 1282 1
137 1288 1
138 1292 1
136 1296 1
136 1299 1
135 1302 1
133 1306 1
134 1308 1
133 1312 1
131 1315 1
132 1319 1
130 1324 1
128 1330 1
127 1337 1
125 1345 1
122 1354 1
121 1362 1
118 1370 1
117 1378 1
115 1384 1
116 1388 1
115 1392 1
115 1395 1
115 1399 1
115 1403 1
115 1407 1
115 1412 1
115 1418 1
116 1423 1
118 1429 1
119 1436 1
120 1441 1
123 1448 1
127 1454 1
131 1460 1
135 1465 1
140 1471 1
146 1475 1
152 1480 1
158 1484 1
162 1488 1
167 1490 1
170 1493 1
174 1496 1
178 1499 1
180 1501 1
185 1506 1
188 1510 1
192 1515 1
197 1521 1
201 1525 1
205 1530 1
209 1536 1
214 1540 1
220 1546 1
224 1551 1
230 1557 1
234 1561 1
239 1567 1
244 1572 1
248 1576 1
254 1581 1
259 1586 1
268 1591 1
276 1596 1
284 1601 1
294 1604 1
303 1607 1
314 1610 1
327 1612 1
339 1612 1
352 1613 1
363 1613 1
371 1613 1
378 1613 1
384 1613 1
387 1612 1
391 1612 1
397 1610 1
404 1607 1
413 1603 1
421 1598 1
428 1592 1
436 1585 1
443 1575 1
450 1565 1
456 1555 1
462 1545 1
466 1536 1
470 1526 1
474 1517 1
476 1506 1
479 1495 1
481 1486 1
484 1476 1
486 1467 1
490 1458 1
494 1447 1
497 1437 1
500 1425 1
505 1415 1
509 1405 1
513 1397 1
519 1386 1
525 1376 1
532 1365 1
539 1356 1
545 1348 1
552 1341 1
557 1333 1
564 1326 1
571 1319 1
578 1311 1
584 1304 1
591 1296 1
597 1288 1
603 1280 1
609 1272 1
614 1265 1
621 1257 1
627 1250 1
632 1242 1
638 1234 1
643 1226 1
648 1217 1
653 1208 1
657 1198 1
664 1186 1
671 1172 1
679 1157 1
686 1143 1
695 1130 1
701 1119 1
707 1109 1
713 1101 1
717 1093 1
721 1085 1
726 1075 1
731 1065 1
735 1055 1
739 1045 1
743 1035 1
748 1019 1
753 1005 1
757 989 1
763 974 1
769 960 1
775 943 1
780 929 1
786 912 1
791 895 1
798 881 1
803 868 1
809 856 1
813 847 1
817 839 1
821 831 1
824 822 1
827 813 1
829 802 1
831 793 1
832 783 1
833 774 1
834 767 1
834 758 1
834 750 1
834 742 1
835 733 1
836 725 1
836 715 1
838 705 1
839 697 1
840 686 1
842 675 1
843 662 1
844 648 1
844 637 1
843 626 1
843 617 1
842 607 1
839 598 1
838 589 1
835 580 1
831 570 1
826 561 1
818 551 1
809 542 1
801 533 1
792 524 1
785 517 1
778 511 1
772 505 1
768 501 1
763 498 1
758 496 1
747 495 1
733 496 1
711 500 1
681 508 1
648 518 1
616 529 1
590 539 1
573 545 1
559 551 1
550 553 1
541 556 1
535 558 1
530 558 1
525 560 1
520 560 1
516 561 1
511 563 1
507 564 1
501 567 1
495 570 1
488 576 1
481 582 1
473 591 1
463 601 1
456 610 1
450 620 1
444 629 1
440 635 1
438 642 1
435 647 1
432 654 1
430 660 1
428 667 1
425 674 1
422 681 1
421 690 1
418 697 1
415 704 1
411 712 1
407 720 1
403 729 1
398 739 1
394 749 1
388 758 1
382 768 1
377 776 1
370 786 1
365 795 1
359 803 1
354 812 1
349 820 1
345 827 1
341 834 1
337 839 1
335 843 1
330 848 1
326 853 1
323 857 1
318 863 1
313 869 1
306 878 1
301 885 1
294 893 1
290 900 1
285 906 1
280 912 1
276 918 1
272 923 1
268 929 1
264 934 1
261 941 1
256 947 1
253 953 1
249 960 1
246 965 1
241 971 1
238 975 1
235 979 1
231 983 1
227 986 1
225 990 1
221 993 1
217 997 1
212 1002 1
207 1007 1
202 1014 1
197 1019 1
191 1026 1
188 1031 1
184 1037 1
180 1044 1
178 1049 1
175 1055 1
172 1061 1
170 1067 1
168 1074 1
167 1080 1
165 1087 1
164 1096 1
162 1103 1
161 1112 1
160 1120 1
161 1126 1
161 1134 1
161 1142 1
162 1150 1
162 1160 1
163 1169 1
163 1177 1
164 1185 1
164 1191 1
165 1198 1
165 1205 1
165 1211 1
165 1218 1
166 1224 1
167 1230 1
167 1234 1
168 1238 1
169 1242 1
170 1246 1
171 1249 1
171 1251 1
172 1254 1
173 1257 1
173 1260 1
174 1263 1
174 1265 1
174 1269 1
175 1272 1
175 1275 1
175 1280 1
175 1286 1
173 1292 1
174 1298 1
174 1304 1
173 1309 1
173 1315 1
173 1319 1
173 1322 1
173 1326 1
172 1330 1
172 1334 1
171 1338 1
171 1343 1
169 1347 1
169 1352 1
169 1359 1
168 1364 1
168 1370 1
166 1377 1
167 1381 1
167 1385 1
166 1390 1
166 1394 1
166 1399 1
166 1402 1
166 1405 1
166 1408 1
166 1411 1
166 1414 1
167 1417 1
168 1420 1
168 1422 1
169 1424 1
170 1427 1
171 1430 1
172 1434 1
173 1436 1
174 1439 1
176 1443 1
176 1446 1
178 1449 1
179 1451 1
180 1455 1
182 1458 1
183 1461 1
185 1464 1
186 1466 1
188 1469 1
190 1472 1
191 1475 1
193 1478 1
196 1481 1
198 1484 1
201 1488 1
204 1491 1
207 1494 1
212 1499 1
214 1502 1
218 1505 1
221 1509 1
223 1512 1
226 1515 1
228 1518 1
231 1520 1
232 1523 1
234 1525 1
237 1527 1
239 1530 1
241 1533 1
242 1534 1
244 1536 1
246 1539 1
248 1541 1
250 1543 1
251 1545 1
252 1546 1
254 1548 1
256 1549 1
259 1552 1
260 1553 1
263 1555 1
266 1556 1
269 1557 1
273 1558 1
276 1559 1
279 1561 1
283 1562 1
287 1563 1
290 1564 1
294 1565 1
297 1566 1
300 1566 1
304 1567 1
306 1567 1
310 1567 1
314 1567 1
320 1567 1
326 1566 1
334 1564 1
341 1563 1
350 1561 1
356 1559 1
364 1556 1
369 1554 1
377 1551 1
382 1548 1
390 1544 1
397 1541 1
403 1537 1
411 1534 1
418 1530 1
425 1527 1
429 1526 1
434 1523 1
436 1522 1
439 1520 1
440 1521 1
442 1519 1
444 1517 1
446 1517 1
448 1515 1
450 1514 1
452 1513 1
455 1511 1
458 1509 1
461 1506 1
465 1504 1
469 1500 1
474 1497 1
477 1493 1
482 1489 1
486 1485 1
490 1480 1
494 1476 1
500 1470 1
504 1466 1
508 1461 1
513 1456 1
517 1450 1
522 1443 1
527 1436 1
532 1428 1
537 1420 1
541 1413 1
546 1406 1
550 1399 1
553 1392 1
557 1385 1
560 1376 1
564 1369 1
567 1361 1
571 1354 1
571 1349 1
575 1340 1
578 1334 1
581 1328 1
584 1323 1
587 1315 1
591 1307 1
596 1296 1
602 1287 1
608 1277 1
610 1270 1
615 1264 1
617 1257 1
620 1253 1
624 1246 1
627 1240 1
631 1233 1
634 1227 1
637 1221 1
640 1216 1
641 1208 1
645 1201 1
648 1194 1
652 1185 1
655 1178 1
658 1169 1
662 1161 1
666 1152 1
671 1143 1
676 1134 1
681 1126 1
685 1119 1
691 1112 1
695 1109 1
713 1083 1
718 1078 1
720 1074 1
723 1070 1
726 1066 1
728 1062 1
732 1056 1
736 1053 1
740 1047 1
744 1043 1
747 1038 1
751 1032 1
756 1026 1
761 1018 1
766 1010 1
771 1002 1
776 994 1
781 986 1
786 979 1
790 972 1
795 965 1
799 957 1
805 950 1
809 939 1
815 929 1
821 918 1
827 906 1
833 896 1
838 885 1
844 874 1
847 866 1
852 854 1
855 845 1
857 837 1
860 829 1
863 820 1
866 810 1
868 802 1
870 793 1
872 785 1
873 778 1
874 771 1
875 766 1
875 760 1
874 754 1
874 747 1
873 740 1
872 732 1
870 723 1
868 715 1
866 706 1
864 699 1
862 692 1
860 683 1
857 675 1
853 665 1
849 655 1
847 645 1
843 637 1
840 630 1
838 623 1
835 616 1
834 609 1
831 602 1
828 595 1
826 588 1
824 581 1
822 576 1
820 568 1
817 561 1
814 555 1
811 548 1
807 543 1
804 535 1
798 527 1
791 518 1
784 510 1
777 503 1
770 497 1
763 493 1
757 489 1
749 485 1
742 482 1
735 480 1
729 478 1
723 478 1
718 478 1
712 479 1
706 480 1
699 482 1
692 484 1
686 486 1
677 489 1
670 493 1
662 496 1
657 498 1
650 501 1
644 504 1
638 507 1
632 511 1
627 513 1
621 517 1
616 521 1
611 526 1
605 531 1
601 536 1
595 542 1
591 547 1
585 553 1
579 558 1
573 565 1
565 573 1
557 581 1
550 590 1
544 598 1
538 606 1
533 613 1
528 619 1
524 623 1
522 627 1
520 630 1
517 633 1
514 638 1
510 642 1
508 645 1
506 648 1
503 653 1
500 657 1
498 661 1
493 669 1
489 676 1
484 683 1
479 691 1
476 696 1
472 702 1
468 707 1
464 713 1
460 719 1
455 728 1
451 735 1
447 745 1
442 753 1
437 763 1
431 773 1
426 782 1
420 792 1
416 801 1
411 811 1
407 818 1
403 825 1
399 832 1
395 836 1
393 841 1
390 844 1
387 848 1
385 852 1
382 855 1
374 864 1
371 868 1
368 872 1
365 877 1
359 882 1
355 887 1
351 893 1
345 898 1
340 904 1
335 908 1
329 914 1
324 918 1
319 923 1
314 928 1
309 933 1
305 938 1
300 944 1
296 949 1
291 955 1
287 961 1
283 965 1
280 969 1
275 977 1
272 980 1
268 984 1
265 988 1
261 992 1
256 998 1
252 1004 1
249 1009 1
245 1014 1
241 1020 1
237 1025 1
234 1031 1
230 1035 1
226 1040 1
223 1045 1
221 1049 1
218 1053 1
215 1056 1
212 1060 1
210 1064 1
208 1066 1
205 1070 1
202 1073 1
199 1076 1
196 1080 1
194 1082 1
192 1086 1
186 1094 1
180 1098 1
178 1103 1
173 1107 1
169 1112 1
165 1116 1
161 1121 1
157 1125 1
154 1128 1
151 1131 1
148 1135 1
145 1139 1
143 1143 1
140 1147 1
136 1153 1
133 1158 1
129 1164 1
127 1171 1
124 1177 1
121 1183 1
117 1189 1
114 1197 1
112 1205 1
108 1214 1
105 1224 1
101 1236 1
97 1247 1
95 1257 1
92 1265 1
89 1273 1
87 1282 1
85 1289 1
84 1299 1
83 1307 1
81 1315 1
80 1323 1
78 1330 1
77 1337 1
77 1345 1
75 1353 1
75 1362 1
75 1372 1
75 1382 1
74 1391 1
74 1407 1
75 1414 1
75 1421 1
76 1427 1
77 1433 1
77 1438 1
78 1443 1
79 1447 1
80 1452 1
82 1457 1
83 1462 1
86 1467 1
88 1471 1
91 1477 1
99 1491 1
103 1498 1
107 1505 1
111 1513 1
115 1519 1
118 1527 1
122 1532 1
126 1537 1
129 1542 1
132 1547 1
135 1550 1
138 1554 1
145 1561 1
149 1565 1
151 1569 1
156 1572 1
160 1576 1
164 1580 1
169 1585 1
173 1589 1
177 1593 1
181 1597 1
187 1601 1
193 1605 1
199 1609 1
207 1612 1
215 1616 1
222 1619 1
232 1623 1
241 1625 1
252 1627 1
263 1630 1
276 1631 1
289 1632 1
301 1633 1
314 1631 1
328 1628 1
342 1624 1
358 1618 1
374 1610 1
389 1603 1
404 1594 1
420 1585 1
436 1575 1
450 1565 1
464 1555 1
477 1543 1
488 1536 1
499 1527 1
509 1520 1
517 1514 1
527 1507 1
535 1500 1
545 1492 1
555 1484 1
563 1475 1
573 1468 1
583 1460 1
593 1453 1
601 1445 1
612 1435 1
622 1425 1
632 1414 1
641 1404 1
650 1395 1
657 1386 1
664 1377 1
670 1368 1
676 1355 1
682 1342 1
688 1330 1
692 1320 1
696 1309 1
699 1299 1
702 1289 1
704 1279 1
706 1271 1
707 1263 1
708 1256 1
710 1249 1
712 1241 1
714 1231 1
715 1220 1
718 1208 1
721 1194 1
725 1179 1
730 1162 1
735 1145 1
739 1130 1
743 1116 1
747 1103 1
750 1091 1
755 1079 1
756 1072 1
758 1065 1
759 1061 1
759 1057 1
761 1048 1
763 1045 1
764 1041 1
765 1036 1
767 1029 1
769 1021 1
771 1012 1
773 1003 1
775 994 1
777 985 1
779 978 1
781 971 1
783 964 1
786 958 1
789 950 1
791 942 1
794 935 1
796 928 1
799 921 1
802 912 1
805 902 1
808 892 1
810 881 1
814 870 1
818 860 1
821 850 1
826 841 1
828 832 1
833 822 1
837 811 1
841 798 1
845 784 1
851 771 1
855 758 1
859 747 1
863 736 1
867 725 1
869 716 1
872 707 1
875 698 1
877 691 1
879 684 1
880 678 1
881 672 1
882 666 1
883 659 1
883 653 1
883 646 1
883 640 1
883 633 1
881 626 1
878 619 1
876 613 1
873 603 1
869 594 1
867 585 1
862 576 1
859 568 1
855 560 1
851 553 1
848 547 1
843 539 1
837 531 1
830 522 1
823 512 1
815 503 1
805 495 1
795 486 1
784 480 1
774 474 1
762 468 1
750 463 1
738 461 1
723 458 1
708 455 1
693 456 1
676 456 1
661 458 1
647 461 1
635 465 1
624 470 1
615 475 1
606 480 1
600 485 1
592 489 1
585 495 1
575 502 1
566 510 1
553 523 1
539 536 1
526 548 1
510 564 1
493 577 1
478 591 1
464 605 1
448 618 1
435 629 1
423 639 1
411 648 1
400 657 1
392 664 1
385 672 1
378 677 1
375 684 1
369 689 1
363 696 1
357 702 1
352 708 1
347 715 1
343 721 1
337 728 1
333 735 1
330 742 1
326 748 1
325 752 1
322 757 1
321 761 1
319 764 1
318 768 1
317 771 1
315 774 1
314 777 1
314 780 1
312 784 1
311 789 1
308 795 1
304 805 1
297 817 1
289 831 1
273 852 1
256 874 1
239 898 1
223 923 1
210 945 1
201 963 1
196 976 1
192 983 1
190 988 1
189 990 1
189 991 1
189 993 1
189 993 1
188 994 1
188 996 1
188 999 1
188 1005 1
188 1015 1
186 1034 1
180 1059 1
171 1089 1
158 1123 1
146 1157 1
136 1186 1
130 1207 1
127 1220 1
125 1228 1
124 1232 1
125 1235 1
125 1237 1
125 1239 1
125 1241 1
125 1242 1
126 1243 1
126 1245 1
126 1246 1
126 1246 1
126 1246 1
126 1246 1
127 1246 1
127 1247 1
127 1247 1
127 1247 1
127 1248 1
128 1251 1
129 1255 1
131 1260 1
132 1265 1
133 1276 1
135 1287 1
137 1299 1
140 1311 1
141 1323 1
142 1333 1
143 1341 1
144 1350 1
145 1358 1
145 1367 1
145 1373 1
146 1380 1
146 1385 1
147 1391 1
147 1395 1
147 1400 1
148 1404 1
148 1410 1
148 1413 1
149 1418 1
149 1420 1
149 1424 1
150 1427 1
150 1428 1
150 1431 1
151 1433 1
151 1435 1
152 1437 1
152 1439 1
152 1441 1
153 1443 1
153 1445 1
154 1446 1
154 1448 1
155 1450 1
156 1452 1
157 1455 1
157 1456 1
158 1459 1
159 1464 1
160 1467 1
162 1471 1
162 1477 1
163 1482 1
165 1488 1
166 1495 1
168 1500 1
168 1506 1
169 1510 1
171 1516 1
173 1520 1
175 1523 1
175 1526 1
176 1528 1
178 1531 1
178 1533 1
180 1535 1
180 1537 1
180 1539 1
181 1541 1
182 1543 1
182 1545 1
183 1546 1
183 1548 1
183 1549 1
183 1550 1
183 1550 1
183 1550 1
183 1550 1
183 1551 1
184 1551 1
184 1551 1
184 1552 1
184 1553 1
185 1554 1
185 1555 1
186 1557 1
187 1557 1
188 1558 1
189 1560 1
190 1562 1
191 1562 1
192 1564 1
192 1565 1
193 1565 1
194 1566 1
194 1567 1
195 1568 1
196 1569 1
196 1569 1
196 1570 1
196 1570 1
196 1570 1
197 1570 1
197 1571 1
197 1571 1
197 1571 1
197 1571 1
198 1572 1
198 1573 1
200 1574 1
200 1575 1
201 1575 1
202 1576 1
203 1577 1
204 1578 1
205 1578 1
206 1579 1
208 1580 1
212 1582 1
216 1584 1
220 1585 1
225 1586 1
231 1588 1
235 1589 1
238 1590 1
240 1591 1
244 1592 1
247 1592 1
250 1593 1
253 1594 1
257 1594 1
262 1594 1
268 1595 1
276 1596 1
285 1597 1
296 1598 1
306 1601 1
317 1603 1
328 1604 1
337 1605 1
347 1606 1
358 1606 1
368 1606 1
376 1604 1
386 1602 1
398 1597 1
411 1593 1
422 1588 1
433 1582 1
443 1576 1
451 1569 1
458 1561 1
465 1554 1
472 1547 1
479 1541 1
486 1535 1
491 1530 1
497 1525 1
501 1520 1
506 1515 1
511 1510 1
516 1506 1
521 1501 1
524 1498 1
529 1494 1
532 1491 1
535 1487 1
538 1484 1
543 1479 1
548 1475 1
555 1470 1
563 1463 1
574 1455 1
586 1446 1
596 1434 1
605 1423 1
615 1413 1
623 1404 1
630 1393 1
637 1384 1
643 1375 1
647 1367 1
650 1359 1
654 1351 1
658 1343 1
662 1336 1
664 1329 1
667 1325 1
670 1321 1
671 1317 1
672 1315 1
674 1312 1
675 1308 1
677 1303 1
678 1299 1
680 1294 1
682 1290 1
683 1284 1
685 1279 1
686 1274 1
688 1267 1
691 1261 1
694 1253 1
697 1244 1
700 1237 1
703 1226 1
708 1215 1
713 1202 1
718 1191 1
722 1181 1
727 1170 1
729 1161 1
733 1150 1
737 1140 1
740 1131 1
742 1123 1
745 1116 1
748 1109 1
751 1103 1
752 1096 1
754 1090 1
756 1084 1
757 1079 1
759 1075 1
759 1071 1
760 1067 1
762 1063 1
763 1057 1
765 1050 1
767 1045 1
768 1038 1
770 1032 1
771 1025 1
773 1017 1
775 1009 1
778 1000 1
781 990 1
783 980 1
786 969 1
788 958 1
792 948 1
795 937 1
798 926 1
802 916 1
804 907 1
807 897 1
809 889 1
812 881 1
814 873 1
817 864 1
819 857 1
822 849 1
825 841 1
826 831 1
829 821 1
832 812 1
834 802 1
837 792 1
838 783 1
841 771 1
843 760 1
845 749 1
846 739 1
848 728 1
851 717 1
853 707 1
855 699 1
856 691 1
856 683 1
858 676 1
859 669 1
861 662 1
862 657 1
862 649 1
863 642 1
864 637 1
865 632 1
865 627 1
866 622 1
867 616 1
867 610 1
867 603 1
867 598 1
867 591 1
866 585 1
866 580 1
864 574 1
865 570 1
863 565 1
861 561 1
859 556 1
856 550 1
853 544 1
849 538 1
845 532 1
840 527 1
835 521 1
829 515 1
825 510 1
819 506 1
815 502 1
810 500 1
806 497 1
801 495 1
796 493 1
791 494 1
783 493 1
774 493 1
764 493 1
755 494 1
748 494 1
740 495 1
734 497 1
727 498 1
721 500 1
714 502 1
708 503 1
702 506 1
695 508 1
689 510 1
682 513 1
674 516 1
666 520 1
658 525 1
651 530 1
644 535 1
637 541 1
631 546 1
625 551 1
615 561 1
611 565 1
607 569 1
602 576 1
599 581 1
596 587 1
593 593 1
588 606 1
583 618 1
581 623 1
580 627 1
575 637 1
574 640 1
571 646 1
570 650 1
568 656 1
565 661 1
562 668 1
558 675 1
554 682 1
550 688 1
547 693 1
543 699 1
539 705 1
533 714 1
530 718 1
528 722 1
524 727 1
520 733 1
512 743 1
509 748 1
506 753 1
502 757 1
498 762 1
494 766 1
485 773 1
481 776 1
476 780 1
470 784 1
464 788 1
457 793 1
450 798 1
444 804 1
437 809 1
429 815 1
424 821 1
417 826 1
410 832 1
404 837 1
398 842 1
386 851 1
373 862 1
368 867 1
361 872 1
356 877 1
352 881 1
349 884 1
345 888 1
342 891 1
339 894 1
337 896 1
334 899 1
331 902 1
324 909 1
314 918 1
310 923 1
304 929 1
292 945 1
286 953 1
280 962 1
274 970 1
268 977 1
262 987 1
256 996 1
250 1007 1
244 1019 1
233 1043 1
228 1053 1
224 1063 1
220 1073 1
215 1084 1
211 1096 1
207 1106 1
203 1116 1
199 1127 1
196 1138 1
191 1151 1
188 1162 1
185 1173 1
173 1205 1
171 1217 1
168 1229 1
166 1241 1
163 1250 1
160 1260 1
157 1268 1
154 1276 1
153 1286 1
150 1296 1
148 1307 1
145 1316 1
142 1324 1
140 1331 1
137 1338 1
135 1345 1
133 1355 1
130 1365 1
129 1376 1
129 1385 1
129 1395 1
129 1403 1
129 1411 1
130 1419 1
132 1428 1
133 1434 1
136 1443 1
139 1450 1
142 1457 1
144 1463 1
147 1469 1
151 1474 1
155 1479 1
159 1485 1
163 1488 1
169 1493 1
174 1498 1
179 1503 1
186 1509 1
192 1514 1
199 1520 1
206 1527 1
215 1533 1
221 1537 1
228 1542 1
234 1547 1
242 1551 1
248 1555 1
255 1559 1
264 1564 1
272 1568 1
279 1571 1
286 1574 1
295 1578 1
302 1580 1
309 1583 1
318 1585 1
327 1588 1
336 1589 1
345 1590 1
355 1591 1
365 1590 1
376 1587 1
388 1584 1
403 1580 1
422 1571 1
439 1560 1
458 1549 1
474 1539 1
488 1527 1
501 1518 1
510 1509 1
518 1501 1
525 1491 1
532 1482 1
538 1474 1
542 1466 1
545 1459 1
548 1454 1
550 1447 1
553 1440 1
556 1432 1
559 1424 1
563 1414 1
568 1405 1
574 1395 1
579 1385 1
584 1376 1
590 1365 1
596 1352 1
603 1338 1
609 1327 1
615 1315 1
620 1304 1
627 1291 1
634 1278 1
641 1266 1
649 1254 1
657 1243 1
664 1230 1
673 1217 1
682 1205 1
692 1192 1
701 1181 1
710 1170 1
720 1159 1
728 1147 1
737 1135 1
746 1124 1
753 1111 1
760 1099 1
769 1086 1
777 1069 1
787 1051 1
797 1031 1
805 1012 1
814 993 1
819 978 1
824 964 1
828 953 1
832 940 1
836 928 1
839 915 1
843 903 1
846 890 1
849 877 1
851 865 1
853 852 1
856 840 1
858 815 1
858 802 1
858 789 1
859 776 1
859 751 1
859 725 1
858 713 1
858 703 1
858 694 1
857 687 1
857 680 1
857 673 1
857 666 1
855 659 1
855 652 1
854 645 1
851 632 1
849 626 1
847 616 1
845 609 1
841 600 1
837 590 1
831 579 1
817 558 1
811 549 1
801 538 1
794 530 1
787 524 1
780 519 1
773 515 1
765 510 1
755 509 1
741 509 1
724 512 1
704 517 1
680 525 1
633 548 1
612 560 1
595 572 1
578 584 1
563 595 1
549 606 1
538 616 1
528 626 1
519 634 1
511 641 1
502 650 1
492 660 1
481 671 1
469 683 1
458 695 1
445 708 1
434 719 1
422 729 1
411 739 1
390 759 1
380 767 1
371 774 1
360 782 1
349 790 1
338 799 1
325 808 1
315 820 1
303 831 1
292 842 1
283 854 1
273 866 1
263 880 1
255 896 1
245 912 1
239 929 1
231 949 1
226 968 1
222 991 1
219 1016 1
216 1041 1
214 1065 1
213 1089 1
210 1109 1
207 1129 1
202 1148 1
197 1166 1
192 1182 1
184 1197 1
177 1212 1
171 1228 1
165 1242 1
160 1256 1
155 1267 1
151 1279 1
145 1293 1
139 1306 1
134 1320 1
129 1333 1
125 1347 1
121 1362 1
118 1378 1
117 1391 1
115 1405 1
113 1417 1
113 1430 1
111 1442 1
112 1453 1
113 1464 1
115 1474 1
118 1486 1
121 1498 1
127 1513 1
131 1525 1
138 1537 1
145 1546 1
152 1556 1
161 1566 1
172 1574 1
183 1582 1
194 1591 1
205 1598 1
218 1605 1
230 1610 1
242 1614 1
257 1617 1
273 1618 1
292 1618 1
312 1614 1
332 1610 1
351 1602 1
372 1593 1
393 1582 1
417 1565 1
442 1547 1
466 1528 1
490 1508 1
512 1489 1
532 1466 1
553 1441 1
572 1414 1
590 1386 1
608 1358 1
622 1330 1
636 1303 1
650 1279 1
663 1256 1
675 1235 1
684 1214 1
695 1193 1
705 1172 1
717 1148 1
728 1126 1
738 1101 1
749 1075 1
759 1045 1
768 1015 1
777 983 1
785 950 1
793 918 1
812 848 1
823 809 1
833 768 1
841 730 1
848 697 1
849 672 1
850 649 1
847 633 1
841 616 1
834 598 1
820 579 1
803 559 1
790 544 1
796 551 0
