619 1017 1
619 1017 1
619 1017 1
619 1017 1
619 1017 1
619 1017 1
619 1017 1
619 1017 1
618 1016 1
616 1016 1
614 1014 1
611 1011 1
609 1009 1
606 1007 1
605 1005 1
603 1003 1
603 1001 1
602 999 1
602 997 1
602 995 1
602 994 1
602 991 1
603 990 1
603 990 1
605 988 1
608 989 1
611 989 1
615 990 1
618 992 1
622 995 1
625 999 1
628 1005 1
631 1012 1
630 1020 1
630 1027 1
627 1034 1
624 1040 1
620 1045 1
615 1049 1
608 1052 1
599 1053 1
590 1051 1
580 1049 1
571 1043 1
561 1036 1
552 1026 1
542 1015 1
535 1005 1
528 991 1
522 981 1
518 972 1
515 964 1
514 957 1
513 952 1
513 948 1
513 943 1
513 939 1
514 935 1
515 932 1
517 928 1
518 925 1
519 922 1
520 921 1
521 919 1
523 916 1
524 914 1
525 913 1
528 910 1
531 908 1
534 906 1
538 904 1
542 903 1
546 900 1
552 900 1
556 898 1
560 899 1
564 899 1
567 899 1
571 899 1
574 899 1
576 900 1
580 900 1
583 901 1
586 902 1
589 903 1
592 905 1
597 907 1
602 909 1
606 912 1
612 914 1
618 916 1
624 919 1
629 922 1
635 925 1
640 926 1
646 929 1
650 931 1
654 933 1
658 934 1
660 935 1
663 937 1
666 938 1
669 941 1
673 942 1
677 945 1
682 948 1
687 951 1
691 954 1
697 959 1
701 962 1
705 965 1
709 969 1
711 972 1
714 975 1
716 978 1
718 981 1
719 983 1
720 986 1
721 990 1
720 996 1
719 1003 1
716 1010 1
714 1019 1
710 1029 1
708 1037 1
703 1044 1
698 1051 1
695 1058 1
691 1064 1
687 1071 1
684 1077 1
680 1083 1
676 1089 1
672 1096 1
668 1102 1
665 1105 1
662 1109 1
660 1113 1
656 1116 1
654 1118 1
649 1121 1
645 1125 1
640 1128 1
633 1130 1
624 1133 1
614 1136 1
602 1138 1
590 1139 1
576 1140 1
564 1140 1
552 1137 1
541 1134 1
529 1129 1
519 1123 1
509 1118 1
502 1112 1
497 1107 1
491 1100 1
484 1091 1
479 1081 1
473 1071 1
469 1061 1
464 1052 1
461 1043 1
458 1034 1
455 1025 1
452 1016 1
450 1008 1
447 1001 1
446 996 1
446 991 1
444 987 1
444 982 1
444 976 1
442 972 1
444 966 1
445 959 1
445 953 1
447 947 1
448 942 1
449 935 1
452 928 1
455 922 1
457 915 1
459 908 1
462 901 1
464 894 1
465 889 1
466 881 1
468 875 1
468 871 1
468 866 1
466 864 1
464 858 1
461 853 1
458 846 1
452 839 1
448 832 1
444 827 1
440 822 1
438 817 1
437 814 1
434 811 1
434 808 1
432 806 1
433 804 1
433 803 1
431 800 1
432 799 1
433 796 1
434 795 1
435 793 1
438 790 1
443 788 1
448 785 1
455 783 1
465 782 1
473 780 1
483 780 1
491 780 1
498 780 1
505 781 1
512 783 1
517 784 1
522 786 1
528 787 1
531 789 1
537 792 1
541 794 1
547 798 1
552 802 1
560 806 1
566 812 1
571 815 1
576 820 1
580 824 1
584 827 1
587 831 1
591 835 1
595 840 1
599 845 1
603 850 1
608 856 1
614 863 1
621 873 1
628 882 1
636 890 1
642 897 1
648 904 1
653 910 1
657 916 1
664 922 1
670 927 1
676 933 1
682 937 1
689 943 1
695 947 1
702 953 1
708 957 1
713 962 1
719 968 1
723 972 1
727 977 1
731 982 1
733 986 1
737 990 1
739 994 1
742 999 1
746 1004 1
749 1012 1
752 1019 1
755 1028 1
758 1036 1
758 1044 1
759 1051 1
757 1056 1
756 1064 1
754 1072 1
750 1080 1
745 1092 1
739 1101 1
732 1112 1
723 1122 1
716 1130 1
707 1138 1
699 1145 1
692 1152 1
684 1159 1
676 1164 1
669 1171 1
661 1176 1
654 1181 1
645 1185 1
636 1190 1
626 1193 1
616 1197 1
604 1200 1
592 1202 1
580 1204 1
566 1204 1
554 1204 1
540 1201 1
526 1200 1
511 1195 1
499 1192 1
487 1188 1
478 1184 1
468 1179 1
460 1175 1
451 1168 1
443 1161 1
433 1151 1
423 1140 1
416 1130 1
409 1121 1
404 1112 1
402 1106 1
398 1097 1
395 1090 1
393 1081 1
391 1074 1
389 1066 1
388 1059 1
386 1052 1
385 1044 1
383 1037 1
381 1029 1
379 1018 1
376 1007 1
374 996 1
372 987 1
370 975 1
368 963 1
366 951 1
363 939 1
361 927 1
358 916 1
355 903 1
352 892 1
350 882 1
349 871 1
349 860 1
349 851 1
351 844 1
352 837 1
353 832 1
355 826 1
357 823 1
359 819 1
362 815 1
365 812 1
369 808 1
375 803 1
381 799 1
388 795 1
395 791 1
402 787 1
408 783 1
414 780 1
419 778 1
422 776 1
425 774 1
428 774 1
432 772 1
436 771 1
442 771 1
447 771 1
455 772 1
462 774 1
469 775 1
476 777 1
484 781 1
492 784 1
501 789 1
507 792 1
513 795 1
517 798 1
521 800 1
524 802 1
526 804 1
529 805 1
532 808 1
535 811 1
540 817 1
544 824 1
549 832 1
554 840 1
559 848 1
565 857 1
570 865 1
574 874 1
578 881 1
581 888 1
584 895 1
586 901 1
589 906 1
591 911 1
592 915 1
594 920 1
596 926 1
598 933 1
600 942 1
602 953 1
605 966 1
607 975 1
610 985 1
613 995 1
615 1005 1
619 1013 1
623 1023 1
627 1031 1
631 1039 1
633 1046 1
637 1052 1
641 1058 1
645 1064 1
652 1072 1
657 1080 1
663 1089 1
667 1097 1
672 1104 1
676 1111 1
678 1116 1
681 1123 1
683 1127 1
684 1131 1
685 1137 1
686 1141 1
686 1145 1
687 1151 1
685 1157 1
683 1165 1
682 1173 1
678 1180 1
675 1188 1
671 1195 1
665 1202 1
660 1207 1
654 1214 1
648 1221 1
643 1227 1
637 1233 1
632 1240 1
625 1246 1
620 1251 1
611 1258 1
601 1264 1
590 1271 1
575 1277 1
560 1282 1
542 1287 1
525 1292 1
507 1294 1
489 1296 1
473 1297 1
458 1297 1
440 1291 1
425 1284 1
407 1274 1
391 1262 1
375 1247 1
357 1227 1
342 1208 1
331 1190 1
322 1174 1
315 1157 1
310 1142 1
306 1129 1
302 1117 1
298 1105 1
296 1094 1
293 1081 1
290 1069 1
289 1059 1
288 1048 1
286 1037 1
286 1027 1
284 1014 1
284 1000 1
283 985 1
283 970 1
282 953 1
282 937 1
283 920 1
284 902 1
286 884 1
290 867 1
295 849 1
300 832 1
309 813 1
317 794 1
328 775 1
337 760 1
344 747 1
350 739 1
354 734 1
359 728 1
364 723 1
368 719 1
373 715 1
378 712 1
384 708 1
391 704 1
398 702 1
407 699 1
417 696 1
428 694 1
439 692 1
449 691 1
458 690 1
464 688 1
470 688 1
474 688 1
479 688 1
483 688 1
487 688 1
492 689 1
498 690 1
505 691 1
513 693 1
522 697 1
533 700 1
547 706 1
559 710 1
573 716 1
586 722 1
599 728 1
611 735 1
623 741 1
632 746 1
640 750 1
646 754 1
651 759 1
655 761 1
659 766 1
664 770 1
668 773 1
673 779 1
678 783 1
686 791 1
694 799 1
703 810 1
713 823 1
722 836 1
732 849 1
740 863 1
750 878 1
758 892 1
765 907 1
773 921 1
780 935 1
787 950 1
792 963 1
798 975 1
803 986 1
806 998 1
809 1007 1
809 1017 1
811 1025 1
812 1033 1
813 1040 1
813 1047 1
813 1053 1
813 1060 1
813 1067 1
811 1072 1
810 1081 1
807 1091 1
805 1102 1
802 1114 1
798 1126 1
794 1140 1
788 1158 1
783 1174 1
776 1191 1
769 1205 1
765 1218 1
759 1230 1
753 1243 1
748 1252 1
742 1261 1
738 1267 1
734 1275 1
730 1281 1
724 1287 1
719 1293 1
713 1300 1
707 1305 1
698 1312 1
689 1321 1
678 1329 1
667 1337 1
653 1345 1
639 1352 1
623 1360 1
607 1367 1
591 1376 1
577 1382 1
563 1388 1
549 1394 1
537 1399 1
526 1403 1
512 1406 1
500 1409 1
486 1411 1
473 1412 1
460 1412 1
445 1411 1
432 1408 1
415 1403 1
397 1397 1
377 1388 1
359 1379 1
342 1366 1
327 1354 1
314 1340 1
304 1328 1
296 1317 1
289 1306 1
282 1293 1
276 1279 1
269 1266 1
264 1253 1
257 1240 1
253 1229 1
246 1211 1
242 1198 1
238 1185 1
234 1173 1
231 1160 1
229 1149 1
226 1134 1
222 1115 1
216 1095 1
211 1067 1
203 1040 1
196 1009 1
187 983 1
182 960 1
177 939 1
174 918 1
175 899 1
179 881 1
184 864 1
193 847 1
202 832 1
208 820 1
215 809 1
222 798 1
232 786 1
244 771 1
258 757 1
272 742 1
286 728 1
298 713 1
309 700 1
317 690 1
322 684 1
327 678 1
331 674 1
334 671 1
337 668 1
340 666 1
344 664 1
349 662 1
360 659 1
374 656 1
392 652 1
412 648 1
432 646 1
449 645 1
465 645 1
476 645 1
486 647 1
493 647 1
498 648 1
502 650 1
506 651 1
511 654 1
517 660 1
526 668 1
537 679 1
548 693 1
561 708 1
573 724 1
586 741 1
600 757 1
614 771 1
626 783 1
637 794 1
647 802 1
655 809 1
664 815 1
670 820 1
679 826 1
688 831 1
697 837 1
709 843 1
718 847 1
729 852 1
738 856 1
748 859 1
758 862 1
768 864 1
778 867 1
786 870 1
793 873 1
802 876 1
808 877 1
815 880 1
821 882 1
827 884 1
831 887 1
836 888 1
839 890 1
843 891 1
846 894 1
849 895 1
852 897 1
855 900 1
860 905 1
864 910 1
868 915 1
873 920 1
877 926 1
882 931 1
886 938 1
890 945 1
894 952 1
897 957 1
900 964 1
902 969 1
903 975 1
903 978 1
904 982 1
904 988 1
905 994 1
905 999 1
905 1008 1
903 1017 1
904 1026 1
902 1035 1
903 1043 1
900 1051 1
898 1059 1
895 1069 1
892 1080 1
890 1093 1
887 1102 1
884 1111 1
882 1119 1
878 1127 1
876 1134 1
873 1140 1
870 1147 1
866 1154 1
864 1160 1
861 1166 1
856 1173 1
852 1180 1
848 1189 1
844 1195 1
838 1202 1
834 1209 1
829 1216 1
824 1224 1
819 1233 1
815 1240 1
809 1248 1
804 1256 1
799 1263 1
794 1269 1
788 1276 1
784 1283 1
778 1290 1
773 1297 1
768 1304 1
763 1311 1
757 1317 1
751 1324 1
746 1329 1
740 1335 1
736 1340 1
730 1345 1
725 1349 1
719 1355 1
713 1360 1
708 1364 1
703 1370 1
698 1374 1
694 1378 1
688 1384 1
684 1389 1
680 1393 1
676 1398 1
671 1402 1
666 1407 1
660 1412 1
653 1418 1
645 1423 1
635 1429 1
624 1437 1
612 1444 1
600 1451 1
588 1457 1
577 1464 1
565 1470 1
553 1476 1
541 1481 1
530 1485 1
517 1490 1
504 1492 1
491 1495 1
478 1498 1
463 1499 1
447 1501 1
431 1502 1
415 1502 1
399 1500 1
380 1496 1
362 1487 1
345 1478 1
328 1466 1
312 1453 1
296 1438 1
281 1420 1
268 1402 1
256 1386 1
246 1368 1
237 1350 1
230 1333 1
225 1317 1
221 1303 1
219 1291 1
217 1278 1
215 1265 1
215 1252 1
215 1237 1
213 1221 1
213 1203 1
211 1185 1
212 1164 1
212 1143 1
212 1123 1
212 1102 1
212 1086 1
212 1071 1
214 1057 1
217 1045 1
219 1029 1
223 1014 1
227 999 1
232 986 1
236 973 1
240 962 1
244 950 1
248 939 1
253 928 1
258 915 1
262 904 1
265 892 1
268 882 1
271 869 1
274 859 1
276 850 1
279 842 1
282 835 1
283 827 1
286 819 1
287 808 1
290 799 1
291 788 1
293 773 1
295 756 1
297 736 1
299 717 1
300 696 1
302 677 1
304 658 1
306 643 1
309 632 1
310 622 1
312 617 1
314 612 1
315 609 1
317 606 1
318 604 1
319 602 1
321 600 1
324 598 1
330 595 1
337 590 1
348 585 1
360 579 1
372 574 1
386 569 1
399 563 1
409 560 1
418 557 1
425 555 1
431 553 1
437 551 1
442 551 1
448 551 1
455 551 1
470 552 1
481 555 1
494 558 1
509 563 1
527 568 1
548 575 1
569 582 1
591 590 1
611 597 1
626 603 1
638 609 1
647 614 1
654 618 1
666 626 1
671 629 1
675 633 1
682 637 1
689 642 1
701 648 1
713 658 1
729 670 1
746 683 1
763 697 1
779 710 1
793 722 1
807 735 1
818 747 1
829 760 1
837 770 1
844 779 1
849 787 1
857 795 1
863 803 1
871 813 1
878 822 1
885 832 1
893 843 1
901 854 1
907 864 1
914 875 1
920 888 1
924 900 1
929 912 1
934 924 1
942 949 1
944 962 1
947 975 1
949 987 1
951 998 1
952 1011 1
953 1025 1
954 1039 1
953 1052 1
953 1065 1
951 1080 1
952 1096 1
950 1110 1
951 1123 1
951 1139 1
951 1154 1
950 1167 1
950 1180 1
947 1193 1
944 1204 1
940 1216 1
935 1229 1
929 1242 1
922 1254 1
916 1265 1
909 1276 1
902 1287 1
895 1298 1
887 1310 1
879 1322 1
872 1331 1
862 1340 1
854 1348 1
843 1357 1
834 1365 1
820 1375 1
806 1385 1
790 1395 1
772 1404 1
754 1413 1
736 1422 1
717 1429 1
697 1436 1
678 1443 1
657 1450 1
638 1455 1
617 1464 1
594 1470 1
573 1477 1
551 1483 1
532 1488 1
513 1493 1
492 1497 1
472 1502 1
453 1506 1
433 1510 1
413 1512 1
396 1515 1
382 1518 1
365 1521 1
349 1522 1
336 1523 1
323 1523 1
309 1519 1
294 1512 1
279 1503 1
263 1487 1
247 1472 1
235 1455 1
217 1430 1
203 1406 1
189 1376 1
178 1346 1
168 1316 1
160 1288 1
155 1261 1
149 1231 1
146 1202 1
143 1176 1
141 1153 1
142 1136 1
142 1126 1
142 1118 1
140 1114 1
141 1116 0
