95 1427 1
95 1427 1
95 1427 1
95 1427 1
95 1427 1
95 1427 1
95 1427 1
95 1427 1
95 1425 1
96 1422 1
97 1418 1
101 1410 1
106 1400 1
112 1390 1
117 1379 1
124 1368 1
130 1356 1
135 1346 1
141 1339 1
144 1332 1
149 1322 1
153 1316 1
157 1308 1
161 1300 1
164 1290 1
168 1281 1
170 1272 1
172 1264 1
173 1256 1
174 1247 1
175 1238 1
176 1228 1
176 1219 1
176 1209 1
176 1202 1
176 1195 1
176 1188 1
174 1182 1
175 1175 1
174 1169 1
174 1162 1
173 1155 1
173 1147 1
173 1141 1
172 1132 1
170 1123 1
170 1117 1
169 1110 1
169 1103 1
167 1096 1
167 1089 1
165 1082 1
164 1075 1
162 1068 1
161 1062 1
159 1056 1
158 1052 1
156 1048 1
154 1044 1
151 1041 1
147 1038 1
143 1037 1
138 1037 1
132 1037 1
121 1039 1
113 1045 1
106 1051 1
100 1057 1
94 1063 1
89 1067 1
85 1073 1
81 1077 1
80 1083 1
77 1089 1
76 1093 1
76 1097 1
74 1100 1
75 1102 1
75 1105 1
75 1108 1
76 1112 1
77 1115 1
79 1118 1
82 1122 1
87 1127 1
92 1132 1
99 1138 1
106 1143 1
115 1149 1
122 1155 1
130 1161 1
137 1168 1
145 1174 1
154 1180 1
161 1186 1
171 1193 1
180 1199 1
193 1206 1
207 1214 1
220 1220 1
233 1227 1
242 1234 1
251 1239 1
258 1245 1
263 1249 1
268 1253 1
270 1255 1
271 1257 1
273 1259 1
274 1261 1
275 1263 1
276 1265 1
276 1266 1
276 1269 1
276 1271 1
276 1273 1
274 1275 1
274 1277 1
272 1281 1
269 1286 1
265 1291 1
261 1296 1
256 1302 1
252 1308 1
246 1313 1
240 1318 1
233 1323 1
227 1327 1
221 1331 1
214 1334 1
208 1338 1
201 1340 1
194 1343 1
187 1346 1
180 1347 1
173 1347 1
166 1347 1
160 1346 1
156 1344 1
151 1343 1
147 1340 1
142 1335 1
139 1332 1
136 1328 1
135 1324 1
133 1320 1
133 1314 1
133 1309 1
133 1305 1
134 1300 1
136 1295 1
137 1291 1
139 1287 1
142 1284 1
144 1281 1
146 1279 1
149 1277 1
153 1275 1
155 1274 1
154 1275 0
456 1333 1
456 1333 1
456 1333 1
456 1333 1
456 1333 1
456 1333 1
456 1333 1
456 1332 1
457 1329 1
458 1326 1
462 1320 1
464 1313 1
469 1306 1
473 1298 1
477 1291 1
482 1285 1
486 1278 1
491 1273 1
496 1268 1
502 1262 1
507 1258 1
513 1253 1
519 1249 1
523 1245 1
528 1240 1
531 1235 1
536 1229 1
538 1224 1
540 1218 1
541 1211 1
542 1204 1
542 1197 1
541 1187 1
541 1179 1
539 1168 1
538 1156 1
536 1145 1
533 1134 1
530 1125 1
526 1117 1
523 1110 1
520 1103 1
516 1096 1
510 1089 1
505 1081 1
499 1073 1
493 1066 1
486 1059 1
480 1053 1
475 1049 1
470 1046 1
466 1044 1
463 1042 1
460 1042 1
458 1040 1
455 1041 1
452 1042 1
448 1045 1
443 1049 1
438 1053 1
434 1059 1
430 1064 1
426 1071 1
423 1079 1
420 1090 1
418 1098 1
416 1108 1
417 1116 1
418 1125 1
420 1134 1
426 1146 1
433 1157 1
441 1168 1
448 1178 1
455 1186 1
460 1193 1
464 1199 1
469 1205 1
473 1210 1
478 1216 1
483 1221 1
488 1227 1
494 1234 1
498 1240 1
503 1246 1
507 1251 1
510 1257 1
514 1263 1
517 1267 1
520 1273 1
523 1279 1
526 1283 1
527 1287 1
528 1291 1
529 1295 1
529 1300 1
529 1304 1
527 1308 1
525 1312 1
520 1318 1
515 1323 1
509 1328 1
501 1332 1
494 1334 1
487 1336 1
484 1337 1
479 1337 1
477 1335 1
478 1336 0
742 1298 1
742 1298 1
742 1298 1
742 1298 1
742 1298 1
742 1298 1
742 1298 1
742 1298 1
742 1298 1
742 1296 1
742 1294 1
745 1290 1
746 1286 1
750 1279 1
754 1272 1
757 1266 1
761 1260 1
766 1253 1
771 1244 1
775 1233 1
779 1222 1
783 1209 1
784 1198 1
786 1188 1
788 1176 1
789 1166 1
788 1152 1
788 1141 1
787 1132 1
785 1122 1
784 1112 1
783 1103 1
780 1094 1
778 1085 1
775 1076 1
772 1068 1
769 1061 1
767 1056 1
766 1051 1
765 1048 1
763 1043 1
763 1040 1
761 1037 1
760 1035 1
758 1033 1
755 1030 1
750 1029 1
745 1027 1
740 1028 1
735 1028 1
731 1029 1
727 1029 1
724 1030 1
721 1033 1
720 1039 1
718 1045 1
719 1053 1
719 1061 1
719 1071 1
720 1080 1
720 1087 1
721 1095 1
721 1101 1
722 1108 1
723 1114 1
724 1120 1
725 1126 1
725 1131 1
728 1137 1
731 1143 1
735 1149 1
741 1157 1
746 1165 1
751 1173 1
758 1183 1
762 1190 1
766 1197 1
770 1203 1
773 1209 1
777 1215 1
782 1222 1
786 1228 1
791 1235 1
794 1242 1
798 1248 1
800 1252 1
801 1256 1
802 1259 1
802 1263 1
800 1267 1
797 1272 1
795 1276 1
791 1280 1
787 1284 1
782 1287 1
777 1290 1
773 1291 1
770 1292 1
767 1292 1
764 1291 1
761 1288 1
759 1284 1
757 1278 1
755 1267 1
756 1258 1
756 1262 0
