1043 531 1
1042 531 1
1042 531 1
1042 531 1
1040 531 1
1037 534 1
1035 536 1
1032 539 1
1030 543 1
1027 547 1
1024 550 1
1022 554 1
1020 558 1
1018 560 1
1017 564 1
1015 568 1
1013 572 1
1011 578 1
1009 584 1
1008 591 1
1006 598 1
1006 607 1
1006 616 1
1006 624 1
1005 634 1
1005 646 1
1005 658 1
1006 670 1
1007 682 1
1007 692 1
1007 702 1
1007 711 1
1006 721 1
1004 732 1
1003 742 1
1001 752 1
999 760 1
994 768 1
989 777 1
982 783 1
977 789 1
971 795 1
964 800 1
959 804 1
953 808 1
948 811 1
944 813 1
942 814 1
939 814 1
937 814 1
936 813 1
934 813 1
934 811 1
934 811 1
934 809 1
934 809 1
934 807 1
934 807 1
935 807 1
935 807 1
936 806 1
938 806 1
941 806 1
944 806 1
950 808 1
956 809 1
961 812 1
967 819 1
971 829 1
976 839 1
979 849 1
982 859 1
984 869 1
985 879 1
987 887 1
987 895 1
988 902 1
988 909 1
988 914 1
988 918 1
988 922 1
989 927 1
989 932 1
989 940 1
990 949 1
990 960 1
989 971 1
990 982 1
988 1005 1
986 1023 1
985 1036 1
983 1049 1
982 1058 1
981 1065 1
982 1062 0
859 654 1
859 654 1
859 654 1
859 654 1
859 654 1
859 654 1
859 654 1
859 654 1
859 654 1
859 654 1
859 654 1
859 654 1
858 654 1
855 655 1
851 657 1
848 660 1
845 663 1
842 666 1
839 671 1
837 677 1
836 683 1
836 688 1
836 694 1
837 701 1
837 706 1
838 713 1
838 721 1
840 728 1
841 737 1
842 745 1
843 752 1
843 759 1
843 766 1
842 772 1
842 780 1
840 790 1
841 801 1
841 813 1
840 825 1
840 837 1
837 862 1
831 874 1
824 888 1
817 901 1
807 913 1
799 923 1
792 928 1
787 932 1
782 935 1
777 936 1
774 938 1
770 938 1
768 936 1
766 935 1
765 933 1
765 930 1
765 926 1
765 922 1
765 918 1
765 917 1
765 915 1
765 914 1
766 914 1
766 912 1
767 913 1
767 912 1
768 912 1
768 913 1
770 914 1
772 918 1
776 927 1
781 939 1
787 953 1
793 968 1
801 983 1
809 997 1
817 1011 1
824 1024 1
831 1034 1
834 1042 1
837 1048 1
840 1055 1
843 1065 1
846 1076 1
847 1088 1
848 1098 1
848 1108 1
848 1114 1
848 1111 0
639 762 1
639 762 1
639 762 1
639 762 1
639 765 1
639 767 1
639 772 1
639 776 1
639 781 1
639 787 1
638 796 1
638 806 1
637 818 1
636 827 1
634 837 1
633 847 1
631 857 1
632 870 1
633 882 1
636 897 1
639 909 1
643 919 1
646 930 1
648 939 1
651 951 1
652 963 1
652 974 1
651 982 1
650 990 1
648 999 1
647 1006 1
645 1013 1
644 1020 1
641 1026 1
638 1031 1
633 1037 1
629 1041 1
625 1045 1
622 1046 1
619 1049 1
615 1049 1
612 1050 1
607 1048 1
603 1048 1
598 1045 1
592 1036 1
588 1027 1
586 1019 1
583 1012 1
580 1004 1
577 998 1
575 992 1
573 986 1
573 983 1
571 980 1
572 979 1
572 977 1
572 975 1
572 974 1
572 974 1
572 973 1
573 972 1
573 972 1
573 972 1
573 972 1
573 972 1
573 972 1
574 973 1
574 973 1
575 977 1
576 990 1
578 1002 1
583 1018 1
590 1035 1
596 1048 1
602 1059 1
607 1078 1
610 1096 1
612 1114 1
612 1136 1
610 1161 1
604 1187 1
594 1212 1
585 1237 1
580 1251 1
576 1261 1
572 1268 1
574 1265 0
435 826 1
435 826 1
435 826 1
433 826 1
433 826 1
434 828 1
432 831 1
433 835 1
431 839 1
432 841 1
431 847 1
431 853 1
430 858 1
430 864 1
430 869 1
428 877 1
426 885 1
425 893 1
423 902 1
421 910 1
419 919 1
417 931 1
416 943 1
416 958 1
417 973 1
419 991 1
424 1005 1
431 1017 1
438 1029 1
445 1039 1
451 1046 1
456 1051 1
462 1057 1
466 1061 1
469 1065 1
471 1069 1
473 1073 1
473 1076 1
473 1080 1
473 1084 1
472 1090 1
472 1096 1
470 1103 1
468 1108 1
464 1115 1
456 1121 1
442 1131 1
430 1138 1
413 1144 1
397 1150 1
385 1154 1
375 1157 1
364 1160 1
358 1161 1
350 1163 1
345 1163 1
341 1164 1
336 1164 1
334 1164 1
332 1164 1
330 1164 1
329 1164 1
327 1162 1
327 1162 1
326 1161 1
326 1161 1
326 1158 1
326 1157 1
326 1156 1
327 1153 1
328 1151 1
328 1149 1
330 1146 1
331 1145 1
333 1143 1
336 1144 1
342 1145 1
348 1154 1
356 1168 1
364 1189 1
371 1219 1
375 1254 1
377 1291 1
377 1321 1
375 1346 1
376 1363 1
375 1376 1
375 1383 1
375 1388 1
375 1393 1
375 1397 1
375 1399 1
375 1398 0
