79 1531 1
79 1528 1
83 1519 1
87 1506 1
91 1493 1
96 1478 1
102 1459 1
108 1435 1
115 1405 1
123 1373 1
139 1314 1
149 1271 1
158 1226 1
169 1180 1
181 1133 1
194 1090 1
202 1058 1
209 1032 1
213 1009 1
217 984 1
221 958 1
225 931 1
228 910 1
230 891 1
232 873 1
233 858 1
233 844 1
234 833 1
234 823 1
234 814 1
235 808 1
235 802 1
235 798 1
235 796 1
235 794 1
235 794 1
235 794 1
235 794 1
235 794 1
235 794 1
235 794 1
235 794 1
234 794 1
231 795 1
227 797 1
220 802 1
213 810 1
208 818 1
203 826 1
199 834 1
196 842 1
194 849 1
192 858 1
190 867 1
188 877 1
189 888 1
189 898 1
189 908 1
189 916 1
189 925 1
189 931 1
189 941 1
189 950 1
190 959 1
190 968 1
191 975 1
191 981 1
191 988 1
192 996 1
192 1003 1
192 1009 1
192 1016 1
192 1023 1
192 1031 1
192 1038 1
193 1044 1
192 1048 1
192 1054 1
192 1061 1
192 1068 1
190 1077 1
191 1088 1
189 1100 1
189 1112 1
189 1123 1
187 1136 1
185 1157 1
183 1168 1
184 1177 1
182 1183 1
183 1190 1
182 1196 1
182 1202 1
181 1207 1
181 1213 1
181 1220 1
180 1228 1
180 1237 1
179 1247 1
177 1256 1
176 1264 1
176 1271 1
174 1278 1
174 1285 1
172 1292 1
173 1300 1
173 1308 1
173 1316 1
173 1324 1
173 1331 1
173 1339 1
173 1346 1
173 1355 1
173 1363 1
173 1371 1
173 1379 1
173 1386 1
173 1392 1
174 1397 1
174 1402 1
175 1407 1
175 1412 1
177 1416 1
177 1422 1
178 1428 1
180 1434 1
180 1439 1
181 1442 1
181 1446 1
182 1449 1
182 1451 1
183 1453 1
183 1456 1
184 1458 1
185 1461 1
186 1464 1
186 1467 1
187 1470 1
188 1473 1
188 1474 1
189 1478 1
189 1479 1
190 1482 1
191 1484 1
192 1486 1
193 1488 1
194 1491 1
196 1494 1
197 1497 1
198 1500 1
199 1505 1
200 1509 1
202 1512 1
203 1515 1
204 1518 1
205 1520 1
206 1522 1
209 1525 1
210 1528 1
213 1530 1
214 1531 1
215 1533 1
216 1535 1
217 1535 1
217 1536 1
218 1536 1
218 1536 1
219 1537 1
220 1537 1
220 1537 1
222 1538 1
224 1538 1
226 1538 1
229 1536 1
231 1534 1
234 1531 1
238 1526 1
242 1520 1
246 1509 1
251 1498 1
256 1485 1
261 1470 1
265 1457 1
268 1443 1
271 1430 1
272 1418 1
274 1408 1
275 1399 1
276 1392 1
277 1385 1
278 1375 1
278 1364 1
280 1354 1
281 1346 1
282 1339 1
283 1332 1
284 1327 1
286 1322 1
287 1316 1
287 1311 1
289 1304 1
290 1297 1
291 1289 1
292 1283 1
293 1275 1
293 1268 1
294 1260 1
295 1252 1
295 1241 1
296 1226 1
297 1209 1
299 1193 1
302 1178 1
303 1164 1
305 1153 1
307 1143 1
308 1137 1
310 1129 1
313 1121 1
315 1113 1
318 1103 1
322 1091 1
326 1080 1
330 1068 1
334 1059 1
338 1049 1
342 1039 1
344 1031 1
346 1023 1
348 1014 1
351 1006 1
352 996 1
354 989 1
356 982 1
357 975 1
358 969 1
359 963 1
359 957 1
359 952 1
358 946 1
356 940 1
355 935 1
354 930 1
352 924 1
350 919 1
347 913 1
345 908 1
342 902 1
339 897 1
336 892 1
334 889 1
332 887 1
331 885 1
328 883 1
327 881 1
323 879 1
321 878 1
316 877 1
310 875 1
304 874 1
299 875 1
292 875 1
286 876 1
280 880 1
275 884 1
270 890 1
266 896 1
262 903 1
258 910 1
256 916 1
255 921 1
253 927 1
253 932 1
254 939 1
254 945 1
256 951 1
259 958 1
263 963 1
268 969 1
273 974 1
280 979 1
285 984 1
292 988 1
298 992 1
303 995 1
309 998 1
313 1000 1
317 1003 1
321 1004 1
326 1007 1
330 1009 1
334 1012 1
338 1015 1
342 1017 1
347 1022 1
350 1024 1
354 1028 1
357 1031 1
359 1035 1
362 1038 1
365 1042 1
367 1045 1
369 1049 1
370 1051 1
372 1054 1
373 1056 1
375 1059 1
376 1063 1
377 1066 1
379 1072 1
380 1076 1
382 1081 1
382 1085 1
383 1089 1
384 1093 1
384 1097 1
385 1101 1
385 1105 1
385 1107 1
386 1110 1
386 1113 1
386 1114 1
386 1118 1
386 1120 1
386 1122 1
386 1125 1
386 1127 1
386 1130 1
386 1132 1
386 1134 1
385 1138 1
385 1141 1
385 1145 1
385 1149 1
383 1153 1
384 1158 1
384 1162 1
383 1166 1
383 1170 1
381 1174 1
381 1178 1
381 1183 1
381 1187 1
380 1189 1
380 1193 1
379 1196 1
378 1198 1
378 1201 1
377 1204 1
375 1207 1
375 1211 1
374 1214 1
374 1219 1
373 1224 1
371 1229 1
370 1233 1
370 1238 1
368 1244 1
368 1248 1
366 1253 1
366 1257 1
365 1261 1
363 1266 1
362 1270 1
360 1274 1
359 1278 1
358 1282 1
356 1286 1
355 1291 1
355 1297 1
353 1302 1
352 1307 1
349 1312 1
348 1319 1
345 1325 1
344 1330 1
342 1336 1
339 1344 1
337 1352 1
334 1362 1
332 1372 1
330 1382 1
327 1391 1
325 1398 1
324 1405 1
322 1411 1
322 1416 1
320 1421 1
319 1425 1
319 1431 1
317 1435 1
317 1441 1
315 1446 1
314 1450 1
314 1453 1
312 1457 1
312 1461 1
312 1464 1
310 1468 1
310 1469 1
310 1472 1
309 1474 1
309 1477 1
309 1478 1
308 1480 1
308 1482 1
308 1483 1
308 1484 1
308 1484 1
308 1484 1
308 1485 1
308 1485 1
308 1485 1
308 1486 1
308 1486 1
308 1486 1
308 1486 1
308 1487 1
308 1487 1
308 1487 1
310 1487 1
310 1488 1
311 1488 1
314 1486 1
316 1486 1
319 1484 1
323 1481 1
328 1476 1
332 1471 1
338 1462 1
342 1453 1
348 1443 1
353 1434 1
361 1422 1
366 1413 1
372 1402 1
379 1390 1
385 1379 1
390 1368 1
395 1358 1
400 1348 1
404 1339 1
407 1331 1
412 1322 1
415 1311 1
418 1301 1
422 1289 1
425 1278 1
430 1266 1
433 1255 1
437 1245 1
440 1234 1
442 1223 1
444 1212 1
447 1201 1
450 1189 1
453 1175 1
456 1162 1
459 1149 1
460 1137 1
463 1127 1
464 1120 1
465 1109 1
467 1099 1
468 1088 1
470 1077 1
471 1068 1
471 1058 1
473 1048 1
473 1040 1
474 1032 1
474 1024 1
475 1016 1
475 1008 1
475 1002 1
476 995 1
476 991 1
477 987 1
477 983 1
477 980 1
477 977 1
477 975 1
477 973 1
477 970 1
475 969 1
475 967 1
475 965 1
473 963 1
473 961 1
471 959 1
470 959 1
470 957 1
470 957 1
468 956 1
468 956 1
468 956 1
468 956 1
468 956 1
466 958 1
465 960 1
462 965 1
458 971 1
453 978 1
449 986 1
443 995 1
439 1005 1
435 1015 1
432 1024 1
430 1033 1
429 1040 1
429 1044 1
427 1050 1
428 1054 1
428 1058 1
428 1062 1
428 1067 1
428 1074 1
428 1081 1
429 1089 1
429 1097 1
430 1104 1
430 1110 1
430 1116 1
431 1121 1
431 1127 1
431 1135 1
432 1143 1
433 1150 1
433 1159 1
434 1168 1
434 1177 1
432 1186 1
431 1195 1
429 1204 1
426 1214 1
424 1226 1
422 1237 1
420 1247 1
418 1257 1
417 1265 1
415 1273 1
413 1281 1
411 1290 1
410 1299 1
408 1310 1
407 1320 1
405 1330 1
403 1339 1
401 1349 1
399 1360 1
398 1372 1
396 1387 1
395 1398 1
393 1409 1
392 1417 1
391 1426 1
391 1435 1
390 1443 1
388 1450 1
389 1457 1
388 1464 1
388 1471 1
387 1477 1
387 1483 1
385 1491 1
385 1497 1
385 1505 1
384 1512 1
383 1518 1
383 1524 1
382 1531 1
382 1535 1
382 1540 1
382 1542 1
382 1547 1
382 1549 1
382 1551 1
382 1553 1
382 1555 1
383 1557 1
384 1559 1
386 1561 1
387 1562 1
391 1563 1
393 1564 1
400 1563 1
405 1561 1
413 1558 1
420 1553 1
428 1546 1
435 1539 1
443 1531 1
450 1522 1
457 1510 1
462 1498 1
469 1484 1
475 1470 1
480 1457 1
484 1444 1
487 1433 1
490 1421 1
493 1408 1
494 1399 1
496 1389 1
498 1379 1
499 1368 1
501 1357 1
501 1347 1
502 1338 1
503 1329 1
504 1322 1
506 1314 1
507 1304 1
509 1291 1
512 1280 1
515 1268 1
518 1256 1
521 1242 1
523 1227 1
527 1213 1
532 1197 1
535 1181 1
540 1163 1
543 1148 1
547 1134 1
551 1122 1
555 1111 1
556 1101 1
559 1093 1
561 1084 1
563 1077 1
565 1068 1
566 1058 1
569 1050 1
571 1041 1
574 1032 1
575 1023 1
578 1012 1
579 1004 1
581 996 1
582 989 1
583 984 1
584 979 1
584 976 1
584 972 1
584 970 1
584 968 1
584 965 1
584 964 1
582 964 1
583 962 1
583 962 1
583 962 1
583 962 1
583 962 1
582 962 1
581 961 1
581 961 1
578 961 1
576 961 1
573 963 1
568 967 1
564 971 1
559 975 1
553 981 1
548 987 1
544 994 1
540 1002 1
537 1011 1
533 1021 1
531 1031 1
528 1038 1
525 1046 1
522 1056 1
520 1066 1
518 1077 1
516 1088 1
516 1098 1
514 1108 1
513 1115 1
513 1121 1
512 1128 1
510 1135 1
510 1142 1
510 1149 1
510 1156 1
510 1162 1
510 1169 1
510 1176 1
509 1182 1
509 1188 1
508 1195 1
505 1202 1
504 1209 1
502 1217 1
500 1225 1
498 1234 1
497 1242 1
495 1251 1
494 1259 1
491 1266 1
490 1273 1
488 1281 1
487 1289 1
486 1299 1
484 1311 1
485 1319 1
484 1328 1
482 1335 1
483 1343 1
481 1351 1
482 1357 1
482 1365 1
483 1373 1
483 1382 1
484 1389 1
484 1396 1
485 1402 1
485 1409 1
486 1414 1
486 1418 1
486 1423 1
486 1428 1
487 1434 1
487 1439 1
488 1445 1
488 1451 1
489 1455 1
490 1461 1
490 1465 1
491 1469 1
491 1473 1
492 1477 1
492 1481 1
493 1484 1
493 1488 1
493 1493 1
493 1496 1
493 1501 1
493 1507 1
494 1513 1
493 1518 1
493 1523 1
493 1528 1
493 1532 1
491 1535 1
492 1538 1
492 1541 1
492 1545 1
491 1548 1
491 1551 1
491 1553 1
491 1556 1
491 1558 1
491 1560 1
491 1562 1
491 1564 1
492 1566 1
492 1567 1
493 1568 1
494 1570 1
494 1571 1
495 1571 1
495 1571 1
495 1571 1
496 1572 1
498 1571 1
501 1569 1
505 1567 1
512 1561 1
519 1554 1
525 1547 1
533 1537 1
538 1530 1
543 1525 1
548 1519 1
552 1513 1
555 1508 1
558 1502 1
562 1497 1
566 1489 1
569 1484 1
571 1477 1
574 1470 1
578 1458 1
582 1442 1
586 1424 1
590 1403 1
595 1381 1
599 1363 1
602 1346 1
605 1333 1
605 1320 1
606 1310 1
606 1301 1
606 1291 1
606 1283 1
606 1274 1
606 1264 1
606 1253 1
607 1241 1
609 1226 1
611 1210 1
616 1193 1
621 1177 1
625 1163 1
629 1149 1
633 1136 1
638 1123 1
643 1111 1
649 1097 1
653 1086 1
657 1074 1
661 1064 1
664 1054 1
667 1047 1
668 1040 1
669 1034 1
671 1028 1
672 1024 1
672 1020 1
672 1016 1
672 1013 1
670 1010 1
670 1006 1
669 1003 1
667 1000 1
666 996 1
664 993 1
663 990 1
662 989 1
662 987 1
661 986 1
659 986 1
659 986 1
659 986 1
659 986 1
658 986 1
656 987 1
653 990 1
649 994 1
643 1000 1
636 1010 1
629 1021 1
622 1032 1
616 1044 1
612 1055 1
608 1066 1
605 1080 1
603 1092 1
600 1106 1
597 1118 1
594 1132 1
593 1143 1
591 1157 1
590 1168 1
588 1178 1
587 1186 1
584 1194 1
583 1201 1
582 1208 1
582 1215 1
580 1222 1
578 1229 1
579 1236 1
578 1244 1
576 1252 1
575 1260 1
573 1269 1
572 1278 1
570 1288 1
568 1297 1
567 1307 1
566 1315 1
564 1323 1
564 1331 1
562 1337 1
561 1344 1
561 1350 1
559 1357 1
559 1363 1
559 1369 1
559 1376 1
558 1383 1
558 1391 1
557 1396 1
557 1401 1
557 1406 1
557 1410 1
557 1415 1
556 1419 1
556 1424 1
556 1430 1
556 1435 1
554 1441 1
555 1447 1
555 1453 1
555 1460 1
555 1465 1
555 1471 1
554 1477 1
554 1484 1
554 1493 1
554 1502 1
555 1514 1
555 1523 1
555 1531 1
555 1538 1
555 1544 1
556 1550 1
556 1555 1
556 1559 1
557 1563 1
557 1566 1
558 1571 1
559 1574 1
560 1577 1
560 1580 1
561 1582 1
562 1585 1
563 1588 1
565 1591 1
566 1594 1
567 1595 1
569 1598 1
570 1599 1
572 1601 1
573 1604 1
574 1604 1
575 1606 1
577 1607 1
579 1608 1
580 1609 1
581 1609 1
583 1609 1
584 1609 1
586 1609 1
589 1607 1
589 1606 1
592 1604 1
595 1601 1
599 1597 1
603 1590 1
610 1580 1
617 1567 1
624 1551 1
632 1534 1
639 1517 1
644 1503 1
650 1489 1
654 1479 1
659 1469 1
662 1462 1
665 1454 1
669 1446 1
673 1436 1
676 1425 1
680 1414 1
682 1406 1
685 1396 1
687 1386 1
690 1375 1
692 1362 1
695 1351 1
698 1342 1
701 1333 1
703 1326 1
704 1318 1
706 1309 1
709 1297 1
710 1287 1
712 1276 1
714 1264 1
717 1254 1
720 1244 1
723 1235 1
725 1226 1
727 1220 1
728 1213 1
730 1208 1
732 1201 1
735 1193 1
736 1186 1
739 1176 1
742 1165 1
745 1155 1
746 1142 1
748 1132 1
749 1125 1
751 1118 1
752 1111 1
752 1105 1
753 1098 1
752 1091 1
752 1084 1
752 1077 1
752 1071 1
750 1064 1
750 1060 1
750 1056 1
749 1054 1
748 1051 1
748 1049 1
747 1048 1
747 1048 1
747 1046 1
746 1047 1
746 1047 1
744 1047 1
741 1048 1
736 1053 1
730 1060 1
722 1070 1
715 1083 1
708 1095 1
703 1106 1
699 1115 1
696 1123 1
693 1130 1
693 1135 1
691 1144 1
692 1153 1
693 1163 1
694 1175 1
695 1185 1
696 1198 1
697 1212 1
698 1229 1
699 1244 1
700 1257 1
701 1272 1
701 1284 1
702 1299 1
702 1312 1
704 1325 1
704 1336 1
705 1344 1
707 1354 1
707 1364 1
708 1376 1
709 1386 1
708 1396 1
706 1404 1
707 1414 1
705 1422 1
702 1431 1
701 1441 1
698 1450 1
697 1459 1
695 1468 1
693 1478 1
690 1489 1
687 1501 1
685 1512 1
683 1523 1
681 1532 1
679 1540 1
677 1548 1
676 1557 1
674 1564 1
672 1572 1
671 1579 1
670 1584 1
670 1590 1
669 1594 1
669 1597 1
669 1600 1
669 1603 1
669 1605 1
669 1607 1
671 1609 1
671 1611 1
673 1613 1
674 1615 1
676 1616 1
678 1617 1
681 1617 1
685 1616 1
689 1617 1
695 1613 1
701 1610 1
706 1605 1
713 1598 1
720 1591 1
729 1578 1
737 1566 1
745 1553 1
752 1542 1
759 1529 1
765 1522 1
771 1513 1
775 1505 1
779 1497 1
784 1488 1
789 1478 1
793 1468 1
798 1456 1
802 1443 1
806 1431 1
811 1419 1
815 1405 1
818 1392 1
822 1378 1
825 1366 1
826 1356 1
829 1347 1
831 1337 1
834 1328 1
836 1320 1
839 1310 1
842 1298 1
845 1286 1
848 1274 1
850 1263 1
853 1253 1
856 1241 1
858 1231 1
859 1220 1
860 1209 1
861 1198 1
861 1189 1
861 1180 1
861 1174 1
861 1166 1
860 1161 1
858 1154 1
857 1148 1
855 1142 1
852 1136 1
849 1132 1
846 1128 1
845 1127 1
843 1125 1
841 1123 1
840 1124 1
837 1125 1
835 1127 1
831 1132 1
827 1138 1
822 1147 1
818 1157 1
814 1170 1
810 1185 1
807 1199 1
806 1218 1
806 1235 1
807 1249 1
808 1261 1
811 1271 1
814 1279 1
817 1288 1
819 1295 1
822 1305 1
825 1313 1
828 1322 1
830 1331 1
831 1340 1
831 1351 1
832 1365 1
831 1377 1
831 1391 1
831 1403 1
831 1413 1
829 1421 1
830 1430 1
830 1440 1
828 1449 1
828 1457 1
828 1466 1
826 1476 1
825 1487 1
822 1501 1
820 1515 1
818 1528 1
817 1541 1
815 1554 1
814 1564 1
814 1574 1
812 1583 1
813 1589 1
813 1595 1
813 1600 1
813 1603 1
813 1606 1
814 1608 1
815 1611 1
815 1612 1
816 1614 1
818 1617 1
819 1618 1
822 1620 1
826 1621 1
830 1622 1
835 1620 1
843 1616 1
851 1611 1
859 1606 1
870 1594 1
878 1582 1
888 1566 1
897 1548 1
904 1533 1
911 1516 1
917 1500 1
920 1485 1
926 1468 1
930 1450 1
933 1431 1
937 1413 1
941 1396 1
944 1379 1
948 1362 1
951 1344 1
954 1326 1
957 1307 1
960 1289 1
962 1273 1
963 1259 1
965 1244 1
965 1228 1
965 1213 1
963 1201 1
962 1194 1
960 1186 1
958 1181 1
955 1176 1
951 1172 1
948 1169 1
944 1167 1
942 1165 1
939 1165 1
937 1165 1
935 1164 1
933 1164 1
931 1165 1
931 1168 1
929 1174 1
928 1181 1
926 1192 1
926 1204 1
926 1218 1
924 1231 1
925 1242 1
923 1252 1
924 1262 1
925 1270 1
926 1280 1
927 1289 1
928 1298 1
931 1309 1
932 1318 1
935 1329 1
939 1340 1
944 1350 1
950 1365 1
956 1378 1
962 1389 1
965 1399 1
968 1407 1
971 1414 1
972 1421 1
973 1430 1
974 1439 1
974 1448 1
974 1457 1
973 1464 1
973 1472 1
973 1485 1
975 1499 1
978 1514 1
982 1531 1
987 1545 1
991 1557 1
996 1569 1
1000 1580 1
1004 1589 1
1007 1596 1
1011 1602 1
1014 1606 1
1017 1610 1
1018 1612 1
1021 1615 1
1024 1617 1
1027 1619 1
1027 1619 0
