707 331 1
704 331 1
702 333 1
699 336 1
695 339 1
692 342 1
689 345 1
685 350 1
680 355 1
675 361 1
669 369 1
663 378 1
657 387 1
652 397 1
645 406 1
640 416 1
634 425 1
627 437 1
617 453 1
602 479 1
584 506 1
572 530 1
557 554 1
543 577 1
527 600 1
513 616 1
501 632 1
490 644 1
479 657 1
467 673 1
451 691 1
436 709 1
422 724 1
408 740 1
395 758 1
381 776 1
366 794 1
352 810 1
336 827 1
322 845 1
307 862 1
293 881 1
280 900 1
269 919 1
257 939 1
245 958 1
235 978 1
227 998 1
220 1017 1
212 1036 1
205 1056 1
199 1076 1
192 1098 1
186 1122 1
180 1152 1
176 1182 1
173 1212 1
169 1247 1
167 1280 1
166 1313 1
164 1345 1
162 1373 1
161 1397 1
161 1419 1
160 1439 1
160 1456 1
160 1468 1
161 1481 1
161 1491 1
166 1512 1
175 1524 1
188 1539 1
204 1552 1
224 1565 1
250 1579 1
281 1592 1
313 1605 1
339 1612 1
362 1616 1
382 1618 1
404 1617 1
425 1615 1
444 1606 1
466 1597 1
485 1587 1
503 1575 1
521 1558 1
542 1537 1
562 1514 1
584 1489 1
605 1461 1
624 1428 1
642 1397 1
653 1366 1
661 1340 1
668 1318 1
673 1298 1
676 1278 1
678 1258 1
681 1238 1
683 1216 1
685 1196 1
687 1176 1
690 1152 1
696 1128 1
704 1101 1
715 1075 1
727 1050 1
739 1024 1
754 996 1
768 968 1
782 940 1
798 913 1
812 885 1
828 855 1
844 826 1
859 797 1
873 773 1
886 751 1
897 731 1
909 711 1
918 693 1
926 674 1
933 654 1
940 637 1
944 620 1
947 601 1
950 584 1
952 567 1
955 551 1
956 533 1
958 513 1
961 493 1
962 472 1
963 449 1
962 426 1
960 402 1
959 381 1
957 360 1
955 343 1
951 323 1
948 306 1
943 289 1
936 273 1
927 261 1
919 251 1
907 241 1
890 231 1
871 223 1
848 217 1
824 213 1
801 213 1
778 214 1
756 220 1
736 229 1
718 239 1
703 249 1
689 262 1
674 278 1
660 296 1
645 318 1
631 341 1
619 364 1
608 387 1
594 413 1
578 438 1
562 464 1
546 489 1
527 514 1
508 537 1
491 557 1
476 576 1
462 594 1
448 612 1
432 633 1
414 653 1
396 675 1
379 696 1
362 719 1
345 745 1
328 776 1
307 807 1
287 836 1
272 861 1
258 886 1
248 909 1
239 932 1
229 956 1
219 982 1
210 1009 1
201 1038 1
189 1069 1
177 1100 1
166 1130 1
155 1161 1
147 1189 1
140 1214 1
136 1238 1
133 1260 1
132 1283 1
132 1308 1
131 1335 1
132 1365 1
134 1395 1
135 1422 1
136 1448 1
136 1474 1
139 1502 1
142 1529 1
147 1556 1
155 1579 1
163 1596 1
174 1610 1
185 1622 1
199 1632 1
218 1638 1
241 1644 1
270 1646 1
303 1641 1
335 1631 1
367 1614 1
399 1592 1
430 1562 1
460 1532 1
486 1501 1
510 1470 1
531 1434 1
550 1398 1
570 1360 1
590 1332 1
606 1307 1
620 1279 1
634 1246 1
647 1211 1
663 1172 1
678 1134 1
688 1103 1
698 1075 1
708 1052 1
721 1031 1
737 1006 1
756 978 1
775 951 1
792 924 1
808 900 1
821 877 1
835 852 1
853 821 1
871 790 1
886 762 1
898 738 1
907 716 1
914 697 1
920 680 1
927 661 1
935 643 1
940 622 1
944 599 1
947 577 1
949 555 1
952 532 1
953 506 1
954 478 1
957 451 1
958 426 1
961 400 1
961 373 1
962 346 1
963 319 1
961 296 1
958 276 1
953 260 1
946 246 1
939 237 1
931 230 1
923 226 1
913 223 1
895 223 1
874 224 1
842 233 1
811 244 1
785 255 1
765 267 1
748 279 1
731 295 1
717 311 1
702 329 1
690 346 1
679 364 1
667 383 1
655 401 1
642 421 1
628 443 1
612 467 1
595 492 1
577 518 1
560 545 1
541 570 1
523 594 1
505 618 1
489 638 1
474 655 1
460 673 1
445 693 1
428 714 1
412 739 1
394 768 1
375 802 1
357 833 1
338 862 1
319 890 1
303 917 1
285 946 1
269 974 1
256 1003 1
244 1030 1
234 1056 1
224 1082 1
216 1107 1
208 1135 1
200 1164 1
190 1196 1
177 1231 1
167 1267 1
157 1301 1
151 1331 1
145 1358 1
139 1378 1
135 1396 1
132 1411 1
131 1424 1
131 1436 1
131 1450 1
132 1463 1
135 1472 1
137 1484 1
145 1501 1
159 1523 1
181 1550 1
208 1575 1
235 1596 1
259 1609 1
284 1617 1
311 1622 1
339 1622 1
368 1618 1
397 1607 1
424 1596 1
450 1583 1
476 1565 1
507 1540 1
539 1510 1
570 1477 1
595 1437 1
619 1393 1
640 1351 1
658 1316 1
674 1286 1
686 1262 1
699 1234 1
712 1202 1
726 1164 1
743 1127 1
760 1093 1
773 1065 1
783 1041 1
793 1017 1
803 990 1
814 961 1
829 930 1
845 900 1
863 869 1
879 845 1
890 825 1
900 809 1
908 795 1
915 784 1
923 774 1
930 763 1
937 751 1
943 733 1
950 711 1
957 682 1
965 650 1
972 616 1
976 584 1
979 553 1
981 526 1
982 502 1
983 481 1
982 464 1
982 447 1
980 430 1
977 414 1
973 399 1
968 384 1
960 367 1
950 348 1
938 326 1
925 304 1
913 284 1
900 267 1
887 253 1
874 244 1
857 237 1
838 233 1
813 234 1
787 240 1
759 252 1
730 269 1
707 289 1
686 311 1
665 337 1
643 365 1
623 392 1
601 421 1
580 449 1
558 480 1
536 512 1
510 544 1
486 574 1
458 605 1
431 633 1
407 661 1
386 687 1
366 714 1
350 740 1
334 767 1
319 794 1
305 819 1
291 845 1
279 869 1
266 892 1
255 912 1
245 931 1
235 951 1
226 971 1
212 995 1
198 1020 1
185 1046 1
173 1069 1
163 1091 1
156 1109 1
148 1129 1
142 1146 1
138 1166 1
133 1186 1
130 1211 1
127 1238 1
124 1267 1
121 1298 1
117 1330 1
113 1364 1
111 1392 1
110 1415 1
108 1434 1
111 1451 1
114 1465 1
120 1479 1
128 1493 1
140 1510 1
155 1527 1
173 1543 1
191 1556 1
211 1565 1
230 1574 1
250 1580 1
275 1586 1
301 1590 1
329 1592 1
354 1591 1
379 1588 1
404 1581 1
430 1573 1
455 1560 1
484 1543 1
512 1521 1
538 1495 1
565 1471 1
585 1446 1
606 1422 1
621 1398 1
637 1374 1
650 1345 1
664 1314 1
677 1283 1
687 1259 1
695 1237 1
702 1219 1
710 1202 1
717 1187 1
725 1166 1
732 1142 1
740 1116 1
748 1091 1
756 1068 1
765 1046 1
775 1024 1
786 1000 1
800 969 1
813 936 1
825 902 1
837 873 1
847 845 1
855 822 1
864 799 1
872 779 1
881 759 1
888 742 1
895 725 1
903 708 1
911 691 1
919 673 1
928 655 1
935 636 1
943 617 1
950 594 1
955 571 1
961 545 1
966 518 1
968 488 1
971 458 1
972 430 1
972 406 1
970 384 1
968 366 1
965 347 1
959 329 1
951 312 1
939 295 1
925 279 1
907 263 1
885 247 1
860 233 1
831 221 1
800 212 1
770 213 1
740 217 1
709 229 1
678 250 1
646 277 1
620 311 1
593 346 1
568 383 1
544 417 1
527 448 1
510 476 1
495 503 1
477 530 1
458 555 1
437 579 1
413 606 1
389 631 1
364 656 1
340 682 1
319 706 1
298 730 1
279 754 1
262 778 1
247 806 1
232 837 1
222 869 1
213 903 1
205 937 1
196 974 1
185 1014 1
173 1050 1
162 1084 1
152 1113 1
144 1144 1
137 1173 1
130 1204 1
125 1236 1
119 1271 1
114 1304 1
110 1337 1
104 1366 1
98 1393 1
95 1416 1
92 1436 1
93 1456 1
95 1478 1
103 1504 1
111 1531 1
121 1553 1
132 1574 1
146 1594 1
164 1608 1
183 1620 1
208 1627 1
240 1632 1
279 1631 1
318 1625 1
356 1614 1
388 1601 1
422 1584 1
467 1559 1
507 1535 1
545 1510 1
581 1486 1
614 1460 1
648 1427 1
684 1388 1
712 1347 1
735 1309 1
754 1270 1
771 1234 1
788 1193 1
801 1154 1
814 1116 1
823 1080 1
830 1044 1
836 1014 1
844 985 1
852 956 1
861 927 1
870 897 1
881 864 1
894 828 1
904 792 1
914 757 1
923 724 1
934 691 1
946 656 1
957 618 1
967 580 1
974 546 1
979 513 1
980 483 1
981 453 1
981 424 1
980 393 1
978 362 1
976 332 1
971 308 1
967 290 1
962 276 1
954 265 1
944 255 1
932 245 1
913 237 1
889 230 1
861 226 1
828 226 1
787 233 1
748 245 1
712 262 1
677 285 1
641 313 1
609 344 1
578 378 1
551 412 1
527 450 1
505 489 1
485 527 1
461 568 1
433 612 1
406 654 1
382 692 1
360 727 1
338 759 1
316 791 1
291 824 1
268 854 1
249 883 1
233 911 1
218 939 1
206 968 1
193 996 1
176 1031 1
159 1064 1
144 1097 1
126 1137 1
111 1176 1
99 1217 1
88 1257 1
80 1290 1
73 1315 1
67 1338 1
63 1356 1
60 1373 1
58 1387 1
58 1402 1
57 1416 1
58 1433 1
62 1454 1
67 1480 1
75 1510 1
85 1542 1
98 1575 1
109 1604 1
122 1630 1
135 1654 1
147 1673 1
158 1688 1
173 1700 1
190 1710 1
215 1720 1
244 1730 1
277 1733 1
310 1730 1
343 1723 1
375 1711 1
406 1692 1
439 1669 1
474 1639 1
514 1602 1
552 1564 1
588 1528 1
622 1490 1
656 1451 1
688 1409 1
718 1365 1
740 1324 1
761 1282 1
781 1239 1
801 1192 1
820 1148 1
837 1107 1
853 1071 1
868 1038 1
881 1008 1
892 977 1
901 945 1
912 909 1
924 874 1
936 837 1
945 806 1
952 778 1
962 743 1
968 707 1
975 670 1
982 633 1
989 598 1
994 566 1
999 533 1
1003 499 1
1008 464 1
1009 432 1
1010 408 1
1010 388 1
1009 375 1
1007 362 1
1005 348 1
1001 333 1
995 319 1
986 306 1
975 293 1
958 281 1
939 269 1
919 259 1
898 248 1
875 238 1
848 229 1
823 221 1
799 218 1
778 219 1
755 225 1
730 235 1
702 254 1
673 277 1
635 312 1
593 349 1
552 386 1
516 419 1
486 449 1
459 479 1
431 509 1
399 544 1
373 578 1
352 609 1
338 636 1
323 661 1
308 688 1
293 717 1
273 750 1
256 782 1
243 810 1
232 836 1
222 862 1
213 890 1
202 922 1
190 960 1
176 999 1
159 1037 1
143 1074 1
125 1110 1
109 1142 1
95 1174 1
83 1204 1
73 1233 1
66 1261 1
59 1287 1
53 1311 1
49 1332 1
46 1351 1
45 1372 1
45 1391 1
46 1406 1
49 1423 1
53 1442 1
56 1465 1
61 1493 1
69 1526 1
79 1558 1
90 1587 1
104 1612 1
115 1630 1
128 1647 1
145 1664 1
164 1677 1
187 1689 1
214 1695 1
243 1698 1
275 1693 1
308 1683 1
340 1669 1
372 1651 1
403 1629 1
434 1604 1
464 1576 1
492 1540 1
518 1502 1
541 1462 1
567 1418 1
594 1372 1
621 1330 1
645 1292 1
665 1260 1
686 1230 1
712 1191 1
740 1148 1
769 1104 1
796 1063 1
820 1027 1
840 995 1
860 960 1
880 921 1
899 882 1
917 839 1
932 802 1
945 769 1
954 740 1
964 715 1
973 690 1
982 667 1
993 645 1
999 626 1
1004 609 1
1007 597 1
1009 583 1
1012 568 1
1015 549 1
1018 521 1
1019 495 1
1019 470 1
1016 447 1
1012 425 1
1004 404 1
993 380 1
978 355 1
959 331 1
937 306 1
913 286 1
885 270 1
857 258 1
828 252 1
797 252 1
764 254 1
729 260 1
695 269 1
662 278 1
632 292 1
601 311 1
563 336 1
523 364 1
482 395 1
445 422 1
409 451 1
374 481 1
342 511 1
313 540 1
287 571 1
268 601 1
249 633 1
230 666 1
211 704 1
191 745 1
176 784 1
161 821 1
149 857 1
137 895 1
129 934 1
121 974 1
113 1009 1
103 1041 1
95 1071 1
88 1092 1
83 1109 1
80 1127 1
79 1149 1
77 1174 1
76 1205 1
74 1239 1
73 1274 1
71 1310 1
71 1342 1
71 1370 1
73 1394 1
77 1414 1
83 1433 1
93 1451 1
104 1468 1
116 1487 1
130 1507 1
148 1531 1
166 1554 1
183 1576 1
202 1597 1
222 1620 1
247 1640 1
272 1658 1
297 1670 1
321 1674 1
346 1672 1
372 1664 1
400 1649 1
432 1623 1
466 1590 1
501 1550 1
532 1507 1
558 1466 1
580 1431 1
602 1399 1
624 1367 1
646 1336 1
670 1305 1
695 1274 1
715 1245 1
731 1219 1
744 1196 1
757 1175 1
771 1151 1
790 1123 1
810 1093 1
830 1061 1
847 1032 1
860 1005 1
870 981 1
878 956 1
887 928 1
898 894 1
906 857 1
913 821 1
918 789 1
921 762 1
923 738 1
925 714 1
928 688 1
931 657 1
933 626 1
933 595 1
932 564 1
930 535 1
929 503 1
929 475 1
929 451 1
929 429 1
924 408 1
916 388 1
903 370 1
880 352 1
850 334 1
814 320 1
777 309 1
742 303 1
706 304 1
673 309 1
644 320 1
617 333 1
585 349 1
549 369 1
516 393 1
484 416 1
458 443 1
431 470 1
401 497 1
370 527 1
342 556 1
317 587 1
294 617 1
275 643 1
259 669 1
244 691 1
229 712 1
215 731 1
204 750 1
194 767 1
186 783 1
179 799 1
174 818 1
169 837 1
164 860 1
159 887 1
156 915 1
155 942 1
153 968 1
150 995 1
147 1021 1
143 1045 1
137 1070 1
131 1094 1
125 1116 1
119 1139 1
112 1161 1
105 1182 1
99 1203 1
93 1224 1
89 1243 1
85 1262 1
80 1281 1
76 1302 1
71 1325 1
68 1349 1
66 1373 1
64 1395 1
64 1417 1
65 1438 1
67 1456 1
70 1475 1
77 1495 1
86 1517 1
97 1539 1
108 1558 1
120 1577 1
135 1594 1
151 1609 1
169 1621 1
189 1629 1
211 1636 1
237 1640 1
263 1641 1
293 1638 1
321 1630 1
351 1617 1
380 1600 1
411 1579 1
444 1551 1
477 1519 1
512 1486 1
545 1455 1
573 1426 1
602 1395 1
631 1358 1
660 1322 1
686 1288 1
709 1256 1
731 1223 1
749 1189 1
765 1154 1
782 1116 1
799 1077 1
815 1042 1
828 1009 1
838 979 1
846 953 1
852 929 1
857 905 1
864 880 1
871 852 1
880 824 1
887 796 1
893 772 1
899 750 1
909 727 1
920 699 1
932 667 1
944 635 1
954 604 1
961 573 1
968 545 1
971 518 1
976 490 1
980 463 1
984 436 1
986 409 1
987 383 1
986 361 1
985 345 1
983 332 1
978 321 1
975 313 1
969 306 1
961 299 1
950 294 1
938 288 1
924 285 1
907 283 1
889 284 1
866 288 1
840 297 1
812 309 1
785 324 1
758 342 1
731 363 1
701 386 1
673 407 1
649 428 1
626 450 1
603 474 1
580 501 1
564 528 1
548 555 1
531 583 1
511 612 1
492 638 1
473 664 1
453 688 1
430 717 1
406 745 1
384 772 1
362 797 1
343 821 1
323 846 1
303 872 1
282 899 1
263 926 1
249 951 1
235 975 1
224 1000 1
213 1025 1
201 1052 1
189 1078 1
177 1103 1
167 1127 1
156 1152 1
148 1178 1
139 1204 1
131 1231 1
123 1260 1
117 1287 1
110 1314 1
106 1338 1
102 1364 1
97 1387 1
96 1410 1
98 1432 1
101 1457 1
107 1484 1
114 1512 1
121 1535 1
126 1555 1
135 1572 1
148 1591 1
166 1608 1
185 1622 1
210 1632 1
239 1638 1
271 1639 1
307 1633 1
340 1621 1
372 1606 1
399 1589 1
424 1569 1
445 1547 1
465 1524 1
489 1496 1
510 1468 1
532 1441 1
553 1417 1
572 1393 1
592 1368 1
610 1341 1
631 1311 1
653 1281 1
671 1256 1
688 1232 1
707 1201 1
732 1162 1
760 1119 1
789 1076 1
813 1039 1
834 1007 1
853 978 1
872 948 1
890 916 1
908 880 1
923 843 1
937 808 1
949 778 1
960 750 1
969 723 1
977 697 1
984 667 1
989 640 1
994 611 1
997 580 1
1002 550 1
1003 521 1
1007 498 1
1007 479 1
1007 465 1
1005 450 1
1004 435 1
1004 419 1
1002 402 1
1002 388 1
999 378 1
996 370 1
993 364 1
990 358 1
986 351 1
980 345 1
975 337 1
968 331 1
960 323 1
951 316 1
939 309 1
923 300 1
902 292 1
882 285 1
863 281 1
842 279 1
816 281 1
791 284 1
767 290 1
742 300 1
717 313 1
694 327 1
674 341 1
653 353 1
632 365 1
609 381 1
585 399 1
562 417 1
541 435 1
523 452 1
508 470 1
491 490 1
470 516 1
447 544 1
423 572 1
401 599 1
382 624 1
364 645 1
348 666 1
331 686 1
316 706 1
299 727 1
281 752 1
264 777 1
247 804 1
233 829 1
221 854 1
210 879 1
199 904 1
187 929 1
173 955 1
160 978 1
150 1001 1
140 1025 1
130 1047 1
120 1067 1
111 1087 1
102 1106 1
95 1124 1
89 1145 1
83 1170 1
78 1195 1
76 1221 1
73 1246 1
71 1271 1
71 1296 1
69 1317 1
69 1336 1
67 1354 1
68 1372 1
68 1390 1
70 1407 1
74 1424 1
77 1440 1
82 1458 1
88 1476 1
99 1498 1
111 1520 1
125 1539 1
140 1555 1
157 1569 1
177 1582 1
198 1593 1
220 1601 1
242 1604 1
264 1601 1
286 1595 1
308 1584 1
329 1573 1
349 1556 1
369 1540 1
389 1524 1
410 1507 1
432 1488 1
454 1470 1
477 1452 1
501 1429 1
522 1411 1
542 1393 1
561 1377 1
583 1357 1
605 1335 1
625 1313 1
643 1292 1
659 1272 1
674 1253 1
688 1234 1
701 1214 1
715 1189 1
730 1161 1
748 1128 1
765 1098 1
782 1070 1
797 1046 1
810 1023 1
823 998 1
835 973 1
844 951 1
853 931 1
860 911 1
867 889 1
872 868 1
878 844 1
882 819 1
886 793 1
889 767 1
893 742 1
898 714 1
905 688 1
910 662 1
916 637 1
921 614 1
925 591 1
928 566 1
930 541 1
932 517 1
935 495 1
937 474 1
937 457 1
937 443 1
934 428 1
929 411 1
924 393 1
917 377 1
911 360 1
905 345 1
899 329 1
891 315 1
882 301 1
868 285 1
849 268 1
821 252 1
788 245 1
749 245 1
714 253 1
680 267 1
651 287 1
623 312 1
586 347 1
548 388 1
510 431 1
477 470 1
445 506 1
415 541 1
386 575 1
361 608 1
340 636 1
321 662 1
301 687 1
279 717 1
258 747 1
241 778 1
225 807 1
211 838 1
198 870 1
187 904 1
176 941 1
164 979 1
153 1015 1
140 1050 1
128 1085 1
116 1122 1
104 1157 1
94 1191 1
85 1227 1
79 1264 1
75 1303 1
72 1344 1
72 1381 1
72 1412 1
74 1436 1
76 1460 1
80 1484 1
86 1512 1
92 1536 1
100 1556 1
109 1575 1
121 1593 1
138 1610 1
156 1626 1
179 1640 1
201 1653 1
227 1662 1
254 1668 1
284 1665 1
313 1658 1
342 1646 1
373 1623 1
403 1596 1
431 1563 1
460 1529 1
489 1491 1
515 1460 1
539 1426 1
563 1389 1
590 1350 1
614 1311 1
639 1276 1
654 1252 1
667 1232 1
678 1212 1
693 1191 1
710 1166 1
731 1139 1
750 1114 1
767 1089 1
783 1064 1
799 1038 1
816 1011 1
832 978 1
848 948 1
862 918 1
876 890 1
888 864 1
902 835 1
914 807 1
925 779 1
933 753 1
941 729 1
947 712 1
951 694 1
954 681 1
957 667 1
960 650 1
962 633 1
964 616 1
964 597 1
965 579 1
964 562 1
964 547 1
960 528 1
957 510 1
950 490 1
944 470 1
938 453 1
931 436 1
924 419 1
918 403 1
913 389 1
910 380 1
907 372 1
905 366 1
901 360 1
897 355 1
888 348 1
876 342 1
857 336 1
834 330 1
803 332 1
768 340 1
732 352 1
696 367 1
659 382 1
622 402 1
586 424 1
552 451 1
517 479 1
482 505 1
449 530 1
419 554 1
393 574 1
371 592 1
353 612 1
335 631 1
318 649 1
302 670 1
285 691 1
268 713 1
251 737 1
234 763 1
218 790 1
201 823 1
186 856 1
170 894 1
156 932 1
141 973 1
126 1015 1
110 1055 1
96 1087 1
85 1115 1
77 1136 1
73 1160 1
70 1184 1
70 1213 1
72 1246 1
75 1283 1
78 1321 1
82 1362 1
85 1396 1
88 1424 1
91 1445 1
94 1461 1
99 1477 1
107 1494 1
120 1515 1
138 1535 1
160 1554 1
182 1569 1
207 1582 1
233 1591 1
261 1597 1
289 1597 1
321 1592 1
351 1584 1
381 1569 1
414 1550 1
449 1529 1
485 1506 1
520 1483 1
550 1462 1
575 1440 1
599 1415 1
621 1385 1
647 1345 1
672 1299 1
699 1240 1
728 1178 1
756 1120 1
786 1068 1
815 1019 1
841 973 1
867 929 1
889 883 1
910 838 1
925 796 1
939 755 1
950 715 1
959 675 1
969 634 1
976 593 1
982 553 1
987 510 1
992 468 1
996 428 1
998 397 1
1000 370 1
1000 348 1
1000 327 1
1000 308 1
998 288 1
988 269 1
974 252 1
956 238 1
930 233 1
899 235 1
854 249 1
805 273 1
754 307 1
708 341 1
664 378 1
621 416 1
580 456 1
544 494 1
510 533 1
480 575 1
452 615 1
423 657 1
394 699 1
363 746 1
330 799 1
296 853 1
260 912 1
246 937 1
257 919 0
