625 1054 1
625 1054 1
625 1054 1
625 1054 1
625 1054 1
625 1054 1
625 1054 1
625 1054 1
625 1054 1
625 1054 1
625 1054 1
622 1054 1
617 1054 1
611 1052 1
605 1053 1
599 1051 1
593 1051 1
589 1049 1
586 1047 1
583 1045 1
580 1042 1
578 1039 1
576 1033 1
575 1029 1
575 1023 1
576 1018 1
576 1015 1
577 1012 1
577 1010 1
578 1008 1
580 1007 1
585 1007 1
590 1007 1
595 1009 1
602 1012 1
607 1015 1
613 1019 1
618 1024 1
622 1028 1
626 1035 1
629 1041 1
631 1051 1
633 1062 1
632 1075 1
630 1089 1
626 1101 1
620 1113 1
612 1122 1
605 1130 1
600 1136 1
596 1140 1
594 1141 1
591 1143 1
588 1142 1
583 1139 1
577 1133 1
571 1126 1
564 1114 1
557 1103 1
551 1092 1
546 1081 1
542 1071 1
539 1062 1
537 1052 1
537 1043 1
535 1034 1
536 1023 1
538 1011 1
540 1001 1
544 991 1
547 983 1
552 974 1
559 965 1
568 956 1
577 948 1
589 941 1
598 935 1
606 930 1
611 927 1
616 924 1
621 922 1
625 919 1
629 915 1
634 912 1
637 908 1
640 903 1
645 899 1
648 895 1
650 891 1
653 887 1
655 884 1
656 882 1
657 879 1
657 878 1
658 876 1
658 874 1
658 874 1
659 874 1
659 872 1
659 872 1
659 872 1
659 872 1
659 872 1
659 872 1
659 872 1
659 872 1
660 872 1
660 872 1
662 874 1
663 878 1
667 885 1
672 893 1
678 900 1
682 909 1
687 917 1
691 926 1
696 934 1
700 945 1
704 955 1
707 966 1
711 976 1
714 987 1
717 996 1
719 1007 1
721 1018 1
723 1031 1
725 1042 1
725 1053 1
727 1064 1
727 1075 1
727 1086 1
727 1098 1
725 1110 1
722 1122 1
718 1137 1
713 1152 1
707 1165 1
701 1177 1
692 1190 1
685 1200 1
677 1208 1
670 1214 1
665 1220 1
657 1224 1
649 1228 1
639 1231 1
626 1232 1
615 1232 1
603 1231 1
592 1228 1
582 1225 1
573 1222 1
563 1216 1
554 1212 1
548 1207 1
540 1202 1
532 1194 1
525 1186 1
517 1178 1
513 1173 1
507 1167 1
502 1159 1
497 1152 1
491 1144 1
487 1136 1
482 1127 1
478 1119 1
473 1111 1
470 1104 1
467 1096 1
465 1089 1
464 1080 1
464 1071 1
463 1061 1
464 1050 1
465 1040 1
469 1031 1
473 1020 1
477 1011 1
481 1004 1
486 995 1
492 986 1
498 978 1
504 970 1
512 963 1
519 955 1
526 947 1
533 939 1
540 928 1
549 915 1
557 901 1
565 887 1
572 874 1
579 865 1
586 857 1
592 848 1
599 840 1
607 831 1
613 823 1
620 815 1
625 809 1
630 803 1
633 800 1
636 797 1
639 795 1
641 795 1
643 793 1
645 793 1
647 793 1
650 793 1
655 794 1
660 798 1
666 802 1
671 807 1
677 814 1
681 820 1
685 827 1
690 835 1
693 841 1
697 848 1
701 856 1
704 864 1
707 872 1
709 881 1
712 891 1
715 899 1
718 907 1
722 916 1
725 925 1
731 936 1
737 946 1
744 957 1
750 969 1
756 980 1
761 991 1
768 1005 1
773 1019 1
778 1031 1
781 1042 1
784 1051 1
787 1062 1
790 1075 1
794 1089 1
796 1105 1
798 1122 1
800 1140 1
801 1159 1
803 1176 1
803 1192 1
802 1210 1
799 1230 1
794 1250 1
785 1270 1
772 1292 1
757 1312 1
740 1328 1
724 1342 1
706 1352 1
689 1359 1
671 1362 1
655 1361 1
637 1358 1
621 1354 1
607 1349 1
596 1345 1
585 1340 1
575 1334 1
565 1328 1
554 1323 1
546 1317 1
538 1312 1
530 1307 1
522 1302 1
513 1295 1
504 1288 1
495 1279 1
484 1268 1
474 1257 1
465 1246 1
458 1236 1
453 1228 1
448 1220 1
444 1213 1
440 1204 1
437 1197 1
433 1187 1
431 1178 1
428 1167 1
426 1157 1
425 1144 1
423 1130 1
423 1113 1
424 1097 1
425 1081 1
426 1066 1
427 1052 1
428 1037 1
430 1021 1
434 1005 1
439 987 1
446 969 1
450 954 1
455 940 1
460 926 1
466 914 1
474 899 1
483 883 1
492 868 1
500 856 1
508 843 1
518 830 1
529 818 1
542 804 1
554 792 1
567 781 1
579 770 1
595 762 1
610 756 1
625 751 1
637 749 1
647 749 1
659 749 1
670 750 1
685 755 1
702 759 1
719 766 1
735 776 1
749 786 1
759 795 1
769 805 1
779 814 1
790 822 1
798 829 1
805 837 1
811 844 1
818 852 1
824 860 1
829 868 1
835 876 1
841 883 1
846 891 1
852 901 1
857 912 1
864 923 1
869 934 1
874 944 1
877 956 1
881 969 1
882 983 1
882 998 1
882 1013 1
879 1030 1
876 1045 1
874 1059 1
872 1073 1
869 1088 1
867 1102 1
865 1116 1
865 1130 1
865 1143 1
864 1155 1
862 1167 1
862 1179 1
860 1190 1
857 1201 1
856 1213 1
853 1225 1
851 1239 1
848 1250 1
846 1261 1
842 1273 1
838 1285 1
833 1297 1
827 1310 1
818 1324 1
810 1336 1
801 1348 1
793 1357 1
786 1365 1
780 1371 1
772 1377 1
763 1383 1
752 1386 1
736 1388 1
719 1389 1
698 1387 1
677 1385 1
661 1381 1
646 1378 1
634 1376 1
622 1373 1
611 1368 1
600 1365 1
589 1362 1
577 1357 1
566 1353 1
555 1348 1
546 1343 1
537 1339 1
529 1334 1
521 1328 1
512 1323 1
503 1315 1
492 1308 1
482 1301 1
471 1292 1
461 1283 1
451 1273 1
440 1261 1
429 1250 1
417 1239 1
406 1229 1
396 1219 1
389 1211 1
382 1202 1
377 1195 1
371 1187 1
366 1180 1
361 1174 1
355 1166 1
351 1160 1
346 1154 1
342 1147 1
338 1139 1
334 1130 1
329 1121 1
326 1111 1
322 1101 1
319 1092 1
318 1083 1
316 1073 1
315 1062 1
315 1051 1
314 1041 1
314 1029 1
314 1019 1
314 1008 1
314 995 1
314 982 1
314 971 1
314 960 1
316 952 1
316 944 1
319 936 1
321 927 1
325 916 1
328 904 1
333 890 1
338 876 1
344 864 1
348 853 1
352 846 1
357 838 1
359 833 1
364 825 1
369 818 1
376 810 1
385 800 1
397 789 1
409 778 1
421 769 1
432 760 1
446 752 1
458 745 1
470 738 1
485 731 1
502 723 1
524 714 1
547 707 1
571 700 1
595 694 1
617 690 1
639 688 1
661 686 1
680 687 1
694 687 1
707 688 1
718 690 1
726 691 1
734 694 1
742 696 1
750 699 1
758 702 1
767 706 1
776 710 1
787 715 1
799 720 1
812 727 1
825 735 1
839 743 1
852 752 1
864 763 1
876 774 1
887 785 1
895 794 1
903 803 1
912 813 1
922 824 1
930 837 1
939 848 1
946 857 1
952 868 1
958 878 1
965 893 1
971 910 1
977 929 1
983 949 1
987 971 1
990 992 1
993 1013 1
994 1036 1
996 1059 1
996 1087 1
995 1111 1
993 1133 1
992 1154 1
990 1174 1
989 1192 1
986 1209 1
982 1225 1
978 1242 1
973 1257 1
968 1271 1
962 1285 1
951 1303 1
940 1320 1
927 1336 1
916 1350 1
903 1363 1
893 1373 1
883 1383 1
875 1390 1
868 1396 1
860 1401 1
854 1406 1
844 1411 1
835 1415 1
824 1418 1
815 1422 1
806 1424 1
796 1426 1
783 1429 1
769 1430 1
754 1434 1
740 1434 1
725 1434 1
710 1434 1
694 1434 1
679 1432 1
667 1431 1
655 1429 1
642 1427 1
629 1425 1
616 1422 1
602 1420 1
587 1417 1
570 1414 1
556 1411 1
542 1408 1
528 1406 1
516 1402 1
505 1400 1
493 1397 1
482 1395 1
470 1392 1
458 1390 1
444 1388 1
432 1385 1
423 1383 1
412 1379 1
401 1375 1
391 1370 1
378 1364 1
367 1357 1
358 1351 1
352 1346 1
346 1341 1
341 1338 1
338 1333 1
335 1330 1
332 1326 1
330 1321 1
328 1318 1
327 1314 1
324 1309 1
323 1306 1
321 1301 1
318 1297 1
316 1293 1
313 1288 1
310 1282 1
307 1275 1
303 1268 1
298 1262 1
293 1255 1
286 1247 1
280 1240 1
274 1233 1
268 1227 1
263 1221 1
258 1215 1
253 1210 1
248 1205 1
242 1199 1
236 1193 1
230 1186 1
224 1179 1
218 1171 1
213 1165 1
210 1159 1
207 1154 1
204 1149 1
202 1143 1
201 1136 1
201 1128 1
200 1120 1
200 1114 1
199 1106 1
199 1098 1
198 1090 1
197 1082 1
197 1073 1
196 1064 1
196 1054 1
194 1043 1
194 1032 1
194 1022 1
194 1011 1
196 998 1
199 987 1
202 976 1
206 964 1
211 953 1
216 941 1
220 929 1
224 918 1
227 908 1
230 898 1
232 889 1
235 880 1
239 870 1
242 860 1
246 849 1
251 838 1
256 825 1
262 812 1
268 800 1
276 789 1
283 779 1
288 773 1
294 767 1
301 763 1
307 758 1
314 752 1
324 746 1
333 738 1
343 731 1
351 723 1
360 715 1
370 706 1
378 697 1
388 687 1
398 677 1
406 668 1
414 660 1
421 653 1
430 646 1
440 640 1
450 632 1
460 625 1
469 619 1
478 613 1
488 607 1
498 602 1
511 597 1
524 593 1
535 589 1
548 586 1
564 586 1
582 587 1
601 591 1
618 596 1
634 599 1
646 602 1
656 605 1
666 608 1
674 609 1
682 613 1
690 613 1
699 614 1
707 615 1
713 615 1
721 615 1
728 616 1
736 616 1
743 618 1
750 619 1
759 621 1
768 623 1
778 625 1
788 627 1
798 630 1
806 634 1
815 639 1
823 644 1
830 648 1
838 652 1
845 656 1
852 659 1
859 661 1
867 663 1
880 663 1
897 663 1
911 664 1
922 664 1
930 666 1
935 667 1
940 669 1
946 673 1
951 676 1
956 681 1
963 689 1
969 698 1
976 710 1
982 722 1
990 736 1
996 753 1
1002 769 1
1008 784 1
1011 798 1
1014 808 1
1017 820 1
1019 831 1
1020 843 1
1021 857 1
1022 874 1
1023 890 1
1023 908 1
1021 925 1
1020 944 1
1018 960 1
1016 976 1
1015 990 1
1012 1005 1
1011 1019 1
1008 1033 1
1007 1046 1
1005 1057 1
1005 1067 1
1005 1076 1
1003 1083 1
1004 1091 1
1004 1101 1
1004 1111 1
1004 1123 1
1005 1135 1
1005 1147 1
1007 1159 1
1009 1171 1
1011 1185 1
1012 1199 1
1015 1212 1
1017 1224 1
1019 1235 1
1021 1244 1
1021 1252 1
1022 1260 1
1021 1269 1
1021 1279 1
1020 1290 1
1018 1303 1
1016 1314 1
1013 1326 1
1009 1337 1
1003 1351 1
997 1363 1
986 1380 1
975 1394 1
962 1409 1
950 1421 1
939 1432 1
930 1440 1
922 1448 1
915 1455 1
906 1461 1
896 1470 1
883 1480 1
869 1491 1
854 1501 1
837 1511 1
820 1520 1
801 1527 1
783 1531 1
766 1536 1
750 1540 1
736 1543 1
724 1546 1
715 1547 1
707 1547 1
700 1547 1
692 1545 1
681 1543 1
670 1541 1
658 1538 1
644 1535 1
631 1531 1
618 1524 1
606 1518 1
590 1512 1
575 1506 1
558 1500 1
543 1496 1
528 1491 1
518 1489 1
508 1487 1
500 1487 1
490 1486 1
479 1486 1
467 1484 1
458 1485 1
451 1484 1
443 1484 1
435 1484 1
426 1484 1
416 1484 1
406 1484 1
397 1484 1
388 1484 1
380 1484 1
372 1484 1
360 1484 1
346 1482 1
332 1482 1
321 1480 1
311 1477 1
305 1476 1
297 1473 1
290 1470 1
282 1467 1
274 1462 1
264 1457 1
255 1451 1
246 1445 1
237 1439 1
230 1432 1
221 1426 1
212 1418 1
204 1409 1
194 1398 1
181 1383 1
164 1368 1
149 1354 1
136 1339 1
125 1328 1
116 1317 1
108 1303 1
98 1284 1
87 1259 1
76 1231 1
66 1201 1
60 1175 1
55 1154 1
52 1132 1
52 1108 1
55 1080 1
65 1039 1
81 988 1
107 941 1
117 923 1
109 938 0
