78 1301 1
78 1300 1
78 1300 1
78 1300 1
80 1299 1
83 1297 1
87 1296 1
90 1294 1
95 1293 1
100 1291 1
104 1289 1
110 1286 1
118 1281 1
125 1276 1
134 1270 1
143 1264 1
152 1259 1
161 1252 1
172 1247 1
182 1242 1
194 1236 1
206 1230 1
220 1225 1
232 1219 1
243 1212 1
252 1205 1
259 1200 1
265 1194 1
269 1189 1
274 1184 1
278 1177 1
280 1170 1
282 1163 1
283 1152 1
284 1141 1
284 1131 1
285 1122 1
285 1113 1
285 1102 1
285 1092 1
285 1082 1
285 1072 1
286 1063 1
286 1055 1
286 1047 1
284 1040 1
285 1032 1
285 1026 1
284 1019 1
283 1014 1
283 1009 1
282 1004 1
282 1000 1
280 996 1
278 990 1
276 986 1
271 981 1
265 977 1
258 974 1
252 972 1
245 972 1
238 970 1
231 971 1
225 971 1
218 972 1
210 974 1
203 976 1
197 979 1
191 984 1
184 990 1
179 996 1
173 1002 1
168 1008 1
163 1017 1
158 1027 1
153 1034 1
149 1041 1
147 1046 1
145 1051 1
143 1054 1
143 1058 1
141 1063 1
142 1070 1
142 1079 1
142 1088 1
143 1097 1
144 1107 1
144 1115 1
146 1123 1
147 1132 1
150 1141 1
156 1152 1
163 1163 1
169 1172 1
175 1180 1
180 1186 1
186 1192 1
192 1196 1
199 1201 1
207 1207 1
215 1213 1
221 1217 1
228 1222 1
234 1227 1
242 1231 1
249 1235 1
256 1240 1
264 1244 1
273 1249 1
281 1254 1
289 1257 1
296 1262 1
303 1266 1
311 1270 1
318 1274 1
326 1279 1
334 1282 1
344 1287 1
352 1291 1
359 1295 1
365 1299 1
371 1304 1
377 1309 1
381 1313 1
386 1318 1
389 1321 1
391 1324 1
393 1326 1
394 1328 1
396 1330 1
397 1332 1
399 1334 1
400 1337 1
401 1340 1
403 1343 1
404 1346 1
406 1350 1
407 1354 1
408 1359 1
410 1363 1
410 1368 1
410 1374 1
410 1380 1
410 1385 1
409 1391 1
409 1396 1
407 1401 1
405 1406 1
402 1411 1
399 1415 1
395 1420 1
389 1425 1
382 1429 1
376 1434 1
368 1437 1
362 1442 1
352 1446 1
343 1451 1
334 1454 1
327 1457 1
319 1458 1
312 1461 1
307 1462 1
302 1463 1
298 1464 1
296 1464 1
291 1462 1
287 1462 1
283 1460 1
277 1458 1
272 1455 1
267 1453 1
262 1451 1
257 1447 1
253 1446 1
248 1443 1
244 1441 1
241 1439 1
238 1437 1
233 1435 1
230 1432 1
226 1429 1
222 1426 1
217 1423 1
213 1419 1
206 1413 1
200 1408 1
194 1403 1
188 1398 1
181 1392 1
175 1388 1
169 1383 1
163 1377 1
158 1373 1
153 1369 1
150 1364 1
147 1361 1
143 1354 1
138 1347 1
135 1339 1
132 1331 1
129 1323 1
127 1313 1
124 1300 1
121 1285 1
117 1272 1
115 1260 1
112 1249 1
110 1238 1
108 1228 1
108 1220 1
108 1213 1
108 1215 0
519 1271 1
519 1271 1
519 1271 1
519 1271 1
519 1271 1
519 1271 1
519 1271 1
519 1271 1
519 1271 1
519 1271 1
519 1271 1
519 1269 1
520 1270 1
523 1268 1
527 1266 1
533 1264 1
541 1262 1
547 1261 1
553 1258 1
559 1256 1
565 1253 1
571 1251 1
576 1249 1
581 1247 1
586 1245 1
592 1243 1
598 1240 1
606 1237 1
615 1233 1
624 1231 1
632 1226 1
641 1222 1
649 1218 1
656 1213 1
661 1210 1
665 1206 1
668 1203 1
672 1200 1
674 1197 1
677 1195 1
680 1192 1
683 1189 1
686 1185 1
688 1182 1
690 1178 1
692 1175 1
695 1169 1
697 1164 1
700 1158 1
703 1153 1
706 1146 1
708 1140 1
710 1134 1
711 1129 1
712 1124 1
713 1120 1
713 1116 1
714 1113 1
714 1110 1
715 1107 1
716 1103 1
716 1100 1
716 1093 1
716 1087 1
716 1078 1
715 1070 1
715 1061 1
714 1053 1
714 1045 1
713 1037 1
713 1030 1
711 1023 1
711 1017 1
709 1010 1
709 1006 1
707 1001 1
706 997 1
704 994 1
703 990 1
701 987 1
699 984 1
696 981 1
691 977 1
685 974 1
680 971 1
674 970 1
668 968 1
665 968 1
660 966 1
656 967 1
652 968 1
648 968 1
646 968 1
644 969 1
641 970 1
639 972 1
636 974 1
631 977 1
628 982 1
625 985 1
622 989 1
618 993 1
615 999 1
611 1006 1
606 1014 1
604 1021 1
601 1028 1
598 1035 1
596 1040 1
594 1045 1
594 1049 1
592 1052 1
592 1054 1
590 1057 1
590 1059 1
590 1063 1
588 1067 1
588 1071 1
588 1077 1
588 1085 1
589 1093 1
589 1102 1
589 1110 1
589 1117 1
591 1124 1
592 1132 1
592 1140 1
594 1148 1
594 1154 1
596 1162 1
598 1169 1
600 1175 1
602 1181 1
603 1186 1
606 1191 1
608 1196 1
611 1200 1
615 1205 1
620 1211 1
626 1217 1
634 1223 1
644 1232 1
654 1239 1
665 1246 1
675 1253 1
683 1259 1
690 1263 1
696 1266 1
700 1269 1
705 1272 1
711 1275 1
715 1278 1
720 1280 1
725 1283 1
731 1286 1
737 1290 1
743 1295 1
751 1300 1
757 1305 1
763 1310 1
769 1315 1
776 1322 1
782 1327 1
788 1332 1
792 1336 1
796 1340 1
799 1343 1
802 1346 1
804 1349 1
806 1353 1
809 1356 1
810 1359 1
812 1362 1
813 1367 1
813 1372 1
811 1378 1
811 1384 1
809 1389 1
807 1395 1
804 1400 1
799 1405 1
794 1410 1
785 1415 1
775 1421 1
764 1427 1
750 1434 1
735 1439 1
722 1442 1
710 1445 1
700 1448 1
689 1449 1
679 1451 1
669 1451 1
660 1451 1
652 1449 1
646 1447 1
640 1445 1
636 1444 1
633 1442 1
629 1438 1
624 1433 1
618 1424 1
612 1415 1
607 1406 1
601 1395 1
595 1385 1
588 1372 1
581 1358 1
574 1345 1
566 1332 1
560 1322 1
554 1313 1
548 1303 1
542 1294 1
534 1284 1
525 1273 1
521 1267 1
524 1271 0
887 1206 1
887 1206 1
887 1206 1
887 1206 1
887 1206 1
887 1206 1
887 1206 1
887 1206 1
887 1206 1
887 1206 1
887 1206 1
887 1205 1
887 1205 1
887 1202 1
888 1199 1
890 1195 1
894 1190 1
896 1185 1
900 1181 1
903 1176 1
907 1171 1
910 1167 1
914 1161 1
917 1155 1
921 1149 1
926 1143 1
929 1136 1
933 1131 1
936 1125 1
940 1119 1
945 1114 1
948 1109 1
953 1104 1
956 1097 1
960 1092 1
963 1086 1
966 1080 1
969 1073 1
971 1067 1
973 1061 1
974 1055 1
976 1049 1
978 1042 1
979 1034 1
980 1025 1
981 1014 1
983 1001 1
983 989 1
984 976 1
984 964 1
982 952 1
983 941 1
982 932 1
980 925 1
979 919 1
979 915 1
978 912 1
976 910 1
976 909 1
976 907 1
973 906 1
973 906 1
971 907 1
968 907 1
962 907 1
956 908 1
950 909 1
944 910 1
938 912 1
932 914 1
927 916 1
922 919 1
918 925 1
913 930 1
910 936 1
907 942 1
903 951 1
900 959 1
898 966 1
896 974 1
894 981 1
894 987 1
894 992 1
894 998 1
894 1003 1
894 1009 1
894 1015 1
895 1020 1
896 1027 1
898 1032 1
899 1037 1
903 1044 1
906 1049 1
910 1055 1
916 1064 1
923 1074 1
931 1085 1
938 1097 1
946 1108 1
952 1118 1
957 1125 1
962 1133 1
967 1140 1
973 1148 1
977 1157 1
980 1164 1
983 1170 1
987 1177 1
990 1181 1
992 1185 1
995 1190 1
997 1195 1
999 1199 1
1001 1204 1
1003 1209 1
1005 1215 1
1006 1221 1
1008 1228 1
1009 1236 1
1011 1244 1
1012 1250 1
1014 1255 1
1014 1258 1
1015 1262 1
1016 1265 1
1016 1268 1
1017 1271 1
1017 1273 1
1017 1275 1
1017 1278 1
1017 1281 1
1017 1286 1
1017 1291 1
1017 1296 1
1017 1302 1
1015 1308 1
1014 1312 1
1012 1317 1
1009 1323 1
1006 1327 1
1003 1332 1
1000 1337 1
996 1341 1
991 1346 1
985 1352 1
978 1357 1
972 1364 1
965 1368 1
960 1371 1
955 1374 1
950 1375 1
947 1376 1
942 1376 1
936 1373 1
930 1368 1
922 1358 1
913 1345 1
903 1327 1
894 1306 1
886 1281 1
881 1259 1
880 1239 1
878 1222 1
877 1205 1
878 1189 1
876 1170 1
875 1149 1
873 1129 1
872 1110 1
870 1094 1
871 1099 0
