1032 411 1
1029 408 1
1029 408 1
1027 408 1
1027 408 1
1027 408 1
1027 408 1
1027 408 1
1027 408 1
1027 408 1
1027 408 1
1027 410 1
1025 413 1
1025 417 1
1023 422 1
1022 429 1
1020 436 1
1018 444 1
1015 453 1
1012 464 1
1008 473 1
1005 483 1
1002 491 1
999 499 1
997 506 1
996 511 1
994 517 1
993 523 1
993 527 1
992 534 1
992 539 1
992 547 1
993 554 1
993 563 1
994 576 1
995 590 1
997 605 1
1000 619 1
1001 630 1
1002 639 1
1003 648 1
1003 656 1
1004 662 1
1004 670 1
1005 678 1
1005 686 1
1006 692 1
1007 699 1
1008 704 1
1008 709 1
1008 715 1
1009 723 1
1009 729 1
1009 735 1
1010 740 1
1010 746 1
1010 752 1
1011 757 1
1011 763 1
1011 769 1
1012 775 1
1012 782 1
1012 790 1
1012 800 1
1012 808 1
1010 817 1
1011 824 1
1009 832 1
1008 839 1
1006 845 1
1005 849 1
1003 854 1
998 859 1
991 863 1
985 867 1
977 870 1
969 872 1
960 873 1
952 874 1
945 874 1
937 874 1
930 872 1
922 872 1
915 870 1
906 869 1
898 867 1
890 864 1
882 861 1
877 856 1
871 853 1
867 848 1
863 845 1
860 842 1
858 839 1
856 836 1
855 833 1
853 830 1
853 827 1
851 822 1
850 817 1
850 812 1
848 806 1
846 798 1
844 791 1
841 784 1
839 779 1
836 775 1
836 771 1
836 768 1
835 765 1
835 762 1
834 760 1
834 758 1
834 757 1
834 755 1
834 754 1
834 753 1
834 753 1
834 750 1
836 747 1
837 742 1
839 739 1
840 736 1
841 734 1
843 731 1
844 730 1
846 730 1
849 730 1
855 730 1
861 730 1
869 731 1
875 732 1
882 734 1
888 739 1
894 746 1
900 752 1
906 760 1
912 768 1
915 775 1
918 781 1
922 791 1
928 809 1
933 823 1
937 841 1
941 860 1
943 877 1
946 895 1
947 913 1
949 930 1
949 948 1
950 964 1
948 978 1
947 994 1
943 1009 1
936 1026 1
927 1045 1
917 1062 1
905 1081 1
888 1100 1
872 1114 1
864 1121 1
869 1117 0
782 475 1
782 475 1
782 475 1
782 475 1
782 475 1
782 475 1
782 475 1
782 475 1
782 475 1
782 475 1
782 475 1
782 475 1
782 475 1
782 475 1
782 475 1
782 475 1
781 475 1
781 476 1
780 480 1
778 485 1
778 492 1
776 498 1
774 504 1
774 511 1
774 518 1
773 525 1
771 531 1
771 537 1
771 545 1
770 551 1
769 558 1
769 565 1
769 575 1
767 586 1
768 596 1
766 605 1
766 614 1
765 623 1
765 631 1
765 639 1
765 648 1
765 657 1
765 666 1
765 677 1
765 686 1
765 694 1
765 701 1
763 708 1
764 715 1
764 723 1
763 731 1
763 738 1
763 747 1
762 755 1
762 763 1
762 770 1
762 777 1
762 787 1
762 798 1
763 808 1
764 818 1
765 827 1
766 835 1
768 842 1
769 849 1
771 855 1
774 862 1
777 869 1
782 876 1
787 884 1
790 890 1
795 897 1
799 903 1
802 909 1
806 915 1
808 921 1
811 927 1
812 930 1
812 935 1
813 938 1
813 943 1
811 948 1
812 951 1
812 955 1
811 958 1
811 961 1
809 964 1
807 969 1
805 973 1
802 977 1
796 981 1
786 985 1
777 989 1
766 991 1
754 994 1
735 995 1
719 996 1
703 993 1
686 988 1
671 981 1
658 973 1
647 965 1
637 958 1
627 951 1
620 942 1
612 933 1
607 922 1
604 913 1
602 905 1
603 898 1
603 891 1
603 887 1
604 882 1
604 881 1
606 878 1
608 876 1
609 876 1
612 876 1
619 875 1
628 876 1
645 879 1
660 886 1
673 898 1
684 906 1
692 914 1
699 922 1
713 937 1
723 952 1
731 966 1
735 977 1
740 987 1
741 997 1
743 1011 1
744 1032 1
743 1048 1
741 1065 1
739 1085 1
731 1105 1
722 1125 1
713 1146 1
703 1168 1
691 1188 1
682 1203 1
683 1203 0
503 509 1
503 509 1
503 509 1
503 509 1
503 509 1
503 509 1
503 509 1
503 509 1
503 509 1
503 509 1
503 512 1
503 517 1
504 524 1
506 532 1
508 540 1
510 550 1
512 558 1
513 566 1
514 574 1
515 582 1
516 589 1
516 595 1
516 600 1
516 606 1
516 613 1
514 619 1
512 626 1
511 634 1
508 643 1
503 657 1
500 669 1
496 682 1
493 693 1
491 703 1
490 713 1
488 724 1
489 733 1
489 742 1
491 750 1
492 759 1
495 766 1
502 775 1
508 784 1
514 793 1
520 802 1
525 810 1
530 820 1
534 830 1
536 841 1
539 852 1
541 863 1
543 874 1
545 887 1
548 896 1
552 906 1
556 914 1
561 922 1
565 931 1
568 940 1
571 956 1
572 971 1
569 985 1
563 999 1
552 1014 1
542 1027 1
530 1040 1
519 1047 1
510 1054 1
501 1057 1
494 1062 1
487 1063 1
482 1064 1
478 1065 1
475 1064 1
468 1061 1
463 1054 1
459 1046 1
458 1040 1
456 1034 1
456 1030 1
454 1025 1
455 1023 1
454 1020 1
454 1016 1
455 1011 1
456 1005 1
456 1001 1
458 996 1
459 993 1
461 988 1
463 986 1
467 983 1
472 981 1
479 982 1
485 982 1
491 982 1
497 983 1
504 986 1
510 990 1
519 1005 1
524 1018 1
527 1032 1
528 1046 1
528 1062 1
527 1081 1
525 1103 1
517 1126 1
508 1147 1
497 1167 1
484 1185 1
474 1201 1
476 1199 0
301 577 1
301 577 1
301 577 1
301 577 1
301 577 1
301 577 1
300 577 1
300 581 1
298 587 1
298 596 1
298 607 1
297 619 1
295 633 1
295 647 1
295 660 1
297 673 1
301 686 1
305 698 1
311 710 1
317 723 1
324 742 1
329 758 1
332 774 1
333 789 1
333 801 1
332 812 1
332 823 1
332 833 1
332 842 1
332 852 1
332 859 1
334 870 1
339 886 1
345 896 1
350 904 1
353 909 1
357 916 1
359 924 1
358 944 1
355 963 1
344 982 1
329 1000 1
312 1015 1
299 1027 1
288 1036 1
281 1041 1
274 1046 1
269 1049 1
265 1051 1
257 1051 1
251 1045 1
243 1039 1
238 1034 1
232 1028 1
226 1022 1
219 1013 1
212 1004 1
207 996 1
202 988 1
200 984 1
198 980 1
199 977 1
199 972 1
201 965 1
210 959 1
219 954 1
226 951 1
232 948 1
239 948 1
246 948 1
256 950 1
265 958 1
269 964 1
274 972 1
277 979 1
280 995 1
281 1013 1
279 1038 1
276 1064 1
265 1092 1
253 1123 1
235 1158 1
213 1199 1
192 1238 1
181 1262 1
181 1262 0
