65 1431 1
65 1431 1
65 1431 1
65 1430 1
63 1424 1
64 1417 1
62 1410 1
63 1403 1
61 1396 1
62 1389 1
62 1380 1
62 1369 1
62 1357 1
63 1345 1
64 1335 1
66 1325 1
67 1318 1
70 1309 1
73 1299 1
76 1288 1
80 1277 1
85 1265 1
89 1255 1
93 1245 1
97 1235 1
101 1222 1
105 1208 1
109 1198 1
112 1187 1
115 1179 1
118 1171 1
120 1163 1
121 1155 1
123 1147 1
123 1138 1
125 1130 1
125 1122 1
127 1114 1
127 1106 1
131 1097 1
134 1084 1
138 1070 1
142 1056 1
145 1041 1
148 1016 1
150 1002 1
151 986 1
152 969 1
152 952 1
150 938 1
151 924 1
149 913 1
150 899 1
150 887 1
150 874 1
151 863 1
152 852 1
153 844 1
154 837 1
155 830 1
157 824 1
157 820 1
159 815 1
159 811 1
160 806 1
161 801 1
162 796 1
163 790 1
163 783 1
165 776 1
165 770 1
166 764 1
167 757 1
167 749 1
168 741 1
168 732 1
168 724 1
168 715 1
168 707 1
167 699 1
167 691 1
164 683 1
164 674 1
162 665 1
162 656 1
159 647 1
156 638 1
153 631 1
150 625 1
147 619 1
145 615 1
145 613 1
145 611 1
144 611 1
142 609 1
142 609 1
142 609 1
141 609 1
139 608 1
136 606 1
132 607 1
127 605 1
121 606 1
116 606 1
114 606 1
109 607 1
107 608 1
106 608 1
104 609 1
103 610 1
101 613 1
99 620 1
96 629 1
91 641 1
85 655 1
80 670 1
76 682 1
73 693 1
72 703 1
72 714 1
71 726 1
71 737 1
72 747 1
73 756 1
73 763 1
74 770 1
75 778 1
76 784 1
78 792 1
79 798 1
81 808 1
84 818 1
92 832 1
101 852 1
109 870 1
115 887 1
119 899 1
122 912 1
126 923 1
129 936 1
133 948 1
136 959 1
139 969 1
142 976 1
145 984 1
147 994 1
149 1003 1
150 1014 1
151 1023 1
153 1034 1
154 1043 1
156 1052 1
157 1062 1
159 1075 1
160 1087 1
163 1100 1
167 1112 1
173 1124 1
181 1136 1
187 1148 1
193 1160 1
199 1172 1
203 1183 1
209 1192 1
214 1200 1
221 1211 1
227 1221 1
232 1230 1
237 1238 1
240 1244 1
245 1252 1
250 1258 1
254 1263 1
261 1270 1
267 1274 1
274 1278 1
280 1283 1
287 1288 1
293 1293 1
298 1298 1
303 1303 1
308 1311 1
311 1316 1
314 1322 1
316 1325 1
318 1328 1
319 1330 1
320 1333 1
321 1335 1
322 1337 1
323 1339 1
324 1341 1
325 1342 1
325 1343 1
325 1344 1
325 1344 1
326 1344 1
326 1344 1
326 1344 1
326 1344 1
326 1344 1
326 1344 1
326 1344 1
326 1339 1
326 1332 1
326 1324 1
326 1315 1
325 1301 1
325 1287 1
323 1273 1
321 1260 1
319 1247 1
316 1232 1
313 1216 1
311 1201 1
308 1186 1
305 1171 1
302 1155 1
298 1138 1
294 1122 1
291 1107 1
288 1092 1
285 1077 1
283 1062 1
281 1050 1
281 1040 1
279 1030 1
279 1021 1
277 1012 1
278 1002 1
277 994 1
275 986 1
276 978 1
274 971 1
275 963 1
275 956 1
275 949 1
276 941 1
277 933 1
277 926 1
277 919 1
278 911 1
278 903 1
279 895 1
280 885 1
280 878 1
280 869 1
281 860 1
282 850 1
283 840 1
284 831 1
285 822 1
286 812 1
288 803 1
289 792 1
291 781 1
293 772 1
294 764 1
296 756 1
297 749 1
298 742 1
299 733 1
299 724 1
300 714 1
300 707 1
300 699 1
299 691 1
299 683 1
296 675 1
293 665 1
288 655 1
282 646 1
277 638 1
273 633 1
268 629 1
265 626 1
263 624 1
261 623 1
259 623 1
256 624 1
252 625 1
248 630 1
242 634 1
235 641 1
228 649 1
222 658 1
218 665 1
213 675 1
210 683 1
208 692 1
206 703 1
205 715 1
205 730 1
206 743 1
208 756 1
210 768 1
212 779 1
215 790 1
217 802 1
220 813 1
222 823 1
225 833 1
227 842 1
229 853 1
233 867 1
235 882 1
238 896 1
240 909 1
242 922 1
244 935 1
246 947 1
248 960 1
250 971 1
252 980 1
253 990 1
255 998 1
256 1008 1
257 1019 1
257 1029 1
258 1040 1
259 1049 1
260 1058 1
260 1069 1
261 1083 1
264 1097 1
267 1113 1
272 1127 1
275 1141 1
278 1155 1
283 1169 1
287 1181 1
290 1192 1
293 1201 1
296 1212 1
299 1223 1
302 1235 1
306 1247 1
308 1257 1
311 1265 1
314 1275 1
318 1284 1
322 1294 1
327 1304 1
330 1313 1
335 1320 1
338 1326 1
341 1331 1
344 1335 1
348 1339 1
351 1342 1
356 1344 1
359 1347 1
363 1349 1
366 1349 1
370 1350 1
373 1350 1
376 1351 1
378 1350 1
380 1348 1
382 1347 1
386 1342 1
389 1336 1
393 1329 1
396 1318 1
400 1304 1
403 1289 1
404 1273 1
405 1257 1
402 1238 1
399 1220 1
395 1203 1
391 1185 1
387 1168 1
382 1148 1
377 1131 1
374 1113 1
371 1098 1
367 1082 1
365 1068 1
363 1055 1
363 1046 1
361 1038 1
361 1029 1
361 1021 1
359 1012 1
359 1002 1
359 994 1
359 986 1
360 978 1
360 971 1
361 963 1
362 955 1
364 946 1
365 937 1
367 928 1
369 920 1
370 912 1
371 906 1
372 898 1
374 890 1
375 883 1
378 875 1
380 867 1
382 860 1
384 852 1
385 843 1
388 833 1
391 821 1
394 808 1
396 794 1
400 780 1
399 769 1
399 759 1
397 748 1
395 736 1
392 723 1
390 713 1
388 704 1
385 697 1
382 693 1
380 688 1
377 684 1
374 681 1
372 679 1
369 677 1
366 676 1
361 674 1
357 673 1
354 673 1
349 673 1
344 673 1
339 675 1
334 678 1
326 683 1
320 691 1
313 699 1
308 708 1
302 722 1
298 737 1
294 754 1
292 770 1
291 787 1
289 804 1
291 818 1
292 831 1
293 843 1
295 855 1
297 869 1
299 883 1
301 896 1
303 908 1
305 919 1
308 933 1
310 946 1
313 959 1
315 971 1
317 982 1
318 993 1
321 1006 1
324 1020 1
327 1035 1
330 1049 1
333 1066 1
337 1084 1
341 1101 1
344 1116 1
346 1131 1
348 1147 1
351 1160 1
353 1174 1
356 1186 1
359 1196 1
362 1207 1
366 1219 1
372 1232 1
377 1243 1
384 1253 1
388 1262 1
393 1271 1
398 1280 1
403 1288 1
409 1298 1
414 1307 1
419 1315 1
424 1322 1
428 1327 1
434 1333 1
440 1338 1
445 1342 1
451 1346 1
456 1349 1
459 1351 1
463 1353 1
466 1355 1
468 1355 1
470 1356 1
472 1356 1
474 1356 1
475 1355 1
478 1353 1
480 1348 1
482 1342 1
484 1335 1
486 1326 1
488 1317 1
490 1305 1
492 1294 1
493 1284 1
495 1275 1
496 1267 1
497 1259 1
498 1250 1
498 1242 1
498 1232 1
497 1221 1
497 1210 1
497 1198 1
497 1186 1
497 1172 1
498 1157 1
500 1143 1
501 1130 1
503 1119 1
505 1109 1
507 1100 1
509 1090 1
510 1081 1
511 1072 1
513 1062 1
515 1053 1
518 1042 1
523 1031 1
526 1022 1
530 1012 1
534 1003 1
537 994 1
541 985 1
543 977 1
545 970 1
546 962 1
548 956 1
548 948 1
549 939 1
550 930 1
549 919 1
549 907 1
547 893 1
544 879 1
542 865 1
539 850 1
534 834 1
530 817 1
524 799 1
518 781 1
513 762 1
507 745 1
501 728 1
494 713 1
489 701 1
484 693 1
482 686 1
479 682 1
479 679 1
477 676 1
477 674 1
475 672 1
475 670 1
474 670 1
474 670 1
474 670 1
474 670 1
474 670 1
474 670 1
474 670 1
470 672 1
466 678 1
459 689 1
451 704 1
442 724 1
434 745 1
429 764 1
424 782 1
420 803 1
420 822 1
421 841 1
424 858 1
428 875 1
433 892 1
438 909 1
442 926 1
447 944 1
452 963 1
456 982 1
460 1000 1
464 1018 1
467 1036 1
469 1051 1
473 1065 1
477 1081 1
481 1098 1
485 1114 1
488 1129 1
491 1143 1
493 1154 1
496 1166 1
500 1176 1
503 1187 1
506 1197 1
508 1209 1
511 1221 1
513 1233 1
518 1246 1
521 1255 1
525 1264 1
529 1272 1
532 1281 1
534 1287 1
537 1295 1
539 1300 1
541 1304 1
545 1309 1
546 1312 1
547 1314 1
549 1317 1
550 1318 1
553 1320 1
554 1320 1
556 1321 1
559 1319 1
561 1319 1
564 1316 1
569 1313 1
573 1310 1
578 1305 1
583 1297 1
587 1286 1
591 1275 1
594 1266 1
595 1257 1
598 1247 1
599 1235 1
600 1221 1
601 1210 1
602 1199 1
603 1190 1
604 1179 1
605 1167 1
604 1152 1
601 1138 1
599 1125 1
597 1115 1
596 1107 1
594 1098 1
592 1089 1
591 1078 1
588 1067 1
587 1057 1
585 1046 1
584 1036 1
584 1025 1
585 1015 1
585 1006 1
586 997 1
587 988 1
588 980 1
589 973 1
591 965 1
593 954 1
596 943 1
599 932 1
600 920 1
603 906 1
605 889 1
608 872 1
610 856 1
613 839 1
615 823 1
618 807 1
620 794 1
620 781 1
620 769 1
618 755 1
615 740 1
610 721 1
605 703 1
598 687 1
592 673 1
586 662 1
581 654 1
576 646 1
574 642 1
571 639 1
571 637 1
570 636 1
570 636 1
570 636 1
570 636 1
570 636 1
567 638 1
566 640 1
564 646 1
560 656 1
556 669 1
554 683 1
552 701 1
552 719 1
552 739 1
553 759 1
555 776 1
559 794 1
563 813 1
566 829 1
569 845 1
571 858 1
574 873 1
576 887 1
578 899 1
579 910 1
580 921 1
582 933 1
583 948 1
585 962 1
586 977 1
587 992 1
588 1008 1
590 1025 1
593 1041 1
595 1060 1
598 1079 1
599 1098 1
601 1115 1
601 1129 1
603 1141 1
605 1153 1
608 1163 1
611 1175 1
614 1184 1
617 1192 1
620 1200 1
625 1207 1
628 1217 1
633 1227 1
638 1235 1
641 1242 1
645 1248 1
650 1255 1
654 1259 1
659 1264 1
664 1268 1
668 1272 1
672 1274 1
677 1277 1
682 1278 1
686 1279 1
690 1280 1
692 1280 1
694 1280 1
698 1278 1
699 1276 1
700 1273 1
703 1269 1
705 1262 1
707 1255 1
708 1243 1
710 1229 1
711 1213 1
711 1197 1
711 1183 1
708 1168 1
705 1154 1
702 1140 1
699 1127 1
696 1114 1
693 1100 1
688 1085 1
685 1069 1
681 1052 1
677 1037 1
674 1022 1
670 1004 1
668 989 1
668 975 1
668 963 1
669 952 1
670 942 1
672 931 1
673 920 1
675 909 1
676 899 1
677 888 1
679 877 1
680 866 1
682 856 1
682 847 1
683 836 1
684 826 1
685 815 1
686 804 1
687 794 1
688 784 1
689 774 1
691 765 1
691 754 1
692 743 1
692 731 1
691 718 1
689 704 1
687 690 1
684 677 1
680 666 1
675 658 1
672 652 1
671 648 1
669 646 1
669 645 1
669 645 1
669 645 1
669 645 1
669 645 1
669 645 1
666 646 1
664 647 1
660 650 1
654 656 1
646 664 1
639 674 1
633 683 1
627 691 1
624 698 1
622 705 1
620 712 1
618 720 1
618 731 1
618 743 1
617 754 1
617 764 1
616 773 1
616 782 1
616 791 1
616 799 1
618 808 1
618 817 1
620 825 1
621 832 1
621 839 1
622 844 1
622 849 1
623 857 1
624 864 1
626 874 1
627 884 1
629 895 1
631 904 1
632 913 1
634 923 1
636 934 1
639 947 1
642 957 1
645 966 1
647 972 1
649 980 1
652 987 1
654 994 1
657 1000 1
658 1006 1
660 1011 1
661 1015 1
662 1020 1
664 1025 1
665 1029 1
666 1035 1
667 1040 1
668 1045 1
668 1050 1
669 1055 1
670 1060 1
670 1066 1
671 1072 1
672 1080 1
673 1089 1
674 1096 1
674 1102 1
675 1107 1
676 1112 1
677 1116 1
678 1120 1
679 1123 1
680 1125 1
680 1127 1
681 1129 1
682 1132 1
683 1135 1
684 1138 1
686 1142 1
688 1147 1
691 1152 1
694 1159 1
697 1164 1
699 1169 1
701 1173 1
703 1176 1
704 1178 1
706 1180 1
706 1182 1
707 1183 1
707 1183 1
707 1184 1
708 1184 1
708 1184 1
708 1185 1
708 1185 1
708 1185 1
708 1186 1
708 1186 1
709 1186 1
709 1186 1
709 1186 1
709 1186 1
709 1187 1
709 1187 1
710 1187 1
710 1187 1
710 1187 1
710 1187 1
710 1187 1
710 1187 1
710 1187 1
710 1187 1
710 1187 1
710 1187 1
710 1187 1
710 1187 1
710 1187 1
710 1188 1
710 1188 1
710 1188 1
711 1189 1
711 1189 1
711 1189 1
711 1190 1
711 1190 1
712 1191 1
714 1193 1
715 1195 1
717 1197 1
719 1199 1
720 1201 1
722 1203 1
723 1204 1
724 1206 1
725 1208 1
727 1210 1
727 1213 1
731 1217 1
733 1220 1
734 1223 1
736 1225 1
737 1227 1
738 1229 1
739 1230 1
741 1232 1
742 1233 1
742 1234 1
742 1234 1
742 1234 1
742 1234 1
742 1235 1
743 1235 1
744 1236 1
745 1238 1
747 1240 1
748 1241 1
750 1244 1
752 1245 1
754 1247 1
757 1249 1
758 1251 1
760 1253 1
762 1254 1
764 1256 1
766 1257 1
768 1259 1
770 1260 1
772 1262 1
774 1264 1
774 1265 1
775 1265 1
777 1266 1
779 1267 1
780 1268 1
782 1269 1
783 1270 1
783 1270 1
783 1270 1
783 1270 1
783 1270 1
783 1270 1
783 1270 1
785 1268 1
787 1266 1
790 1263 1
794 1260 1
797 1256 1
801 1252 1
804 1247 1
807 1243 1
809 1240 1
812 1235 1
813 1231 1
816 1227 1
817 1222 1
820 1217 1
821 1213 1
822 1208 1
824 1203 1
824 1199 1
825 1193 1
824 1187 1
822 1178 1
821 1167 1
816 1154 1
813 1142 1
809 1131 1
806 1121 1
803 1112 1
799 1101 1
794 1088 1
790 1075 1
787 1063 1
784 1051 1
779 1039 1
776 1027 1
771 1014 1
768 1001 1
765 990 1
763 977 1
761 966 1
761 954 1
761 942 1
761 931 1
761 921 1
761 911 1
762 900 1
763 889 1
764 874 1
765 860 1
768 843 1
771 825 1
774 806 1
776 788 1
778 771 1
779 758 1
781 745 1
782 734 1
781 723 1
781 713 1
780 702 1
778 692 1
776 681 1
774 668 1
770 655 1
765 643 1
760 632 1
756 624 1
753 618 1
750 613 1
748 608 1
745 606 1
743 603 1
740 600 1
739 599 1
739 597 1
738 598 1
738 598 1
738 598 1
738 598 1
738 598 1
733 601 1
729 607 1
724 615 1
719 624 1
714 637 1
708 652 1
705 669 1
702 685 1
699 701 1
700 717 1
701 733 1
703 748 1
705 764 1
706 777 1
708 791 1
710 807 1
711 821 1
714 837 1
716 857 1
719 880 1
722 905 1
725 929 1
729 949 1
733 966 1
735 976 1
737 983 1
738 988 1
739 991 1
739 993 1
740 994 1
740 994 1
740 995 1
740 996 1
741 1000 1
743 1004 1
746 1013 1
751 1022 1
755 1034 1
759 1043 1
764 1054 1
769 1065 1
775 1079 1
781 1095 1
787 1109 1
794 1123 1
800 1137 1
807 1148 1
812 1159 1
818 1167 1
822 1175 1
826 1181 1
828 1184 1
831 1187 1
833 1191 1
834 1194 1
837 1196 1
839 1199 1
842 1202 1
845 1205 1
848 1208 1
851 1211 1
856 1216 1
861 1223 1
868 1231 1
874 1239 1
881 1247 1
888 1254 1
893 1260 1
899 1266 1
905 1272 1
909 1276 1
914 1280 1
918 1282 1
920 1284 1
922 1286 1
925 1287 1
926 1288 1
927 1289 1
927 1289 1
927 1289 1
928 1289 1
928 1286 1
930 1283 1
932 1276 1
935 1267 1
938 1255 1
940 1241 1
942 1226 1
943 1210 1
943 1195 1
941 1178 1
936 1160 1
931 1141 1
926 1126 1
920 1110 1
914 1092 1
907 1073 1
897 1052 1
886 1028 1
875 1001 1
865 973 1
857 943 1
851 913 1
847 882 1
847 853 1
848 826 1
850 801 1
853 779 1
857 758 1
862 741 1
866 726 1
869 713 1
872 700 1
873 688 1
873 672 1
871 656 1
868 641 1
864 630 1
861 621 1
858 614 1
855 608 1
853 604 1
850 601 1
847 598 1
840 598 1
831 599 1
818 607 1
804 621 1
791 641 1
780 667 1
773 695 1
772 720 1
773 745 1
777 767 1
785 791 1
794 816 1
808 844 1
822 875 1
839 908 1
856 940 1
872 970 1
887 997 1
904 1024 1
922 1053 1
942 1082 1
961 1106 1
978 1127 1
991 1140 1
1001 1150 1
1011 1160 1
1019 1167 1
1023 1171 1
1021 1169 0
