428 355 1
428 355 1
428 355 1
428 355 1
428 355 1
428 355 1
426 355 1
426 355 1
425 356 1
422 358 1
416 362 1
408 372 1
398 382 1
388 396 1
379 408 1
370 419 1
365 428 1
358 437 1
353 449 1
347 461 1
342 473 1
339 485 1
335 496 1
330 520 1
330 535 1
330 554 1
331 574 1
332 595 1
333 612 1
334 629 1
335 648 1
335 669 1
337 688 1
337 702 1
338 716 1
338 734 1
339 747 1
337 759 1
338 768 1
334 778 1
331 788 1
328 797 1
323 807 1
319 817 1
312 828 1
304 838 1
297 849 1
289 860 1
281 871 1
274 882 1
267 893 1
259 905 1
251 917 1
244 929 1
239 941 1
236 956 1
233 972 1
233 989 1
234 1007 1
240 1027 1
245 1044 1
250 1060 1
255 1074 1
259 1088 1
264 1104 1
269 1118 1
274 1133 1
279 1147 1
284 1163 1
287 1177 1
290 1190 1
292 1201 1
295 1213 1
297 1227 1
300 1241 1
302 1252 1
305 1263 1
308 1273 1
312 1286 1
317 1297 1
321 1309 1
324 1320 1
327 1328 1
330 1337 1
333 1347 1
336 1356 1
339 1366 1
343 1374 1
345 1382 1
347 1388 1
350 1393 1
354 1398 1
358 1402 1
364 1406 1
368 1409 1
372 1412 1
375 1414 1
377 1416 1
381 1418 1
384 1420 1
387 1421 1
390 1423 1
394 1425 1
398 1427 1
405 1429 1
412 1432 1
421 1434 1
432 1436 1
442 1438 1
453 1439 1
464 1440 1
477 1441 1
488 1441 1
497 1440 1
505 1440 1
513 1439 1
522 1437 1
530 1435 1
539 1432 1
547 1428 1
554 1424 1
561 1418 1
569 1410 1
578 1400 1
589 1387 1
600 1370 1
609 1352 1
618 1335 1
624 1320 1
631 1304 1
638 1288 1
643 1273 1
647 1259 1
651 1244 1
655 1229 1
657 1214 1
660 1199 1
662 1185 1
664 1170 1
667 1151 1
668 1137 1
671 1124 1
671 1114 1
673 1106 1
674 1100 1
675 1095 1
677 1089 1
679 1084 1
681 1078 1
683 1072 1
687 1063 1
691 1052 1
695 1039 1
698 1023 1
703 1003 1
706 983 1
708 963 1
710 942 1
712 921 1
713 902 1
714 883 1
715 867 1
716 853 1
717 841 1
718 830 1
719 819 1
720 809 1
722 798 1
724 788 1
727 778 1
730 768 1
734 756 1
738 744 1
742 730 1
746 719 1
749 708 1
753 699 1
756 690 1
761 680 1
763 669 1
766 658 1
770 646 1
771 636 1
774 626 1
777 614 1
781 600 1
785 585 1
787 570 1
789 556 1
791 542 1
793 527 1
795 512 1
798 498 1
802 485 1
805 475 1
810 464 1
814 453 1
819 442 1
823 431 1
828 421 1
831 411 1
835 401 1
839 390 1
841 380 1
842 368 1
839 353 1
832 332 1
818 307 1
800 280 1
780 258 1
761 242 1
747 229 1
738 224 1
729 219 1
720 216 1
712 214 1
699 212 1
689 211 1
679 209 1
670 208 1
660 206 1
650 206 1
639 204 1
626 204 1
613 202 1
601 202 1
592 202 1
584 201 1
577 201 1
570 199 1
564 200 1
559 200 1
553 199 1
548 199 1
543 198 1
538 196 1
534 196 1
529 195 1
524 193 1
518 193 1
512 193 1
503 193 1
495 193 1
488 193 1
478 195 1
467 197 1
457 202 1
444 208 1
433 215 1
421 223 1
409 234 1
395 248 1
378 267 1
362 291 1
346 316 1
333 340 1
324 365 1
318 389 1
315 413 1
312 436 1
308 457 1
305 476 1
302 494 1
299 512 1
296 528 1
294 543 1
292 555 1
291 567 1
288 577 1
287 593 1
284 610 1
282 627 1
280 646 1
278 666 1
276 684 1
274 701 1
272 719 1
270 736 1
267 754 1
264 771 1
260 788 1
256 805 1
251 821 1
246 836 1
242 851 1
237 866 1
233 883 1
228 897 1
223 910 1
220 921 1
215 932 1
211 945 1
209 957 1
206 971 1
206 984 1
206 1000 1
206 1018 1
208 1037 1
211 1054 1
216 1072 1
221 1090 1
229 1107 1
235 1121 1
241 1135 1
247 1148 1
254 1161 1
260 1175 1
268 1190 1
275 1205 1
286 1223 1
297 1240 1
307 1257 1
316 1274 1
322 1292 1
329 1309 1
336 1324 1
343 1338 1
349 1350 1
357 1363 1
363 1374 1
373 1387 1
382 1399 1
394 1411 1
408 1424 1
424 1436 1
437 1448 1
448 1457 1
459 1466 1
471 1474 1
484 1479 1
497 1484 1
508 1487 1
521 1487 1
533 1484 1
547 1478 1
561 1469 1
572 1460 1
582 1449 1
589 1436 1
597 1422 1
604 1406 1
611 1390 1
616 1373 1
622 1357 1
625 1341 1
630 1325 1
633 1308 1
637 1286 1
642 1263 1
647 1238 1
653 1211 1
658 1185 1
661 1161 1
664 1138 1
666 1120 1
669 1104 1
671 1093 1
673 1085 1
674 1081 1
676 1078 1
677 1076 1
678 1074 1
680 1072 1
681 1071 1
683 1069 1
684 1067 1
686 1065 1
687 1064 1
689 1061 1
691 1057 1
694 1052 1
697 1046 1
701 1038 1
704 1026 1
709 1010 1
715 992 1
722 970 1
730 947 1
738 924 1
746 901 1
751 878 1
756 855 1
758 837 1
762 819 1
764 799 1
765 783 1
767 768 1
767 754 1
768 740 1
767 729 1
767 718 1
767 710 1
768 702 1
770 694 1
772 688 1
774 681 1
776 672 1
778 664 1
780 655 1
783 644 1
786 633 1
792 619 1
796 599 1
798 576 1
799 553 1
797 530 1
794 514 1
794 501 1
792 491 1
794 480 1
795 468 1
796 454 1
798 438 1
799 425 1
801 412 1
804 401 1
805 391 1
807 380 1
809 370 1
812 360 1
813 349 1
816 336 1
816 327 1
817 318 1
817 309 1
816 301 1
816 295 1
816 289 1
814 285 1
814 281 1
812 276 1
809 272 1
806 267 1
801 262 1
796 258 1
788 252 1
777 246 1
765 240 1
752 235 1
740 231 1
731 228 1
725 225 1
719 224 1
714 222 1
707 222 1
699 221 1
690 219 1
679 219 1
667 217 1
654 217 1
642 217 1
630 216 1
617 217 1
608 217 1
599 219 1
589 222 1
581 225 1
572 230 1
562 235 1
551 241 1
539 251 1
525 262 1
511 272 1
498 281 1
487 289 1
476 297 1
464 305 1
455 310 1
447 315 1
437 322 1
428 330 1
421 337 1
414 344 1
409 350 1
404 356 1
399 363 1
394 373 1
388 383 1
384 394 1
380 403 1
377 413 1
374 423 1
370 437 1
365 451 1
361 465 1
355 480 1
351 490 1
348 501 1
342 512 1
339 523 1
334 536 1
331 547 1
327 558 1
323 570 1
317 584 1
312 596 1
307 608 1
302 617 1
295 627 1
290 635 1
286 643 1
281 652 1
276 663 1
268 674 1
263 685 1
257 695 1
251 706 1
245 717 1
239 731 1
235 743 1
230 756 1
226 767 1
222 778 1
220 792 1
217 807 1
217 825 1
217 844 1
218 867 1
221 891 1
224 919 1
224 946 1
224 971 1
223 993 1
223 1012 1
223 1026 1
223 1036 1
222 1044 1
222 1050 1
222 1054 1
223 1058 1
225 1062 1
226 1065 1
228 1070 1
230 1075 1
234 1083 1
239 1091 1
244 1101 1
249 1110 1
255 1118 1
262 1128 1
269 1138 1
276 1150 1
284 1163 1
293 1176 1
300 1190 1
306 1208 1
313 1229 1
320 1252 1
325 1277 1
328 1301 1
328 1318 1
325 1333 1
322 1344 1
319 1354 1
316 1363 1
311 1372 1
305 1381 1
300 1389 1
295 1395 1
292 1401 1
290 1405 1
287 1409 1
287 1412 1
285 1416 1
286 1422 1
287 1428 1
289 1438 1
294 1447 1
300 1458 1
307 1468 1
315 1480 1
325 1491 1
337 1501 1
347 1507 1
356 1512 1
364 1516 1
371 1519 1
377 1521 1
385 1522 1
391 1523 1
398 1522 1
405 1520 1
413 1519 1
420 1517 1
427 1515 1
434 1512 1
440 1510 1
443 1508 1
447 1506 1
452 1504 1
457 1500 1
461 1497 1
465 1494 1
470 1491 1
475 1487 1
484 1480 1
494 1470 1
507 1461 1
521 1449 1
537 1435 1
556 1420 1
576 1403 1
594 1388 1
608 1374 1
621 1363 1
632 1351 1
640 1342 1
646 1333 1
651 1324 1
657 1315 1
664 1301 1
669 1287 1
673 1273 1
675 1261 1
676 1248 1
677 1231 1
679 1212 1
681 1187 1
683 1162 1
685 1141 1
686 1126 1
687 1114 1
685 1104 1
686 1094 1
686 1083 1
688 1073 1
689 1065 1
691 1058 1
692 1052 1
695 1047 1
696 1042 1
698 1037 1
700 1031 1
702 1025 1
704 1019 1
707 1009 1
710 999 1
716 984 1
722 971 1
729 953 1
735 936 1
743 920 1
751 902 1
758 882 1
765 862 1
770 844 1
774 831 1
777 818 1
779 810 1
781 803 1
783 795 1
785 787 1
788 778 1
790 769 1
793 760 1
794 752 1
794 744 1
793 734 1
791 722 1
789 710 1
787 698 1
785 683 1
780 668 1
776 652 1
771 637 1
767 620 1
763 606 1
759 591 1
754 579 1
751 569 1
749 560 1
747 553 1
746 547 1
744 541 1
742 534 1
742 526 1
742 516 1
742 505 1
742 494 1
742 483 1
742 474 1
742 464 1
743 453 1
744 444 1
746 433 1
749 423 1
751 414 1
753 405 1
755 395 1
758 384 1
761 372 1
764 361 1
769 348 1
772 337 1
776 330 1
779 322 1
782 314 1
783 309 1
785 303 1
786 299 1
787 295 1
788 292 1
789 289 1
789 285 1
790 282 1
792 276 1
792 271 1
793 263 1
793 252 1
791 240 1
790 228 1
788 218 1
786 211 1
783 205 1
781 201 1
779 198 1
776 194 1
773 191 1
768 187 1
761 183 1
754 180 1
746 178 1
737 175 1
729 173 1
720 171 1
711 170 1
703 168 1
696 167 1
689 168 1
683 168 1
678 168 1
672 168 1
666 169 1
659 169 1
652 169 1
646 171 1
637 171 1
627 173 1
617 175 1
604 177 1
591 179 1
575 181 1
557 185 1
540 189 1
524 192 1
508 197 1
495 203 1
482 208 1
471 212 1
460 216 1
449 219 1
439 223 1
430 228 1
421 232 1
411 237 1
400 242 1
392 245 1
383 250 1
374 254 1
364 260 1
354 266 1
343 272 1
333 280 1
325 286 1
316 292 1
305 302 1
294 314 1
284 324 1
276 336 1
270 349 1
265 365 1
260 382 1
257 399 1
254 414 1
253 426 1
253 437 1
253 449 1
253 459 1
254 469 1
256 477 1
258 484 1
260 490 1
262 497 1
263 503 1
265 511 1
268 519 1
271 526 1
275 535 1
280 543 1
282 551 1
286 561 1
289 570 1
293 581 1
297 591 1
301 603 1
304 613 1
306 623 1
308 634 1
310 645 1
312 659 1
313 671 1
315 681 1
315 691 1
315 700 1
314 708 1
312 717 1
310 726 1
309 735 1
306 743 1
304 753 1
301 760 1
297 769 1
292 778 1
288 787 1
284 796 1
278 805 1
273 814 1
268 823 1
264 831 1
260 839 1
256 847 1
251 856 1
248 864 1
243 872 1
240 881 1
237 889 1
235 896 1
234 903 1
234 909 1
232 917 1
232 925 1
230 936 1
230 949 1
230 961 1
230 973 1
231 986 1
231 999 1
233 1016 1
233 1033 1
234 1047 1
234 1062 1
235 1076 1
236 1090 1
236 1104 1
237 1114 1
237 1122 1
237 1130 1
237 1138 1
235 1146 1
235 1155 1
235 1162 1
233 1170 1
231 1176 1
231 1183 1
229 1188 1
229 1194 1
227 1199 1
227 1205 1
225 1213 1
225 1223 1
225 1234 1
225 1246 1
226 1260 1
229 1276 1
232 1295 1
237 1314 1
241 1334 1
246 1353 1
252 1372 1
258 1388 1
262 1401 1
266 1411 1
270 1419 1
274 1427 1
279 1434 1
285 1441 1
292 1448 1
298 1455 1
304 1461 1
311 1466 1
317 1470 1
323 1474 1
330 1477 1
336 1480 1
344 1482 1
352 1485 1
361 1487 1
369 1488 1
378 1490 1
389 1490 1
403 1491 1
418 1489 1
433 1487 1
449 1484 1
466 1479 1
481 1477 1
495 1474 1
506 1469 1
515 1465 1
523 1462 1
531 1458 1
539 1455 1
546 1451 1
552 1448 1
557 1445 1
562 1442 1
567 1437 1
573 1429 1
580 1420 1
588 1410 1
597 1398 1
609 1383 1
619 1364 1
628 1347 1
635 1331 1
642 1313 1
648 1294 1
654 1272 1
659 1251 1
664 1229 1
667 1214 1
669 1202 1
670 1194 1
671 1187 1
671 1181 1
671 1174 1
672 1168 1
672 1160 1
673 1155 1
674 1149 1
676 1143 1
676 1137 1
678 1131 1
680 1124 1
683 1118 1
685 1111 1
688 1105 1
690 1098 1
694 1090 1
697 1083 1
699 1078 1
701 1073 1
704 1068 1
707 1063 1
711 1055 1
714 1049 1
718 1042 1
721 1036 1
724 1031 1
728 1025 1
732 1017 1
735 1009 1
739 1001 1
743 992 1
748 983 1
752 976 1
755 968 1
760 956 1
766 944 1
769 931 1
773 917 1
776 904 1
778 891 1
781 876 1
782 861 1
784 846 1
784 831 1
785 817 1
785 803 1
783 791 1
780 778 1
779 767 1
775 748 1
771 730 1
765 711 1
759 691 1
753 672 1
749 652 1
746 634 1
744 620 1
742 606 1
740 594 1
739 583 1
739 574 1
738 566 1
736 560 1
737 553 1
737 549 1
737 542 1
737 536 1
737 526 1
737 514 1
737 502 1
737 490 1
738 478 1
738 464 1
739 449 1
739 432 1
741 418 1
743 405 1
745 394 1
748 385 1
749 379 1
752 373 1
753 369 1
756 364 1
757 359 1
760 355 1
762 351 1
765 346 1
767 341 1
771 336 1
775 329 1
780 322 1
786 314 1
791 304 1
796 295 1
799 288 1
801 282 1
802 277 1
804 272 1
805 269 1
807 263 1
805 255 1
803 247 1
800 237 1
795 227 1
791 218 1
786 209 1
783 202 1
777 195 1
772 189 1
764 183 1
756 179 1
748 175 1
736 173 1
721 173 1
707 172 1
691 172 1
678 172 1
663 173 1
650 174 1
638 177 1
626 182 1
616 185 1
607 190 1
597 196 1
586 204 1
576 210 1
565 218 1
557 225 1
546 232 1
539 238 1
531 244 1
523 250 1
516 255 1
509 260 1
501 266 1
493 271 1
487 276 1
483 279 1
478 282 1
473 285 1
467 288 1
459 291 1
450 296 1
443 299 1
437 303 1
430 306 1
424 310 1
417 315 1
410 319 1
401 326 1
392 332 1
381 340 1
369 348 1
360 356 1
352 362 1
342 369 1
332 378 1
321 387 1
312 397 1
305 405 1
298 413 1
292 419 1
286 428 1
280 437 1
271 451 1
264 465 1
258 478 1
252 492 1
247 504 1
243 516 1
240 524 1
238 534 1
236 542 1
236 549 1
235 558 1
235 567 1
236 579 1
237 591 1
238 603 1
240 614 1
240 625 1
242 636 1
244 649 1
246 660 1
249 671 1
249 680 1
250 688 1
251 695 1
252 703 1
253 709 1
254 716 1
255 724 1
257 731 1
257 739 1
258 747 1
258 754 1
258 759 1
256 764 1
257 767 1
257 771 1
256 774 1
254 777 1
253 781 1
251 784 1
249 788 1
247 793 1
243 798 1
240 803 1
237 809 1
234 815 1
232 820 1
230 823 1
228 826 1
227 829 1
225 832 1
224 836 1
222 840 1
220 844 1
219 849 1
216 856 1
215 866 1
213 875 1
212 887 1
210 897 1
209 908 1
207 922 1
205 937 1
205 954 1
203 970 1
203 986 1
200 1001 1
198 1018 1
196 1034 1
194 1048 1
192 1060 1
192 1071 1
192 1081 1
193 1093 1
195 1105 1
198 1117 1
201 1128 1
205 1138 1
211 1150 1
217 1161 1
222 1173 1
227 1182 1
232 1192 1
238 1201 1
245 1210 1
253 1221 1
261 1232 1
267 1241 1
273 1251 1
277 1256 1
282 1262 1
284 1267 1
288 1271 1
291 1276 1
293 1280 1
296 1285 1
299 1292 1
302 1300 1
305 1309 1
307 1318 1
309 1326 1
311 1335 1
313 1345 1
314 1354 1
315 1364 1
314 1374 1
314 1382 1
313 1390 1
311 1398 1
311 1403 1
309 1408 1
309 1411 1
307 1416 1
307 1420 1
305 1425 1
303 1430 1
303 1434 1
301 1439 1
301 1444 1
301 1449 1
300 1455 1
300 1460 1
300 1465 1
300 1471 1
301 1477 1
303 1482 1
305 1488 1
307 1493 1
309 1497 1
312 1503 1
317 1508 1
322 1513 1
331 1519 1
343 1526 1
355 1531 1
367 1535 1
379 1537 1
392 1538 1
407 1537 1
421 1535 1
434 1533 1
446 1530 1
459 1526 1
471 1523 1
484 1518 1
494 1516 1
504 1512 1
514 1509 1
525 1506 1
536 1502 1
547 1499 1
557 1494 1
567 1489 1
573 1485 1
581 1479 1
586 1474 1
592 1470 1
597 1465 1
603 1460 1
608 1456 1
613 1451 1
617 1445 1
624 1438 1
630 1428 1
636 1419 1
642 1410 1
648 1402 1
653 1394 1
658 1387 1
663 1379 1
668 1370 1
673 1360 1
676 1350 1
679 1343 1
682 1335 1
685 1328 1
688 1322 1
691 1313 1
694 1303 1
697 1291 1
700 1280 1
704 1270 1
707 1259 1
710 1249 1
713 1240 1
716 1231 1
721 1217 1
724 1203 1
727 1185 1
730 1166 1
732 1147 1
734 1132 1
735 1119 1
735 1107 1
735 1094 1
734 1081 1
732 1069 1
730 1060 1
730 1052 1
728 1045 1
728 1040 1
726 1033 1
726 1027 1
724 1020 1
724 1014 1
724 1006 1
724 1000 1
725 994 1
727 989 1
727 984 1
729 981 1
729 977 1
732 973 1
734 968 1
737 963 1
740 959 1
742 954 1
745 951 1
747 949 1
749 946 1
750 944 1
752 941 1
754 935 1
757 929 1
760 921 1
763 913 1
766 903 1
771 892 1
774 881 1
776 870 1
778 859 1
780 849 1
782 838 1
783 827 1
785 815 1
786 804 1
788 792 1
788 783 1
791 771 1
793 758 1
794 740 1
796 721 1
795 705 1
793 691 1
791 675 1
789 660 1
788 644 1
786 630 1
784 620 1
785 611 1
785 601 1
785 593 1
783 582 1
783 572 1
783 562 1
782 551 1
782 542 1
780 533 1
781 524 1
779 515 1
780 504 1
781 493 1
783 481 1
786 469 1
789 459 1
792 450 1
795 442 1
796 436 1
799 431 1
800 427 1
802 423 1
803 420 1
805 417 1
806 414 1
809 411 1
811 406 1
813 400 1
818 389 1
821 378 1
824 368 1
826 360 1
828 356 1
829 351 1
830 345 1
831 340 1
831 335 1
832 328 1
832 323 1
830 316 1
830 308 1
830 299 1
829 291 1
826 283 1
824 274 1
822 265 1
817 257 1
814 251 1
808 244 1
804 240 1
799 236 1
795 232 1
791 229 1
787 227 1
781 225 1
775 223 1
770 220 1
765 219 1
758 217 1
750 215 1
742 215 1
735 215 1
729 215 1
724 216 1
720 217 1
716 219 1
712 220 1
707 222 1
705 223 1
702 224 1
699 225 1
696 226 1
693 226 1
688 226 1
682 225 1
675 226 1
668 224 1
663 223 1
657 221 1
650 220 1
642 217 1
634 213 1
624 210 1
614 205 1
602 201 1
590 197 1
580 194 1
571 191 1
561 190 1
551 190 1
540 190 1
531 192 1
521 193 1
512 194 1
502 197 1
491 200 1
478 204 1
469 207 1
458 212 1
450 214 1
442 219 1
434 222 1
425 226 1
414 230 1
401 235 1
385 240 1
368 247 1
351 256 1
333 265 1
316 272 1
299 281 1
282 289 1
266 297 1
250 305 1
235 314 1
220 324 1
208 333 1
196 341 1
185 349 1
176 356 1
168 364 1
161 370 1
156 376 1
149 383 1
144 392 1
138 402 1
132 412 1
128 421 1
123 431 1
120 441 1
117 450 1
115 458 1
115 464 1
115 469 1
116 473 1
116 478 1
117 482 1
119 489 1
122 497 1
126 508 1
131 519 1
135 531 1
138 541 1
140 550 1
142 558 1
143 565 1
144 571 1
145 576 1
145 581 1
145 587 1
145 594 1
144 601 1
142 607 1
141 615 1
139 622 1
139 629 1
137 637 1
135 645 1
133 653 1
131 661 1
130 670 1
128 679 1
127 688 1
127 697 1
125 705 1
123 714 1
123 724 1
123 735 1
124 748 1
125 760 1
127 770 1
129 781 1
131 792 1
133 807 1
135 821 1
137 833 1
138 843 1
140 850 1
141 858 1
143 866 1
145 873 1
148 882 1
152 891 1
158 904 1
164 917 1
170 932 1
175 948 1
182 962 1
186 975 1
190 987 1
195 998 1
199 1007 1
204 1018 1
208 1027 1
212 1035 1
216 1044 1
221 1052 1
227 1061 1
232 1073 1
239 1087 1
245 1100 1
250 1112 1
256 1124 1
261 1136 1
267 1151 1
273 1166 1
281 1181 1
287 1194 1
295 1210 1
303 1226 1
311 1244 1
318 1262 1
326 1282 1
332 1303 1
337 1321 1
342 1337 1
346 1351 1
350 1365 1
353 1375 1
358 1385 1
360 1392 1
362 1398 1
365 1404 1
369 1411 1
372 1415 1
374 1419 1
377 1424 1
381 1429 1
385 1437 1
392 1445 1
399 1456 1
410 1468 1
421 1477 1
431 1488 1
440 1497 1
448 1504 1
454 1510 1
461 1515 1
465 1519 1
470 1522 1
473 1523 1
476 1524 1
481 1522 1
484 1521 1
490 1518 1
497 1512 1
506 1504 1
514 1494 1
523 1483 1
531 1472 1
541 1458 1
554 1434 1
569 1403 1
582 1372 1
593 1345 1
602 1321 1
610 1298 1
621 1272 1
632 1241 1
643 1209 1
649 1185 1
655 1165 1
659 1149 1
662 1132 1
668 1111 1
674 1088 1
678 1065 1
682 1044 1
685 1025 1
688 1009 1
689 993 1
693 976 1
695 959 1
697 941 1
698 924 1
700 907 1
703 891 1
706 874 1
711 857 1
716 842 1
721 827 1
727 815 1
731 803 1
735 793 1
740 783 1
743 776 1
747 770 1
751 765 1
754 761 1
756 758 1
757 756 1
759 753 1
760 751 1
762 748 1
765 743 1
768 737 1
773 728 1
778 717 1
784 707 1
789 694 1
794 682 1
799 669 1
805 655 1
809 642 1
814 629 1
818 615 1
821 598 1
825 582 1
827 568 1
829 555 1
830 545 1
831 536 1
831 526 1
832 517 1
832 508 1
832 499 1
832 491 1
832 485 1
832 477 1
832 469 1
832 460 1
832 449 1
832 440 1
831 431 1
829 422 1
827 412 1
827 406 1
827 400 1
826 393 1
826 383 1
826 373 1
827 362 1
827 354 1
829 347 1
830 342 1
830 338 1
831 335 1
831 333 1
831 330 1
832 329 1
832 329 1
832 327 1
832 327 1
831 324 1
830 321 1
827 316 1
821 308 1
812 299 1
801 289 1
789 278 1
777 271 1
768 263 1
760 258 1
752 254 1
742 249 1
729 246 1
718 243 1
709 240 1
697 238 1
684 235 1
667 233 1
651 231 1
639 229 1
631 228 1
625 229 1
620 229 1
614 229 1
608 230 1
600 231 1
594 233 1
587 235 1
581 237 1
573 239 1
562 244 1
550 248 1
536 252 1
522 258 1
508 263 1
494 268 1
480 273 1
468 279 1
456 283 1
447 286 1
439 291 1
429 297 1
420 303 1
410 310 1
401 317 1
391 325 1
381 334 1
370 343 1
361 351 1
352 359 1
344 367 1
335 375 1
326 385 1
315 395 1
307 404 1
300 413 1
293 421 1
287 429 1
280 437 1
273 444 1
266 453 1
260 461 1
251 472 1
244 484 1
233 501 1
221 519 1
211 538 1
203 555 1
197 572 1
191 591 1
185 608 1
181 622 1
178 635 1
174 646 1
173 657 1
171 669 1
170 681 1
170 693 1
170 706 1
170 721 1
172 741 1
177 762 1
181 783 1
185 803 1
190 821 1
195 839 1
198 857 1
200 872 1
202 885 1
203 893 1
205 901 1
205 907 1
205 911 1
205 916 1
204 922 1
204 931 1
204 943 1
203 956 1
203 970 1
201 987 1
200 1007 1
200 1026 1
198 1044 1
199 1063 1
200 1083 1
202 1106 1
205 1127 1
210 1148 1
214 1167 1
216 1182 1
218 1194 1
221 1207 1
225 1225 1
231 1247 1
237 1267 1
235 1259 0
