623 933 1
623 933 1
623 933 1
623 933 1
623 933 1
623 933 1
621 933 1
621 933 1
621 931 1
619 932 1
617 932 1
614 930 1
612 930 1
609 930 1
607 928 1
605 928 1
603 926 1
601 924 1
600 923 1
598 920 1
598 919 1
598 916 1
598 914 1
598 914 1
598 914 1
598 914 1
598 913 1
598 913 1
598 913 1
598 913 1
598 913 1
598 912 1
598 912 1
599 912 1
599 910 1
599 910 1
600 911 1
600 911 1
600 911 1
601 911 1
602 911 1
603 912 1
605 912 1
608 914 1
609 915 1
612 917 1
614 919 1
615 920 1
617 922 1
618 923 1
620 925 1
620 927 1
621 930 1
621 934 1
619 939 1
619 945 1
617 953 1
615 961 1
614 967 1
614 974 1
612 978 1
610 983 1
610 988 1
608 992 1
608 996 1
608 999 1
607 1001 1
607 1003 1
607 1006 1
607 1006 1
607 1007 1
606 1007 1
606 1008 1
606 1009 1
606 1010 1
606 1012 1
606 1015 1
606 1017 1
606 1020 1
606 1023 1
606 1025 1
606 1028 1
606 1030 1
606 1032 1
606 1032 1
605 1033 1
605 1033 1
605 1033 1
605 1033 1
605 1033 1
605 1033 1
605 1033 1
605 1033 1
605 1033 1
605 1033 1
605 1033 1
605 1033 1
605 1033 1
605 1033 1
605 1033 1
605 1033 1
605 1033 1
605 1033 1
605 1033 1
605 1033 1
604 1033 1
602 1033 1
602 1033 1
599 1032 1
596 1032 1
593 1032 1
591 1030 1
588 1031 1
586 1030 1
584 1030 1
583 1030 1
583 1028 1
581 1029 1
581 1029 1
580 1028 1
578 1028 1
577 1026 1
574 1024 1
570 1020 1
566 1016 1
563 1011 1
559 1003 1
555 995 1
552 983 1
549 971 1
546 959 1
544 946 1
543 935 1
542 924 1
542 913 1
542 906 1
544 898 1
546 893 1
548 887 1
550 884 1
552 881 1
553 878 1
555 876 1
556 874 1
558 872 1
560 871 1
562 869 1
565 867 1
566 866 1
569 864 1
572 862 1
575 860 1
578 859 1
581 857 1
584 856 1
587 853 1
592 851 1
598 849 1
603 846 1
608 844 1
614 841 1
620 838 1
627 835 1
632 832 1
637 830 1
639 828 1
642 826 1
644 825 1
646 823 1
648 821 1
649 819 1
650 817 1
651 818 1
651 816 1
651 816 1
651 816 1
651 816 1
652 816 1
652 816 1
652 816 1
653 816 1
653 816 1
653 816 1
653 816 1
654 816 1
655 817 1
657 820 1
660 825 1
663 831 1
667 840 1
669 849 1
672 860 1
674 873 1
675 887 1
675 897 1
675 906 1
674 914 1
674 922 1
674 928 1
674 932 1
673 936 1
673 939 1
673 942 1
673 945 1
673 950 1
673 953 1
673 959 1
673 964 1
674 970 1
674 975 1
675 982 1
676 987 1
677 993 1
677 998 1
677 1003 1
677 1007 1
677 1010 1
677 1013 1
677 1015 1
677 1017 1
677 1019 1
677 1021 1
677 1023 1
678 1026 1
678 1027 1
678 1030 1
678 1032 1
678 1034 1
678 1037 1
678 1039 1
676 1042 1
677 1043 1
677 1045 1
676 1047 1
676 1049 1
675 1051 1
675 1053 1
673 1055 1
671 1058 1
668 1061 1
663 1066 1
657 1073 1
646 1083 1
633 1095 1
623 1102 1
613 1108 1
603 1115 1
592 1120 1
583 1123 1
575 1126 1
570 1127 1
565 1129 1
561 1129 1
558 1129 1
555 1127 1
551 1128 1
548 1126 1
545 1126 1
542 1126 1
539 1125 1
536 1123 1
531 1121 1
529 1120 1
524 1118 1
519 1115 1
513 1108 1
506 1098 1
499 1089 1
492 1078 1
487 1067 1
482 1056 1
477 1044 1
475 1034 1
470 1020 1
466 1005 1
464 990 1
461 976 1
460 966 1
458 957 1
456 950 1
454 944 1
454 941 1
452 938 1
452 937 1
452 936 1
452 934 1
453 931 1
457 926 1
464 917 1
473 906 1
485 892 1
497 878 1
507 866 1
515 855 1
521 845 1
524 838 1
527 830 1
530 824 1
532 818 1
534 812 1
536 808 1
537 802 1
539 796 1
540 791 1
542 786 1
544 780 1
544 774 1
545 768 1
546 762 1
546 754 1
546 747 1
546 739 1
546 731 1
547 725 1
547 719 1
547 714 1
549 710 1
552 706 1
555 702 1
559 698 1
563 695 1
566 692 1
569 689 1
571 688 1
573 686 1
576 685 1
577 685 1
578 685 1
579 684 1
579 685 1
581 685 1
586 688 1
590 693 1
598 699 1
606 707 1
613 714 1
622 722 1
630 731 1
639 742 1
646 749 1
652 757 1
655 762 1
660 768 1
662 771 1
666 776 1
669 780 1
672 783 1
675 786 1
677 789 1
681 791 1
684 794 1
687 797 1
690 801 1
693 804 1
697 808 1
699 811 1
702 815 1
705 819 1
707 822 1
710 826 1
712 831 1
714 834 1
716 838 1
717 841 1
719 846 1
720 852 1
721 857 1
723 862 1
724 868 1
725 874 1
726 882 1
727 890 1
728 898 1
729 906 1
730 915 1
730 925 1
731 936 1
730 947 1
728 957 1
728 965 1
726 971 1
726 977 1
726 981 1
726 986 1
726 989 1
726 994 1
726 1000 1
726 1007 1
726 1017 1
726 1026 1
724 1036 1
723 1046 1
721 1054 1
719 1062 1
716 1071 1
711 1080 1
706 1091 1
700 1100 1
695 1109 1
691 1115 1
689 1120 1
686 1124 1
684 1127 1
682 1130 1
679 1134 1
676 1138 1
672 1143 1
667 1148 1
661 1155 1
655 1163 1
648 1170 1
643 1177 1
638 1183 1
635 1187 1
632 1191 1
629 1194 1
626 1197 1
622 1199 1
619 1203 1
613 1205 1
608 1207 1
602 1209 1
596 1210 1
590 1212 1
585 1213 1
580 1215 1
574 1216 1
570 1216 1
567 1216 1
564 1216 1
562 1216 1
560 1215 1
557 1215 1
554 1214 1
549 1211 1
540 1206 1
530 1200 1
519 1194 1
511 1188 1
504 1183 1
497 1178 1
491 1175 1
487 1171 1
482 1168 1
478 1166 1
474 1164 1
471 1162 1
468 1161 1
465 1159 1
461 1156 1
456 1151 1
451 1146 1
443 1138 1
436 1130 1
429 1121 1
422 1113 1
416 1104 1
410 1095 1
403 1085 1
398 1075 1
392 1065 1
387 1056 1
385 1049 1
382 1041 1
378 1032 1
375 1022 1
373 1010 1
372 999 1
370 986 1
371 975 1
373 964 1
375 951 1
378 940 1
381 928 1
384 920 1
386 911 1
389 904 1
391 898 1
393 893 1
395 886 1
398 878 1
401 869 1
405 859 1
410 850 1
414 839 1
418 829 1
421 820 1
423 809 1
425 799 1
426 789 1
429 779 1
432 768 1
435 757 1
441 741 1
446 724 1
452 707 1
458 691 1
463 678 1
467 667 1
470 658 1
471 650 1
473 645 1
475 640 1
477 635 1
482 630 1
488 624 1
494 617 1
501 611 1
507 606 1
515 602 1
521 597 1
525 596 1
531 593 1
534 592 1
539 590 1
543 590 1
546 589 1
549 589 1
553 589 1
557 590 1
562 591 1
567 593 1
571 595 1
577 600 1
585 606 1
596 613 1
607 621 1
619 629 1
627 635 1
635 640 1
640 643 1
645 645 1
648 647 1
650 648 1
652 650 1
654 651 1
656 652 1
658 655 1
661 658 1
666 662 1
673 670 1
682 680 1
691 689 1
700 699 1
707 707 1
713 713 1
718 720 1
722 726 1
724 730 1
727 735 1
729 739 1
731 744 1
734 750 1
735 756 1
737 762 1
738 767 1
740 773 1
742 781 1
742 789 1
744 798 1
745 807 1
747 816 1
748 823 1
750 830 1
750 834 1
751 839 1
751 841 1
752 845 1
752 847 1
753 849 1
753 852 1
753 855 1
755 858 1
756 863 1
758 869 1
760 876 1
762 884 1
764 892 1
766 900 1
768 909 1
769 920 1
771 932 1
773 944 1
775 955 1
775 965 1
776 973 1
775 982 1
775 990 1
774 998 1
772 1008 1
771 1017 1
771 1026 1
771 1034 1
770 1041 1
768 1049 1
766 1057 1
764 1064 1
762 1072 1
760 1080 1
760 1087 1
758 1095 1
758 1101 1
758 1106 1
758 1111 1
758 1116 1
759 1120 1
759 1125 1
761 1129 1
761 1134 1
762 1137 1
762 1141 1
762 1146 1
762 1149 1
761 1152 1
759 1157 1
759 1161 1
757 1167 1
756 1172 1
754 1177 1
752 1182 1
750 1187 1
747 1191 1
745 1194 1
740 1198 1
736 1201 1
732 1204 1
728 1207 1
725 1209 1
721 1212 1
716 1215 1
712 1217 1
706 1222 1
698 1227 1
687 1235 1
672 1244 1
655 1254 1
641 1262 1
628 1267 1
617 1272 1
607 1274 1
598 1277 1
590 1279 1
584 1281 1
579 1282 1
576 1283 1
573 1283 1
573 1283 1
573 1283 1
573 1283 1
572 1283 1
572 1283 1
571 1283 1
569 1283 1
569 1283 1
568 1283 1
566 1282 1
562 1280 1
553 1276 1
541 1272 1
528 1267 1
517 1264 1
507 1261 1
501 1258 1
495 1258 1
491 1256 1
488 1256 1
485 1255 1
483 1255 1
481 1254 1
478 1252 1
476 1252 1
474 1252 1
470 1251 1
468 1250 1
465 1250 1
463 1249 1
460 1247 1
457 1248 1
454 1246 1
451 1246 1
448 1244 1
444 1244 1
441 1242 1
436 1240 1
433 1239 1
429 1237 1
424 1235 1
419 1233 1
412 1229 1
405 1226 1
397 1220 1
389 1215 1
381 1210 1
373 1205 1
365 1199 1
359 1195 1
353 1190 1
349 1186 1
345 1183 1
342 1181 1
339 1179 1
336 1177 1
333 1175 1
330 1173 1
327 1170 1
321 1166 1
316 1162 1
309 1156 1
301 1149 1
293 1140 1
286 1133 1
280 1125 1
275 1118 1
270 1112 1
266 1103 1
261 1092 1
255 1074 1
249 1053 1
244 1029 1
241 1000 1
240 985 1
241 995 0
262 850 1
262 849 1
262 847 1
263 846 1
265 846 1
265 845 1
266 845 1
266 845 1
266 843 1
266 843 1
270 841 1
279 836 1
290 830 1
308 819 1
327 805 1
347 789 1
363 774 1
375 762 1
383 752 1
391 741 1
396 732 1
401 721 1
402 712 1
405 704 1
406 697 1
407 692 1
407 687 1
407 684 1
408 680 1
408 673 1
409 666 1
409 657 1
411 646 1
412 632 1
415 610 1
420 591 1
423 573 1
425 555 1
427 539 1
429 523 1
434 509 1
438 497 1
442 488 1
447 482 1
450 477 1
455 472 1
457 470 1
459 467 1
464 465 1
469 465 1
481 465 1
492 465 1
501 465 1
510 465 1
520 466 1
532 467 1
543 469 1
552 470 1
560 471 1
566 474 1
571 477 1
576 482 1
580 487 1
584 492 1
587 496 1
590 500 1
595 508 1
604 522 1
611 535 1
619 546 1
625 554 1
631 561 1
636 570 1
640 579 1
646 586 1
650 594 1
654 602 1
658 609 1
661 615 1
662 619 1
664 624 1
665 627 1
666 631 1
666 635 1
667 639 1
669 646 1
671 654 1
676 663 1
683 673 1
691 682 1
698 691 1
704 698 1
710 704 1
715 710 1
719 714 1
722 719 1
727 723 1
730 726 1
734 730 1
738 735 1
745 742 1
751 749 1
757 756 1
764 765 1
770 773 1
777 781 1
784 791 1
789 800 1
794 810 1
800 822 1
805 831 1
808 839 1
811 846 1
814 852 1
817 859 1
819 865 1
821 873 1
823 881 1
825 888 1
826 896 1
827 903 1
827 910 1
828 918 1
829 927 1
831 938 1
834 952 1
836 965 1
838 975 1
839 984 1
839 993 1
839 1002 1
837 1011 1
837 1020 1
837 1028 1
835 1036 1
833 1042 1
832 1047 1
832 1052 1
829 1056 1
829 1059 1
827 1062 1
827 1065 1
825 1068 1
825 1073 1
823 1079 1
822 1087 1
820 1098 1
818 1106 1
817 1114 1
815 1121 1
813 1128 1
811 1135 1
810 1142 1
810 1149 1
808 1157 1
806 1165 1
803 1173 1
802 1179 1
800 1186 1
798 1192 1
796 1200 1
796 1205 1
794 1211 1
794 1215 1
792 1221 1
788 1229 1
785 1235 1
781 1241 1
778 1245 1
776 1249 1
774 1252 1
772 1255 1
770 1257 1
767 1259 1
764 1262 1
759 1266 1
753 1268 1
748 1271 1
742 1273 1
737 1275 1
734 1276 1
730 1277 1
727 1279 1
723 1280 1
718 1282 1
714 1284 1
710 1284 1
707 1286 1
702 1287 1
698 1290 1
690 1292 1
682 1295 1
672 1298 1
662 1302 1
652 1306 1
644 1310 1
636 1313 1
630 1316 1
625 1318 1
622 1319 1
619 1321 1
617 1321 1
612 1323 1
607 1324 1
599 1326 1
592 1328 1
585 1330 1
579 1333 1
573 1334 1
565 1336 1
555 1338 1
543 1341 1
530 1343 1
519 1346 1
510 1348 1
504 1350 1
498 1352 1
494 1352 1
491 1353 1
489 1353 1
486 1353 1
484 1353 1
482 1353 1
482 1352 1
482 1352 1
481 1352 1
481 1352 1
480 1352 1
480 1352 1
479 1350 1
477 1351 1
474 1349 1
472 1349 1
469 1347 1
467 1347 1
464 1345 1
462 1345 1
460 1343 1
457 1343 1
455 1341 1
453 1339 1
451 1339 1
448 1337 1
446 1336 1
444 1334 1
441 1332 1
438 1330 1
434 1327 1
428 1322 1
420 1316 1
410 1309 1
398 1300 1
387 1292 1
377 1283 1
368 1276 1
361 1270 1
355 1265 1
349 1262 1
346 1258 1
343 1256 1
340 1253 1
337 1251 1
334 1249 1
331 1247 1
326 1244 1
323 1242 1
318 1239 1
313 1235 1
308 1230 1
299 1224 1
292 1218 1
283 1210 1
275 1201 1
266 1194 1
260 1188 1
254 1184 1
250 1180 1
245 1175 1
239 1171 1
233 1166 1
227 1160 1
219 1152 1
213 1144 1
207 1137 1
203 1133 1
199 1128 1
197 1125 1
194 1122 1
192 1119 1
189 1116 1
187 1114 1
184 1112 1
183 1110 1
181 1107 1
180 1104 1
178 1096 1
179 1082 1
179 1065 1
179 1043 1
181 1020 1
182 993 1
181 968 1
179 943 1
178 918 1
177 905 1
178 913 0
