96 1413 1
96 1413 1
96 1413 1
96 1413 1
96 1413 1
96 1413 1
96 1413 1
96 1413 1
96 1413 1
96 1413 1
96 1413 1
96 1413 1
96 1413 1
96 1413 1
96 1413 1
96 1413 1
96 1413 1
94 1411 1
94 1411 1
95 1410 1
95 1409 1
93 1406 1
94 1403 1
94 1399 1
93 1393 1
91 1386 1
91 1378 1
91 1369 1
90 1361 1
90 1353 1
91 1345 1
91 1337 1
92 1330 1
92 1324 1
93 1320 1
94 1315 1
96 1309 1
97 1303 1
100 1295 1
103 1288 1
107 1280 1
112 1271 1
116 1262 1
120 1255 1
124 1248 1
127 1241 1
131 1233 1
134 1226 1
138 1218 1
140 1210 1
144 1203 1
145 1196 1
147 1189 1
148 1181 1
150 1174 1
153 1163 1
159 1151 1
164 1140 1
170 1129 1
174 1121 1
179 1115 1
182 1110 1
186 1105 1
188 1101 1
190 1098 1
193 1093 1
197 1086 1
203 1077 1
210 1067 1
216 1056 1
221 1047 1
226 1038 1
228 1031 1
230 1023 1
233 1017 1
233 1012 1
233 1006 1
232 1001 1
232 997 1
231 992 1
229 988 1
228 982 1
225 976 1
219 970 1
211 964 1
204 959 1
196 953 1
188 948 1
182 945 1
176 942 1
170 940 1
167 940 1
164 939 1
161 939 1
158 939 1
153 939 1
147 942 1
139 952 1
129 966 1
123 982 1
118 999 1
110 1016 1
102 1028 1
97 1037 1
94 1045 1
91 1053 1
88 1062 1
88 1072 1
88 1083 1
89 1093 1
89 1102 1
91 1111 1
92 1126 1
96 1143 1
101 1158 1
106 1171 1
110 1183 1
118 1202 1
128 1214 1
140 1230 1
148 1241 1
157 1252 1
165 1258 1
171 1265 1
178 1270 1
184 1275 1
190 1280 1
197 1285 1
201 1291 1
207 1296 1
213 1301 1
218 1307 1
223 1313 1
227 1318 1
229 1322 1
231 1326 1
232 1330 1
233 1333 1
234 1337 1
232 1340 1
232 1344 1
230 1349 1
226 1353 1
220 1360 1
211 1368 1
199 1376 1
186 1382 1
173 1388 1
162 1392 1
151 1395 1
144 1397 1
139 1398 1
134 1400 1
136 1400 0
404 1451 1
404 1451 1
404 1451 1
404 1451 1
404 1451 1
404 1451 1
404 1451 1
404 1451 1
404 1451 1
404 1451 1
404 1451 1
403 1450 1
403 1447 1
402 1444 1
402 1437 1
400 1429 1
400 1420 1
400 1410 1
400 1401 1
400 1392 1
399 1383 1
399 1373 1
399 1362 1
397 1351 1
398 1342 1
396 1334 1
396 1326 1
394 1318 1
394 1311 1
392 1303 1
390 1295 1
390 1286 1
390 1279 1
390 1271 1
390 1264 1
390 1257 1
390 1251 1
391 1244 1
391 1238 1
392 1229 1
393 1220 1
395 1209 1
398 1201 1
402 1192 1
406 1184 1
410 1177 1
413 1169 1
416 1161 1
422 1152 1
428 1143 1
434 1133 1
439 1124 1
443 1117 1
446 1110 1
448 1104 1
449 1099 1
451 1093 1
451 1088 1
452 1082 1
452 1076 1
452 1072 1
452 1067 1
452 1064 1
450 1061 1
451 1058 1
451 1056 1
451 1054 1
449 1051 1
450 1050 1
448 1048 1
447 1047 1
445 1045 1
440 1042 1
431 1039 1
422 1033 1
413 1029 1
403 1026 1
396 1023 1
388 1020 1
382 1019 1
377 1017 1
373 1018 1
370 1016 1
365 1017 1
363 1017 1
357 1018 1
351 1018 1
344 1021 1
331 1029 1
318 1041 1
311 1048 1
305 1055 1
300 1064 1
289 1082 1
288 1095 1
287 1106 1
287 1115 1
289 1132 1
295 1145 1
303 1159 1
313 1173 1
321 1182 1
330 1191 1
340 1200 1
359 1215 1
368 1222 1
378 1230 1
388 1236 1
398 1245 1
409 1253 1
420 1262 1
431 1271 1
439 1277 1
448 1286 1
465 1302 1
474 1312 1
482 1322 1
489 1330 1
497 1338 1
501 1343 1
506 1350 1
509 1354 1
512 1359 1
514 1363 1
516 1368 1
518 1372 1
518 1376 1
518 1380 1
515 1385 1
512 1390 1
506 1397 1
499 1404 1
489 1411 1
480 1417 1
469 1423 1
457 1428 1
444 1433 1
432 1436 1
422 1438 1
414 1439 1
417 1439 0
635 1391 1
635 1391 1
635 1391 1
635 1391 1
635 1391 1
635 1391 1
635 1391 1
635 1391 1
635 1391 1
635 1390 1
635 1388 1
636 1384 1
637 1381 1
639 1377 1
639 1374 1
641 1372 1
642 1369 1
643 1367 1
644 1365 1
645 1362 1
646 1359 1
648 1353 1
651 1346 1
652 1339 1
654 1331 1
655 1322 1
657 1314 1
658 1305 1
660 1296 1
661 1288 1
661 1282 1
661 1278 1
661 1275 1
661 1271 1
660 1268 1
660 1265 1
658 1262 1
656 1258 1
654 1249 1
651 1237 1
646 1218 1
644 1205 1
644 1195 1
642 1183 1
643 1173 1
642 1165 1
642 1157 1
642 1149 1
643 1141 1
643 1134 1
645 1125 1
646 1116 1
649 1108 1
652 1100 1
656 1090 1
659 1081 1
662 1072 1
664 1063 1
665 1055 1
666 1047 1
665 1040 1
665 1034 1
664 1027 1
662 1019 1
660 1013 1
657 1006 1
653 1001 1
649 996 1
644 992 1
640 989 1
636 987 1
632 987 1
626 987 1
620 987 1
612 989 1
597 999 1
584 1016 1
569 1035 1
559 1053 1
550 1073 1
545 1091 1
540 1110 1
540 1126 1
538 1145 1
539 1163 1
540 1177 1
542 1193 1
550 1209 1
562 1225 1
577 1243 1
594 1258 1
612 1270 1
632 1283 1
651 1291 1
669 1300 1
686 1311 1
697 1319 1
705 1325 1
710 1330 1
715 1335 1
719 1338 1
721 1341 1
722 1343 1
723 1348 1
720 1351 1
715 1359 1
702 1368 1
687 1378 1
672 1385 1
660 1391 1
654 1393 1
658 1392 0
