1019 428 1
1019 428 1
1019 428 1
1019 428 1
1019 428 1
1019 428 1
1019 428 1
1019 428 1
1019 428 1
1019 428 1
1019 428 1
1019 428 1
1019 428 1
1019 428 1
1019 428 1
1019 428 1
1019 428 1
1019 428 1
1019 428 1
1019 428 1
1019 428 1
1019 428 1
1019 428 1
1019 428 1
1019 428 1
1019 428 1
1019 428 1
1019 428 1
1019 428 1
1019 428 1
1019 428 1
1019 428 1
1019 428 1
1019 428 1
1019 428 1
1019 428 1
1019 428 1
1019 428 1
1019 428 1
1019 428 1
1019 428 1
1019 428 1
1019 428 1
1019 428 1
1019 428 1
1019 428 1
1017 428 1
1018 429 1
1018 432 1
1018 435 1
1018 439 1
1018 444 1
1016 451 1
1017 457 1
1017 464 1
1017 471 1
1015 477 1
1016 483 1
1016 487 1
1015 492 1
1015 497 1
1014 501 1
1014 504 1
1013 510 1
1010 515 1
1008 520 1
1005 527 1
1001 536 1
996 543 1
990 552 1
985 560 1
979 568 1
975 574 1
972 581 1
968 588 1
966 592 1
964 597 1
963 601 1
963 604 1
963 606 1
963 609 1
963 611 1
963 613 1
963 614 1
963 616 1
963 618 1
963 620 1
964 623 1
965 628 1
966 632 1
967 639 1
968 645 1
969 651 1
971 657 1
974 665 1
978 674 1
982 682 1
986 691 1
991 699 1
994 708 1
997 717 1
999 726 1
1001 735 1
1002 744 1
1003 752 1
1004 757 1
1004 764 1
1005 767 1
1005 770 1
1005 773 1
1005 776 1
1005 778 1
1005 782 1
1005 787 1
1005 791 1
1005 797 1
1004 804 1
1002 811 1
1000 819 1
998 826 1
995 832 1
991 838 1
987 845 1
981 851 1
975 857 1
970 861 1
964 864 1
961 867 1
958 869 1
954 872 1
951 873 1
949 874 1
946 874 1
943 875 1
940 875 1
935 875 1
933 875 1
930 876 1
927 876 1
924 876 1
920 876 1
918 876 1
915 877 1
913 877 1
910 877 1
908 877 1
905 877 1
900 878 1
895 878 1
888 878 1
881 878 1
874 877 1
868 877 1
862 874 1
858 874 1
854 872 1
851 872 1
848 870 1
846 869 1
843 867 1
840 864 1
837 858 1
834 852 1
831 844 1
827 835 1
824 828 1
821 820 1
820 811 1
820 803 1
819 798 1
819 793 1
818 789 1
819 786 1
819 783 1
819 781 1
819 779 1
820 778 1
821 779 1
822 778 1
823 778 1
823 778 1
825 777 1
826 777 1
829 777 1
832 777 1
836 777 1
840 777 1
844 777 1
847 777 1
850 777 1
853 777 1
855 777 1
858 777 1
863 777 1
866 778 1
872 779 1
878 781 1
885 783 1
893 788 1
901 796 1
907 804 1
915 814 1
920 824 1
925 835 1
929 843 1
932 851 1
933 858 1
934 865 1
934 873 1
934 881 1
934 886 1
933 891 1
931 896 1
929 902 1
925 909 1
919 916 1
912 923 1
907 931 1
902 938 1
899 946 1
894 954 1
893 960 1
893 967 1
892 971 1
891 976 1
891 983 1
889 1001 1
887 1018 1
886 1038 1
883 1058 1
878 1080 1
871 1102 1
862 1123 1
853 1141 1
841 1160 1
833 1175 1
826 1186 1
814 1200 1
801 1215 1
786 1231 1
779 1239 1
784 1234 0
721 451 1
721 451 1
721 451 1
721 451 1
721 451 1
721 451 1
721 451 1
721 451 1
721 451 1
721 451 1
721 451 1
721 451 1
721 451 1
721 451 1
721 451 1
721 451 1
721 451 1
721 451 1
721 451 1
721 451 1
721 451 1
721 451 1
721 451 1
721 451 1
721 451 1
721 451 1
721 452 1
722 454 1
722 456 1
723 459 1
723 461 1
724 465 1
725 468 1
725 470 1
726 473 1
726 475 1
727 478 1
727 480 1
728 482 1
729 484 1
730 487 1
730 489 1
731 491 1
732 492 1
732 493 1
732 493 1
732 493 1
732 493 1
732 493 1
732 494 1
730 496 1
728 499 1
723 507 1
717 516 1
707 530 1
699 541 1
692 550 1
687 558 1
681 564 1
676 571 1
669 579 1
664 585 1
658 591 1
656 595 1
654 599 1
652 602 1
653 604 1
653 606 1
653 607 1
653 608 1
653 609 1
654 610 1
655 611 1
656 613 1
657 614 1
658 617 1
659 621 1
661 628 1
666 634 1
672 641 1
678 648 1
685 655 1
690 662 1
697 667 1
702 673 1
707 678 1
712 684 1
715 690 1
719 696 1
722 701 1
723 705 1
725 710 1
726 718 1
728 728 1
728 741 1
730 753 1
731 766 1
732 777 1
733 797 1
735 816 1
736 831 1
736 843 1
736 854 1
737 864 1
737 874 1
737 885 1
737 894 1
737 905 1
737 912 1
737 919 1
737 925 1
736 931 1
736 935 1
734 940 1
735 943 1
735 946 1
734 948 1
734 950 1
733 951 1
733 952 1
733 952 1
733 952 1
733 952 1
733 952 1
733 952 1
733 952 1
732 952 1
732 952 1
729 952 1
727 952 1
724 952 1
719 952 1
714 952 1
708 952 1
702 951 1
697 949 1
693 950 1
689 948 1
685 948 1
682 948 1
680 947 1
677 947 1
675 946 1
672 944 1
669 944 1
664 941 1
659 938 1
653 932 1
647 926 1
640 919 1
634 911 1
628 905 1
624 899 1
620 896 1
617 891 1
615 890 1
612 887 1
610 883 1
609 880 1
607 876 1
606 873 1
604 870 1
604 867 1
602 865 1
602 863 1
602 861 1
601 861 1
601 859 1
600 859 1
600 859 1
598 856 1
598 856 1
599 855 1
599 854 1
599 854 1
599 853 1
599 851 1
599 851 1
599 850 1
600 850 1
600 848 1
601 848 1
602 848 1
604 847 1
605 847 1
607 847 1
609 847 1
613 847 1
619 847 1
626 849 1
633 850 1
639 853 1
642 855 1
647 857 1
650 861 1
653 866 1
658 872 1
662 879 1
667 889 1
671 898 1
674 908 1
678 925 1
680 942 1
681 961 1
681 980 1
679 1000 1
679 1022 1
673 1041 1
668 1060 1
662 1078 1
655 1095 1
649 1111 1
639 1132 1
627 1159 1
610 1190 1
603 1204 1
609 1194 0
471 508 1
471 508 1
471 508 1
471 508 1
471 508 1
471 508 1
471 508 1
471 508 1
471 508 1
471 508 1
471 508 1
471 508 1
471 508 1
471 508 1
471 508 1
471 508 1
471 508 1
471 508 1
471 508 1
471 508 1
471 508 1
471 509 1
471 512 1
472 517 1
473 522 1
474 529 1
475 536 1
476 543 1
477 549 1
478 553 1
478 558 1
479 563 1
479 566 1
480 569 1
480 572 1
480 574 1
480 577 1
479 578 1
479 581 1
478 582 1
478 585 1
477 588 1
477 591 1
476 595 1
474 600 1
474 604 1
472 609 1
472 612 1
470 616 1
470 619 1
469 622 1
467 625 1
467 628 1
467 631 1
466 634 1
464 637 1
464 639 1
464 642 1
463 644 1
463 646 1
463 647 1
463 647 1
463 649 1
463 653 1
463 656 1
463 662 1
464 668 1
464 675 1
465 681 1
466 687 1
467 693 1
468 700 1
469 704 1
471 708 1
471 711 1
472 714 1
473 716 1
473 718 1
474 719 1
474 720 1
475 721 1
475 723 1
476 725 1
477 727 1
478 731 1
478 736 1
479 741 1
479 746 1
480 750 1
480 755 1
481 758 1
481 763 1
481 768 1
482 773 1
482 778 1
482 783 1
482 788 1
482 793 1
482 797 1
483 801 1
483 805 1
483 810 1
484 812 1
484 815 1
484 818 1
484 820 1
485 822 1
485 823 1
485 824 1
485 825 1
485 826 1
485 827 1
485 828 1
485 828 1
485 829 1
484 830 1
484 831 1
484 832 1
482 833 1
482 836 1
478 841 1
473 849 1
466 856 1
462 864 1
456 870 1
451 876 1
448 879 1
445 882 1
442 884 1
441 885 1
439 886 1
439 887 1
439 887 1
438 888 1
438 888 1
438 888 1
437 889 1
437 889 1
435 889 1
436 890 1
434 890 1
434 890 1
433 891 1
433 891 1
431 891 1
431 892 1
429 891 1
427 891 1
427 891 1
425 891 1
425 891 1
423 889 1
421 890 1
421 890 1
419 889 1
418 889 1
416 889 1
415 888 1
412 888 1
408 887 1
403 887 1
399 886 1
396 886 1
391 884 1
388 885 1
384 885 1
381 885 1
377 885 1
374 885 1
371 885 1
368 886 1
365 886 1
362 887 1
359 888 1
355 889 1
352 890 1
349 891 1
347 892 1
344 893 1
341 893 1
338 894 1
336 894 1
334 894 1
333 894 1
333 894 1
330 894 1
330 893 1
328 893 1
328 892 1
326 892 1
326 891 1
324 889 1
323 889 1
321 883 1
320 858 1
318 829 1
318 806 1
318 792 1
317 785 1
316 781 1
314 778 1
315 776 1
313 776 1
314 775 1
314 775 1
314 775 1
314 775 1
314 775 1
314 775 1
314 775 1
314 775 1
314 775 1
314 775 1
314 775 1
315 776 1
318 778 1
323 781 1
328 787 1
335 793 1
345 802 1
354 811 1
364 820 1
373 829 1
380 838 1
385 844 1
389 850 1
392 855 1
396 861 1
399 869 1
401 880 1
405 893 1
404 909 1
402 928 1
399 947 1
394 972 1
390 998 1
384 1024 1
378 1049 1
373 1072 1
367 1094 1
359 1111 1
354 1123 1
350 1133 1
348 1142 1
345 1153 1
346 1152 0
214 554 1
214 554 1
214 554 1
214 554 1
214 554 1
214 554 1
214 554 1
214 554 1
214 554 1
214 554 1
214 554 1
214 554 1
214 554 1
214 554 1
214 554 1
214 554 1
214 554 1
214 554 1
214 554 1
213 554 1
213 554 1
213 555 1
212 557 1
212 560 1
212 563 1
213 567 1
213 572 1
214 577 1
215 584 1
216 590 1
217 595 1
218 601 1
219 604 1
219 609 1
220 612 1
220 614 1
220 616 1
220 618 1
220 621 1
220 623 1
220 625 1
220 627 1
220 630 1
220 632 1
220 634 1
221 638 1
222 640 1
222 643 1
223 645 1
223 648 1
223 651 1
224 654 1
225 659 1
226 664 1
227 668 1
228 673 1
228 678 1
228 681 1
229 684 1
229 687 1
229 690 1
229 692 1
229 695 1
229 697 1
229 699 1
229 700 1
229 701 1
229 701 1
229 702 1
229 702 1
229 702 1
229 702 1
229 702 1
229 702 1
229 702 1
229 702 1
229 702 1
228 704 1
226 708 1
224 713 1
221 720 1
218 725 1
214 730 1
211 735 1
208 739 1
205 743 1
203 746 1
202 749 1
200 752 1
201 754 1
199 756 1
200 758 1
200 759 1
200 762 1
200 764 1
200 767 1
200 773 1
201 779 1
201 784 1
203 789 1
204 792 1
205 796 1
206 799 1
207 800 1
208 802 1
208 803 1
210 804 1
211 805 1
213 808 1
217 814 1
223 819 1
228 825 1
233 831 1
240 837 1
244 841 1
248 846 1
250 848 1
252 851 1
253 854 1
255 856 1
255 857 1
256 858 1
257 858 1
257 859 1
258 860 1
259 861 1
260 863 1
261 864 1
263 867 1
264 871 1
266 875 1
268 881 1
271 887 1
277 893 1
282 899 1
286 904 1
290 908 1
292 911 1
293 913 1
295 915 1
295 916 1
296 917 1
296 917 1
297 918 1
297 919 1
297 920 1
298 921 1
298 922 1
297 923 1
297 925 1
296 928 1
296 932 1
295 938 1
293 943 1
292 948 1
290 953 1
288 959 1
287 963 1
285 967 1
285 970 1
283 973 1
282 976 1
280 978 1
280 980 1
278 983 1
278 984 1
276 985 1
275 986 1
276 987 1
273 989 1
272 990 1
270 992 1
270 995 1
268 999 1
267 1006 1
265 1011 1
264 1016 1
262 1022 1
262 1026 1
260 1033 1
260 1036 1
259 1040 1
259 1044 1
258 1046 1
258 1049 1
258 1050 1
258 1052 1
258 1053 1
258 1053 1
258 1054 1
258 1054 1
258 1054 1
258 1055 1
258 1055 1
258 1056 1
258 1056 1
258 1056 1
258 1057 1
258 1058 1
258 1059 1
258 1060 1
258 1061 1
256 1063 1
257 1066 1
257 1070 1
256 1073 1
256 1078 1
255 1082 1
253 1085 1
252 1089 1
250 1092 1
249 1095 1
247 1098 1
244 1101 1
239 1104 1
234 1107 1
229 1111 1
224 1114 1
219 1116 1
215 1119 1
211 1120 1
207 1122 1
202 1123 1
198 1124 1
195 1124 1
192 1125 1
190 1126 1
188 1126 1
186 1127 1
186 1127 1
186 1128 1
185 1128 1
185 1128 1
185 1128 1
185 1128 1
185 1128 1
185 1128 1
185 1128 1
185 1128 1
185 1128 1
185 1128 1
185 1128 1
185 1128 1
185 1128 1
185 1128 1
185 1128 1
185 1128 1
185 1128 1
185 1128 1
185 1126 1
185 1126 1
185 1124 1
185 1123 1
185 1121 1
185 1120 1
184 1119 1
184 1117 1
184 1117 1
182 1115 1
183 1114 1
183 1112 1
182 1110 1
182 1107 1
181 1103 1
181 1100 1
181 1095 1
181 1091 1
181 1085 1
181 1080 1
181 1076 1
181 1071 1
181 1068 1
180 1064 1
180 1061 1
180 1059 1
180 1056 1
179 1053 1
178 1049 1
178 1045 1
177 1041 1
175 1036 1
174 1031 1
174 1026 1
172 1020 1
172 1015 1
170 1009 1
168 1004 1
167 998 1
167 994 1
167 989 1
166 985 1
164 980 1
164 975 1
164 970 1
164 964 1
164 958 1
164 955 1
164 952 1
164 950 1
165 947 1
165 945 1
165 945 1
166 943 1
167 943 1
168 943 1
168 943 1
170 941 1
170 941 1
171 942 1
172 942 1
173 942 1
174 942 1
175 943 1
176 943 1
177 943 1
179 945 1
181 949 1
186 956 1
193 966 1
201 977 1
210 995 1
218 1011 1
223 1025 1
227 1037 1
231 1047 1
234 1057 1
237 1069 1
238 1080 1
240 1091 1
240 1101 1
238 1119 1
232 1133 1
222 1155 1
206 1182 1
189 1213 1
172 1241 1
157 1265 1
146 1286 1
136 1303 1
130 1316 1
122 1331 1
115 1349 1
117 1346 0
