123 1459 1
123 1458 1
123 1458 1
123 1458 1
123 1458 1
123 1458 1
123 1458 1
123 1458 1
123 1458 1
123 1458 1
123 1458 1
123 1458 1
123 1458 1
123 1457 1
123 1457 1
123 1454 1
123 1453 1
123 1451 1
123 1448 1
123 1446 1
123 1442 1
123 1439 1
121 1435 1
122 1429 1
122 1422 1
122 1416 1
122 1410 1
122 1405 1
123 1399 1
123 1395 1
124 1390 1
124 1386 1
124 1383 1
124 1380 1
125 1378 1
125 1376 1
125 1374 1
125 1371 1
125 1370 1
123 1367 1
124 1365 1
124 1365 1
124 1365 1
124 1365 1
124 1365 1
124 1365 1
124 1365 1
124 1365 1
124 1365 1
124 1365 1
124 1364 1
124 1364 1
124 1363 1
123 1364 1
123 1363 1
123 1363 1
122 1361 1
122 1359 1
122 1358 1
120 1356 1
121 1355 1
121 1353 1
120 1350 1
119 1348 1
119 1345 1
118 1342 1
116 1340 1
117 1337 1
117 1335 1
116 1332 1
116 1329 1
115 1327 1
115 1324 1
115 1321 1
115 1318 1
115 1312 1
115 1308 1
115 1302 1
115 1297 1
115 1292 1
115 1287 1
115 1283 1
115 1278 1
116 1272 1
116 1269 1
116 1264 1
117 1259 1
117 1256 1
117 1251 1
117 1247 1
118 1243 1
118 1241 1
118 1238 1
119 1236 1
119 1234 1
119 1233 1
120 1233 1
120 1232 1
120 1232 1
120 1232 1
120 1232 1
120 1232 1
120 1231 1
120 1229 1
121 1229 1
121 1227 1
122 1225 1
123 1220 1
124 1212 1
128 1204 1
131 1196 1
135 1189 1
139 1182 1
142 1176 1
144 1170 1
147 1165 1
149 1161 1
150 1158 1
151 1155 1
151 1153 1
151 1150 1
152 1148 1
152 1147 1
153 1147 1
153 1145 1
154 1143 1
154 1143 1
155 1141 1
156 1138 1
157 1133 1
158 1128 1
159 1122 1
160 1118 1
161 1114 1
162 1111 1
162 1108 1
163 1105 1
164 1102 1
164 1100 1
165 1098 1
165 1096 1
166 1096 1
166 1094 1
166 1093 1
168 1091 1
170 1085 1
171 1078 1
173 1071 1
174 1064 1
176 1060 1
177 1057 1
177 1054 1
178 1052 1
178 1050 1
179 1050 1
179 1049 1
179 1047 1
180 1047 1
180 1047 1
180 1047 1
180 1047 1
180 1047 1
180 1047 1
180 1045 1
180 1045 1
180 1043 1
180 1040 1
180 1036 1
179 1031 1
177 1026 1
178 1020 1
176 1015 1
176 1008 1
174 1004 1
174 999 1
174 994 1
173 991 1
171 989 1
172 986 1
171 984 1
169 982 1
170 981 1
168 981 1
168 980 1
168 978 1
167 978 1
165 978 1
165 977 1
165 975 1
164 974 1
163 974 1
161 974 1
161 973 1
161 971 1
159 971 1
159 971 1
158 970 1
156 970 1
156 969 1
155 968 1
155 968 1
153 967 1
153 967 1
152 966 1
150 966 1
150 965 1
148 965 1
148 965 1
146 964 1
146 964 1
145 963 1
143 963 1
142 963 1
142 963 1
139 964 1
139 965 1
137 966 1
138 966 0
116 1047 1
114 1047 1
115 1049 1
113 1052 1
110 1056 1
108 1058 1
106 1061 1
105 1063 1
103 1066 1
103 1067 1
101 1068 1
101 1068 1
102 1069 1
102 1069 1
102 1069 1
102 1069 1
102 1069 1
102 1069 1
102 1069 1
100 1071 1
101 1073 1
99 1076 1
100 1080 1
98 1085 1
99 1090 1
97 1095 1
99 1099 1
99 1102 1
100 1107 1
100 1112 1
102 1116 1
103 1121 1
104 1127 1
105 1132 1
107 1138 1
108 1144 1
110 1151 1
113 1160 1
116 1169 1
119 1177 1
123 1187 1
128 1196 1
134 1205 1
140 1215 1
144 1221 1
149 1227 1
152 1231 1
155 1236 1
158 1238 1
159 1240 1
160 1242 1
160 1243 1
161 1244 1
162 1244 1
162 1245 1
163 1246 1
165 1248 1
167 1251 1
168 1256 1
171 1262 1
175 1268 1
180 1274 1
185 1282 1
191 1288 1
195 1295 1
200 1301 1
204 1307 1
209 1312 1
211 1316 1
212 1319 1
214 1321 1
215 1324 1
217 1327 1
218 1329 1
219 1331 1
220 1332 1
222 1334 1
223 1336 1
225 1339 1
227 1346 1
230 1353 1
235 1361 1
239 1370 1
244 1376 1
248 1383 1
250 1388 1
252 1393 1
254 1398 1
254 1400 1
255 1403 1
255 1406 1
256 1408 1
256 1410 1
256 1411 1
257 1412 1
257 1413 1
257 1415 1
258 1417 1
258 1422 1
259 1426 1
259 1432 1
260 1438 1
260 1442 1
261 1446 1
261 1449 1
261 1451 1
261 1452 1
262 1454 1
262 1454 1
262 1455 1
262 1455 1
262 1455 1
262 1455 1
262 1455 1
262 1455 1
262 1455 1
262 1455 1
262 1455 1
262 1455 1
262 1455 1
262 1455 1
262 1455 1
262 1455 1
262 1455 1
262 1455 1
262 1455 1
262 1455 1
262 1453 1
262 1453 1
262 1451 1
261 1446 1
261 1440 1
260 1431 1
258 1423 1
258 1414 1
256 1407 1
254 1399 1
253 1392 1
251 1386 1
251 1380 1
249 1376 1
249 1371 1
247 1365 1
246 1359 1
244 1354 1
243 1349 1
241 1346 1
241 1341 1
239 1337 1
239 1332 1
237 1327 1
235 1322 1
234 1318 1
232 1314 1
232 1311 1
230 1308 1
230 1305 1
228 1302 1
228 1299 1
226 1296 1
225 1292 1
225 1288 1
223 1283 1
223 1277 1
223 1271 1
222 1262 1
220 1254 1
220 1246 1
220 1236 1
219 1226 1
218 1216 1
218 1206 1
218 1201 1
218 1193 1
218 1188 1
218 1182 1
218 1175 1
218 1167 1
218 1157 1
219 1148 1
219 1140 1
221 1134 1
221 1129 1
223 1124 1
223 1121 1
224 1119 1
224 1117 1
225 1115 1
225 1115 1
225 1114 1
225 1112 1
225 1112 1
226 1113 1
226 1111 1
227 1108 1
230 1102 1
233 1098 1
235 1092 1
238 1086 1
240 1080 1
242 1073 1
245 1066 1
247 1060 1
250 1054 1
252 1049 1
254 1044 1
257 1038 1
260 1031 1
262 1024 1
265 1016 1
268 1009 1
272 997 1
275 986 1
278 974 1
280 965 1
281 958 1
282 951 1
283 947 1
283 943 1
283 940 1
283 937 1
283 934 1
283 932 1
281 930 1
281 928 1
279 926 1
280 926 1
278 924 1
278 924 1
278 924 1
278 924 1
278 924 1
276 924 1
277 923 1
275 923 1
275 923 1
274 921 1
274 921 1
274 921 1
274 922 1
274 922 1
272 920 1
272 920 1
272 921 1
272 921 1
270 921 1
270 921 1
268 921 1
267 921 1
265 921 1
262 922 1
260 923 1
257 924 1
255 924 1
252 926 1
248 928 1
244 931 1
239 934 1
236 937 1
232 941 1
229 946 1
223 953 1
219 960 1
214 968 1
210 975 1
206 983 1
203 988 1
200 993 1
198 998 1
195 1003 1
193 1008 1
190 1015 1
188 1020 1
187 1025 1
187 1030 1
187 1036 1
187 1042 1
187 1047 1
188 1052 1
188 1059 1
190 1068 1
193 1079 1
196 1088 1
199 1099 1
203 1108 1
207 1114 1
211 1121 1
215 1128 1
218 1132 1
221 1137 1
223 1140 1
226 1143 1
230 1149 1
233 1154 1
237 1161 1
242 1169 1
246 1177 1
253 1185 1
260 1195 1
268 1205 1
275 1215 1
283 1226 1
291 1236 1
296 1243 1
301 1248 1
306 1254 1
309 1258 1
311 1261 1
313 1262 1
315 1265 1
316 1266 1
318 1269 1
321 1273 1
323 1277 1
326 1284 1
329 1293 1
333 1303 1
338 1314 1
341 1324 1
344 1331 1
346 1337 1
349 1343 1
350 1349 1
352 1353 1
353 1359 1
355 1363 1
356 1368 1
357 1372 1
358 1376 1
358 1381 1
359 1385 1
360 1389 1
360 1394 1
361 1398 1
361 1403 1
362 1408 1
362 1412 1
362 1419 1
362 1424 1
362 1429 1
363 1436 1
364 1439 1
364 1443 1
365 1446 1
365 1448 1
365 1450 1
365 1451 1
365 1452 1
365 1452 1
365 1452 1
365 1452 1
365 1452 1
365 1452 1
365 1452 1
365 1452 1
365 1452 1
365 1452 1
365 1452 1
365 1452 1
365 1452 1
365 1452 1
365 1452 1
365 1452 1
365 1452 1
365 1452 1
365 1452 1
365 1452 1
365 1452 1
365 1450 1
365 1448 1
364 1447 1
364 1445 1
364 1442 1
362 1439 1
360 1435 1
359 1429 1
357 1422 1
355 1414 1
352 1405 1
348 1395 1
343 1385 1
340 1374 1
335 1365 1
332 1354 1
330 1347 1
327 1340 1
326 1335 1
324 1332 1
324 1329 1
324 1327 1
323 1325 1
323 1322 1
322 1320 1
320 1318 1
321 1315 1
320 1313 1
320 1310 1
319 1308 1
319 1305 1
319 1301 1
319 1298 1
319 1294 1
319 1289 1
319 1285 1
319 1280 1
320 1275 1
320 1271 1
320 1268 1
320 1265 1
320 1262 1
321 1260 1
321 1258 1
321 1258 1
321 1258 1
321 1257 1
321 1257 1
321 1256 1
321 1255 1
322 1253 1
322 1252 1
323 1250 1
323 1249 1
324 1249 1
325 1246 1
327 1244 1
329 1240 1
332 1234 1
336 1226 1
340 1218 1
344 1209 1
347 1202 1
351 1194 1
353 1188 1
356 1184 1
358 1177 1
360 1172 1
363 1166 1
365 1161 1
368 1156 1
369 1154 1
371 1148 1
372 1142 1
374 1135 1
377 1125 1
380 1117 1
383 1108 1
386 1100 1
388 1094 1
391 1088 1
393 1083 1
395 1077 1
397 1070 1
398 1065 1
400 1060 1
400 1056 1
402 1053 1
402 1049 1
402 1045 1
402 1040 1
402 1035 1
402 1028 1
402 1019 1
399 1010 1
398 1003 1
398 996 1
397 991 1
395 988 1
396 986 1
394 983 1
395 982 1
395 982 1
395 981 1
395 981 1
393 980 1
393 980 1
391 976 1
389 974 1
386 971 1
384 969 1
382 967 1
381 966 1
379 964 1
379 964 1
379 964 1
379 964 1
378 963 1
378 963 1
378 963 1
378 963 1
378 963 1
378 963 1
378 963 1
378 963 1
378 963 1
378 963 1
378 963 1
378 963 1
378 963 1
378 963 1
378 963 1
376 964 1
374 966 1
373 971 1
370 977 1
368 984 1
365 993 1
362 1000 1
360 1008 1
358 1014 1
357 1018 1
357 1022 1
356 1024 1
356 1027 1
355 1029 1
355 1032 1
354 1034 1
354 1037 1
354 1041 1
354 1046 1
354 1052 1
354 1060 1
355 1069 1
356 1080 1
356 1091 1
356 1100 1
357 1107 1
357 1112 1
357 1115 1
357 1119 1
357 1123 1
357 1126 1
357 1130 1
358 1135 1
358 1141 1
360 1148 1
361 1158 1
363 1168 1
366 1178 1
371 1190 1
375 1201 1
379 1212 1
383 1223 1
387 1232 1
389 1239 1
391 1245 1
393 1250 1
394 1253 1
395 1257 1
396 1259 1
397 1262 1
398 1266 1
399 1272 1
402 1280 1
407 1291 1
410 1303 1
414 1313 1
417 1322 1
421 1331 1
424 1339 1
428 1348 1
431 1356 1
434 1362 1
435 1368 1
437 1371 1
438 1374 1
439 1376 1
439 1378 1
440 1379 1
440 1380 1
440 1380 1
440 1382 1
439 1385 1
437 1388 1
436 1393 1
434 1398 1
434 1400 1
432 1404 1
430 1407 1
429 1409 1
427 1411 1
427 1413 1
425 1415 1
425 1416 1
425 1418 1
425 1418 1
425 1419 1
424 1420 1
424 1422 1
424 1425 1
424 1429 1
426 1433 1
426 1438 1
428 1441 1
429 1444 1
430 1446 1
432 1449 1
433 1450 1
434 1452 1
435 1452 1
436 1453 1
436 1453 1
436 1453 1
436 1453 1
436 1453 1
436 1453 1
436 1453 1
436 1453 1
436 1453 1
436 1453 1
436 1453 1
436 1453 1
436 1452 1
437 1450 1
439 1446 1
442 1438 1
449 1426 1
454 1413 1
458 1400 1
462 1385 1
466 1369 1
470 1354 1
474 1340 1
477 1330 1
479 1322 1
480 1315 1
482 1306 1
484 1297 1
485 1290 1
486 1285 1
487 1280 1
488 1277 1
488 1274 1
489 1271 1
490 1265 1
492 1260 1
492 1253 1
495 1244 1
497 1234 1
498 1224 1
499 1215 1
500 1204 1
501 1195 1
502 1186 1
502 1180 1
503 1175 1
503 1170 1
503 1167 1
503 1165 1
503 1162 1
503 1160 1
503 1158 1
503 1156 1
503 1152 1
502 1147 1
502 1141 1
501 1131 1
501 1120 1
498 1107 1
498 1094 1
498 1081 1
498 1069 1
498 1058 1
498 1048 1
499 1040 1
499 1031 1
499 1023 1
500 1015 1
500 1007 1
501 997 1
501 988 1
501 980 1
501 973 1
501 966 1
501 960 1
501 952 1
502 943 1
502 934 1
502 926 1
502 918 1
502 911 1
501 906 1
501 902 1
501 899 1
499 896 1
499 894 1
499 892 1
497 892 1
497 892 1
498 891 1
498 891 1
498 891 1
498 891 1
498 891 1
498 891 1
498 891 1
498 892 1
495 894 1
491 899 1
487 906 1
481 916 1
475 926 1
469 937 1
465 946 1
462 954 1
459 960 1
457 965 1
455 969 1
455 971 1
453 974 1
454 976 1
454 978 1
453 980 1
453 983 1
453 986 1
455 991 1
457 999 1
461 1012 1
467 1030 1
475 1048 1
484 1065 1
493 1080 1
502 1093 1
510 1103 1
516 1111 1
520 1115 1
524 1119 1
527 1122 1
528 1124 1
530 1126 1
531 1127 1
533 1128 1
534 1129 1
535 1130 1
535 1130 1
535 1131 1
536 1131 1
536 1131 1
537 1132 1
538 1132 1
539 1133 1
539 1133 1
539 1134 1
539 1134 1
540 1135 1
541 1137 1
543 1140 1
546 1147 1
549 1153 1
553 1161 1
556 1169 1
559 1175 1
562 1183 1
565 1191 1
568 1197 1
571 1205 1
573 1209 1
577 1216 1
578 1220 1
580 1225 1
582 1230 1
583 1235 1
585 1238 1
585 1243 1
587 1248 1
587 1252 1
588 1257 1
588 1265 1
588 1274 1
586 1286 1
586 1298 1
586 1310 1
584 1322 1
582 1333 1
581 1343 1
579 1351 1
577 1357 1
576 1362 1
574 1368 1
572 1373 1
569 1378 1
566 1382 1
564 1386 1
563 1389 1
561 1391 1
560 1393 1
560 1397 1
559 1398 1
558 1398 1
558 1399 1
558 1399 1
558 1400 1
558 1400 1
558 1400 1
558 1400 1
558 1401 1
558 1401 1
558 1401 1
558 1401 1
558 1401 1
558 1401 1
558 1401 1
558 1401 1
558 1401 1
558 1401 1
558 1401 1
558 1401 1
558 1401 1
558 1399 1
560 1397 1
564 1392 1
568 1383 1
576 1371 1
584 1355 1
591 1343 1
597 1331 1
602 1320 1
607 1309 1
611 1296 1
613 1286 1
615 1278 1
617 1271 1
619 1266 1
620 1262 1
621 1259 1
622 1254 1
624 1248 1
625 1239 1
627 1228 1
629 1216 1
630 1207 1
631 1198 1
632 1192 1
632 1186 1
633 1180 1
634 1176 1
634 1172 1
635 1169 1
635 1166 1
635 1164 1
635 1161 1
635 1161 1
635 1161 1
635 1160 1
635 1160 1
635 1159 1
635 1159 1
635 1159 1
635 1158 1
635 1158 1
636 1156 1
636 1156 1
636 1156 1
636 1156 1
636 1156 1
637 1154 1
640 1149 1
643 1143 1
649 1134 1
654 1126 1
657 1118 1
662 1110 1
666 1103 1
669 1096 1
673 1089 1
675 1083 1
677 1076 1
678 1072 1
679 1069 1
680 1064 1
681 1058 1
681 1052 1
679 1044 1
677 1035 1
673 1026 1
669 1016 1
665 1010 1
662 1003 1
659 998 1
656 992 1
653 988 1
650 985 1
647 979 1
645 974 1
641 966 1
636 955 1
631 943 1
626 930 1
621 915 1
617 897 1
612 882 1
610 869 1
608 860 1
606 852 1
606 848 1
604 845 1
605 843 1
603 843 1
604 842 1
604 842 1
604 842 1
604 842 1
604 842 1
604 842 1
604 842 1
604 842 1
604 842 1
604 842 1
604 842 1
604 842 1
602 844 1
599 850 1
595 859 1
591 870 1
587 881 1
584 890 1
582 898 1
580 904 1
579 908 1
579 912 1
578 915 1
578 918 1
578 921 1
579 925 1
580 929 1
581 935 1
583 944 1
586 955 1
589 969 1
594 983 1
599 1000 1
605 1018 1
611 1034 1
615 1046 1
620 1057 1
624 1065 1
627 1073 1
631 1082 1
634 1090 1
638 1099 1
643 1108 1
648 1119 1
653 1132 1
658 1147 1
663 1164 1
667 1178 1
669 1190 1
670 1200 1
672 1208 1
673 1214 1
674 1218 1
674 1222 1
675 1225 1
675 1227 1
676 1231 1
676 1234 1
677 1238 1
678 1243 1
678 1249 1
680 1257 1
682 1266 1
684 1275 1
685 1287 1
687 1299 1
689 1313 1
690 1325 1
691 1334 1
692 1344 1
693 1353 1
694 1359 1
695 1363 1
695 1367 1
695 1370 1
696 1372 1
696 1374 1
696 1377 1
696 1377 1
696 1378 1
696 1378 1
696 1378 1
696 1378 1
696 1378 1
696 1378 1
696 1378 1
696 1378 1
696 1378 1
696 1378 1
696 1378 1
696 1378 1
696 1378 1
697 1377 1
697 1373 1
699 1368 1
702 1360 1
704 1353 1
706 1345 1
708 1337 1
710 1332 1
711 1327 1
712 1323 1
713 1320 1
713 1317 1
713 1314 1
713 1311 1
713 1307 1
713 1304 1
713 1299 1
713 1293 1
713 1286 1
714 1279 1
717 1273 1
719 1266 1
721 1261 1
723 1256 1
724 1253 1
726 1249 1
726 1245 1
728 1240 1
728 1234 1
730 1228 1
731 1221 1
733 1212 1
734 1205 1
736 1197 1
739 1191 1
742 1185 1
745 1179 1
748 1173 1
751 1169 1
753 1164 1
756 1160 1
757 1156 1
760 1151 1
761 1148 1
763 1143 1
765 1138 1
766 1133 1
767 1128 1
767 1121 1
765 1112 1
763 1101 1
760 1088 1
756 1074 1
750 1058 1
745 1045 1
739 1033 1
733 1019 1
728 1009 1
723 1000 1
720 992 1
717 985 1
715 981 1
715 978 1
713 976 1
711 974 1
711 972 1
711 970 1
711 969 1
711 969 1
711 968 1
711 968 1
711 964 1
713 958 1
716 950 1
723 938 1
729 926 1
736 914 1
744 903 1
750 892 1
756 883 1
761 874 1
765 867 1
768 860 1
771 856 1
773 851 1
774 848 1
776 843 1
778 837 1
779 831 1
781 823 1
781 815 1
780 806 1
779 797 1
777 786 1
775 777 1
772 768 1
768 759 1
763 750 1
759 742 1
756 736 1
752 730 1
750 726 1
748 724 1
747 722 1
745 719 1
745 719 1
743 717 1
743 717 1
743 717 1
743 717 1
743 717 1
742 717 1
742 716 1
740 716 1
740 716 1
740 716 1
740 716 1
738 716 1
738 716 1
736 716 1
732 720 1
728 726 1
720 737 1
712 753 1
703 771 1
694 792 1
688 811 1
684 827 1
679 841 1
678 851 1
678 860 1
679 866 1
679 873 1
680 879 1
681 887 1
683 894 1
684 902 1
687 910 1
689 919 1
694 933 1
700 951 1
706 969 1
713 989 1
720 1007 1
727 1024 1
731 1038 1
736 1050 1
738 1058 1
741 1066 1
745 1072 1
747 1078 1
750 1085 1
753 1091 1
756 1096 1
759 1101 1
761 1105 1
764 1109 1
767 1114 1
769 1118 1
773 1123 1
775 1128 1
778 1132 1
780 1137 1
782 1142 1
784 1146 1
786 1151 1
788 1158 1
791 1165 1
794 1173 1
797 1180 1
800 1186 1
802 1193 1
805 1200 1
809 1209 1
813 1216 1
816 1226 1
820 1232 1
823 1237 1
824 1240 1
826 1244 1
828 1246 1
828 1247 1
829 1250 1
830 1251 1
831 1254 1
832 1258 1
834 1266 1
837 1275 1
840 1284 1
844 1296 1
847 1305 1
849 1313 1
850 1319 1
852 1324 1
853 1327 1
854 1330 1
854 1332 1
855 1334 1
855 1335 1
855 1335 1
855 1335 1
855 1335 1
855 1335 1
855 1335 1
855 1335 1
855 1335 1
855 1335 1
855 1335 1
855 1335 1
855 1335 1
855 1335 1
855 1335 1
855 1335 1
855 1335 1
855 1335 1
853 1333 1
853 1332 1
853 1330 1
853 1325 1
854 1321 1
855 1315 1
856 1306 1
857 1297 1
857 1286 1
858 1275 1
859 1266 1
860 1258 1
859 1247 1
857 1237 1
855 1226 1
855 1215 1
853 1205 1
853 1197 1
853 1190 1
853 1184 1
853 1181 1
852 1177 1
852 1174 1
850 1170 1
851 1167 1
849 1162 1
849 1155 1
847 1146 1
846 1137 1
844 1126 1
844 1116 1
842 1106 1
842 1094 1
841 1084 1
839 1075 1
839 1068 1
839 1062 1
839 1058 1
839 1052 1
839 1047 1
839 1041 1
839 1037 1
840 1032 1
840 1029 1
840 1026 1
840 1021 1
841 1017 1
841 1012 1
841 1005 1
842 997 1
842 988 1
842 979 1
843 965 1
843 950 1
844 934 1
844 920 1
844 908 1
844 898 1
844 890 1
843 881 1
843 873 1
842 866 1
842 858 1
842 849 1
840 841 1
841 834 1
839 828 1
840 822 1
839 819 1
839 815 1
838 812 1
838 809 1
837 807 1
837 804 1
837 802 1
837 800 1
836 800 1
836 799 1
836 799 1
836 799 1
836 798 1
836 798 1
836 797 1
835 797 1
835 795 1
835 795 1
835 795 1
835 793 1
833 794 1
833 794 1
834 793 1
834 793 1
834 790 1
833 788 1
833 783 1
831 780 1
831 777 1
828 772 1
827 769 1
827 766 1
825 762 1
823 759 1
821 754 1
819 749 1
818 742 1
815 733 1
814 722 1
812 713 1
811 705 1
811 700 1
809 696 1
810 693 1
808 690 1
809 689 1
809 689 1
809 689 1
809 688 1
807 686 1
807 686 1
808 685 1
808 685 1
808 685 1
808 685 1
808 685 1
807 684 1
807 684 1
807 683 1
807 683 1
806 681 1
806 681 1
806 681 1
806 681 1
806 681 1
806 681 1
806 681 1
806 681 1
806 683 1
806 686 1
806 689 1
805 697 1
803 708 1
801 722 1
798 738 1
795 753 1
793 768 1
791 781 1
790 792 1
790 801 1
787 811 1
787 818 1
787 824 1
786 830 1
786 835 1
785 842 1
786 850 1
786 860 1
788 870 1
788 881 1
790 891 1
793 902 1
796 911 1
798 920 1
801 927 1
803 935 1
806 941 1
808 946 1
810 951 1
812 956 1
814 960 1
816 965 1
818 969 1
820 973 1
823 978 1
825 983 1
828 990 1
833 999 1
838 1011 1
844 1026 1
849 1040 1
856 1054 1
860 1066 1
865 1076 1
868 1086 1
871 1097 1
873 1106 1
876 1114 1
879 1122 1
882 1128 1
885 1135 1
888 1144 1
893 1154 1
895 1161 1
898 1169 1
900 1176 1
903 1182 1
905 1188 1
908 1195 1
909 1198 1
911 1203 1
912 1206 1
913 1209 1
915 1216 1
916 1223 1
919 1232 1
921 1242 1
923 1251 1
924 1258 1
926 1264 1
927 1267 1
929 1270 1
929 1271 1
930 1275 1
931 1275 1
931 1275 1
931 1275 1
931 1275 1
931 1275 1
931 1275 1
931 1275 1
931 1275 1
931 1275 1
931 1275 1
931 1275 1
931 1275 1
931 1273 1
932 1270 1
932 1265 1
932 1258 1
932 1248 1
930 1238 1
929 1223 1
927 1208 1
926 1193 1
925 1179 1
923 1166 1
922 1155 1
920 1144 1
919 1136 1
917 1127 1
917 1120 1
917 1112 1
917 1106 1
917 1097 1
916 1086 1
915 1074 1
915 1064 1
915 1053 1
915 1045 1
916 1038 1
916 1031 1
917 1024 1
918 1016 1
918 1010 1
919 1005 1
919 1000 1
920 998 1
920 995 1
921 993 1
922 991 1
922 990 1
923 990 1
923 989 1
924 987 1
926 986 1
926 986 1
928 986 1
928 985 1
929 983 1
930 982 1
931 980 1
934 975 1
937 967 1
942 955 1
947 941 1
951 928 1
955 915 1
957 904 1
959 892 1
961 881 1
961 872 1
961 862 1
959 853 1
957 844 1
953 833 1
948 821 1
941 808 1
934 795 1
927 781 1
920 771 1
913 761 1
909 755 1
904 749 1
903 747 1
901 744 1
900 742 1
899 740 1
899 737 1
900 733 1
902 728 1
905 721 1
908 713 1
910 704 1
913 694 1
915 683 1
917 672 1
918 664 1
918 658 1
918 653 1
918 649 1
918 646 1
917 644 1
917 642 1
916 641 1
914 639 1
914 639 1
914 639 1
914 639 1
914 639 1
914 639 1
914 639 1
912 641 1
910 646 1
906 655 1
899 670 1
892 685 1
885 706 1
879 726 1
874 746 1
872 763 1
872 780 1
873 794 1
874 811 1
875 829 1
878 849 1
882 869 1
888 889 1
895 909 1
903 931 1
912 954 1
922 975 1
933 995 1
944 1013 1
955 1032 1
962 1046 1
969 1061 1
976 1077 1
981 1091 1
986 1104 1
989 1115 1
993 1128 1
997 1146 1
1000 1167 1
1003 1193 1
1008 1225 1
1014 1263 1
1017 1278 1
1015 1266 0
