589 319 1
588 319 1
588 319 1
588 319 1
587 320 1
585 322 1
584 323 1
581 325 1
578 329 1
575 334 1
572 341 1
569 347 1
566 354 1
561 360 1
556 369 1
550 379 1
546 389 1
540 400 1
534 410 1
527 421 1
519 432 1
511 443 1
503 454 1
495 464 1
487 474 1
478 483 1
470 491 1
461 499 1
444 515 1
434 526 1
419 540 1
406 555 1
392 570 1
379 586 1
365 603 1
350 622 1
336 641 1
324 661 1
313 681 1
304 699 1
298 713 1
294 726 1
289 738 1
285 751 1
281 765 1
277 779 1
274 793 1
270 808 1
267 829 1
265 845 1
265 864 1
263 882 1
261 900 1
261 921 1
259 944 1
254 964 1
250 983 1
243 1004 1
235 1027 1
229 1047 1
220 1066 1
211 1086 1
203 1106 1
196 1123 1
191 1143 1
185 1162 1
178 1185 1
172 1208 1
166 1232 1
161 1256 1
158 1279 1
156 1303 1
155 1324 1
155 1346 1
155 1366 1
155 1386 1
155 1399 1
155 1411 1
155 1433 1
156 1447 1
156 1461 1
157 1474 1
158 1495 1
159 1514 1
161 1532 1
162 1546 1
164 1559 1
169 1580 1
175 1593 1
181 1605 1
192 1619 1
204 1633 1
218 1644 1
235 1654 1
253 1662 1
277 1666 1
307 1668 1
340 1666 1
372 1664 1
403 1658 1
434 1649 1
460 1641 1
483 1633 1
504 1623 1
523 1611 1
539 1601 1
554 1589 1
569 1573 1
582 1552 1
598 1528 1
613 1503 1
624 1480 1
637 1456 1
648 1431 1
660 1401 1
671 1369 1
681 1336 1
688 1304 1
695 1273 1
700 1242 1
704 1212 1
707 1182 1
707 1153 1
709 1129 1
709 1107 1
709 1086 1
710 1067 1
710 1050 1
711 1035 1
715 1018 1
721 999 1
729 979 1
740 956 1
753 932 1
765 909 1
777 890 1
787 873 1
796 858 1
806 840 1
816 821 1
825 801 1
832 781 1
837 761 1
844 740 1
849 717 1
853 693 1
854 671 1
855 649 1
852 632 1
849 615 1
846 599 1
843 580 1
838 561 1
834 540 1
830 518 1
825 494 1
824 471 1
824 444 1
826 413 1
831 379 1
836 346 1
839 315 1
840 291 1
838 270 1
836 251 1
832 234 1
829 218 1
822 203 1
811 188 1
799 173 1
784 161 1
768 150 1
751 141 1
734 136 1
715 132 1
693 133 1
672 138 1
650 146 1
629 157 1
611 168 1
594 182 1
579 197 1
566 215 1
551 236 1
535 260 1
516 290 1
496 320 1
477 349 1
457 375 1
438 400 1
419 421 1
402 439 1
388 456 1
373 473 1
358 492 1
343 513 1
329 536 1
317 559 1
308 581 1
299 604 1
291 629 1
284 652 1
278 677 1
270 701 1
261 729 1
253 755 1
245 781 1
236 809 1
228 837 1
218 866 1
209 895 1
201 923 1
196 949 1
192 973 1
186 995 1
180 1016 1
174 1036 1
169 1052 1
164 1071 1
157 1092 1
151 1113 1
145 1136 1
139 1162 1
132 1191 1
126 1220 1
119 1247 1
114 1274 1
111 1300 1
109 1323 1
106 1344 1
104 1362 1
104 1377 1
102 1390 1
103 1401 1
103 1412 1
104 1424 1
105 1440 1
109 1458 1
112 1481 1
117 1506 1
120 1531 1
126 1553 1
132 1576 1
139 1597 1
152 1617 1
165 1634 1
183 1649 1
202 1663 1
224 1675 1
247 1683 1
272 1689 1
301 1691 1
333 1687 1
365 1681 1
395 1673 1
427 1664 1
457 1656 1
487 1646 1
513 1632 1
540 1617 1
559 1600 1
578 1578 1
596 1549 1
611 1505 1
622 1454 1
629 1403 1
634 1364 1
639 1330 1
643 1302 1
647 1264 1
649 1222 1
652 1176 1
657 1136 1
662 1100 1
668 1071 1
676 1042 1
684 1011 1
694 975 1
706 937 1
717 903 1
725 877 1
732 855 1
740 836 1
750 815 1
760 790 1
773 761 1
784 734 1
794 709 1
802 688 1
808 669 1
813 650 1
818 632 1
821 615 1
823 596 1
825 576 1
826 555 1
828 534 1
830 511 1
833 490 1
836 466 1
842 436 1
847 406 1
852 375 1
854 346 1
855 321 1
855 300 1
853 280 1
850 262 1
846 242 1
843 221 1
839 201 1
833 180 1
826 161 1
818 144 1
807 132 1
794 122 1
782 117 1
769 116 1
754 118 1
735 127 1
714 138 1
692 155 1
671 173 1
652 192 1
637 213 1
621 236 1
603 261 1
586 287 1
568 314 1
550 340 1
534 365 1
519 390 1
507 410 1
494 428 1
481 447 1
468 465 1
455 484 1
442 503 1
427 526 1
412 551 1
394 579 1
377 607 1
361 635 1
344 662 1
330 690 1
317 718 1
306 749 1
296 778 1
287 807 1
281 835 1
274 864 1
267 893 1
258 923 1
252 953 1
244 984 1
236 1015 1
226 1045 1
213 1074 1
200 1102 1
185 1129 1
169 1155 1
157 1180 1
147 1203 1
138 1226 1
129 1247 1
121 1270 1
113 1292 1
107 1314 1
104 1335 1
100 1356 1
98 1377 1
96 1397 1
96 1417 1
96 1436 1
96 1457 1
96 1477 1
97 1500 1
98 1523 1
98 1545 1
99 1568 1
101 1590 1
105 1610 1
110 1630 1
116 1648 1
122 1664 1
129 1676 1
138 1685 1
149 1693 1
166 1698 1
188 1702 1
214 1703 1
242 1702 1
274 1698 1
306 1693 1
336 1686 1
364 1677 1
389 1668 1
415 1658 1
443 1644 1
469 1623 1
496 1602 1
522 1573 1
545 1545 1
566 1515 1
583 1487 1
597 1459 1
610 1430 1
619 1400 1
627 1369 1
633 1334 1
639 1295 1
644 1256 1
651 1216 1
659 1179 1
667 1144 1
676 1111 1
685 1077 1
693 1049 1
701 1023 1
709 995 1
717 968 1
725 941 1
733 911 1
742 879 1
750 851 1
756 827 1
763 805 1
769 782 1
778 759 1
786 736 1
794 712 1
802 691 1
812 670 1
821 646 1
829 623 1
836 601 1
843 577 1
851 553 1
859 530 1
869 507 1
877 483 1
884 459 1
890 436 1
895 414 1
899 393 1
901 372 1
904 350 1
905 325 1
905 300 1
902 277 1
900 257 1
895 239 1
891 222 1
887 209 1
882 197 1
874 186 1
866 177 1
856 170 1
844 164 1
832 158 1
817 156 1
801 155 1
785 156 1
765 160 1
747 165 1
731 172 1
713 181 1
695 191 1
673 203 1
648 217 1
625 230 1
604 241 1
582 254 1
563 265 1
543 279 1
523 294 1
501 313 1
480 334 1
461 355 1
438 379 1
415 405 1
394 427 1
374 449 1
355 469 1
340 486 1
326 504 1
309 524 1
294 544 1
280 566 1
265 592 1
251 620 1
237 649 1
223 681 1
210 714 1
197 746 1
187 777 1
178 806 1
172 831 1
167 857 1
164 885 1
160 912 1
155 943 1
150 972 1
142 1001 1
136 1029 1
127 1055 1
118 1082 1
110 1108 1
104 1137 1
99 1168 1
93 1198 1
88 1230 1
83 1262 1
80 1292 1
78 1321 1
75 1349 1
75 1372 1
73 1394 1
73 1413 1
72 1430 1
72 1448 1
75 1465 1
78 1486 1
84 1508 1
90 1533 1
97 1558 1
104 1580 1
112 1599 1
120 1616 1
128 1631 1
139 1646 1
155 1663 1
174 1677 1
195 1689 1
218 1698 1
243 1704 1
268 1707 1
294 1708 1
320 1703 1
346 1697 1
372 1686 1
395 1675 1
424 1660 1
454 1641 1
483 1620 1
512 1596 1
539 1570 1
564 1542 1
587 1513 1
607 1486 1
625 1459 1
644 1429 1
665 1394 1
685 1353 1
702 1312 1
717 1277 1
727 1246 1
738 1218 1
748 1192 1
758 1165 1
767 1134 1
777 1102 1
787 1070 1
795 1037 1
802 1009 1
810 980 1
818 955 1
824 931 1
830 909 1
836 884 1
841 860 1
844 838 1
848 814 1
852 790 1
856 766 1
861 740 1
864 714 1
871 687 1
876 660 1
882 632 1
889 602 1
894 575 1
899 551 1
901 529 1
903 506 1
904 484 1
904 462 1
906 438 1
906 417 1
904 399 1
904 378 1
903 359 1
901 339 1
900 322 1
900 306 1
898 292 1
896 276 1
892 260 1
887 245 1
880 232 1
871 221 1
862 212 1
851 206 1
838 201 1
823 197 1
804 197 1
781 200 1
750 210 1
716 224 1
685 241 1
655 260 1
624 282 1
593 308 1
564 333 1
538 357 1
513 380 1
490 403 1
467 426 1
445 448 1
423 470 1
400 492 1
377 516 1
355 541 1
332 568 1
311 594 1
292 619 1
275 646 1
258 672 1
245 699 1
233 726 1
223 753 1
213 783 1
203 812 1
195 845 1
189 877 1
184 907 1
180 940 1
173 973 1
163 1006 1
153 1039 1
143 1072 1
134 1103 1
128 1135 1
121 1164 1
116 1194 1
110 1225 1
104 1255 1
96 1283 1
90 1309 1
84 1329 1
80 1348 1
77 1367 1
73 1385 1
69 1402 1
66 1420 1
63 1438 1
60 1454 1
58 1472 1
57 1491 1
55 1512 1
56 1534 1
57 1559 1
60 1583 1
66 1607 1
74 1630 1
83 1653 1
94 1673 1
105 1691 1
117 1704 1
129 1716 1
145 1727 1
163 1736 1
184 1743 1
204 1746 1
226 1746 1
249 1743 1
270 1738 1
294 1730 1
319 1722 1
344 1710 1
370 1694 1
396 1676 1
425 1655 1
454 1630 1
483 1602 1
510 1571 1
537 1537 1
559 1502 1
576 1470 1
587 1447 1
597 1427 1
607 1409 1
619 1383 1
634 1349 1
649 1310 1
665 1269 1
680 1234 1
692 1205 1
702 1182 1
712 1161 1
723 1134 1
737 1102 1
752 1066 1
764 1036 1
774 1008 1
780 986 1
785 968 1
792 950 1
800 932 1
810 911 1
820 891 1
828 872 1
833 857 1
837 846 1
840 832 1
843 812 1
850 782 1
857 747 1
863 712 1
869 681 1
875 650 1
881 619 1
888 589 1
895 563 1
900 544 1
905 528 1
909 515 1
912 502 1
915 489 1
920 476 1
924 466 1
927 457 1
929 448 1
932 437 1
934 425 1
937 409 1
939 391 1
942 372 1
943 353 1
944 334 1
942 315 1
941 295 1
939 277 1
937 258 1
935 238 1
930 219 1
925 204 1
919 189 1
914 180 1
907 171 1
901 165 1
890 159 1
880 155 1
865 152 1
843 152 1
819 154 1
791 159 1
760 168 1
729 178 1
697 191 1
666 207 1
638 222 1
613 238 1
591 254 1
572 271 1
553 291 1
534 313 1
517 337 1
497 360 1
480 381 1
462 401 1
445 418 1
428 432 1
411 445 1
393 458 1
376 471 1
358 484 1
339 499 1
318 517 1
298 536 1
280 557 1
264 580 1
247 603 1
231 626 1
214 651 1
200 678 1
188 706 1
177 736 1
167 766 1
158 795 1
151 825 1
144 854 1
138 884 1
133 920 1
129 954 1
126 988 1
122 1021 1
115 1049 1
105 1076 1
96 1101 1
87 1125 1
79 1153 1
72 1182 1
65 1211 1
60 1241 1
53 1270 1
48 1301 1
42 1328 1
37 1356 1
35 1380 1
33 1402 1
31 1423 1
29 1446 1
29 1470 1
30 1497 1
32 1526 1
37 1556 1
43 1585 1
49 1611 1
55 1637 1
64 1662 1
75 1686 1
88 1707 1
105 1727 1
121 1744 1
140 1758 1
161 1766 1
184 1771 1
209 1772 1
235 1768 1
260 1760 1
285 1749 1
308 1735 1
331 1717 1
352 1695 1
371 1672 1
390 1648 1
408 1624 1
427 1601 1
447 1579 1
470 1554 1
493 1532 1
514 1515 1
532 1500 1
550 1486 1
568 1473 1
586 1462 1
605 1450 1
622 1437 1
641 1421 1
660 1401 1
679 1382 1
698 1358 1
715 1335 1
730 1309 1
745 1282 1
758 1252 1
772 1218 1
785 1187 1
796 1158 1
804 1135 1
809 1113 1
813 1092 1
819 1072 1
826 1051 1
832 1030 1
836 1010 1
839 994 1
842 980 1
843 969 1
845 958 1
848 942 1
851 924 1
858 904 1
865 882 1
875 862 1
883 842 1
892 823 1
899 804 1
906 786 1
911 771 1
918 757 1
923 741 1
930 723 1
936 706 1
940 693 1
944 683 1
947 676 1
949 670 1
951 664 1
952 657 1
954 649 1
956 639 1
959 630 1
962 620 1
965 608 1
968 593 1
973 578 1
976 562 1
979 544 1
980 523 1
981 502 1
981 484 1
979 467 1
976 451 1
971 434 1
966 416 1
961 397 1
954 379 1
949 362 1
944 344 1
939 325 1
936 307 1
933 292 1
930 277 1
927 263 1
923 249 1
920 234 1
913 219 1
906 203 1
896 189 1
887 177 1
878 168 1
869 160 1
856 154 1
839 148 1
819 145 1
794 147 1
764 153 1
731 166 1
699 182 1
669 200 1
643 217 1
619 231 1
598 245 1
582 257 1
567 270 1
552 284 1
537 301 1
520 321 1
501 341 1
482 362 1
465 382 1
447 402 1
428 425 1
410 449 1
392 474 1
374 499 1
361 521 1
348 541 1
338 563 1
331 584 1
324 606 1
317 626 1
309 647 1
302 667 1
293 689 1
284 710 1
272 737 1
259 763 1
246 790 1
234 814 1
223 836 1
213 859 1
204 879 1
196 901 1
189 925 1
181 950 1
171 977 1
162 1005 1
150 1032 1
138 1056 1
126 1079 1
114 1102 1
105 1123 1
97 1145 1
89 1166 1
83 1188 1
78 1211 1
74 1235 1
72 1260 1
72 1281 1
72 1303 1
72 1324 1
73 1342 1
73 1363 1
74 1383 1
74 1405 1
74 1430 1
74 1456 1
74 1481 1
74 1510 1
75 1537 1
76 1561 1
81 1583 1
86 1603 1
93 1621 1
101 1637 1
109 1652 1
117 1665 1
124 1676 1
132 1684 1
140 1691 1
149 1696 1
161 1701 1
173 1706 1
187 1708 1
204 1709 1
225 1707 1
250 1703 1
278 1696 1
306 1687 1
331 1676 1
355 1665 1
378 1654 1
403 1638 1
429 1619 1
454 1598 1
479 1575 1
505 1549 1
529 1520 1
554 1488 1
576 1456 1
596 1427 1
613 1400 1
628 1373 1
641 1345 1
654 1317 1
666 1288 1
678 1256 1
690 1223 1
704 1190 1
716 1160 1
727 1132 1
739 1100 1
752 1066 1
764 1030 1
774 998 1
782 969 1
788 943 1
793 921 1
800 898 1
808 874 1
817 849 1
824 829 1
831 810 1
836 791 1
842 775 1
847 760 1
855 744 1
864 726 1
875 708 1
887 691 1
898 673 1
908 655 1
916 637 1
924 620 1
931 602 1
938 583 1
945 564 1
948 547 1
952 529 1
954 512 1
955 492 1
955 471 1
956 452 1
956 432 1
954 412 1
952 395 1
948 381 1
945 367 1
943 355 1
941 344 1
938 333 1
933 323 1
928 314 1
922 306 1
916 297 1
907 287 1
896 275 1
884 261 1
871 247 1
858 233 1
847 221 1
837 210 1
829 204 1
821 196 1
811 191 1
800 185 1
787 182 1
773 179 1
756 179 1
737 182 1
715 188 1
693 198 1
671 210 1
648 223 1
625 236 1
605 248 1
585 261 1
565 274 1
545 287 1
527 300 1
510 313 1
493 326 1
478 337 1
463 348 1
447 360 1
429 374 1
410 388 1
388 404 1
367 418 1
347 432 1
328 446 1
310 460 1
294 478 1
280 496 1
266 517 1
253 539 1
240 563 1
227 589 1
215 616 1
204 645 1
191 676 1
182 707 1
174 738 1
164 768 1
159 792 1
154 815 1
149 838 1
144 861 1
138 884 1
134 909 1
131 936 1
126 961 1
121 991 1
117 1022 1
111 1052 1
105 1079 1
97 1104 1
90 1128 1
85 1152 1
82 1174 1
79 1196 1
76 1220 1
75 1244 1
73 1267 1
74 1288 1
74 1310 1
74 1329 1
74 1345 1
74 1362 1
75 1381 1
75 1401 1
76 1420 1
77 1439 1
78 1459 1
81 1481 1
84 1506 1
89 1530 1
96 1553 1
101 1571 1
106 1587 1
111 1602 1
117 1615 1
122 1626 1
130 1639 1
137 1651 1
146 1664 1
154 1673 1
162 1681 1
171 1689 1
180 1695 1
191 1700 1
202 1704 1
217 1708 1
232 1711 1
251 1712 1
268 1711 1
288 1707 1
308 1699 1
328 1689 1
346 1678 1
362 1669 1
375 1661 1
387 1654 1
400 1645 1
410 1635 1
420 1625 1
429 1616 1
438 1608 1
446 1602 1
454 1595 1
463 1589 1
474 1578 1
487 1564 1
504 1547 1
522 1531 1
538 1514 1
557 1497 1
576 1479 1
595 1461 1
612 1442 1
630 1420 1
649 1397 1
665 1375 1
678 1354 1
690 1337 1
699 1322 1
708 1305 1
718 1287 1
729 1268 1
738 1248 1
748 1225 1
756 1204 1
762 1180 1
769 1155 1
774 1125 1
779 1094 1
784 1064 1
787 1038 1
789 1012 1
793 990 1
796 969 1
800 948 1
803 929 1
808 910 1
813 892 1
820 875 1
826 858 1
835 844 1
845 828 1
855 810 1
866 792 1
876 774 1
888 754 1
898 736 1
909 717 1
920 698 1
929 679 1
937 658 1
945 637 1
952 615 1
957 594 1
961 573 1
963 554 1
962 534 1
960 514 1
956 492 1
952 471 1
947 450 1
943 431 1
938 413 1
933 394 1
929 378 1
925 363 1
922 348 1
918 333 1
915 321 1
910 312 1
908 306 1
906 300 1
905 295 1
901 287 1
897 277 1
890 266 1
883 254 1
875 242 1
865 231 1
851 219 1
832 209 1
814 200 1
798 193 1
779 187 1
759 184 1
741 180 1
722 179 1
703 180 1
685 181 1
671 186 1
657 190 1
642 197 1
628 204 1
613 216 1
597 229 1
581 243 1
564 258 1
547 274 1
530 290 1
509 308 1
489 328 1
469 347 1
451 364 1
436 379 1
423 394 1
414 408 1
405 424 1
395 443 1
385 463 1
376 485 1
365 510 1
355 537 1
346 563 1
337 590 1
327 614 1
319 639 1
311 665 1
303 692 1
293 718 1
287 745 1
280 770 1
275 796 1
271 821 1
269 846 1
267 871 1
266 896 1
264 923 1
264 950 1
263 977 1
263 1005 1
262 1032 1
261 1059 1
259 1085 1
258 1113 1
255 1138 1
251 1165 1
246 1192 1
241 1220 1
234 1247 1
227 1277 1
219 1306 1
210 1330 1
202 1351 1
195 1372 1
187 1388 1
181 1404 1
175 1416 1
171 1430 1
168 1446 1
165 1460 1
161 1476 1
158 1492 1
155 1512 1
153 1532 1
151 1551 1
151 1569 1
151 1585 1
152 1599 1
154 1611 1
156 1624 1
160 1635 1
165 1655 1
171 1669 1
177 1681 1
183 1691 1
192 1703 1
203 1715 1
218 1729 1
236 1741 1
257 1751 1
282 1756 1
308 1756 1
334 1751 1
360 1742 1
385 1732 1
410 1716 1
435 1696 1
461 1672 1
488 1643 1
512 1614 1
533 1583 1
553 1553 1
572 1520 1
590 1487 1
608 1451 1
626 1413 1
646 1372 1
665 1332 1
679 1297 1
691 1267 1
701 1244 1
708 1223 1
715 1203 1
721 1183 1
725 1163 1
729 1145 1
734 1126 1
739 1104 1
745 1076 1
751 1047 1
757 1018 1
763 990 1
768 961 1
775 928 1
780 897 1
785 870 1
791 842 1
799 817 1
806 792 1
815 768 1
824 742 1
834 718 1
843 692 1
854 668 1
865 641 1
877 613 1
885 583 1
892 556 1
896 531 1
899 507 1
902 483 1
905 459 1
906 434 1
907 411 1
907 393 1
907 379 1
908 366 1
908 355 1
910 343 1
912 332 1
914 323 1
916 315 1
917 308 1
919 300 1
921 292 1
921 284 1
921 276 1
917 266 1
915 257 1
912 250 1
908 244 1
904 238 1
901 234 1
897 230 1
891 225 1
880 219 1
867 214 1
852 210 1
833 208 1
807 208 1
777 210 1
748 214 1
720 219 1
697 226 1
676 234 1
658 242 1
639 254 1
624 267 1
610 282 1
600 296 1
591 312 1
582 330 1
572 352 1
561 376 1
549 402 1
538 428 1
525 453 1
513 478 1
499 501 1
485 523 1
471 544 1
458 565 1
445 585 1
433 604 1
421 625 1
409 645 1
396 666 1
384 688 1
372 710 1
360 732 1
348 758 1
335 784 1
323 811 1
312 838 1
300 865 1
290 893 1
280 922 1
268 951 1
258 982 1
247 1012 1
237 1039 1
227 1068 1
218 1094 1
209 1119 1
202 1145 1
194 1170 1
186 1199 1
177 1228 1
168 1255 1
161 1279 1
155 1302 1
149 1319 1
146 1333 1
144 1345 1
142 1355 1
139 1368 1
137 1381 1
136 1395 1
136 1411 1
137 1430 1
137 1452 1
138 1476 1
138 1504 1
140 1530 1
144 1557 1
149 1580 1
154 1600 1
161 1616 1
168 1630 1
174 1643 1
183 1656 1
193 1667 1
206 1677 1
224 1686 1
246 1693 1
271 1698 1
301 1700 1
330 1698 1
363 1689 1
397 1674 1
428 1658 1
460 1638 1
488 1616 1
516 1591 1
539 1563 1
563 1534 1
587 1499 1
609 1466 1
629 1429 1
646 1390 1
660 1355 1
672 1321 1
680 1291 1
686 1264 1
691 1236 1
696 1211 1
701 1190 1
706 1171 1
711 1153 1
717 1137 1
725 1117 1
738 1092 1
754 1064 1
771 1035 1
787 1009 1
802 986 1
814 966 1
826 945 1
838 921 1
850 896 1
862 873 1
872 851 1
880 830 1
885 810 1
890 787 1
895 763 1
900 738 1
903 713 1
907 691 1
909 668 1
912 645 1
915 621 1
917 599 1
919 577 1
919 560 1
920 547 1
921 533 1
921 516 1
921 497 1
920 473 1
919 452 1
917 432 1
917 414 1
917 396 1
918 380 1
918 368 1
918 358 1
917 348 1
916 340 1
914 334 1
915 329 1
913 326 1
914 322 1
913 320 1
911 317 1
911 313 1
908 307 1
905 300 1
900 290 1
894 279 1
885 268 1
876 257 1
864 245 1
851 235 1
834 226 1
815 218 1
789 212 1
762 212 1
730 216 1
696 226 1
665 240 1
633 260 1
604 285 1
575 312 1
548 342 1
525 371 1
506 401 1
489 428 1
473 457 1
455 486 1
436 517 1
415 550 1
397 582 1
382 612 1
369 640 1
356 668 1
344 697 1
330 728 1
316 757 1
301 791 1
287 825 1
271 860 1
256 894 1
241 928 1
226 960 1
214 988 1
203 1012 1
193 1037 1
183 1057 1
175 1076 1
166 1097 1
160 1118 1
155 1140 1
150 1165 1
145 1193 1
142 1223 1
139 1252 1
137 1280 1
134 1307 1
132 1334 1
132 1360 1
131 1381 1
132 1399 1
135 1415 1
138 1429 1
143 1444 1
147 1460 1
151 1477 1
158 1498 1
164 1524 1
172 1548 1
178 1572 1
184 1591 1
189 1606 1
193 1621 1
199 1635 1
206 1651 1
214 1666 1
222 1679 1
229 1691 1
238 1700 1
246 1708 1
257 1717 1
272 1723 1
288 1727 1
310 1728 1
335 1722 1
362 1711 1
396 1689 1
430 1664 1
462 1632 1
491 1602 1
515 1575 1
537 1548 1
556 1522 1
576 1494 1
594 1468 1
610 1441 1
625 1412 1
641 1379 1
656 1345 1
669 1315 1
682 1287 1
693 1264 1
703 1242 1
712 1221 1
721 1197 1
731 1173 1
739 1151 1
750 1129 1
762 1101 1
777 1069 1
793 1032 1
806 1000 1
814 974 1
822 950 1
830 924 1
840 894 1
852 862 1
864 829 1
875 796 1
885 767 1
893 742 1
901 717 1
909 691 1
917 663 1
925 635 1
933 610 1
938 588 1
943 566 1
945 540 1
947 508 1
952 474 1
957 440 1
959 411 1
959 386 1
959 360 1
959 332 1
955 303 1
950 274 1
943 246 1
934 225 1
926 210 1
915 198 1
902 189 1
886 184 1
862 180 1
836 183 1
806 189 1
767 202 1
729 219 1
696 238 1
668 257 1
644 277 1
621 300 1
599 324 1
578 350 1
556 377 1
535 403 1
515 428 1
495 452 1
474 475 1
453 499 1
433 522 1
412 545 1
394 566 1
377 585 1
361 606 1
346 626 1
329 650 1
312 679 1
296 709 1
280 740 1
262 776 1
245 813 1
230 850 1
218 883 1
208 914 1
201 944 1
196 971 1
189 998 1
181 1027 1
172 1055 1
167 1082 1
161 1108 1
156 1135 1
151 1167 1
145 1202 1
139 1236 1
133 1269 1
126 1298 1
121 1326 1
116 1349 1
113 1368 1
109 1388 1
107 1404 1
105 1421 1
105 1439 1
104 1462 1
105 1487 1
105 1514 1
105 1537 1
105 1556 1
105 1571 1
105 1585 1
108 1599 1
111 1610 1
116 1620 1
123 1632 1
133 1644 1
146 1658 1
162 1670 1
181 1681 1
203 1691 1
230 1698 1
292 1704 1
324 1698 1
352 1687 1
377 1674 1
398 1661 1
417 1646 1
437 1625 1
458 1598 1
481 1566 1
503 1532 1
526 1498 1
547 1468 1
566 1440 1
583 1415 1
598 1392 1
614 1369 1
646 1320 1
663 1295 1
678 1272 1
692 1250 1
707 1226 1
722 1199 1
740 1169 1
759 1130 1
778 1086 1
798 1043 1
813 1008 1
825 976 1
835 947 1
845 914 1
858 878 1
869 842 1
879 808 1
894 751 1
900 722 1
906 694 1
911 666 1
916 639 1
920 618 1
923 597 1
926 576 1
927 549 1
928 518 1
928 484 1
926 422 1
925 398 1
923 376 1
921 358 1
918 342 1
915 330 1
908 319 1
899 308 1
885 299 1
860 289 1
829 282 1
794 279 1
759 283 1
722 289 1
686 301 1
648 317 1
609 340 1
569 369 1
533 400 1
499 433 1
466 469 1
429 509 1
390 558 1
353 610 1
319 664 1
289 716 1
263 764 1
240 810 1
221 855 1
205 902 1
190 952 1
169 1007 1
146 1066 1
125 1127 1
111 1201 1
109 1222 1
109 1222 0
