642 1236 1
642 1236 1
642 1236 1
642 1236 1
642 1236 1
642 1236 1
642 1236 1
642 1236 1
642 1236 1
641 1236 1
639 1236 1
639 1236 1
637 1237 1
636 1237 1
634 1238 1
631 1239 1
628 1240 1
625 1241 1
621 1243 1
618 1244 1
614 1246 1
611 1247 1
606 1249 1
603 1250 1
599 1251 1
596 1252 1
593 1253 1
590 1254 1
588 1255 1
588 1255 1
588 1255 1
586 1255 1
586 1255 1
585 1255 1
585 1255 1
584 1253 1
583 1254 1
583 1254 1
581 1251 1
581 1251 1
580 1250 1
578 1248 1
579 1248 1
579 1248 1
578 1247 1
578 1247 1
578 1246 1
578 1246 1
578 1246 1
578 1246 1
578 1246 1
578 1246 1
578 1246 1
578 1246 1
578 1246 1
579 1245 1
579 1245 1
579 1245 1
582 1242 1
585 1240 1
591 1238 1
597 1235 1
608 1232 1
621 1230 1
634 1228 1
647 1228 1
657 1228 1
664 1229 1
670 1229 1
673 1230 1
677 1230 1
678 1230 1
680 1230 1
680 1230 1
680 1230 1
680 1230 1
680 1230 1
681 1231 1
681 1232 1
683 1237 1
685 1243 1
686 1251 1
687 1260 1
686 1272 1
684 1283 1
682 1295 1
682 1305 1
680 1313 1
680 1320 1
678 1326 1
676 1329 1
675 1334 1
674 1337 1
674 1339 1
671 1342 1
669 1345 1
664 1350 1
659 1354 1
652 1358 1
645 1362 1
637 1366 1
629 1368 1
621 1370 1
613 1372 1
607 1372 1
604 1373 1
601 1373 1
599 1373 1
596 1371 1
593 1372 1
590 1371 1
587 1371 1
583 1368 1
579 1366 1
573 1361 1
566 1351 1
560 1342 1
553 1331 1
548 1321 1
543 1311 1
540 1303 1
536 1296 1
534 1289 1
534 1283 1
534 1278 1
535 1270 1
536 1264 1
539 1256 1
542 1246 1
546 1233 1
550 1219 1
555 1205 1
558 1193 1
564 1183 1
568 1175 1
572 1168 1
577 1161 1
581 1156 1
585 1152 1
588 1149 1
590 1146 1
593 1143 1
596 1141 1
599 1137 1
602 1133 1
607 1128 1
613 1121 1
620 1114 1
627 1107 1
634 1099 1
640 1093 1
645 1085 1
650 1080 1
654 1075 1
658 1070 1
660 1066 1
663 1064 1
664 1062 1
667 1060 1
669 1058 1
669 1057 1
670 1057 1
670 1057 1
670 1057 1
671 1057 1
672 1057 1
674 1057 1
675 1058 1
677 1059 1
680 1061 1
683 1064 1
686 1069 1
689 1075 1
694 1084 1
699 1094 1
704 1106 1
708 1117 1
711 1129 1
715 1139 1
718 1150 1
721 1158 1
723 1167 1
725 1175 1
727 1181 1
728 1185 1
729 1189 1
731 1193 1
731 1196 1
732 1198 1
732 1200 1
733 1204 1
734 1206 1
734 1208 1
735 1213 1
737 1217 1
738 1222 1
740 1229 1
741 1234 1
744 1241 1
746 1248 1
748 1255 1
750 1261 1
753 1270 1
755 1279 1
758 1290 1
760 1303 1
763 1314 1
765 1325 1
765 1332 1
765 1339 1
765 1345 1
764 1349 1
764 1352 1
763 1355 1
762 1357 1
760 1360 1
760 1361 1
758 1363 1
757 1366 1
756 1367 1
754 1370 1
753 1371 1
752 1373 1
750 1375 1
749 1376 1
747 1378 1
745 1380 1
744 1380 1
742 1382 1
740 1384 1
737 1388 1
733 1391 1
727 1396 1
719 1401 1
711 1407 1
703 1412 1
694 1416 1
685 1420 1
676 1424 1
668 1427 1
659 1430 1
650 1433 1
642 1436 1
636 1437 1
629 1438 1
624 1439 1
618 1440 1
612 1441 1
606 1441 1
600 1441 1
593 1439 1
585 1439 1
575 1436 1
563 1433 1
551 1428 1
537 1423 1
526 1417 1
515 1411 1
504 1404 1
497 1400 1
490 1395 1
486 1390 1
481 1387 1
479 1382 1
478 1376 1
478 1368 1
477 1354 1
476 1339 1
474 1325 1
474 1312 1
472 1301 1
472 1293 1
471 1283 1
472 1273 1
474 1264 1
475 1255 1
477 1246 1
477 1236 1
479 1228 1
482 1218 1
483 1210 1
485 1202 1
485 1197 1
487 1190 1
489 1184 1
490 1174 1
492 1166 1
494 1154 1
494 1144 1
495 1135 1
496 1126 1
498 1120 1
500 1113 1
501 1107 1
503 1102 1
506 1097 1
508 1093 1
510 1089 1
512 1086 1
516 1083 1
519 1079 1
523 1075 1
528 1072 1
533 1068 1
539 1066 1
546 1063 1
554 1060 1
563 1056 1
573 1053 1
580 1051 1
588 1049 1
596 1047 1
604 1047 1
613 1047 1
624 1049 1
635 1053 1
647 1057 1
655 1060 1
663 1065 1
673 1069 1
683 1074 1
692 1081 1
703 1089 1
713 1099 1
723 1109 1
730 1118 1
737 1126 1
745 1135 1
751 1144 1
758 1152 1
763 1160 1
768 1166 1
771 1171 1
774 1175 1
776 1178 1
778 1182 1
779 1184 1
781 1187 1
782 1190 1
784 1194 1
786 1197 1
787 1200 1
790 1203 1
792 1207 1
793 1210 1
796 1214 1
797 1217 1
799 1222 1
801 1225 1
802 1228 1
804 1231 1
806 1235 1
807 1238 1
809 1241 1
810 1244 1
811 1248 1
813 1251 1
813 1255 1
815 1260 1
816 1264 1
817 1267 1
818 1270 1
818 1273 1
819 1277 1
820 1280 1
821 1283 1
821 1286 1
822 1290 1
823 1293 1
823 1297 1
823 1300 1
824 1306 1
824 1311 1
824 1317 1
824 1323 1
824 1328 1
823 1333 1
821 1337 1
821 1341 1
819 1345 1
818 1350 1
817 1355 1
815 1358 1
813 1364 1
811 1369 1
809 1373 1
808 1378 1
805 1383 1
802 1388 1
799 1394 1
796 1399 1
792 1404 1
788 1408 1
785 1413 1
781 1416 1
777 1421 1
773 1425 1
770 1428 1
767 1432 1
763 1435 1
760 1438 1
757 1441 1
753 1444 1
751 1446 1
748 1448 1
745 1450 1
742 1453 1
738 1455 1
735 1457 1
732 1460 1
728 1463 1
723 1465 1
719 1468 1
713 1471 1
706 1475 1
700 1478 1
693 1481 1
687 1484 1
681 1487 1
675 1489 1
670 1491 1
667 1492 1
662 1494 1
658 1496 1
654 1496 1
651 1498 1
645 1499 1
641 1500 1
636 1501 1
632 1501 1
625 1502 1
620 1502 1
613 1503 1
607 1503 1
601 1503 1
596 1503 1
590 1503 1
587 1502 1
583 1502 1
579 1500 1
575 1501 1
572 1499 1
566 1499 1
561 1497 1
556 1497 1
552 1494 1
546 1491 1
541 1488 1
535 1486 1
530 1483 1
524 1479 1
519 1476 1
515 1474 1
511 1471 1
506 1468 1
502 1466 1
498 1464 1
493 1461 1
488 1457 1
482 1454 1
475 1450 1
467 1444 1
457 1437 1
449 1430 1
441 1423 1
434 1417 1
426 1410 1
420 1403 1
415 1396 1
409 1391 1
403 1384 1
398 1379 1
394 1373 1
391 1368 1
389 1363 1
388 1359 1
386 1356 1
387 1353 1
387 1349 1
387 1347 1
387 1345 1
387 1342 1
385 1339 1
386 1336 1
384 1331 1
384 1325 1
382 1317 1
378 1304 1
374 1289 1
371 1273 1
368 1261 1
364 1249 1
361 1239 1
358 1231 1
355 1223 1
351 1216 1
349 1210 1
347 1205 1
347 1201 1
345 1198 1
345 1195 1
344 1192 1
344 1189 1
343 1186 1
343 1183 1
343 1180 1
343 1176 1
343 1171 1
343 1165 1
344 1157 1
347 1149 1
351 1138 1
355 1129 1
360 1121 1
365 1113 1
370 1107 1
375 1101 1
379 1096 1
384 1092 1
388 1088 1
392 1085 1
395 1081 1
398 1078 1
400 1076 1
402 1073 1
405 1070 1
407 1066 1
410 1062 1
413 1057 1
416 1051 1
418 1046 1
420 1039 1
422 1033 1
424 1025 1
427 1017 1
428 1010 1
430 1004 1
433 999 1
434 994 1
437 989 1
441 984 1
449 977 1
458 969 1
467 963 1
476 957 1
488 951 1
500 946 1
512 943 1
524 941 1
537 940 1
550 938 1
563 939 1
576 939 1
589 941 1
601 943 1
614 945 1
628 948 1
641 952 1
655 955 1
669 957 1
684 960 1
698 963 1
710 965 1
720 967 1
729 969 1
737 971 1
746 973 1
753 975 1
759 978 1
765 981 1
770 983 1
773 986 1
776 988 1
780 991 1
783 994 1
785 997 1
788 1000 1
791 1004 1
793 1008 1
796 1011 1
799 1016 1
803 1024 1
807 1031 1
811 1038 1
815 1046 1
820 1054 1
824 1064 1
830 1075 1
835 1088 1
840 1102 1
845 1114 1
848 1126 1
851 1139 1
853 1151 1
854 1164 1
855 1175 1
855 1185 1
855 1194 1
856 1203 1
855 1214 1
855 1226 1
851 1238 1
849 1249 1
846 1258 1
844 1266 1
842 1273 1
840 1279 1
840 1284 1
838 1287 1
839 1290 1
838 1292 1
838 1294 1
838 1296 1
839 1300 1
840 1304 1
842 1311 1
846 1319 1
850 1331 1
857 1344 1
863 1358 1
872 1375 1
878 1387 1
885 1400 1
889 1407 1
894 1414 1
897 1420 1
899 1425 1
902 1428 1
904 1432 1
905 1436 1
907 1440 1
908 1445 1
909 1451 1
910 1456 1
910 1462 1
910 1468 1
907 1474 1
906 1479 1
903 1486 1
899 1493 1
895 1500 1
890 1507 1
885 1513 1
880 1518 1
874 1523 1
869 1526 1
862 1529 1
857 1532 1
848 1535 1
839 1538 1
827 1540 1
815 1544 1
802 1546 1
790 1547 1
780 1549 1
773 1550 1
764 1552 1
755 1555 1
747 1556 1
737 1560 1
728 1562 1
719 1564 1
711 1566 1
704 1568 1
700 1569 1
696 1570 1
693 1571 1
690 1572 1
686 1573 1
684 1573 1
681 1574 1
678 1575 1
673 1576 1
666 1577 1
658 1577 1
649 1578 1
638 1579 1
626 1579 1
614 1579 1
598 1580 1
584 1581 1
570 1582 1
560 1582 1
550 1583 1
542 1583 1
534 1583 1
528 1584 1
523 1584 1
519 1583 1
515 1583 1
512 1583 1
507 1582 1
503 1580 1
497 1580 1
492 1578 1
486 1576 1
479 1572 1
471 1568 1
460 1562 1
448 1554 1
435 1545 1
423 1536 1
411 1528 1
402 1520 1
393 1514 1
385 1509 1
377 1502 1
369 1496 1
363 1490 1
358 1486 1
353 1481 1
350 1478 1
348 1474 1
345 1471 1
344 1468 1
342 1464 1
340 1461 1
340 1457 1
338 1452 1
337 1446 1
336 1438 1
333 1429 1
332 1420 1
329 1412 1
327 1404 1
326 1396 1
323 1388 1
319 1375 1
315 1362 1
310 1350 1
306 1337 1
301 1328 1
297 1318 1
293 1308 1
290 1300 1
286 1289 1
281 1277 1
276 1265 1
272 1253 1
267 1240 1
263 1223 1
260 1204 1
257 1184 1
256 1163 1
256 1144 1
257 1128 1
261 1114 1
267 1102 1
272 1094 1
279 1086 1
284 1080 1
290 1074 1
295 1069 1
302 1063 1
310 1058 1
319 1052 1
330 1046 1
341 1038 1
352 1032 1
362 1024 1
372 1015 1
385 1006 1
398 996 1
411 985 1
423 975 1
434 967 1
445 960 1
455 952 1
465 947 1
474 941 1
481 937 1
487 932 1
495 928 1
501 923 1
508 919 1
515 915 1
523 912 1
530 908 1
537 904 1
543 901 1
549 899 1
555 897 1
562 895 1
569 894 1
577 892 1
584 891 1
592 890 1
599 890 1
606 889 1
612 887 1
617 888 1
621 887 1
625 887 1
630 887 1
635 887 1
640 887 1
647 888 1
656 891 1
666 895 1
677 898 1
687 902 1
697 905 1
706 910 1
713 913 1
722 916 1
728 919 1
736 923 1
742 926 1
750 929 1
755 932 1
760 934 1
765 937 1
770 939 1
775 941 1
779 944 1
783 946 1
786 948 1
790 951 1
795 955 1
801 960 1
808 966 1
815 972 1
823 979 1
832 987 1
842 995 1
850 1003 1
859 1013 1
868 1023 1
877 1032 1
884 1040 1
890 1048 1
895 1054 1
899 1058 1
903 1064 1
907 1071 1
913 1081 1
918 1095 1
924 1113 1
930 1135 1
934 1159 1
937 1182 1
939 1201 1
941 1217 1
942 1229 1
943 1238 1
943 1244 1
944 1248 1
944 1251 1
944 1253 1
944 1255 1
945 1257 1
946 1259 1
947 1262 1
948 1265 1
951 1270 1
953 1274 1
956 1280 1
960 1286 1
965 1294 1
969 1300 1
973 1307 1
976 1312 1
979 1315 1
980 1318 1
982 1320 1
983 1322 1
985 1325 1
987 1327 1
988 1329 1
989 1332 1
990 1336 1
991 1341 1
993 1347 1
995 1357 1
996 1369 1
998 1381 1
999 1393 1
998 1403 1
996 1412 1
994 1421 1
991 1429 1
988 1436 1
986 1439 1
984 1443 1
982 1446 1
979 1449 1
977 1452 1
974 1455 1
971 1460 1
966 1465 1
962 1471 1
955 1478 1
948 1487 1
940 1498 1
932 1507 1
923 1518 1
914 1528 1
909 1534 1
904 1539 1
900 1544 1
898 1547 1
894 1550 1
891 1552 1
888 1555 1
885 1557 1
878 1561 1
870 1565 1
862 1569 1
854 1573 1
846 1577 1
838 1581 1
829 1584 1
823 1587 1
814 1591 1
806 1594 1
798 1597 1
790 1600 1
781 1604 1
773 1607 1
761 1611 1
746 1616 1
730 1621 1
711 1625 1
692 1629 1
675 1632 1
661 1636 1
647 1638 1
637 1639 1
628 1641 1
622 1641 1
617 1642 1
614 1642 1
612 1643 1
608 1643 1
604 1643 1
598 1643 1
590 1641 1
581 1640 1
569 1639 1
559 1639 1
548 1637 1
537 1636 1
527 1634 1
518 1633 1
509 1633 1
501 1632 1
494 1631 1
488 1631 1
480 1628 1
472 1627 1
463 1625 1
454 1623 1
446 1621 1
438 1618 1
431 1615 1
422 1613 1
414 1609 1
407 1606 1
399 1603 1
394 1601 1
389 1598 1
384 1595 1
377 1592 1
371 1589 1
364 1584 1
359 1579 1
354 1576 1
349 1572 1
345 1567 1
341 1563 1
336 1558 1
333 1553 1
328 1548 1
324 1543 1
321 1539 1
317 1533 1
311 1526 1
304 1518 1
295 1506 1
287 1495 1
276 1482 1
269 1472 1
262 1464 1
257 1457 1
252 1450 1
248 1444 1
244 1436 1
241 1430 1
236 1422 1
234 1417 1
231 1412 1
228 1404 1
223 1396 1
216 1386 1
208 1373 1
200 1358 1
190 1344 1
182 1330 1
174 1319 1
168 1309 1
165 1301 1
161 1295 1
159 1289 1
157 1284 1
157 1279 1
155 1272 1
153 1264 1
153 1254 1
150 1240 1
148 1221 1
148 1199 1
146 1176 1
147 1155 1
147 1135 1
149 1120 1
149 1106 1
151 1097 1
153 1088 1
154 1082 1
155 1076 1
156 1072 1
158 1067 1
160 1062 1
165 1055 1
170 1047 1
177 1037 1
184 1026 1
192 1013 1
204 997 1
218 981 1
233 966 1
250 952 1
266 938 1
279 928 1
292 918 1
305 909 1
315 902 1
325 897 1
334 891 1
347 885 1
361 878 1
381 869 1
402 861 1
424 853 1
446 845 1
464 839 1
482 832 1
501 827 1
522 821 1
545 816 1
570 811 1
597 807 1
625 806 1
654 806 1
682 808 1
706 810 1
728 812 1
743 815 1
756 819 1
767 822 1
776 826 1
785 831 1
794 835 1
804 840 1
812 845 1
821 850 1
830 857 1
838 863 1
846 870 1
852 878 1
859 886 1
865 893 1
871 901 1
876 910 1
882 919 1
888 928 1
893 939 1
899 949 1
905 961 1
910 969 1
914 977 1
917 982 1
921 987 1
923 991 1
925 994 1
927 997 1
928 1000 1
930 1004 1
933 1007 1
935 1012 1
939 1019 1
943 1027 1
947 1037 1
952 1048 1
956 1058 1
961 1071 1
967 1087 1
973 1101 1
976 1114 1
981 1125 1
984 1133 1
987 1140 1
989 1144 1
991 1149 1
992 1151 1
993 1153 1
994 1156 1
995 1158 1
996 1160 1
998 1165 1
1000 1171 1
1003 1180 1
1006 1193 1
1010 1209 1
1015 1227 1
1018 1245 1
1020 1257 1
1022 1267 1
1024 1275 1
1024 1280 1
1025 1283 1
1023 1287 1
1024 1289 1
1024 1291 1
1023 1293 1
1023 1295 1
1023 1297 1
1022 1301 1
1022 1306 1
1020 1314 1
1020 1325 1
1018 1336 1
1018 1350 1
1016 1367 1
1014 1384 1
1013 1397 1
1011 1408 1
1009 1417 1
1008 1425 1
1006 1433 1
1004 1441 1
1003 1449 1
1001 1458 1
996 1469 1
990 1483 1
976 1506 1
959 1531 1
941 1554 1
924 1575 1
911 1590 1
899 1602 1
892 1610 1
887 1615 1
884 1618 1
883 1619 1
883 1620 1
882 1621 1
880 1621 1
877 1623 1
869 1627 1
853 1636 1
831 1648 1
803 1662 1
776 1677 1
751 1690 1
730 1699 1
711 1706 1
695 1710 1
681 1713 1
667 1717 1
654 1719 1
640 1722 1
622 1723 1
600 1724 1
574 1724 1
545 1724 1
518 1723 1
494 1721 1
476 1721 1
461 1719 1
448 1718 1
438 1716 1
427 1714 1
415 1712 1
398 1706 1
375 1700 1
343 1691 1
309 1681 1
283 1672 1
264 1666 1
251 1662 1
245 1659 1
242 1657 1
238 1654 1
233 1648 1
225 1637 1
207 1613 1
184 1580 1
158 1538 1
141 1486 1
141 1485 1
141 1485 0
