130 1659 1
130 1659 1
130 1659 1
130 1659 1
130 1659 1
130 1659 1
130 1659 1
130 1659 1
130 1658 1
131 1656 1
131 1654 1
134 1651 1
136 1646 1
139 1641 1
142 1637 1
145 1630 1
150 1623 1
154 1617 1
158 1610 1
163 1603 1
168 1596 1
173 1589 1
177 1582 1
183 1575 1
188 1569 1
194 1562 1
198 1556 1
203 1550 1
206 1545 1
211 1537 1
216 1528 1
220 1520 1
223 1514 1
227 1509 1
228 1504 1
230 1500 1
230 1496 1
231 1491 1
232 1486 1
232 1481 1
233 1476 1
233 1474 1
234 1469 1
234 1466 1
234 1462 1
235 1458 1
235 1454 1
235 1451 1
236 1446 1
236 1443 1
237 1439 1
237 1436 1
238 1433 1
238 1430 1
239 1427 1
239 1424 1
241 1421 1
242 1417 1
246 1412 1
251 1407 1
256 1403 1
261 1398 1
265 1395 1
268 1392 1
271 1389 1
274 1385 1
277 1381 1
279 1377 1
280 1373 1
281 1370 1
282 1366 1
282 1363 1
283 1361 1
283 1359 1
283 1357 1
283 1355 1
283 1355 1
283 1353 1
283 1353 1
283 1351 1
281 1349 1
281 1347 1
279 1344 1
277 1340 1
276 1338 1
274 1336 1
273 1336 1
268 1335 1
254 1335 1
240 1335 1
229 1337 1
218 1342 1
209 1347 1
200 1355 1
192 1360 1
186 1365 1
180 1371 1
175 1377 1
172 1382 1
169 1386 1
166 1390 1
163 1393 1
162 1396 1
160 1399 1
158 1403 1
158 1406 1
158 1411 1
157 1413 1
157 1417 1
157 1421 1
157 1425 1
159 1430 1
161 1434 1
164 1439 1
168 1443 1
173 1447 1
180 1452 1
186 1457 1
193 1462 1
201 1467 1
206 1471 1
212 1475 1
219 1478 1
226 1482 1
233 1486 1
241 1490 1
248 1493 1
257 1496 1
267 1501 1
277 1505 1
288 1509 1
299 1514 1
309 1518 1
318 1523 1
329 1528 1
339 1533 1
349 1538 1
359 1541 1
369 1545 1
379 1550 1
387 1554 1
394 1558 1
400 1561 1
404 1563 1
409 1565 1
413 1568 1
416 1570 1
417 1570 1
420 1572 1
422 1574 1
422 1575 1
423 1577 1
421 1579 1
418 1581 1
411 1584 1
404 1586 1
396 1588 1
389 1591 1
380 1593 1
370 1595 1
358 1598 1
349 1598 1
340 1600 1
334 1601 1
328 1601 1
322 1603 1
316 1603 1
310 1605 1
304 1607 1
299 1608 1
294 1611 1
289 1612 1
284 1616 1
281 1618 1
277 1621 1
275 1624 1
271 1628 1
270 1631 1
268 1633 1
267 1635 1
265 1637 1
265 1640 1
263 1641 1
260 1643 1
258 1645 1
256 1646 1
253 1648 1
251 1648 1
246 1649 1
242 1650 1
235 1651 1
225 1651 1
213 1648 1
204 1647 1
194 1645 1
188 1644 1
182 1644 1
178 1643 1
175 1642 1
173 1640 1
170 1641 1
168 1640 1
167 1640 1
168 1640 0
548 1567 1
548 1567 1
548 1567 1
548 1567 1
548 1567 1
548 1567 1
548 1566 1
549 1563 1
551 1558 1
555 1550 1
559 1540 1
563 1530 1
567 1520 1
570 1512 1
573 1504 1
575 1497 1
577 1489 1
579 1481 1
581 1473 1
582 1465 1
583 1457 1
584 1449 1
585 1440 1
585 1431 1
586 1422 1
586 1411 1
586 1402 1
584 1394 1
585 1385 1
585 1377 1
585 1367 1
584 1360 1
584 1354 1
584 1348 1
582 1343 1
583 1338 1
582 1333 1
582 1329 1
581 1322 1
580 1316 1
580 1311 1
579 1307 1
577 1304 1
576 1300 1
577 1298 1
575 1296 1
575 1295 1
575 1295 1
573 1294 1
573 1293 1
573 1291 1
572 1291 1
570 1291 1
570 1289 1
568 1290 1
567 1289 1
565 1289 1
564 1289 1
564 1289 1
561 1289 1
557 1290 1
552 1291 1
547 1292 1
542 1294 1
538 1297 1
534 1301 1
530 1308 1
527 1314 1
525 1320 1
522 1328 1
522 1334 1
522 1341 1
522 1347 1
522 1353 1
522 1359 1
523 1364 1
523 1369 1
525 1374 1
527 1379 1
530 1385 1
535 1390 1
541 1395 1
547 1399 1
555 1404 1
563 1409 1
574 1413 1
583 1417 1
593 1420 1
601 1423 1
610 1428 1
619 1431 1
627 1434 1
635 1437 1
640 1440 1
647 1442 1
651 1446 1
657 1449 1
660 1452 1
666 1456 1
669 1459 1
672 1462 1
674 1465 1
676 1469 1
678 1472 1
678 1478 1
678 1486 1
674 1496 1
670 1508 1
663 1519 1
657 1530 1
651 1538 1
645 1545 1
638 1552 1
629 1557 1
619 1564 1
610 1569 1
602 1572 1
595 1575 1
587 1578 1
582 1580 1
575 1581 1
569 1582 1
563 1583 1
566 1583 0
783 1494 1
783 1493 1
783 1489 1
783 1486 1
784 1483 1
785 1478 1
787 1470 1
792 1457 1
798 1440 1
805 1420 1
811 1404 1
816 1388 1
821 1374 1
825 1360 1
830 1345 1
834 1332 1
838 1320 1
841 1308 1
843 1299 1
847 1290 1
850 1282 1
853 1273 1
856 1264 1
860 1255 1
861 1248 1
863 1243 1
863 1238 1
864 1235 1
864 1232 1
864 1231 1
864 1231 1
864 1231 1
864 1231 1
864 1231 1
864 1231 1
864 1231 1
864 1231 1
864 1231 1
864 1231 1
864 1231 1
864 1231 1
862 1231 1
863 1230 1
861 1230 1
859 1230 1
855 1230 1
848 1230 1
838 1231 1
828 1233 1
818 1236 1
810 1238 1
804 1241 1
798 1244 1
795 1245 1
792 1247 1
789 1248 1
786 1250 1
784 1251 1
783 1252 1
783 1254 1
782 1256 1
782 1259 1
782 1263 1
783 1271 1
787 1279 1
794 1287 1
800 1294 1
806 1300 1
814 1307 1
821 1312 1
828 1318 1
834 1322 1
841 1327 1
847 1332 1
855 1335 1
861 1340 1
868 1343 1
874 1347 1
879 1352 1
883 1353 1
888 1357 1
893 1359 1
897 1361 1
902 1364 1
907 1367 1
913 1370 1
920 1375 1
928 1378 1
934 1382 1
939 1385 1
943 1387 1
948 1390 1
951 1393 1
953 1394 1
955 1396 1
958 1398 1
959 1399 1
960 1401 1
961 1402 1
962 1405 1
960 1407 1
960 1409 1
958 1412 1
953 1416 1
948 1420 1
945 1423 1
939 1426 1
934 1430 1
929 1433 1
922 1437 1
914 1440 1
906 1445 1
898 1449 1
888 1451 1
881 1453 1
871 1455 1
863 1457 1
855 1457 1
848 1459 1
840 1460 1
832 1461 1
824 1463 1
816 1464 1
808 1467 1
801 1469 1
792 1470 1
786 1473 1
780 1475 1
777 1476 1
774 1478 1
775 1478 0
