1008 501 1
1008 501 1
1008 501 1
1008 501 1
1008 501 1
1008 501 1
1008 501 1
1008 501 1
1008 501 1
1007 502 1
1006 505 1
1006 511 1
1006 522 1
1006 533 1
1006 541 1
1007 549 1
1008 557 1
1008 567 1
1009 577 1
1010 588 1
1011 596 1
1012 606 1
1013 612 1
1013 617 1
1014 621 1
1014 626 1
1013 633 1
1011 641 1
1009 653 1
1007 666 1
1002 680 1
998 692 1
995 702 1
993 712 1
991 722 1
991 730 1
991 740 1
991 746 1
991 754 1
992 759 1
992 767 1
992 782 1
991 799 1
989 817 1
988 829 1
986 839 1
985 847 1
984 856 1
984 864 1
983 871 1
983 877 1
984 883 1
984 888 1
984 892 1
985 897 1
984 904 1
984 910 1
983 918 1
983 925 1
983 933 1
983 942 1
984 951 1
985 960 1
986 967 1
987 972 1
988 975 1
989 978 1
989 983 1
986 994 1
980 1005 1
972 1018 1
966 1027 1
961 1033 1
956 1039 1
953 1042 1
951 1045 1
949 1047 1
949 1049 1
947 1049 1
942 1050 1
928 1047 1
913 1042 1
901 1035 1
893 1028 1
885 1022 1
877 1011 1
870 1001 1
867 993 1
863 987 1
862 983 1
862 980 1
861 978 1
861 976 1
861 974 1
861 974 1
861 971 1
863 961 1
870 950 1
876 940 1
881 932 1
885 926 1
889 921 1
890 917 1
892 915 1
892 914 1
892 914 1
892 914 1
892 914 1
892 914 1
892 914 1
892 914 1
892 914 1
892 914 1
892 914 1
892 914 1
892 914 1
892 914 1
892 914 1
893 914 1
894 917 1
895 932 1
900 951 1
907 975 1
915 999 1
923 1022 1
930 1041 1
935 1055 1
938 1068 1
940 1080 1
941 1094 1
941 1105 1
939 1114 1
933 1129 1
921 1142 1
906 1159 1
887 1180 1
871 1197 1
877 1191 0
736 507 1
736 507 1
736 507 1
736 507 1
736 507 1
736 507 1
736 507 1
736 507 1
736 507 1
735 507 1
735 508 1
735 512 1
735 519 1
733 527 1
734 539 1
732 553 1
733 570 1
733 589 1
733 606 1
731 622 1
729 639 1
727 656 1
725 670 1
723 683 1
723 691 1
723 698 1
721 705 1
722 712 1
722 722 1
722 733 1
721 744 1
721 756 1
720 766 1
719 778 1
719 792 1
718 805 1
718 818 1
720 830 1
721 839 1
723 848 1
726 857 1
731 865 1
735 875 1
738 884 1
740 892 1
740 899 1
741 905 1
741 909 1
741 913 1
741 918 1
741 923 1
742 930 1
742 938 1
743 948 1
743 957 1
743 965 1
743 973 1
744 978 1
744 984 1
745 990 1
746 998 1
747 1004 1
748 1011 1
750 1017 1
750 1024 1
750 1032 1
750 1042 1
748 1050 1
745 1059 1
741 1068 1
735 1076 1
729 1081 1
723 1087 1
717 1090 1
709 1092 1
701 1092 1
693 1092 1
684 1090 1
675 1087 1
665 1081 1
657 1072 1
650 1063 1
646 1054 1
643 1046 1
641 1039 1
642 1031 1
642 1023 1
644 1004 1
655 988 1
664 975 1
668 968 1
671 963 1
675 959 1
676 956 1
677 954 1
678 954 1
678 954 1
678 954 1
678 954 1
678 954 1
678 954 1
678 954 1
678 954 1
678 954 1
678 954 1
678 954 1
679 956 1
679 965 1
679 979 1
678 1001 1
675 1027 1
666 1056 1
658 1085 1
649 1109 1
639 1130 1
627 1154 1
613 1178 1
599 1201 1
583 1224 1
571 1241 1
576 1235 0
477 512 1
477 512 1
477 512 1
477 512 1
477 512 1
477 512 1
477 512 1
476 512 1
477 515 1
477 521 1
478 528 1
479 537 1
481 546 1
482 557 1
483 570 1
485 586 1
487 602 1
487 616 1
488 628 1
488 639 1
488 651 1
488 665 1
489 677 1
490 688 1
491 698 1
492 707 1
493 718 1
494 731 1
496 744 1
497 757 1
497 770 1
498 782 1
498 795 1
498 808 1
499 820 1
500 832 1
501 844 1
503 856 1
505 867 1
508 877 1
511 885 1
515 892 1
517 900 1
518 909 1
519 919 1
519 931 1
518 942 1
516 952 1
516 963 1
515 972 1
513 980 1
514 989 1
514 997 1
514 1005 1
514 1012 1
515 1019 1
515 1023 1
516 1028 1
516 1035 1
514 1043 1
512 1049 1
509 1056 1
504 1062 1
498 1065 1
495 1068 1
490 1071 1
486 1073 1
482 1073 1
477 1074 1
472 1074 1
465 1075 1
456 1073 1
447 1074 1
437 1072 1
429 1069 1
421 1066 1
415 1061 1
410 1056 1
407 1053 1
404 1050 1
403 1047 1
401 1044 1
402 1039 1
401 1034 1
402 1027 1
402 1020 1
402 1014 1
403 1008 1
405 999 1
410 990 1
417 980 1
423 973 1
428 968 1
433 964 1
436 961 1
438 959 1
439 960 1
440 960 1
441 963 1
441 970 1
441 979 1
440 994 1
440 1013 1
439 1035 1
434 1056 1
428 1082 1
420 1110 1
408 1144 1
396 1181 1
387 1207 1
391 1197 0
312 575 1
312 575 1
312 575 1
312 575 1
312 575 1
312 575 1
312 575 1
309 576 1
307 583 1
304 593 1
302 604 1
300 617 1
298 631 1
296 647 1
297 666 1
297 684 1
299 702 1
303 720 1
306 738 1
308 755 1
310 773 1
310 797 1
309 813 1
307 825 1
306 834 1
305 842 1
305 850 1
304 859 1
304 869 1
305 889 1
306 901 1
308 913 1
312 935 1
317 956 1
319 979 1
316 1008 1
308 1034 1
301 1053 1
296 1063 1
294 1070 1
292 1073 1
292 1077 1
291 1079 1
290 1082 1
288 1087 1
285 1093 1
280 1098 1
275 1103 1
267 1108 1
259 1112 1
251 1113 1
235 1113 1
225 1110 1
216 1104 1
209 1099 1
201 1092 1
191 1079 1
186 1065 1
184 1052 1
184 1040 1
184 1030 1
185 1022 1
186 1015 1
187 1008 1
188 1002 1
190 997 1
193 994 1
197 991 1
201 991 1
206 990 1
212 990 1
217 992 1
222 992 1
225 994 1
231 1003 1
232 1021 1
230 1045 1
220 1081 1
204 1116 1
186 1149 1
167 1184 1
151 1217 1
144 1238 1
148 1229 0
