41 1677 1
41 1677 1
41 1677 1
41 1677 1
41 1677 1
41 1677 1
41 1677 1
41 1677 1
41 1675 1
41 1675 1
41 1674 1
42 1672 1
43 1669 1
44 1665 1
47 1659 1
49 1651 1
54 1639 1
60 1628 1
67 1618 1
72 1609 1
78 1603 1
82 1598 1
85 1591 1
90 1579 1
94 1564 1
98 1547 1
102 1532 1
105 1518 1
109 1505 1
112 1494 1
114 1483 1
117 1470 1
122 1449 1
124 1435 1
126 1422 1
127 1410 1
128 1399 1
128 1388 1
129 1374 1
129 1351 1
127 1333 1
126 1316 1
125 1297 1
123 1278 1
123 1266 1
122 1255 1
122 1243 1
119 1221 1
117 1206 1
117 1195 1
115 1186 1
115 1177 1
113 1169 1
111 1161 1
110 1152 1
109 1144 1
109 1136 1
108 1127 1
107 1119 1
107 1111 1
107 1102 1
107 1092 1
107 1080 1
107 1070 1
107 1061 1
107 1052 1
106 1042 1
106 1032 1
104 1021 1
104 1008 1
104 994 1
104 974 1
105 955 1
105 938 1
105 923 1
106 910 1
107 887 1
109 870 1
109 859 1
110 848 1
112 826 1
113 806 1
117 785 1
121 769 1
124 759 1
126 750 1
127 745 1
127 741 1
128 738 1
128 736 1
128 734 1
128 734 1
128 734 1
128 734 1
128 734 1
128 734 1
128 734 1
128 734 1
128 734 1
128 734 1
128 734 1
128 734 1
128 734 1
128 734 1
128 734 1
128 734 1
128 734 1
128 734 1
128 734 1
128 734 1
128 734 1
128 734 1
128 734 1
127 734 1
127 734 1
126 734 1
125 733 1
125 733 1
123 733 1
121 734 1
112 743 1
102 755 1
92 769 1
86 778 1
80 788 1
74 801 1
69 812 1
66 823 1
63 833 1
60 845 1
57 868 1
56 887 1
54 910 1
56 933 1
60 950 1
65 961 1
68 969 1
73 983 1
78 1002 1
82 1023 1
85 1039 1
88 1050 1
89 1061 1
90 1072 1
91 1084 1
92 1096 1
94 1108 1
95 1121 1
98 1134 1
104 1150 1
109 1163 1
115 1175 1
118 1184 1
122 1192 1
126 1201 1
130 1211 1
133 1223 1
139 1235 1
144 1247 1
147 1257 1
150 1266 1
154 1280 1
157 1299 1
158 1309 1
159 1319 1
159 1328 1
160 1336 1
160 1346 1
160 1358 1
161 1372 1
161 1385 1
161 1397 1
162 1409 1
163 1421 1
163 1433 1
164 1446 1
164 1456 1
165 1465 1
166 1473 1
166 1480 1
167 1485 1
167 1490 1
167 1495 1
168 1503 1
168 1513 1
170 1522 1
171 1531 1
172 1539 1
173 1545 1
176 1550 1
178 1556 1
180 1560 1
182 1565 1
184 1570 1
187 1576 1
189 1582 1
191 1587 1
194 1591 1
195 1593 1
196 1596 1
197 1597 1
198 1600 1
199 1601 1
199 1601 1
199 1602 1
199 1602 1
200 1602 1
200 1602 1
200 1602 1
200 1603 1
201 1603 1
201 1602 1
201 1602 1
203 1600 1
205 1599 1
208 1595 1
214 1587 1
221 1577 1
227 1564 1
234 1549 1
242 1535 1
249 1517 1
257 1499 1
264 1483 1
268 1471 1
272 1459 1
274 1443 1
275 1423 1
277 1403 1
277 1387 1
276 1371 1
276 1357 1
274 1343 1
272 1331 1
270 1323 1
269 1316 1
267 1310 1
265 1305 1
265 1298 1
263 1288 1
261 1279 1
259 1269 1
257 1258 1
255 1244 1
253 1228 1
250 1210 1
248 1194 1
245 1178 1
244 1162 1
242 1147 1
240 1134 1
240 1124 1
238 1115 1
237 1107 1
237 1099 1
237 1090 1
236 1081 1
236 1073 1
237 1066 1
238 1060 1
239 1053 1
240 1048 1
243 1042 1
245 1037 1
248 1031 1
250 1026 1
253 1019 1
256 1011 1
258 1002 1
260 992 1
264 980 1
266 967 1
268 952 1
270 939 1
272 926 1
273 913 1
274 902 1
275 891 1
276 880 1
274 872 1
274 863 1
274 855 1
272 847 1
270 838 1
267 828 1
263 817 1
258 802 1
252 788 1
246 775 1
240 765 1
234 757 1
228 751 1
224 746 1
221 744 1
218 741 1
216 740 1
214 740 1
211 741 1
209 741 1
205 745 1
202 751 1
198 759 1
195 765 1
191 773 1
189 781 1
187 790 1
186 802 1
185 817 1
185 832 1
185 852 1
188 872 1
190 890 1
192 905 1
194 920 1
195 937 1
197 954 1
199 970 1
201 986 1
204 1002 1
207 1019 1
209 1035 1
212 1049 1
213 1061 1
214 1072 1
216 1084 1
217 1096 1
219 1106 1
220 1117 1
221 1128 1
223 1138 1
223 1148 1
223 1156 1
223 1163 1
222 1170 1
222 1176 1
222 1181 1
222 1187 1
222 1192 1
223 1197 1
224 1204 1
225 1213 1
226 1224 1
228 1235 1
229 1245 1
231 1254 1
233 1262 1
234 1270 1
237 1278 1
240 1286 1
242 1294 1
245 1302 1
248 1309 1
251 1316 1
254 1323 1
257 1329 1
260 1334 1
263 1339 1
265 1346 1
268 1354 1
271 1365 1
274 1376 1
277 1386 1
279 1395 1
281 1404 1
284 1414 1
286 1425 1
289 1436 1
292 1448 1
294 1457 1
297 1464 1
299 1470 1
301 1476 1
304 1484 1
306 1492 1
309 1501 1
312 1509 1
313 1516 1
315 1519 1
317 1524 1
318 1527 1
319 1529 1
320 1531 1
321 1533 1
323 1535 1
323 1536 1
325 1538 1
328 1538 1
331 1536 1
334 1534 1
338 1530 1
343 1527 1
347 1520 1
352 1513 1
355 1505 1
358 1496 1
361 1486 1
363 1476 1
364 1465 1
364 1454 1
364 1440 1
362 1425 1
360 1410 1
358 1396 1
354 1380 1
350 1366 1
348 1354 1
346 1342 1
344 1333 1
342 1323 1
339 1313 1
336 1302 1
333 1290 1
330 1279 1
328 1269 1
325 1258 1
322 1246 1
321 1230 1
318 1214 1
317 1201 1
316 1189 1
314 1176 1
315 1162 1
315 1148 1
317 1136 1
318 1126 1
320 1116 1
323 1105 1
326 1093 1
330 1080 1
334 1069 1
339 1060 1
341 1052 1
344 1044 1
346 1036 1
350 1026 1
353 1014 1
356 1003 1
357 991 1
358 981 1
358 972 1
357 961 1
355 949 1
355 936 1
354 924 1
352 916 1
351 906 1
348 898 1
344 886 1
340 874 1
336 862 1
334 851 1
331 843 1
329 837 1
329 832 1
327 827 1
327 824 1
326 820 1
324 817 1
324 810 1
322 798 1
320 787 1
318 777 1
316 767 1
313 758 1
311 752 1
309 746 1
309 744 1
308 743 1
308 741 1
308 741 1
308 741 1
308 741 1
308 741 1
308 741 1
308 741 1
308 741 1
307 744 1
305 750 1
302 759 1
299 770 1
296 784 1
293 797 1
290 812 1
288 825 1
287 836 1
285 846 1
286 857 1
286 870 1
287 882 1
288 895 1
290 906 1
292 922 1
294 938 1
296 956 1
297 971 1
299 984 1
300 997 1
301 1009 1
302 1021 1
302 1031 1
303 1040 1
303 1048 1
304 1056 1
305 1067 1
306 1080 1
307 1094 1
309 1108 1
312 1123 1
315 1141 1
318 1159 1
322 1178 1
326 1195 1
330 1213 1
335 1230 1
338 1244 1
343 1255 1
345 1262 1
347 1267 1
349 1272 1
351 1276 1
354 1279 1
356 1283 1
358 1286 1
360 1293 1
361 1300 1
363 1308 1
363 1316 1
363 1324 1
363 1334 1
363 1342 1
363 1350 1
363 1360 1
363 1371 1
363 1381 1
363 1390 1
364 1400 1
366 1409 1
368 1419 1
371 1428 1
374 1437 1
376 1446 1
379 1454 1
382 1462 1
385 1468 1
388 1476 1
391 1482 1
395 1490 1
399 1499 1
404 1509 1
409 1517 1
414 1527 1
418 1533 1
422 1540 1
426 1545 1
430 1549 1
433 1552 1
434 1553 1
436 1555 1
438 1557 1
439 1558 1
440 1559 1
441 1559 1
442 1558 1
445 1555 1
447 1550 1
450 1544 1
455 1534 1
458 1526 1
460 1518 1
462 1509 1
463 1499 1
464 1486 1
463 1472 1
460 1455 1
457 1437 1
454 1419 1
449 1400 1
444 1379 1
440 1356 1
435 1334 1
431 1311 1
426 1291 1
424 1275 1
423 1259 1
421 1243 1
419 1226 1
420 1212 1
419 1195 1
419 1182 1
419 1171 1
417 1159 1
418 1147 1
418 1133 1
418 1120 1
418 1109 1
419 1098 1
420 1087 1
421 1076 1
423 1064 1
423 1054 1
425 1042 1
426 1033 1
427 1023 1
429 1012 1
430 1000 1
432 988 1
433 980 1
433 972 1
434 964 1
435 951 1
436 934 1
437 916 1
438 896 1
439 878 1
440 861 1
440 846 1
440 830 1
438 813 1
438 796 1
435 782 1
434 771 1
431 762 1
429 754 1
427 748 1
425 742 1
423 738 1
422 736 1
420 733 1
419 733 1
420 732 1
420 732 1
418 731 1
418 731 1
415 730 1
414 730 1
412 728 1
411 729 1
409 728 1
407 728 1
406 728 1
404 728 1
403 726 1
402 727 1
400 727 1
398 727 1
397 727 1
394 728 1
391 731 1
386 737 1
381 744 1
375 754 1
370 765 1
364 776 1
360 786 1
356 798 1
353 808 1
351 819 1
349 827 1
349 834 1
347 840 1
348 846 1
348 854 1
349 863 1
351 876 1
353 888 1
356 899 1
358 912 1
360 927 1
362 944 1
366 960 1
369 974 1
373 990 1
378 1008 1
383 1028 1
388 1045 1
393 1059 1
398 1071 1
403 1083 1
408 1093 1
413 1102 1
417 1110 1
421 1116 1
424 1121 1
426 1125 1
428 1128 1
431 1132 1
434 1138 1
437 1146 1
440 1159 1
444 1173 1
447 1188 1
450 1206 1
452 1227 1
455 1245 1
457 1261 1
459 1276 1
462 1291 1
464 1304 1
465 1316 1
467 1325 1
468 1333 1
470 1340 1
473 1347 1
475 1356 1
478 1364 1
481 1373 1
484 1383 1
487 1391 1
490 1400 1
495 1410 1
498 1420 1
503 1430 1
506 1442 1
511 1452 1
515 1461 1
518 1472 1
521 1481 1
524 1492 1
527 1503 1
529 1512 1
532 1521 1
534 1527 1
536 1531 1
538 1534 1
539 1537 1
542 1540 1
544 1542 1
545 1544 1
548 1546 1
550 1548 1
552 1548 1
554 1547 1
556 1546 1
559 1542 1
562 1538 1
564 1532 1
566 1526 1
569 1517 1
571 1505 1
573 1491 1
574 1477 1
573 1462 1
571 1444 1
569 1425 1
565 1406 1
561 1387 1
558 1365 1
555 1346 1
551 1326 1
549 1307 1
547 1289 1
546 1275 1
545 1263 1
545 1252 1
545 1242 1
545 1230 1
546 1219 1
546 1209 1
547 1199 1
547 1192 1
548 1184 1
548 1177 1
548 1168 1
548 1160 1
548 1152 1
547 1144 1
547 1136 1
547 1127 1
547 1118 1
548 1110 1
548 1100 1
551 1088 1
553 1077 1
556 1067 1
558 1056 1
561 1044 1
565 1032 1
568 1017 1
570 1003 1
572 989 1
574 979 1
575 970 1
576 960 1
576 949 1
575 938 1
575 930 1
575 922 1
573 917 1
574 912 1
572 907 1
572 900 1
570 892 1
568 883 1
567 875 1
567 866 1
565 858 1
563 848 1
562 839 1
559 830 1
557 820 1
553 809 1
549 799 1
544 787 1
538 774 1
531 762 1
524 747 1
516 731 1
508 718 1
503 710 1
498 704 1
496 700 1
494 697 1
491 694 1
488 691 1
484 689 1
481 686 1
478 684 1
475 682 1
474 682 1
472 682 1
472 681 1
471 681 1
471 681 1
470 681 1
470 681 1
468 682 1
468 682 1
466 685 1
464 689 1
461 695 1
459 700 1
458 705 1
455 710 1
455 716 1
453 722 1
453 729 1
453 735 1
453 741 1
453 747 1
453 756 1
453 768 1
453 783 1
454 801 1
454 819 1
455 836 1
457 853 1
460 873 1
465 890 1
470 908 1
476 923 1
482 937 1
486 949 1
491 959 1
495 967 1
498 973 1
502 980 1
505 985 1
510 991 1
513 997 1
516 1001 1
518 1006 1
520 1010 1
522 1013 1
523 1017 1
525 1020 1
527 1027 1
529 1033 1
531 1040 1
532 1047 1
536 1054 1
537 1064 1
539 1075 1
541 1086 1
544 1101 1
546 1114 1
547 1126 1
548 1140 1
548 1154 1
546 1168 1
547 1179 1
545 1191 1
544 1202 1
545 1214 1
545 1227 1
546 1239 1
548 1251 1
550 1263 1
552 1277 1
555 1293 1
559 1310 1
561 1322 1
564 1334 1
565 1344 1
569 1356 1
571 1368 1
574 1379 1
576 1389 1
579 1398 1
580 1406 1
583 1414 1
585 1421 1
588 1428 1
591 1434 1
594 1441 1
597 1447 1
601 1453 1
604 1458 1
607 1461 1
610 1465 1
615 1470 1
620 1474 1
625 1477 1
628 1480 1
633 1482 1
637 1484 1
640 1486 1
643 1487 1
645 1488 1
647 1489 1
650 1489 1
653 1488 1
656 1486 1
659 1485 1
661 1483 1
666 1478 1
669 1473 1
672 1468 1
674 1463 1
677 1458 1
680 1452 1
681 1446 1
683 1438 1
685 1430 1
686 1423 1
688 1416 1
689 1412 1
689 1408 1
690 1403 1
690 1397 1
688 1389 1
687 1378 1
687 1367 1
685 1354 1
684 1340 1
680 1322 1
676 1300 1
673 1277 1
671 1258 1
668 1241 1
665 1226 1
663 1212 1
660 1202 1
658 1193 1
655 1188 1
655 1183 1
653 1180 1
653 1176 1
652 1171 1
650 1163 1
649 1153 1
646 1142 1
644 1129 1
642 1113 1
640 1095 1
638 1074 1
635 1054 1
633 1033 1
632 1011 1
632 993 1
632 979 1
632 971 1
632 966 1
632 962 1
632 958 1
633 952 1
633 946 1
633 937 1
633 927 1
633 916 1
633 902 1
633 882 1
635 863 1
636 844 1
637 829 1
639 816 1
640 806 1
640 795 1
641 784 1
641 775 1
641 766 1
642 756 1
642 746 1
640 733 1
639 719 1
638 707 1
636 697 1
635 686 1
633 678 1
630 670 1
627 662 1
624 654 1
617 646 1
612 639 1
605 634 1
601 629 1
596 626 1
594 624 1
592 625 1
590 625 1
587 625 1
585 627 1
582 631 1
578 637 1
572 646 1
565 658 1
557 673 1
549 687 1
543 701 1
538 715 1
536 729 1
535 745 1
535 760 1
536 775 1
537 786 1
538 796 1
540 805 1
542 813 1
544 820 1
545 827 1
548 835 1
551 844 1
554 857 1
557 872 1
562 889 1
566 905 1
570 923 1
573 943 1
578 961 1
581 978 1
585 993 1
588 1008 1
593 1024 1
597 1039 1
602 1054 1
607 1067 1
612 1082 1
617 1097 1
622 1111 1
627 1122 1
629 1132 1
634 1143 1
638 1156 1
642 1168 1
647 1180 1
649 1190 1
652 1200 1
655 1211 1
658 1222 1
660 1233 1
662 1243 1
664 1254 1
666 1263 1
669 1271 1
671 1278 1
673 1286 1
677 1296 1
680 1305 1
684 1315 1
688 1325 1
693 1333 1
697 1341 1
701 1351 1
705 1360 1
709 1371 1
714 1381 1
717 1389 1
720 1395 1
724 1400 1
726 1404 1
727 1407 1
729 1409 1
732 1413 1
733 1415 1
735 1417 1
735 1418 1
737 1420 1
737 1421 1
737 1421 1
738 1421 1
738 1421 1
738 1421 1
738 1421 1
738 1422 1
738 1422 1
739 1422 1
739 1422 1
739 1422 1
739 1422 1
739 1423 1
739 1423 1
740 1423 1
740 1423 1
740 1423 1
740 1423 1
740 1423 1
740 1423 1
740 1423 1
740 1423 1
740 1423 1
740 1423 1
740 1423 1
740 1423 1
740 1423 1
740 1423 1
740 1423 1
740 1423 1
740 1423 1
740 1423 1
740 1423 1
740 1423 1
740 1423 1
740 1423 1
740 1423 1
740 1423 1
740 1423 1
740 1423 1
740 1423 1
740 1423 1
740 1423 1
740 1423 1
740 1423 1
740 1423 1
740 1423 1
740 1423 1
740 1423 1
740 1423 1
740 1423 1
740 1423 1
740 1423 1
740 1423 1
740 1423 1
740 1423 1
740 1423 1
740 1421 1
741 1418 1
743 1414 1
745 1408 1
748 1402 1
752 1396 1
754 1390 1
756 1384 1
758 1377 1
760 1367 1
761 1357 1
763 1348 1
763 1338 1
764 1328 1
764 1318 1
763 1307 1
761 1296 1
759 1284 1
757 1273 1
755 1261 1
752 1252 1
748 1241 1
744 1227 1
740 1213 1
735 1199 1
731 1184 1
729 1170 1
727 1155 1
725 1141 1
725 1130 1
724 1121 1
724 1110 1
725 1100 1
726 1089 1
727 1076 1
728 1061 1
729 1049 1
730 1036 1
731 1021 1
731 1006 1
732 992 1
732 977 1
733 963 1
734 950 1
734 938 1
735 927 1
735 917 1
735 909 1
735 901 1
735 893 1
736 884 1
736 874 1
737 859 1
739 845 1
742 828 1
743 812 1
744 797 1
745 782 1
745 771 1
745 761 1
744 749 1
742 735 1
740 718 1
740 701 1
738 686 1
738 677 1
736 671 1
735 666 1
735 663 1
733 660 1
731 653 1
727 644 1
724 638 1
721 632 1
719 629 1
716 626 1
715 625 1
713 623 1
713 622 1
711 622 1
712 620 1
710 621 1
708 619 1
706 620 1
705 619 1
703 619 1
702 618 1
700 617 1
698 617 1
697 616 1
695 616 1
693 614 1
693 614 1
691 614 1
690 613 1
688 613 1
686 613 1
686 612 1
686 612 1
684 612 1
684 612 1
684 612 1
683 613 1
681 616 1
675 623 1
669 635 1
660 651 1
648 669 1
640 686 1
634 699 1
629 708 1
627 715 1
625 723 1
625 729 1
624 737 1
624 744 1
624 753 1
625 759 1
627 767 1
628 777 1
631 788 1
634 804 1
639 822 1
644 842 1
651 864 1
656 887 1
662 911 1
669 935 1
677 957 1
684 979 1
690 1000 1
695 1020 1
700 1036 1
704 1053 1
708 1068 1
712 1084 1
715 1102 1
719 1118 1
723 1133 1
726 1149 1
729 1166 1
731 1180 1
734 1192 1
736 1202 1
738 1212 1
742 1223 1
745 1234 1
748 1245 1
751 1253 1
754 1262 1
756 1271 1
758 1278 1
761 1287 1
765 1297 1
769 1307 1
774 1318 1
778 1327 1
783 1335 1
788 1342 1
792 1349 1
797 1355 1
801 1362 1
804 1367 1
807 1371 1
808 1373 1
810 1375 1
811 1377 1
812 1378 1
812 1378 1
812 1378 1
812 1378 1
812 1378 1
813 1378 1
813 1378 1
813 1378 1
814 1377 1
816 1374 1
819 1368 1
823 1357 1
828 1346 1
831 1333 1
833 1320 1
836 1306 1
836 1293 1
837 1278 1
837 1264 1
837 1251 1
835 1238 1
834 1224 1
834 1212 1
832 1199 1
832 1188 1
830 1175 1
830 1159 1
828 1141 1
826 1121 1
822 1097 1
820 1077 1
817 1061 1
813 1050 1
811 1041 1
808 1032 1
807 1020 1
804 1008 1
802 997 1
802 985 1
803 975 1
803 966 1
804 956 1
805 947 1
806 939 1
807 930 1
809 922 1
811 913 1
813 905 1
814 894 1
816 884 1
818 872 1
820 861 1
823 850 1
826 839 1
829 826 1
832 810 1
837 791 1
842 773 1
847 753 1
850 732 1
852 714 1
854 698 1
854 687 1
855 677 1
855 668 1
855 659 1
853 649 1
853 642 1
851 635 1
849 629 1
848 625 1
848 622 1
847 621 1
846 618 1
844 616 1
843 614 1
841 612 1
840 611 1
840 611 1
838 611 1
834 611 1
827 611 1
816 613 1
804 616 1
792 619 1
782 624 1
777 627 1
773 630 1
771 632 1
768 634 1
765 639 1
761 647 1
757 658 1
750 674 1
744 693 1
739 712 1
735 733 1
731 753 1
728 770 1
728 786 1
728 801 1
730 819 1
733 837 1
736 855 1
740 871 1
745 887 1
749 902 1
752 917 1
755 933 1
758 951 1
762 969 1
765 988 1
767 1008 1
770 1027 1
774 1047 1
777 1067 1
782 1085 1
787 1105 1
792 1123 1
797 1143 1
804 1158 1
812 1174 1
817 1184 1
823 1193 1
828 1200 1
833 1208 1
840 1217 1
847 1227 1
856 1239 1
865 1250 1
876 1261 1
889 1272 1
902 1283 1
917 1295 1
931 1305 1
943 1312 1
953 1318 1
961 1323 1
968 1326 1
974 1328 1
979 1330 1
983 1331 1
987 1332 1
990 1333 1
994 1333 1
996 1333 1
999 1334 1
1001 1334 1
1003 1334 1
1005 1335 1
1006 1335 1
1006 1335 1
1006 1335 1
1006 1335 1
1006 1335 1
1006 1335 1
1006 1335 1
1006 1335 1
1006 1335 1
1006 1335 1
1006 1335 1
1006 1335 1
1006 1335 1
1006 1335 1
1006 1335 1
1006 1335 1
1006 1335 1
1006 1335 1
1006 1335 1
1006 1335 1
1006 1335 1
1006 1335 1
1006 1335 1
1006 1335 1
1006 1335 1
1006 1335 1
1006 1335 1
1006 1335 1
1006 1335 1
1006 1335 1
1006 1335 1
1006 1335 1
1006 1335 1
1006 1335 1
1006 1335 1
1006 1335 1
1006 1335 1
1006 1335 1
1006 1335 1
1007 1335 1
1007 1335 0
