739 581 1
739 581 1
739 581 1
739 581 1
739 581 1
739 581 1
737 581 1
734 585 1
725 595 1
712 611 1
697 629 1
677 654 1
654 682 1
626 715 1
585 764 1
559 795 1
534 828 1
507 866 1
479 908 1
449 950 1
420 992 1
392 1036 1
366 1082 1
344 1133 1
324 1186 1
304 1235 1
288 1280 1
277 1316 1
269 1346 1
267 1367 1
266 1381 1
267 1392 1
267 1399 1
270 1406 1
282 1417 1
297 1425 1
319 1429 1
345 1432 1
380 1430 1
415 1421 1
452 1404 1
486 1385 1
516 1364 1
545 1341 1
574 1313 1
607 1282 1
638 1247 1
667 1208 1
697 1165 1
728 1117 1
759 1064 1
789 1013 1
814 960 1
839 904 1
862 847 1
883 792 1
901 739 1
915 695 1
925 657 1
931 630 1
934 608 1
935 593 1
937 579 1
935 569 1
932 560 1
929 553 1
923 547 1
915 541 1
904 537 1
891 532 1
877 529 1
864 530 1
847 531 1
829 535 1
809 544 1
792 555 1
777 566 1
765 577 1
754 586 1
743 600 1
727 617 1
712 633 1
696 653 1
679 673 1
661 693 1
644 712 1
627 730 1
612 748 1
597 763 1
582 779 1
567 795 1
554 811 1
540 827 1
524 844 1
510 859 1
495 876 1
480 891 1
466 908 1
452 927 1
435 947 1
418 971 1
401 993 1
382 1017 1
364 1041 1
347 1066 1
332 1091 1
321 1115 1
314 1134 1
306 1155 1
301 1176 1
295 1199 1
291 1222 1
288 1244 1
285 1262 1
286 1275 1
286 1288 1
289 1297 1
294 1308 1
301 1319 1
309 1329 1
318 1338 1
329 1345 1
343 1351 1
359 1356 1
378 1359 1
397 1359 1
417 1356 1
436 1347 1
456 1335 1
477 1322 1
496 1311 1
512 1299 1
525 1287 1
539 1275 1
556 1261 1
578 1244 1
603 1224 1
629 1202 1
650 1182 1
668 1163 1
689 1141 1
709 1121 1
729 1099 1
750 1075 1
772 1049 1
795 1021 1
817 992 1
840 960 1
860 930 1
878 901 1
893 873 1
907 842 1
921 810 1
933 776 1
947 741 1
958 709 1
967 678 1
972 653 1
977 633 1
981 616 1
983 604 1
984 593 1
983 585 1
981 579 1
978 574 1
973 569 1
968 565 1
960 561 1
949 556 1
934 554 1
917 554 1
897 556 1
876 561 1
854 571 1
831 580 1
808 590 1
786 601 1
764 615 1
743 632 1
719 649 1
694 672 1
671 695 1
646 720 1
620 744 1
597 766 1
576 787 1
556 809 1
538 830 1
523 850 1
509 870 1
494 891 1
477 913 1
458 938 1
441 960 1
426 981 1
411 1001 1
393 1026 1
376 1052 1
359 1079 1
346 1104 1
336 1128 1
326 1151 1
316 1175 1
307 1197 1
297 1220 1
289 1240 1
285 1257 1
282 1273 1
282 1287 1
283 1302 1
285 1316 1
289 1327 1
294 1337 1
300 1346 1
306 1352 1
315 1358 1
326 1364 1
340 1366 1
357 1369 1
378 1369 1
401 1366 1
426 1360 1
452 1350 1
480 1336 1
504 1324 1
528 1313 1
549 1302 1
570 1291 1
588 1278 1
610 1262 1
632 1245 1
655 1226 1
678 1206 1
700 1187 1
722 1164 1
745 1138 1
768 1109 1
791 1078 1
814 1050 1
834 1023 1
851 997 1
867 972 1
883 944 1
901 916 1
915 886 1
929 855 1
940 825 1
951 795 1
961 767 1
970 740 1
978 713 1
982 692 1
986 671 1
988 651 1
989 632 1
990 616 1
989 599 1
987 587 1
985 575 1
982 566 1
978 560 1
975 555 1
971 551 1
967 549 1
963 546 1
956 545 1
948 543 1
938 543 1
926 543 1
912 544 1
896 548 1
876 555 1
853 564 1
829 575 1
802 586 1
781 599 1
764 613 1
744 629 1
725 646 1
704 665 1
681 684 1
660 703 1
638 723 1
616 747 1
594 769 1
571 792 1
550 814 1
532 834 1
515 851 1
500 870 1
484 890 1
467 910 1
449 932 1
431 957 1
415 979 1
398 1003 1
381 1028 1
366 1052 1
352 1075 1
341 1099 1
332 1121 1
324 1141 1
317 1162 1
312 1181 1
306 1197 1
303 1212 1
301 1226 1
299 1243 1
300 1259 1
302 1276 1
306 1294 1
313 1310 1
317 1324 1
323 1334 1
328 1343 1
336 1350 1
344 1355 1
357 1360 1
375 1363 1
395 1365 1
419 1362 1
446 1356 1
475 1342 1
502 1326 1
527 1309 1
549 1292 1
570 1274 1
589 1257 1
609 1238 1
631 1216 1
653 1195 1
674 1172 1
695 1147 1
716 1123 1
733 1099 1
751 1075 1
771 1054 1
791 1032 1
808 1010 1
825 987 1
843 962 1
864 934 1
884 903 1
902 872 1
916 843 1
925 816 1
933 789 1
938 769 1
943 748 1
946 724 1
949 699 1
953 674 1
959 650 1
964 630 1
966 615 1
968 601 1
969 587 1
967 575 1
965 565 1
961 558 1
958 551 1
952 546 1
946 541 1
938 538 1
928 534 1
919 532 1
907 531 1
892 531 1
876 533 1
857 539 1
837 547 1
815 558 1
794 568 1
776 579 1
759 590 1
743 604 1
725 618 1
709 633 1
695 647 1
679 663 1
662 680 1
647 696 1
632 712 1
617 729 1
601 748 1
584 766 1
566 786 1
549 805 1
533 824 1
519 841 1
506 856 1
494 872 1
482 890 1
471 906 1
459 923 1
447 942 1
435 962 1
425 978 1
415 995 1
405 1013 1
394 1031 1
382 1050 1
367 1073 1
355 1097 1
344 1118 1
335 1139 1
325 1158 1
316 1179 1
305 1199 1
296 1218 1
289 1234 1
285 1247 1
282 1258 1
279 1266 1
280 1276 1
281 1287 1
285 1301 1
292 1315 1
300 1328 1
309 1341 1
319 1350 1
329 1358 1
340 1364 1
355 1369 1
373 1372 1
396 1373 1
418 1370 1
443 1364 1
469 1354 1
494 1339 1
520 1323 1
548 1302 1
580 1280 1
610 1258 1
634 1236 1
657 1214 1
678 1189 1
702 1161 1
725 1134 1
749 1106 1
774 1079 1
798 1055 1
820 1030 1
841 1005 1
859 977 1
877 947 1
895 915 1
913 880 1
929 847 1
943 812 1
955 778 1
969 744 1
981 711 1
990 685 1
997 663 1
1000 648 1
1003 636 1
1003 627 1
1003 621 1
1001 615 1
1000 611 1
997 607 1
993 602 1
989 599 1
981 595 1
972 590 1
961 586 1
948 583 1
934 580 1
919 580 1
904 580 1
885 582 1
866 588 1
848 595 1
831 605 1
812 617 1
793 629 1
776 640 1
763 651 1
747 663 1
731 677 1
713 693 1
695 708 1
675 726 1
653 745 1
629 766 1
607 785 1
584 804 1
563 825 1
545 842 1
526 863 1
505 886 1
485 907 1
465 927 1
450 947 1
436 966 1
423 983 1
412 999 1
399 1019 1
384 1041 1
368 1066 1
355 1095 1
344 1121 1
336 1146 1
327 1168 1
319 1190 1
308 1214 1
298 1236 1
291 1254 1
286 1269 1
284 1280 1
281 1291 1
281 1300 1
281 1308 1
282 1317 1
282 1325 1
284 1334 1
288 1343 1
292 1354 1
302 1366 1
313 1379 1
327 1390 1
347 1397 1
372 1402 1
400 1400 1
426 1393 1
455 1383 1
482 1370 1
509 1353 1
537 1332 1
564 1311 1
592 1285 1
621 1257 1
646 1231 1
665 1205 1
682 1181 1
699 1158 1
719 1133 1
737 1108 1
756 1082 1
774 1056 1
792 1028 1
809 1001 1
826 971 1
840 942 1
855 912 1
869 882 1
882 854 1
896 826 1
908 799 1
919 774 1
927 751 1
934 729 1
939 708 1
943 688 1
946 667 1
950 650 1
953 633 1
954 622 1
955 613 1
952 605 1
951 598 1
948 592 1
945 585 1
940 579 1
935 574 1
929 569 1
922 565 1
915 561 1
905 559 1
891 559 1
873 559 1
854 562 1
833 567 1
811 574 1
791 582 1
774 590 1
758 601 1
739 613 1
719 626 1
699 641 1
681 656 1
660 675 1
640 699 1
618 725 1
596 748 1
576 771 1
556 796 1
531 826 1
506 858 1
483 887 1
460 915 1
439 943 1
421 969 1
405 996 1
389 1022 1
372 1048 1
358 1074 1
346 1099 1
335 1121 1
325 1142 1
315 1163 1
306 1185 1
296 1206 1
287 1225 1
279 1244 1
274 1259 1
269 1275 1
265 1291 1
263 1307 1
261 1323 1
262 1337 1
264 1351 1
269 1366 1
275 1380 1
282 1392 1
290 1402 1
300 1412 1
311 1418 1
323 1424 1
339 1426 1
357 1427 1
382 1421 1
408 1411 1
434 1400 1
457 1388 1
479 1374 1
500 1357 1
523 1337 1
546 1317 1
565 1298 1
585 1279 1
607 1261 1
626 1244 1
646 1227 1
663 1208 1
681 1189 1
701 1166 1
721 1140 1
743 1112 1
766 1082 1
789 1057 1
809 1033 1
829 1009 1
846 985 1
861 961 1
877 937 1
891 913 1
904 886 1
916 858 1
926 827 1
936 798 1
943 773 1
949 751 1
953 730 1
955 707 1
956 680 1
957 654 1
958 631 1
957 613 1
955 596 1
953 581 1
951 568 1
948 558 1
945 551 1
941 545 1
935 542 1
926 540 1
916 538 1
901 538 1
882 540 1
862 546 1
841 555 1
820 568 1
798 581 1
777 594 1
754 609 1
732 624 1
712 636 1
695 650 1
674 667 1
654 685 1
637 701 1
621 716 1
603 733 1
584 752 1
564 770 1
547 788 1
529 808 1
512 827 1
494 848 1
479 869 1
464 891 1
446 918 1
426 945 1
409 968 1
393 988 1
379 1006 1
366 1025 1
353 1045 1
343 1065 1
334 1087 1
326 1109 1
321 1130 1
316 1153 1
309 1176 1
302 1201 1
295 1227 1
289 1248 1
286 1261 1
284 1271 1
284 1279 1
285 1285 1
288 1292 1
294 1300 1
302 1309 1
313 1318 1
328 1328 1
343 1335 1
356 1341 1
369 1345 1
384 1348 1
402 1349 1
421 1346 1
442 1340 1
467 1329 1
494 1315 1
520 1300 1
547 1282 1
574 1264 1
598 1242 1
625 1215 1
653 1185 1
678 1156 1
700 1131 1
718 1109 1
734 1090 1
748 1069 1
762 1049 1
776 1024 1
793 998 1
810 971 1
827 944 1
843 919 1
858 893 1
869 869 1
881 846 1
890 821 1
901 797 1
909 774 1
917 751 1
925 724 1
932 694 1
938 668 1
943 644 1
947 627 1
948 614 1
949 602 1
949 593 1
947 585 1
947 580 1
945 575 1
943 572 1
939 568 1
934 564 1
927 561 1
919 558 1
910 557 1
899 555 1
883 556 1
865 561 1
843 567 1
819 574 1
799 580 1
783 587 1
770 591 1
760 598 1
751 604 1
740 612 1
728 622 1
715 631 1
701 641 1
687 653 1
671 667 1
654 681 1
639 695 1
625 707 1
610 722 1
593 739 1
576 758 1
558 776 1
540 796 1
522 819 1
505 839 1
489 859 1
473 880 1
456 900 1
442 920 1
426 939 1
414 957 1
403 974 1
396 986 1
388 997 1
382 1009 1
374 1022 1
366 1035 1
360 1047 1
353 1059 1
350 1072 1
345 1087 1
341 1103 1
338 1117 1
334 1132 1
332 1146 1
329 1161 1
324 1177 1
319 1191 1
315 1205 1
311 1217 1
308 1228 1
307 1237 1
307 1246 1
306 1253 1
306 1261 1
307 1268 1
308 1275 1
309 1281 1
310 1288 1
313 1297 1
319 1307 1
325 1316 1
332 1326 1
340 1335 1
346 1340 1
353 1346 1
361 1351 1
369 1356 1
378 1359 1
389 1361 1
402 1363 1
414 1362 1
428 1360 1
445 1352 1
463 1343 1
482 1332 1
497 1321 1
511 1312 1
524 1298 1
540 1283 1
557 1267 1
578 1249 1
598 1231 1
617 1212 1
637 1193 1
653 1178 1
672 1159 1
688 1140 1
703 1123 1
719 1106 1
735 1089 1
752 1071 1
768 1053 1
785 1036 1
800 1017 1
816 996 1
833 974 1
849 952 1
864 929 1
880 904 1
892 878 1
904 853 1
914 829 1
922 807 1
930 787 1
937 764 1
943 737 1
949 709 1
956 677 1
962 646 1
966 621 1
968 600 1
970 588 1
969 578 1
967 572 1
966 566 1
964 563 1
962 561 1
960 559 1
955 556 1
949 555 1
942 555 1
933 554 1
923 552 1
912 554 1
899 556 1
884 560 1
867 565 1
851 572 1
834 579 1
818 586 1
802 594 1
786 603 1
774 614 1
760 623 1
745 634 1
731 644 1
716 655 1
702 667 1
690 679 1
677 692 1
662 706 1
647 721 1
631 739 1
613 758 1
597 775 1
581 792 1
565 810 1
549 829 1
533 846 1
518 865 1
503 885 1
488 904 1
472 925 1
455 945 1
438 963 1
423 981 1
410 998 1
397 1015 1
384 1032 1
372 1050 1
360 1068 1
349 1086 1
340 1104 1
334 1120 1
328 1134 1
322 1150 1
317 1166 1
311 1181 1
304 1195 1
300 1208 1
295 1222 1
291 1234 1
289 1247 1
287 1256 1
287 1264 1
286 1271 1
286 1279 1
286 1289 1
287 1299 1
288 1309 1
288 1319 1
291 1328 1
293 1335 1
298 1344 1
303 1353 1
309 1361 1
315 1369 1
324 1375 1
333 1380 1
344 1382 1
355 1384 1
367 1383 1
381 1382 1
393 1380 1
406 1377 1
418 1374 1
431 1370 1
444 1364 1
464 1351 1
485 1338 1
504 1325 1
524 1313 1
543 1300 1
562 1286 1
584 1271 1
606 1255 1
629 1238 1
648 1219 1
665 1199 1
682 1179 1
700 1160 1
718 1141 1
734 1125 1
750 1111 1
763 1095 1
779 1077 1
792 1059 1
806 1040 1
822 1020 1
836 999 1
850 978 1
864 956 1
877 934 1
890 912 1
900 890 1
908 870 1
915 849 1
922 828 1
929 807 1
935 786 1
942 767 1
949 747 1
953 727 1
956 708 1
959 694 1
960 682 1
962 673 1
963 663 1
963 655 1
962 647 1
960 639 1
958 633 1
956 628 1
954 624 1
952 621 1
950 616 1
948 615 1
946 610 1
941 607 1
937 604 1
931 602 1
925 600 1
921 598 1
913 597 1
905 597 1
897 596 1
888 597 1
874 600 1
859 603 1
843 609 1
829 616 1
815 623 1
801 630 1
789 638 1
778 645 1
769 651 1
760 660 1
749 671 1
737 685 1
723 696 1
712 708 1
700 719 1
689 733 1
674 748 1
659 764 1
645 778 1
632 793 1
618 810 1
603 826 1
589 843 1
576 857 1
564 871 1
552 889 1
540 904 1
525 921 1
512 938 1
497 957 1
483 974 1
471 989 1
459 1003 1
448 1016 1
440 1028 1
431 1040 1
423 1052 1
415 1062 1
406 1075 1
397 1087 1
387 1100 1
377 1111 1
369 1123 1
361 1132 1
355 1142 1
350 1152 1
344 1164 1
339 1175 1
333 1186 1
329 1195 1
325 1206 1
321 1219 1
316 1233 1
314 1248 1
311 1267 1
308 1288 1
305 1305 1
303 1319 1
304 1327 1
304 1335 1
306 1341 1
308 1347 1
313 1354 1
320 1364 1
327 1373 1
336 1381 1
346 1387 1
361 1391 1
378 1393 1
401 1390 1
425 1385 1
448 1376 1
472 1365 1
495 1350 1
518 1333 1
542 1315 1
570 1294 1
601 1269 1
630 1245 1
659 1221 1
684 1199 1
706 1179 1
726 1160 1
746 1140 1
765 1120 1
780 1102 1
796 1084 1
811 1062 1
825 1042 1
839 1020 1
854 999 1
868 975 1
880 951 1
892 927 1
906 903 1
918 881 1
929 859 1
937 840 1
946 819 1
953 801 1
959 784 1
966 768 1
970 755 1
974 742 1
975 727 1
976 714 1
977 703 1
978 691 1
979 681 1
981 668 1
982 654 1
981 641 1
979 630 1
978 622 1
976 614 1
973 606 1
970 600 1
966 592 1
962 586 1
958 580 1
953 574 1
949 570 1
941 565 1
933 560 1
925 558 1
916 555 1
906 555 1
894 555 1
877 559 1
857 565 1
837 575 1
816 584 1
794 595 1
776 608 1
759 622 1
742 636 1
724 652 1
708 668 1
691 683 1
675 697 1
656 713 1
638 730 1
619 749 1
602 766 1
587 780 1
574 792 1
562 804 1
553 814 1
544 825 1
535 835 1
525 845 1
515 853 1
506 863 1
497 872 1
488 883 1
479 894 1
469 905 1
460 916 1
449 928 1
438 941 1
424 956 1
412 972 1
399 987 1
388 1003 1
375 1022 1
363 1043 1
352 1065 1
340 1089 1
330 1114 1
320 1142 1
313 1171 1
309 1198 1
303 1223 1
295 1243 1
290 1259 1
288 1270 1
288 1280 1
289 1290 1
292 1301 1
296 1311 1
303 1322 1
314 1332 1
326 1341 1
342 1350 1
360 1355 1
383 1359 1
409 1357 1
438 1350 1
472 1334 1
509 1314 1
548 1287 1
586 1260 1
625 1229 1
665 1195 1
701 1160 1
732 1127 1
759 1099 1
781 1070 1
803 1041 1
823 1008 1
842 973 1
859 936 1
875 896 1
890 856 1
904 812 1
918 769 1
929 731 1
937 696 1
944 665 1
948 641 1
951 625 1
951 613 1
949 605 1
948 598 1
943 592 1
938 587 1
930 583 1
919 580 1
902 580 1
882 582 1
856 586 1
828 592 1
801 601 1
779 611 1
760 621 1
741 633 1
721 646 1
696 663 1
671 680 1
648 697 1
627 712 1
607 727 1
591 742 1
576 757 1
559 774 1
541 791 1
519 811 1
499 829 1
481 847 1
463 866 1
446 885 1
428 903 1
412 921 1
396 939 1
382 956 1
370 974 1
356 993 1
341 1013 1
327 1034 1
315 1054 1
303 1075 1
292 1095 1
284 1114 1
278 1131 1
272 1147 1
267 1161 1
262 1175 1
259 1187 1
256 1197 1
255 1205 1
253 1215 1
253 1225 1
253 1234 1
253 1245 1
254 1255 1
256 1264 1
258 1276 1
261 1288 1
267 1302 1
275 1318 1
284 1330 1
295 1343 1
306 1353 1
320 1361 1
333 1367 1
350 1371 1
367 1373 1
392 1370 1
421 1362 1
454 1345 1
488 1324 1
517 1301 1
542 1277 1
570 1253 1
599 1226 1
627 1200 1
652 1175 1
675 1152 1
696 1127 1
718 1102 1
738 1077 1
761 1050 1
784 1024 1
805 994 1
827 965 1
849 932 1
871 898 1
890 862 1
907 825 1
922 788 1
932 755 1
939 725 1
944 697 1
947 672 1
950 649 1
951 628 1
953 610 1
952 595 1
950 582 1
947 570 1
942 561 1
937 554 1
928 549 1
918 544 1
901 543 1
880 545 1
851 554 1
820 568 1
790 585 1
762 603 1
734 625 1
710 645 1
684 667 1
659 690 1
629 713 1
599 742 1
571 769 1
549 793 1
531 813 1
514 832 1
499 848 1
482 865 1
465 883 1
446 902 1
431 918 1
415 936 1
397 954 1
382 971 1
368 988 1
355 1005 1
341 1024 1
328 1043 1
315 1060 1
304 1081 1
295 1102 1
287 1121 1
282 1138 1
277 1157 1
271 1174 1
268 1193 1
264 1211 1
261 1230 1
261 1246 1
260 1262 1
260 1276 1
261 1290 1
264 1303 1
267 1316 1
270 1327 1
277 1336 1
284 1345 1
292 1352 1
303 1359 1
317 1364 1
335 1368 1
355 1370 1
383 1366 1
415 1360 1
451 1349 1
486 1335 1
520 1321 1
549 1308 1
576 1294 1
601 1276 1
629 1256 1
657 1232 1
685 1208 1
710 1185 1
732 1160 1
756 1131 1
780 1100 1
801 1069 1
821 1040 1
840 1006 1
860 968 1
880 926 1
900 881 1
920 838 1
937 799 1
948 770 1
958 744 1
962 723 1
964 703 1
966 683 1
966 666 1
964 649 1
963 636 1
960 624 1
956 613 1
952 603 1
944 592 1
937 582 1
927 572 1
918 565 1
907 559 1
896 554 1
884 552 1
870 552 1
852 555 1
831 563 1
807 575 1
781 589 1
759 605 1
739 621 1
720 635 1
705 650 1
691 667 1
675 685 1
658 705 1
639 726 1
617 748 1
593 768 1
573 785 1
553 803 1
533 824 1
510 844 1
485 867 1
463 889 1
445 907 1
430 924 1
415 941 1
401 960 1
387 980 1
373 999 1
359 1021 1
347 1042 1
336 1063 1
326 1084 1
318 1106 1
310 1128 1
302 1151 1
293 1175 1
284 1200 1
276 1226 1
271 1252 1
267 1275 1
265 1295 1
267 1312 1
268 1328 1
271 1340 1
276 1352 1
281 1367 1
289 1379 1
298 1391 1
308 1401 1
321 1408 1
339 1413 1
360 1415 1
389 1407 1
422 1394 1
461 1374 1
497 1349 1
531 1323 1
569 1292 1
608 1264 1
648 1235 1
685 1206 1
715 1175 1
743 1142 1
772 1107 1
799 1072 1
825 1040 1
847 1010 1
867 981 1
883 953 1
898 923 1
910 897 1
921 873 1
928 851 1
935 829 1
941 806 1
948 779 1
955 749 1
960 723 1
963 701 1
967 684 1
968 673 1
968 664 1
967 655 1
965 649 1
963 642 1
960 636 1
956 631 1
951 626 1
944 622 1
937 618 1
928 614 1
917 611 1
905 607 1
892 605 1
878 605 1
861 605 1
844 608 1
827 611 1
808 616 1
792 622 1
778 629 1
765 636 1
750 645 1
733 654 1
713 670 1
694 684 1
676 697 1
658 710 1
640 724 1
623 739 1
606 757 1
587 776 1
569 795 1
553 814 1
537 833 1
522 851 1
508 869 1
494 888 1
480 907 1
465 925 1
450 946 1
437 963 1
424 980 1
413 993 1
402 1005 1
395 1019 1
387 1031 1
381 1043 1
375 1054 1
369 1064 1
362 1076 1
356 1090 1
350 1104 1
344 1121 1
339 1140 1
333 1162 1
325 1185 1
318 1207 1
312 1229 1
307 1249 1
303 1266 1
300 1281 1
298 1295 1
299 1308 1
300 1319 1
304 1329 1
308 1339 1
314 1349 1
323 1357 1
335 1365 1
353 1370 1
375 1373 1
404 1370 1
436 1362 1
468 1349 1
503 1329 1
537 1303 1
575 1273 1
611 1242 1
643 1211 1
673 1181 1
702 1151 1
731 1119 1
757 1091 1
782 1060 1
807 1028 1
830 989 1
850 953 1
868 916 1
885 881 1
900 847 1
915 811 1
931 773 1
942 734 1
953 696 1
962 662 1
968 638 1
972 621 1
973 610 1
971 603 1
970 598 1
967 593 1
963 590 1
958 587 1
951 583 1
942 581 1
931 579 1
918 579 1
903 580 1
885 583 1
863 588 1
838 596 1
816 606 1
796 618 1
777 630 1
759 644 1
739 659 1
719 676 1
698 694 1
676 714 1
654 735 1
631 755 1
609 774 1
587 793 1
567 815 1
544 840 1
523 865 1
500 890 1
479 913 1
459 934 1
443 955 1
428 973 1
414 990 1
402 1008 1
389 1025 1
375 1044 1
363 1064 1
352 1083 1
343 1102 1
337 1120 1
332 1137 1
329 1155 1
324 1174 1
320 1192 1
317 1209 1
314 1226 1
312 1241 1
312 1255 1
312 1269 1
313 1282 1
314 1295 1
317 1306 1
319 1317 1
322 1325 1
326 1334 1
333 1343 1
343 1353 1
353 1361 1
367 1369 1
384 1374 1
405 1376 1
427 1375 1
454 1370 1
483 1360 1
513 1343 1
543 1323 1
572 1299 1
603 1273 1
634 1243 1
666 1206 1
694 1170 1
717 1134 1
739 1100 1
761 1067 1
783 1037 1
800 1012 1
815 987 1
830 962 1
845 934 1
861 903 1
877 871 1
893 840 1
907 810 1
919 785 1
928 761 1
934 740 1
939 721 1
943 705 1
945 691 1
946 680 1
947 668 1
945 657 1
945 646 1
943 636 1
940 626 1
937 618 1
932 610 1
926 603 1
917 595 1
905 585 1
894 576 1
882 569 1
871 564 1
860 561 1
849 559 1
837 559 1
824 561 1
805 568 1
788 574 1
770 584 1
751 598 1
730 614 1
708 631 1
684 651 1
659 675 1
634 698 1
610 723 1
585 748 1
561 773 1
538 798 1
515 823 1
491 849 1
468 875 1
446 899 1
426 922 1
407 944 1
389 965 1
372 984 1
359 1002 1
346 1021 1
334 1039 1
325 1058 1
316 1078 1
310 1098 1
304 1116 1
299 1134 1
296 1152 1
294 1171 1
292 1188 1
292 1205 1
290 1221 1
290 1237 1
290 1252 1
291 1266 1
293 1280 1
296 1294 1
302 1308 1
308 1322 1
318 1333 1
329 1345 1
342 1355 1
355 1362 1
368 1369 1
385 1373 1
404 1376 1
425 1375 1
449 1373 1
476 1365 1
504 1352 1
532 1337 1
558 1320 1
583 1303 1
610 1284 1
633 1264 1
655 1242 1
679 1217 1
701 1191 1
720 1168 1
739 1144 1
759 1119 1
780 1095 1
800 1072 1
818 1051 1
833 1031 1
848 1012 1
864 989 1
878 966 1
893 942 1
906 917 1
917 891 1
926 862 1
933 833 1
939 806 1
945 784 1
948 765 1
950 746 1
951 726 1
950 705 1
950 686 1
951 668 1
952 652 1
952 638 1
951 623 1
949 607 1
947 592 1
945 577 1
942 563 1
941 551 1
937 542 1
932 533 1
925 527 1
916 522 1
907 519 1
896 516 1
881 518 1
862 522 1
839 530 1
816 542 1
792 557 1
772 571 1
751 589 1
731 606 1
711 622 1
690 638 1
668 657 1
646 677 1
625 696 1
601 716 1
580 734 1
561 755 1
542 775 1
521 796 1
500 820 1
480 844 1
460 867 1
442 889 1
425 907 1
410 922 1
395 937 1
384 949 1
372 963 1
362 976 1
351 989 1
340 1003 1
329 1018 1
318 1036 1
308 1057 1
297 1080 1
288 1105 1
280 1129 1
274 1153 1
268 1177 1
265 1198 1
262 1220 1
260 1241 1
261 1262 1
262 1282 1
264 1303 1
267 1322 1
272 1338 1
280 1354 1
291 1368 1
303 1381 1
318 1392 1
337 1398 1
362 1400 1
393 1393 1
428 1381 1
464 1357 1
500 1325 1
537 1289 1
570 1251 1
603 1213 1
632 1181 1
658 1151 1
682 1124 1
709 1096 1
736 1068 1
760 1040 1
785 1011 1
810 981 1
833 950 1
853 920 1
871 890 1
886 858 1
903 822 1
918 785 1
931 750 1
939 719 1
943 693 1
946 673 1
948 656 1
948 641 1
948 627 1
947 616 1
945 607 1
943 601 1
940 596 1
938 593 1
933 590 1
927 588 1
916 588 1
902 589 1
881 594 1
858 603 1
832 617 1
806 631 1
780 649 1
752 671 1
722 694 1
691 718 1
662 743 1
634 770 1
601 800 1
563 836 1
523 874 1
489 907 1
458 938 1
430 969 1
403 1000 1
378 1033 1
356 1066 1
337 1099 1
324 1125 1
315 1152 1
309 1183 1
310 1179 0
