607 1010 1
607 1010 1
607 1010 1
607 1010 1
607 1010 1
607 1010 1
607 1010 1
607 1010 1
607 1010 1
607 1010 1
607 1010 1
607 1010 1
607 1010 1
607 1010 1
607 1010 1
606 1009 1
606 1009 1
605 1009 1
605 1009 1
602 1008 1
601 1006 1
601 1004 1
599 1004 1
599 1002 1
597 1001 1
597 999 1
597 999 1
597 997 1
597 995 1
597 995 1
597 995 1
597 995 1
597 993 1
598 994 1
598 994 1
598 994 1
599 994 1
599 994 1
599 994 1
600 994 1
600 994 1
600 994 1
601 994 1
601 994 1
601 994 1
601 995 1
601 995 1
601 995 1
601 995 1
601 996 1
601 996 1
601 997 1
600 998 1
598 1001 1
596 1003 1
594 1006 1
591 1008 1
588 1010 1
586 1012 1
583 1014 1
579 1015 1
577 1016 1
574 1017 1
572 1017 1
570 1017 1
568 1017 1
565 1015 1
564 1015 1
561 1013 1
558 1009 1
557 1006 1
555 1002 1
555 997 1
555 993 1
555 988 1
557 985 1
559 981 1
562 976 1
568 973 1
572 970 1
577 967 1
582 965 1
586 965 1
592 964 1
598 962 1
601 964 1
606 965 1
611 967 1
616 970 1
621 974 1
627 977 1
630 981 1
634 984 1
636 987 1
639 990 1
641 995 1
643 1000 1
644 1005 1
645 1011 1
645 1016 1
645 1023 1
644 1028 1
642 1033 1
640 1038 1
637 1043 1
633 1048 1
631 1051 1
628 1055 1
624 1058 1
621 1060 1
616 1063 1
610 1066 1
604 1069 1
596 1072 1
589 1075 1
583 1076 1
578 1078 1
574 1078 1
571 1079 1
568 1079 1
565 1079 1
560 1079 1
555 1077 1
549 1074 1
544 1070 1
538 1065 1
532 1059 1
528 1052 1
525 1046 1
522 1041 1
521 1036 1
519 1030 1
519 1022 1
519 1013 1
521 1004 1
523 993 1
526 985 1
529 977 1
532 971 1
536 966 1
542 961 1
548 956 1
555 953 1
562 950 1
570 947 1
578 945 1
586 943 1
594 941 1
602 941 1
610 941 1
619 941 1
629 941 1
637 943 1
646 946 1
655 950 1
664 955 1
673 961 1
680 966 1
686 971 1
691 976 1
696 981 1
700 985 1
702 989 1
704 991 1
705 994 1
707 996 1
707 999 1
708 1001 1
708 1005 1
708 1008 1
706 1013 1
707 1017 1
705 1021 1
704 1027 1
701 1033 1
699 1038 1
696 1044 1
692 1050 1
689 1054 1
685 1059 1
680 1065 1
674 1072 1
667 1078 1
660 1084 1
652 1089 1
643 1096 1
633 1100 1
623 1104 1
612 1108 1
600 1111 1
589 1114 1
578 1115 1
570 1117 1
563 1117 1
557 1115 1
549 1112 1
542 1110 1
535 1106 1
529 1101 1
521 1097 1
514 1089 1
508 1083 1
503 1074 1
498 1066 1
494 1057 1
490 1050 1
487 1043 1
486 1035 1
484 1027 1
485 1020 1
486 1012 1
486 1004 1
488 996 1
492 988 1
495 982 1
499 975 1
506 966 1
515 958 1
524 950 1
535 943 1
546 936 1
557 928 1
569 922 1
581 917 1
590 913 1
602 911 1
611 908 1
622 908 1
632 908 1
640 908 1
650 908 1
658 910 1
667 912 1
674 914 1
681 917 1
688 920 1
694 924 1
700 927 1
706 931 1
712 936 1
717 941 1
722 947 1
727 953 1
731 960 1
734 967 1
738 974 1
741 981 1
743 987 1
745 995 1
747 1001 1
747 1008 1
748 1016 1
748 1023 1
746 1031 1
746 1038 1
746 1046 1
743 1053 1
742 1059 1
739 1067 1
734 1076 1
728 1085 1
723 1094 1
717 1101 1
712 1108 1
706 1115 1
700 1120 1
692 1124 1
685 1129 1
674 1133 1
662 1137 1
649 1141 1
635 1144 1
620 1147 1
604 1150 1
593 1152 1
583 1152 1
575 1152 1
568 1152 1
562 1150 1
554 1149 1
545 1146 1
534 1141 1
525 1137 1
517 1131 1
508 1124 1
500 1118 1
492 1111 1
484 1103 1
479 1097 1
471 1088 1
465 1079 1
459 1068 1
455 1059 1
452 1052 1
449 1045 1
449 1039 1
447 1033 1
448 1025 1
449 1018 1
450 1010 1
451 1002 1
453 994 1
454 986 1
457 979 1
460 970 1
463 961 1
470 951 1
475 942 1
482 933 1
490 922 1
499 911 1
509 901 1
519 890 1
528 881 1
538 873 1
546 866 1
554 861 1
561 856 1
568 852 1
576 849 1
587 845 1
597 842 1
607 839 1
619 837 1
631 837 1
642 837 1
653 838 1
663 839 1
674 841 1
684 843 1
692 846 1
701 850 1
709 853 1
716 858 1
723 863 1
731 869 1
738 874 1
744 880 1
751 886 1
756 893 1
762 897 1
766 901 1
769 906 1
772 910 1
775 914 1
778 919 1
781 924 1
784 929 1
786 934 1
789 939 1
791 945 1
793 952 1
794 958 1
797 965 1
798 971 1
801 977 1
803 985 1
804 990 1
806 995 1
806 1001 1
808 1009 1
809 1017 1
809 1026 1
809 1034 1
809 1042 1
807 1049 1
806 1056 1
804 1064 1
802 1072 1
799 1082 1
796 1091 1
791 1099 1
786 1108 1
781 1115 1
776 1121 1
770 1127 1
767 1131 1
763 1135 1
760 1138 1
758 1142 1
753 1147 1
749 1151 1
744 1155 1
739 1160 1
732 1165 1
725 1170 1
716 1175 1
708 1181 1
699 1186 1
689 1191 1
677 1196 1
667 1200 1
657 1204 1
648 1206 1
640 1209 1
632 1210 1
623 1214 1
610 1215 1
597 1216 1
586 1217 1
575 1218 1
566 1218 1
556 1217 1
548 1215 1
539 1212 1
532 1210 1
523 1205 1
515 1200 1
506 1194 1
498 1189 1
489 1183 1
478 1175 1
466 1166 1
452 1152 1
440 1138 1
431 1125 1
424 1115 1
417 1105 1
413 1095 1
408 1083 1
405 1071 1
402 1060 1
399 1049 1
398 1040 1
398 1030 1
397 1022 1
397 1013 1
397 1003 1
398 994 1
399 986 1
402 976 1
404 967 1
406 958 1
409 948 1
411 939 1
414 930 1
418 921 1
421 912 1
426 903 1
431 893 1
436 883 1
441 874 1
447 864 1
452 855 1
456 846 1
460 838 1
465 830 1
469 823 1
475 815 1
481 808 1
487 801 1
493 793 1
500 787 1
506 780 1
512 774 1
518 768 1
528 761 1
536 757 1
544 752 1
552 747 1
561 744 1
572 741 1
581 739 1
591 738 1
602 736 1
612 736 1
623 735 1
632 736 1
640 736 1
648 738 1
656 739 1
664 742 1
675 747 1
685 751 1
694 756 1
702 761 1
709 765 1
715 770 1
720 775 1
725 779 1
732 784 1
739 790 1
746 796 1
752 802 1
761 810 1
768 817 1
775 825 1
781 833 1
787 840 1
791 846 1
796 852 1
801 858 1
804 866 1
809 872 1
814 880 1
819 888 1
822 895 1
827 903 1
830 908 1
832 915 1
835 920 1
838 927 1
840 935 1
844 945 1
846 953 1
848 962 1
850 969 1
851 977 1
852 985 1
853 993 1
855 1001 1
855 1010 1
856 1020 1
857 1029 1
857 1037 1
857 1045 1
857 1052 1
855 1059 1
855 1066 1
853 1074 1
851 1082 1
851 1089 1
849 1097 1
848 1104 1
846 1112 1
844 1118 1
841 1124 1
837 1129 1
834 1136 1
830 1142 1
827 1148 1
824 1156 1
821 1162 1
818 1170 1
814 1177 1
811 1183 1
806 1189 1
800 1196 1
794 1202 1
788 1208 1
782 1213 1
774 1220 1
767 1227 1
759 1234 1
751 1241 1
742 1246 1
734 1251 1
725 1255 1
716 1260 1
707 1263 1
696 1267 1
686 1270 1
674 1272 1
663 1275 1
654 1277 1
645 1278 1
637 1280 1
630 1280 1
623 1281 1
616 1281 1
608 1282 1
600 1282 1
593 1282 1
587 1280 1
581 1281 1
577 1279 1
572 1279 1
567 1279 1
562 1277 1
554 1274 1
546 1271 1
537 1267 1
529 1263 1
521 1258 1
513 1253 1
504 1249 1
496 1246 1
488 1240 1
480 1237 1
473 1234 1
464 1229 1
455 1225 1
447 1219 1
439 1214 1
431 1207 1
424 1201 1
416 1195 1
408 1189 1
402 1183 1
396 1177 1
390 1170 1
383 1162 1
377 1153 1
368 1142 1
362 1132 1
357 1123 1
353 1114 1
350 1105 1
347 1097 1
344 1087 1
341 1077 1
338 1066 1
334 1055 1
332 1045 1
330 1036 1
330 1026 1
330 1016 1
329 1006 1
329 996 1
329 986 1
329 977 1
330 967 1
331 958 1
332 949 1
333 939 1
336 930 1
338 921 1
341 911 1
343 902 1
346 894 1
349 884 1
352 875 1
355 867 1
360 856 1
365 846 1
373 834 1
379 820 1
387 805 1
395 790 1
404 775 1
412 763 1
421 750 1
429 740 1
435 731 1
442 723 1
449 715 1
455 708 1
461 702 1
469 695 1
477 691 1
488 686 1
499 682 1
510 678 1
522 675 1
533 672 1
545 670 1
557 668 1
571 665 1
586 664 1
602 664 1
617 663 1
631 663 1
641 663 1
650 664 1
658 665 1
668 667 1
677 670 1
688 674 1
697 677 1
705 682 1
713 687 1
721 692 1
731 700 1
741 707 1
750 713 1
760 720 1
768 726 1
776 734 1
785 741 1
793 750 1
800 758 1
808 768 1
815 776 1
822 783 1
829 792 1
835 799 1
842 808 1
847 817 1
853 826 1
857 833 1
861 841 1
866 849 1
870 858 1
875 869 1
879 879 1
882 889 1
886 899 1
888 908 1
891 918 1
892 928 1
895 940 1
896 955 1
898 968 1
899 979 1
900 992 1
900 1004 1
901 1018 1
901 1030 1
900 1042 1
898 1052 1
897 1061 1
895 1069 1
895 1077 1
893 1085 1
892 1092 1
891 1100 1
889 1108 1
889 1116 1
887 1124 1
886 1131 1
884 1138 1
882 1148 1
877 1159 1
873 1169 1
869 1178 1
864 1188 1
857 1196 1
851 1206 1
845 1215 1
839 1226 1
832 1236 1
827 1246 1
821 1254 1
814 1262 1
806 1270 1
799 1276 1
793 1281 1
786 1286 1
779 1291 1
772 1295 1
766 1298 1
758 1302 1
750 1306 1
741 1309 1
732 1312 1
723 1314 1
713 1317 1
706 1319 1
698 1321 1
688 1322 1
679 1324 1
667 1324 1
658 1325 1
649 1325 1
640 1325 1
630 1325 1
619 1325 1
608 1323 1
597 1322 1
587 1320 1
578 1320 1
570 1318 1
558 1316 1
547 1315 1
536 1313 1
527 1311 1
519 1309 1
511 1307 1
502 1304 1
490 1300 1
479 1297 1
465 1292 1
453 1287 1
442 1283 1
430 1275 1
419 1268 1
409 1259 1
400 1251 1
390 1244 1
381 1236 1
372 1230 1
365 1221 1
358 1212 1
352 1203 1
347 1194 1
340 1184 1
335 1175 1
328 1163 1
321 1149 1
313 1134 1
308 1118 1
302 1099 1
299 1082 1
296 1067 1
292 1052 1
290 1038 1
288 1023 1
287 1009 1
285 995 1
286 980 1
284 966 1
285 954 1
286 941 1
288 930 1
290 917 1
293 904 1
296 890 1
299 876 1
302 862 1
307 848 1
309 835 1
313 823 1
317 809 1
321 796 1
325 783 1
329 771 1
334 760 1
338 749 1
343 738 1
348 727 1
355 716 1
361 705 1
369 697 1
376 688 1
385 680 1
395 672 1
407 665 1
421 654 1
436 643 1
455 630 1
473 620 1
488 611 1
503 603 1
515 597 1
529 591 1
543 586 1
557 582 1
571 579 1
584 578 1
598 576 1
608 577 1
618 578 1
626 578 1
634 580 1
645 583 1
656 586 1
669 591 1
682 596 1
695 603 1
706 609 1
716 615 1
727 623 1
740 631 1
750 637 1
760 644 1
770 650 1
778 658 1
788 667 1
796 675 1
804 684 1
814 695 1
821 703 1
830 712 1
839 724 1
849 738 1
859 752 1
869 767 1
878 779 1
887 792 1
895 804 1
902 816 1
908 827 1
914 837 1
918 846 1
923 854 1
927 861 1
930 868 1
933 876 1
936 885 1
939 895 1
942 904 1
943 910 1
946 920 1
947 927 1
949 937 1
951 947 1
954 957 1
955 969 1
956 979 1
957 989 1
958 1014 1
958 1027 1
958 1040 1
958 1052 1
957 1063 1
956 1075 1
955 1087 1
953 1098 1
952 1109 1
950 1117 1
948 1127 1
947 1135 1
944 1146 1
939 1158 1
935 1170 1
930 1182 1
925 1193 1
918 1205 1
910 1220 1
902 1236 1
892 1251 1
882 1266 1
871 1280 1
859 1292 1
848 1305 1
837 1316 1
829 1324 1
822 1329 1
817 1333 1
812 1336 1
808 1338 1
804 1340 1
799 1342 1
792 1345 1
786 1346 1
778 1349 1
770 1350 1
761 1352 1
750 1354 1
738 1357 1
724 1360 1
711 1363 1
697 1366 1
684 1369 1
670 1372 1
660 1374 1
649 1376 1
640 1378 1
630 1380 1
617 1381 1
605 1383 1
592 1384 1
582 1384 1
572 1384 1
562 1384 1
548 1384 1
536 1383 1
523 1381 1
512 1379 1
503 1378 1
495 1376 1
485 1374 1
472 1371 1
460 1368 1
449 1364 1
439 1359 1
429 1352 1
419 1345 1
408 1337 1
395 1329 1
383 1318 1
370 1307 1
357 1295 1
343 1282 1
333 1269 1
324 1257 1
313 1244 1
304 1229 1
294 1214 1
287 1197 1
279 1180 1
272 1162 1
264 1145 1
259 1127 1
255 1107 1
251 1086 1
247 1066 1
245 1044 1
243 1025 1
240 1004 1
240 983 1
240 965 1
242 945 1
243 927 1
245 911 1
246 895 1
249 880 1
250 865 1
253 851 1
254 836 1
258 822 1
260 808 1
262 793 1
265 779 1
268 765 1
271 750 1
276 734 1
281 718 1
287 704 1
294 690 1
302 677 1
309 661 1
318 645 1
327 631 1
338 616 1
350 605 1
361 594 1
371 584 1
380 576 1
388 569 1
397 563 1
408 555 1
421 550 1
437 545 1
452 541 1
468 538 1
486 534 1
502 532 1
522 532 1
539 531 1
556 531 1
569 532 1
584 534 1
599 539 1
614 542 1
630 547 1
645 553 1
660 559 1
673 563 1
686 568 1
697 572 1
707 577 1
714 580 1
722 585 1
730 590 1
739 596 1
750 602 1
761 611 1
772 620 1
782 627 1
793 637 1
804 644 1
813 651 1
824 658 1
834 666 1
845 675 1
853 683 1
861 691 1
866 696 1
873 703 1
880 708 1
886 713 1
893 720 1
900 727 1
906 733 1
912 741 1
918 750 1
926 758 1
932 765 1
937 773 1
943 780 1
947 788 1
952 795 1
955 802 1
959 810 1
964 818 1
967 826 1
970 834 1
973 840 1
975 847 1
978 855 1
980 864 1
983 872 1
985 881 1
987 891 1
990 901 1
991 912 1
993 925 1
994 940 1
995 954 1
996 968 1
994 981 1
993 994 1
994 1008 1
992 1021 1
992 1032 1
992 1041 1
990 1050 1
989 1058 1
987 1066 1
986 1072 1
985 1081 1
984 1089 1
984 1097 1
982 1105 1
980 1113 1
978 1121 1
976 1128 1
974 1136 1
972 1146 1
970 1156 1
967 1168 1
964 1179 1
961 1188 1
958 1196 1
954 1206 1
951 1216 1
948 1227 1
943 1238 1
938 1249 1
932 1259 1
926 1270 1
919 1280 1
913 1291 1
907 1302 1
900 1314 1
892 1323 1
885 1333 1
878 1341 1
870 1350 1
853 1367 1
845 1375 1
838 1383 1
824 1396 1
804 1411 1
796 1415 1
787 1419 1
768 1426 1
728 1436 1
712 1438 1
678 1441 1
662 1443 1
649 1444 1
636 1444 1
610 1445 1
597 1444 1
585 1443 1
574 1441 1
565 1441 1
555 1439 1
544 1439 1
531 1437 1
520 1436 1
509 1433 1
499 1430 1
488 1427 1
477 1424 1
463 1419 1
449 1414 1
437 1409 1
425 1403 1
413 1396 1
403 1390 1
392 1384 1
379 1377 1
365 1368 1
348 1355 1
334 1342 1
322 1333 1
311 1324 1
302 1315 1
295 1307 1
284 1293 1
274 1280 1
265 1266 1
256 1252 1
247 1237 1
238 1218 1
229 1200 1
220 1179 1
214 1158 1
208 1138 1
204 1116 1
199 1070 1
197 1045 1
192 994 1
188 922 1
188 900 1
189 879 1
189 857 1
192 814 1
194 789 1
198 766 1
210 722 1
215 702 1
221 685 1
226 670 1
232 653 1
238 637 1
245 620 1
253 602 1
262 585 1
272 567 1
282 554 1
293 541 1
302 530 1
311 520 1
318 510 1
328 502 1
337 494 1
348 487 1
361 481 1
373 477 1
389 472 1
404 467 1
423 464 1
443 461 1
464 459 1
484 459 1
505 459 1
525 460 1
543 463 1
562 467 1
579 471 1
598 475 1
615 481 1
631 487 1
647 493 1
664 499 1
679 505 1
696 512 1
710 518 1
724 524 1
738 531 1
753 539 1
767 547 1
781 555 1
794 564 1
808 572 1
821 580 1
834 588 1
847 598 1
857 608 1
868 617 1
877 626 1
885 633 1
892 640 1
900 647 1
906 654 1
912 660 1
917 666 1
921 673 1
926 679 1
929 686 1
934 694 1
939 702 1
944 709 1
949 717 1
954 728 1
960 739 1
967 751 1
972 762 1
977 771 1
982 781 1
986 789 1
990 797 1
993 806 1
995 814 1
998 822 1
999 832 1
1002 840 1
1004 850 1
1006 859 1
1008 868 1
1009 880 1
1011 892 1
1012 902 1
1014 912 1
1014 922 1
1016 934 1
1018 947 1
1019 959 1
1020 970 1
1020 980 1
1021 990 1
1021 1001 1
1022 1014 1
1023 1026 1
1023 1036 1
1024 1046 1
1024 1053 1
1025 1061 1
1025 1069 1
1025 1080 1
1024 1090 1
1024 1100 1
1024 1110 1
1024 1118 1
1022 1128 1
1023 1137 1
1023 1148 1
1022 1158 1
1022 1168 1
1020 1177 1
1021 1184 1
1021 1191 1
1020 1196 1
1018 1202 1
1017 1208 1
1017 1214 1
1015 1221 1
1013 1230 1
1010 1240 1
1006 1249 1
1001 1260 1
997 1269 1
992 1279 1
987 1291 1
983 1303 1
978 1314 1
973 1324 1
968 1334 1
963 1343 1
958 1351 1
953 1361 1
948 1371 1
942 1381 1
935 1389 1
931 1397 1
925 1404 1
919 1410 1
914 1415 1
907 1421 1
901 1427 1
895 1434 1
886 1442 1
878 1450 1
868 1457 1
859 1464 1
850 1469 1
840 1475 1
831 1480 1
820 1485 1
811 1490 1
802 1494 1
794 1498 1
786 1501 1
779 1505 1
773 1508 1
766 1511 1
756 1515 1
745 1518 1
733 1522 1
720 1525 1
709 1528 1
697 1532 1
684 1534 1
670 1536 1
658 1538 1
646 1539 1
637 1541 1
627 1542 1
618 1543 1
608 1544 1
597 1544 1
585 1544 1
576 1544 1
564 1542 1
552 1542 1
538 1540 1
525 1538 1
511 1535 1
499 1533 1
486 1530 1
472 1526 1
456 1521 1
441 1515 1
426 1509 1
412 1503 1
399 1496 1
387 1491 1
377 1486 1
368 1481 1
360 1477 1
353 1473 1
345 1468 1
340 1464 1
332 1459 1
323 1454 1
312 1448 1
300 1441 1
287 1431 1
274 1422 1
262 1411 1
251 1400 1
240 1389 1
229 1378 1
219 1366 1
210 1354 1
201 1342 1
192 1330 1
184 1318 1
177 1308 1
171 1299 1
165 1288 1
161 1277 1
156 1267 1
151 1256 1
145 1243 1
141 1230 1
135 1216 1
131 1200 1
128 1186 1
124 1172 1
122 1157 1
120 1141 1
120 1127 1
118 1113 1
120 1098 1
122 1082 1
124 1066 1
125 1053 1
125 1042 1
125 1033 1
126 1024 1
127 1014 1
128 1004 1
128 994 1
129 984 1
129 975 1
129 969 1
130 963 1
130 958 1
130 960 0
