184 1260 1
184 1260 1
184 1260 1
182 1258 1
182 1258 1
183 1256 1
185 1251 1
189 1242 1
196 1226 1
206 1206 1
218 1181 1
232 1155 1
243 1133 1
251 1112 1
262 1077 1
264 1062 1
265 1048 1
265 1037 1
264 1028 1
262 1018 1
261 1011 1
258 1003 1
252 997 1
246 992 1
239 989 1
233 989 1
226 989 1
219 990 1
211 992 1
202 997 1
191 1004 1
182 1012 1
174 1020 1
167 1027 1
163 1031 1
160 1036 1
157 1039 1
155 1043 1
154 1048 1
154 1054 1
154 1061 1
156 1069 1
159 1076 1
165 1083 1
181 1095 1
194 1103 1
210 1111 1
222 1117 1
233 1123 1
243 1128 1
254 1132 1
265 1136 1
276 1139 1
285 1142 1
292 1144 1
299 1147 1
305 1149 1
308 1152 1
313 1154 1
316 1156 1
319 1159 1
321 1162 1
324 1166 1
327 1172 1
329 1178 1
331 1183 1
332 1190 1
332 1195 1
330 1201 1
328 1208 1
323 1216 1
317 1224 1
310 1232 1
302 1240 1
293 1247 1
284 1253 1
274 1258 1
264 1262 1
255 1266 1
245 1268 1
237 1270 1
230 1271 1
225 1271 1
220 1269 1
216 1269 1
213 1266 1
209 1264 1
207 1259 1
207 1257 1
207 1257 1
207 1257 0
513 1238 1
513 1238 1
513 1238 1
513 1237 1
513 1237 1
513 1237 1
514 1234 1
514 1228 1
517 1219 1
520 1205 1
525 1187 1
530 1162 1
534 1139 1
537 1118 1
539 1098 1
541 1080 1
542 1067 1
542 1056 1
541 1049 1
539 1043 1
539 1039 1
537 1036 1
535 1033 1
533 1032 1
522 1030 1
514 1030 1
506 1030 1
498 1030 1
489 1031 1
481 1032 1
475 1033 1
470 1035 1
466 1036 1
463 1038 1
462 1042 1
462 1048 1
462 1057 1
462 1069 1
464 1082 1
469 1101 1
479 1113 1
490 1123 1
500 1131 1
509 1135 1
516 1140 1
525 1145 1
536 1152 1
547 1159 1
557 1165 1
565 1170 1
572 1176 1
577 1180 1
581 1183 1
584 1186 1
586 1188 1
588 1192 1
590 1195 1
590 1200 1
588 1206 1
585 1212 1
579 1218 1
572 1224 1
566 1229 1
558 1233 1
550 1235 1
541 1234 1
532 1231 1
525 1225 1
520 1215 1
518 1211 1
520 1215 0
736 1153 1
736 1153 1
736 1153 1
736 1149 1
737 1144 1
738 1134 1
742 1119 1
749 1099 1
757 1074 1
767 1045 1
775 1015 1
779 989 1
783 957 1
785 942 1
785 933 1
785 926 1
784 921 1
782 918 1
782 916 1
780 914 1
779 913 1
770 913 1
757 914 1
743 916 1
731 919 1
719 923 1
708 928 1
698 931 1
692 934 1
688 936 1
685 940 1
685 946 1
686 955 1
691 966 1
707 979 1
724 991 1
747 1004 1
768 1019 1
787 1033 1
803 1046 1
814 1055 1
822 1061 1
829 1066 1
835 1071 1
838 1076 1
841 1079 1
844 1083 1
845 1087 1
843 1091 1
840 1096 1
833 1104 1
822 1112 1
807 1121 1
791 1129 1
779 1133 1
769 1135 1
759 1134 1
748 1127 1
738 1115 1
733 1099 1
732 1092 1
733 1098 0
