1022 447 1
1022 447 1
1020 447 1
1020 447 1
1021 449 1
1020 453 1
1020 460 1
1019 472 1
1019 486 1
1019 504 1
1018 525 1
1016 548 1
1017 570 1
1017 594 1
1017 624 1
1017 649 1
1017 669 1
1017 689 1
1017 706 1
1017 723 1
1017 737 1
1017 749 1
1017 759 1
1017 769 1
1017 777 1
1017 784 1
1016 790 1
1016 795 1
1010 802 1
1000 809 1
984 812 1
967 814 1
945 814 1
923 812 1
905 810 1
892 807 1
882 801 1
872 795 1
863 787 1
857 779 1
852 772 1
850 766 1
848 760 1
850 753 1
853 748 1
857 742 1
862 737 1
868 734 1
873 731 1
878 729 1
880 728 1
884 728 1
886 729 1
888 730 1
891 732 1
894 737 1
899 743 1
903 751 1
908 762 1
911 774 1
913 789 1
914 804 1
914 821 1
912 837 1
907 850 1
901 866 1
890 881 1
879 894 1
867 905 1
854 914 1
842 920 1
830 925 1
820 930 1
815 931 1
815 932 1
815 932 0
748 494 1
748 494 1
748 494 1
747 494 1
747 495 1
747 497 1
747 501 1
747 507 1
748 516 1
748 526 1
750 540 1
750 556 1
752 572 1
754 589 1
755 607 1
757 623 1
758 640 1
760 657 1
761 671 1
762 684 1
762 695 1
763 705 1
764 714 1
764 723 1
765 732 1
766 740 1
766 748 1
767 754 1
767 760 1
768 764 1
768 768 1
768 770 1
768 772 1
768 774 1
768 775 1
766 776 1
766 777 1
764 779 1
759 780 1
746 783 1
730 787 1
718 789 1
707 791 1
696 792 1
685 792 1
674 793 1
665 793 1
657 793 1
650 793 1
645 793 1
640 792 1
637 790 1
633 790 1
630 788 1
627 787 1
625 785 1
623 783 1
624 781 1
624 778 1
624 775 1
624 772 1
624 771 1
624 769 1
625 768 1
626 766 1
627 765 1
629 764 1
631 762 1
632 762 1
634 762 1
636 761 1
639 762 1
644 762 1
649 763 1
655 768 1
659 774 1
664 782 1
669 791 1
673 800 1
677 810 1
679 821 1
680 829 1
680 839 1
679 845 1
678 853 1
676 859 1
674 867 1
671 875 1
664 882 1
659 889 1
653 894 1
645 900 1
638 906 1
632 910 1
627 914 1
623 916 1
620 918 1
619 918 1
619 918 0
542 513 1
542 513 1
542 513 1
542 513 1
542 513 1
542 513 1
542 513 1
540 513 1
541 515 1
541 520 1
541 529 1
542 539 1
543 553 1
545 570 1
550 590 1
552 614 1
557 637 1
560 659 1
563 678 1
566 694 1
569 708 1
571 721 1
573 733 1
574 742 1
575 749 1
575 753 1
575 757 1
575 760 1
573 762 1
573 765 1
573 768 1
568 771 1
559 776 1
545 780 1
531 782 1
518 784 1
508 784 1
497 785 1
485 785 1
472 785 1
460 785 1
450 785 1
442 783 1
435 783 1
429 781 1
423 778 1
419 774 1
414 770 1
411 767 1
410 763 1
408 759 1
408 757 1
408 755 1
409 751 1
414 745 1
421 739 1
427 736 1
432 733 1
436 730 1
439 730 1
442 730 1
443 729 1
445 729 1
446 729 1
447 730 1
447 730 1
449 731 1
451 734 1
452 739 1
455 748 1
459 758 1
462 769 1
465 779 1
467 790 1
468 804 1
469 816 1
470 827 1
469 835 1
469 844 1
466 854 1
462 864 1
450 881 1
438 893 1
429 901 1
423 907 1
416 912 1
411 915 1
406 918 1
402 921 1
399 923 1
400 923 0
337 540 1
337 540 1
335 540 1
335 540 1
336 543 1
336 549 1
336 557 1
337 568 1
337 579 1
338 594 1
339 610 1
342 624 1
345 640 1
348 656 1
350 672 1
353 688 1
355 701 1
358 714 1
359 723 1
360 731 1
360 737 1
360 742 1
360 745 1
360 747 1
360 749 1
359 751 1
357 753 1
349 759 1
332 765 1
310 772 1
282 778 1
254 782 1
233 784 1
219 785 1
210 785 1
203 785 1
198 783 1
193 784 1
189 782 1
185 782 1
182 779 1
179 777 1
177 775 1
174 772 1
174 771 1
172 768 1
172 767 1
172 765 1
172 765 1
172 765 1
172 764 1
172 764 1
173 762 1
174 761 1
177 759 1
184 758 1
193 756 1
207 757 1
221 757 1
231 757 1
240 759 1
248 761 1
254 764 1
260 768 1
266 772 1
270 778 1
274 783 1
279 789 1
282 796 1
284 803 1
286 812 1
286 821 1
284 830 1
282 840 1
279 852 1
271 867 1
259 886 1
246 904 1
231 922 1
217 939 1
205 955 1
193 969 1
183 979 1
175 987 1
169 991 1
166 994 1
163 996 1
164 996 0
