68 1459 1
68 1457 1
68 1457 1
68 1457 1
68 1457 1
69 1455 1
70 1452 1
72 1447 1
75 1436 1
80 1420 1
87 1400 1
97 1371 1
109 1338 1
121 1305 1
137 1253 1
142 1227 1
149 1197 1
159 1167 1
169 1141 1
180 1115 1
189 1091 1
195 1065 1
201 1040 1
205 1015 1
209 995 1
212 976 1
213 965 1
214 956 1
214 948 1
213 940 1
213 934 1
211 929 1
211 926 1
209 922 1
207 919 1
205 916 1
202 915 1
199 913 1
195 913 1
191 913 1
188 913 1
185 913 1
182 913 1
179 914 1
176 914 1
172 916 1
169 918 1
165 923 1
162 930 1
158 942 1
155 954 1
151 966 1
146 978 1
140 1000 1
134 1014 1
131 1025 1
129 1035 1
126 1044 1
125 1055 1
123 1065 1
123 1074 1
121 1084 1
120 1091 1
121 1098 1
121 1105 1
121 1113 1
121 1122 1
121 1135 1
121 1148 1
121 1160 1
122 1173 1
123 1184 1
124 1194 1
125 1204 1
126 1214 1
128 1225 1
129 1235 1
131 1244 1
132 1252 1
134 1260 1
135 1267 1
136 1275 1
138 1283 1
139 1291 1
141 1299 1
144 1309 1
147 1317 1
152 1325 1
155 1331 1
159 1338 1
163 1344 1
166 1351 1
169 1356 1
172 1361 1
174 1364 1
177 1369 1
180 1373 1
182 1376 1
184 1379 1
186 1382 1
188 1385 1
190 1387 1
193 1389 1
196 1391 1
199 1392 1
202 1394 1
206 1394 1
209 1395 1
214 1394 1
219 1391 1
225 1388 1
232 1383 1
239 1376 1
247 1366 1
256 1354 1
265 1340 1
273 1324 1
282 1310 1
288 1294 1
294 1280 1
299 1265 1
304 1250 1
308 1232 1
311 1214 1
314 1196 1
316 1179 1
318 1160 1
321 1140 1
324 1121 1
327 1104 1
329 1088 1
329 1073 1
329 1059 1
329 1048 1
329 1037 1
329 1028 1
327 1020 1
325 1012 1
324 1006 1
322 1002 1
322 998 1
320 996 1
320 994 1
318 992 1
318 991 1
318 991 1
318 991 1
318 991 1
318 991 1
318 991 1
318 991 1
318 991 1
318 991 1
317 991 1
314 993 1
311 996 1
307 1000 1
302 1007 1
296 1018 1
292 1029 1
287 1040 1
284 1049 1
281 1058 1
278 1067 1
277 1079 1
274 1090 1
273 1101 1
271 1110 1
271 1120 1
269 1131 1
268 1142 1
269 1155 1
267 1169 1
268 1181 1
268 1194 1
269 1207 1
269 1221 1
269 1235 1
270 1249 1
270 1261 1
271 1274 1
274 1287 1
276 1302 1
278 1314 1
282 1328 1
287 1342 1
293 1357 1
297 1370 1
301 1382 1
305 1392 1
308 1401 1
311 1410 1
314 1417 1
317 1423 1
321 1428 1
324 1433 1
327 1436 1
330 1438 1
334 1439 1
337 1441 1
342 1441 1
347 1439 1
353 1437 1
363 1429 1
372 1420 1
382 1407 1
391 1392 1
402 1371 1
415 1347 1
427 1321 1
438 1293 1
446 1267 1
451 1241 1
456 1216 1
460 1187 1
463 1157 1
464 1129 1
462 1104 1
459 1080 1
455 1061 1
451 1044 1
447 1029 1
443 1015 1
439 1004 1
436 995 1
434 990 1
432 986 1
430 983 1
429 981 1
427 981 1
426 979 1
424 979 1
423 978 1
423 978 1
423 978 1
421 979 1
419 981 1
418 983 1
416 986 1
414 990 1
412 995 1
411 1002 1
408 1011 1
407 1023 1
404 1038 1
402 1052 1
402 1070 1
400 1087 1
401 1102 1
401 1115 1
401 1126 1
403 1136 1
404 1146 1
405 1157 1
406 1166 1
406 1175 1
408 1182 1
408 1191 1
411 1200 1
416 1214 1
419 1226 1
423 1239 1
426 1250 1
429 1262 1
431 1273 1
434 1284 1
438 1296 1
442 1307 1
446 1318 1
449 1328 1
453 1338 1
455 1346 1
458 1354 1
459 1361 1
462 1367 1
464 1375 1
466 1382 1
469 1387 1
470 1392 1
473 1396 1
475 1401 1
478 1406 1
480 1409 1
484 1414 1
488 1417 1
493 1420 1
497 1423 1
501 1424 1
504 1426 1
508 1427 1
512 1428 1
515 1425 1
520 1422 1
526 1416 1
534 1405 1
543 1390 1
553 1370 1
562 1349 1
569 1326 1
573 1302 1
576 1277 1
578 1252 1
578 1226 1
576 1198 1
574 1170 1
573 1143 1
571 1119 1
569 1096 1
567 1075 1
564 1056 1
560 1040 1
555 1025 1
553 1017 1
550 1011 1
549 1008 1
548 1006 1
548 1004 1
548 1004 1
548 1004 1
548 1004 1
548 1004 1
548 1004 1
548 1004 1
548 1004 1
548 1004 1
545 1006 1
543 1009 1
541 1016 1
538 1025 1
533 1036 1
531 1050 1
526 1063 1
522 1075 1
520 1087 1
518 1098 1
518 1109 1
518 1119 1
518 1128 1
519 1137 1
520 1148 1
520 1160 1
522 1172 1
523 1184 1
525 1197 1
527 1209 1
530 1223 1
532 1234 1
535 1246 1
537 1256 1
540 1266 1
543 1278 1
546 1290 1
549 1301 1
552 1312 1
554 1323 1
558 1332 1
562 1343 1
568 1352 1
573 1363 1
580 1373 1
585 1383 1
588 1392 1
592 1400 1
595 1408 1
599 1414 1
602 1420 1
605 1425 1
609 1430 1
612 1433 1
615 1435 1
618 1438 1
623 1439 1
627 1440 1
631 1441 1
635 1441 1
638 1439 1
642 1438 1
647 1435 1
652 1426 1
660 1415 1
668 1399 1
674 1381 1
682 1362 1
688 1340 1
693 1320 1
698 1297 1
701 1273 1
702 1252 1
704 1227 1
702 1204 1
701 1179 1
698 1154 1
695 1131 1
692 1108 1
688 1087 1
683 1066 1
675 1048 1
667 1032 1
660 1018 1
653 1009 1
648 1001 1
645 998 1
643 995 1
642 994 1
642 994 1
641 993 1
641 993 1
641 993 1
641 993 1
641 993 1
640 995 1
638 998 1
636 1006 1
632 1018 1
630 1033 1
628 1048 1
626 1063 1
626 1076 1
627 1088 1
627 1100 1
629 1112 1
631 1127 1
634 1139 1
637 1151 1
639 1159 1
641 1167 1
644 1175 1
646 1184 1
649 1192 1
652 1202 1
655 1214 1
658 1228 1
663 1242 1
667 1254 1
670 1266 1
674 1280 1
678 1294 1
682 1307 1
686 1321 1
691 1334 1
698 1347 1
705 1359 1
710 1370 1
715 1380 1
718 1389 1
722 1398 1
724 1406 1
726 1414 1
728 1420 1
730 1426 1
732 1432 1
733 1434 1
735 1438 1
737 1439 1
738 1441 1
740 1443 1
741 1443 1
743 1444 1
745 1444 1
748 1442 1
752 1440 1
759 1432 1
767 1422 1
775 1406 1
783 1389 1
790 1367 1
796 1345 1
799 1322 1
803 1298 1
804 1273 1
805 1249 1
803 1224 1
801 1199 1
798 1176 1
793 1152 1
788 1128 1
784 1106 1
780 1086 1
776 1068 1
772 1054 1
769 1043 1
765 1034 1
760 1027 1
758 1022 1
755 1019 1
752 1015 1
751 1013 1
749 1013 1
749 1012 1
749 1012 1
749 1012 1
749 1012 1
749 1012 1
749 1012 1
749 1012 1
749 1012 1
747 1013 1
747 1017 1
745 1023 1
744 1031 1
742 1042 1
741 1052 1
740 1063 1
738 1076 1
739 1089 1
739 1102 1
739 1111 1
740 1121 1
740 1130 1
742 1140 1
744 1151 1
747 1164 1
750 1177 1
756 1191 1
761 1203 1
766 1217 1
771 1229 1
777 1242 1
782 1255 1
787 1267 1
793 1280 1
798 1294 1
804 1306 1
810 1319 1
815 1328 1
820 1336 1
824 1343 1
827 1350 1
830 1355 1
832 1360 1
834 1363 1
836 1364 1
838 1366 1
840 1368 1
841 1368 1
843 1369 1
845 1370 1
847 1370 1
851 1369 1
854 1366 1
861 1361 1
869 1355 1
876 1343 1
884 1331 1
890 1319 1
897 1305 1
902 1288 1
905 1270 1
908 1251 1
910 1231 1
912 1210 1
914 1188 1
914 1164 1
914 1139 1
911 1116 1
908 1092 1
905 1070 1
902 1048 1
897 1026 1
893 1006 1
889 988 1
885 974 1
881 961 1
879 955 1
876 949 1
874 947 1
872 944 1
871 943 1
871 943 1
871 943 1
871 943 1
871 943 1
871 943 1
870 944 1
870 946 1
868 950 1
866 957 1
865 966 1
863 977 1
862 988 1
860 1002 1
860 1017 1
860 1035 1
860 1051 1
861 1069 1
863 1089 1
864 1106 1
865 1122 1
866 1137 1
867 1152 1
868 1167 1
869 1180 1
872 1193 1
874 1205 1
877 1217 1
881 1231 1
885 1245 1
891 1258 1
896 1271 1
902 1285 1
909 1298 1
916 1311 1
922 1320 1
925 1326 1
928 1332 1
931 1337 1
933 1339 1
937 1341 1
939 1344 1
941 1345 1
944 1346 1
949 1345 1
955 1342 1
961 1336 1
969 1328 1
978 1316 1
987 1299 1
993 1279 1
1000 1259 1
1004 1236 1
1006 1215 1
1008 1192 1
1007 1171 1
1005 1148 1
1003 1129 1
1001 1112 1
998 1093 1
996 1075 1
994 1056 1
993 1038 1
991 1021 1
988 1006 1
987 992 1
985 979 1
983 968 1
980 959 1
977 951 1
975 943 1
972 939 1
969 936 1
967 932 1
965 930 1
963 927 1
962 926 1
959 924 1
958 923 1
956 923 1
956 922 1
954 922 1
953 922 1
953 922 1
953 922 1
953 923 1
951 925 1
950 928 1
948 931 1
948 941 1
946 951 1
944 962 1
944 975 1
942 986 1
941 999 1
941 1013 1
940 1028 1
941 1042 1
942 1055 1
943 1068 1
946 1081 1
949 1095 1
952 1110 1
956 1122 1
961 1134 1
966 1147 1
972 1158 1
979 1171 1
986 1182 1
994 1194 1
1001 1205 1
1009 1218 1
1019 1235 1
1026 1250 1
1034 1266 1
1034 1265 0
