187 759 1
188 768 1
194 797 1
201 826 1
208 853 1
216 880 1
223 907 1
240 956 1
255 995 1
272 1037 1
291 1082 1
314 1132 1
343 1183 1
370 1234 1
399 1283 1
425 1328 1
452 1370 1
479 1405 1
504 1433 1
529 1456 1
554 1476 1
577 1490 1
595 1498 1
610 1503 1
622 1504 1
635 1499 1
650 1491 1
666 1473 1
682 1448 1
702 1413 1
715 1367 1
725 1319 1
729 1263 1
728 1200 1
724 1135 1
714 1075 1
703 1017 1
686 956 1
666 892 1
641 829 1
612 763 1
579 698 1
546 637 1
511 573 1
477 512 1
438 444 1
399 380 1
363 326 1
331 280 1
308 247 1
291 225 1
276 210 1
265 203 1
254 198 1
245 197 1
235 198 1
222 203 1
206 212 1
191 224 1
177 239 1
165 256 1
155 274 1
147 300 1
139 328 1
134 362 1
130 395 1
128 428 1
128 461 1
129 493 1
132 525 1
137 558 1
142 590 1
147 621 1
153 653 1
159 683 1
165 715 1
175 751 1
187 787 1
199 824 1
211 860 1
224 897 1
237 934 1
253 971 1
267 1005 1
283 1041 1
296 1077 1
311 1113 1
329 1151 1
347 1187 1
362 1224 1
379 1258 1
396 1292 1
414 1322 1
432 1348 1
451 1373 1
473 1393 1
494 1410 1
515 1423 1
536 1433 1
556 1440 1
574 1442 1
592 1444 1
607 1441 1
623 1436 1
640 1426 1
661 1402 1
681 1370 1
696 1328 1
706 1281 1
713 1228 1
713 1166 1
711 1103 1
704 1040 1
694 979 1
677 917 1
656 856 1
633 794 1
606 729 1
579 664 1
553 604 1
519 527 1
483 449 1
443 371 1
405 303 1
373 247 1
347 205 1
328 174 1
316 158 1
306 148 1
296 143 1
286 142 1
275 143 1
261 147 1
245 154 1
230 164 1
216 175 1
204 189 1
192 203 1
181 221 1
170 240 1
161 265 1
153 293 1
147 330 1
143 370 1
142 413 1
142 458 1
144 501 1
148 543 1
153 585 1
158 628 1
168 667 1
176 707 1
187 745 1
198 782 1
210 820 1
222 855 1
235 891 1
246 923 1
259 955 1
271 987 1
283 1017 1
294 1047 1
307 1075 1
320 1103 1
335 1133 1
351 1165 1
367 1197 1
385 1228 1
402 1258 1
419 1285 1
434 1307 1
451 1326 1
469 1344 1
491 1361 1
516 1377 1
539 1391 1
562 1402 1
581 1410 1
598 1414 1
613 1417 1
627 1414 1
643 1406 1
661 1390 1
680 1360 1
696 1320 1
704 1274 1
708 1225 1
708 1172 1
704 1123 1
697 1075 1
688 1028 1
677 980 1
663 934 1
649 889 1
633 846 1
617 801 1
599 754 1
582 706 1
568 664 1
557 626 1
545 591 1
532 555 1
518 520 1
503 483 1
485 445 1
465 405 1
445 365 1
427 329 1
410 301 1
393 276 1
379 256 1
366 240 1
354 228 1
344 221 1
333 213 1
321 210 1
305 207 1
290 208 1
276 210 1
261 214 1
247 219 1
233 227 1
217 239 1
202 257 1
188 279 1
176 307 1
166 352 1
159 400 1
157 447 1
157 493 1
158 534 1
162 574 1
168 612 1
174 653 1
183 696 1
191 739 1
200 778 1
210 814 1
219 853 1
230 893 1
243 937 1
257 981 1
271 1024 1
283 1062 1
299 1099 1
314 1136 1
332 1172 1
352 1210 1
372 1243 1
395 1278 1
415 1309 1
435 1335 1
457 1361 1
479 1386 1
501 1405 1
522 1422 1
541 1433 1
558 1442 1
573 1446 1
588 1446 1
604 1440 1
623 1425 1
641 1400 1
661 1364 1
675 1314 1
686 1260 1
689 1202 1
688 1140 1
684 1083 1
677 1025 1
669 970 1
657 914 1
642 857 1
626 794 1
605 728 1
585 663 1
566 606 1
548 556 1
529 508 1
509 465 1
489 422 1
469 384 1
448 348 1
432 318 1
417 295 1
404 276 1
389 260 1
374 245 1
361 235 1
346 226 1
332 220 1
318 217 1
303 215 1
288 216 1
274 217 1
259 220 1
240 227 1
222 236 1
205 246 1
191 259 1
179 276 1
170 296 1
161 322 1
153 353 1
149 392 1
146 435 1
147 484 1
151 537 1
156 592 1
164 644 1
173 692 1
183 734 1
193 773 1
202 807 1
212 842 1
221 877 1
231 912 1
242 949 1
255 986 1
267 1021 1
279 1055 1
291 1088 1
305 1125 1
319 1160 1
335 1193 1
350 1223 1
364 1251 1
378 1279 1
392 1303 1
406 1325 1
422 1347 1
442 1367 1
465 1391 1
488 1412 1
510 1427 1
530 1440 1
548 1447 1
564 1452 1
580 1453 1
594 1448 1
610 1438 1
627 1420 1
647 1385 1
666 1343 1
678 1296 1
688 1249 1
694 1202 1
695 1148 1
692 1094 1
682 1034 1
667 969 1
648 901 1
623 831 1
598 757 1
572 685 1
547 616 1
526 551 1
505 493 1
486 439 1
467 395 1
449 355 1
428 317 1
407 285 1
387 258 1
373 240 1
361 228 1
352 222 1
341 220 1
329 221 1
310 225 1
291 231 1
270 240 1
253 251 1
239 261 1
228 273 1
215 286 1
205 303 1
193 325 1
183 350 1
176 379 1
169 414 1
165 452 1
164 499 1
164 544 1
168 589 1
173 630 1
178 669 1
188 712 1
200 757 1
213 800 1
227 846 1
242 893 1
259 937 1
275 980 1
289 1018 1
304 1055 1
319 1092 1
336 1127 1
352 1160 1
366 1189 1
380 1216 1
393 1241 1
407 1264 1
421 1288 1
436 1311 1
453 1334 1
472 1357 1
494 1379 1
517 1399 1
537 1414 1
555 1425 1
573 1434 1
587 1436 1
601 1437 1
614 1433 1
627 1427 1
640 1414 1
654 1391 1
666 1359 1
674 1313 1
678 1261 1
676 1208 1
670 1149 1
662 1092 1
653 1036 1
643 974 1
634 917 1
622 859 1
609 799 1
593 730 1
578 663 1
560 594 1
538 528 1
514 465 1
488 402 1
461 347 1
437 299 1
418 270 1
403 248 1
391 234 1
383 227 1
376 222 1
367 219 1
357 218 1
342 216 1
321 217 1
300 220 1
281 225 1
262 231 1
247 241 1
229 254 1
212 273 1
194 297 1
180 332 1
169 374 1
164 427 1
160 483 1
161 541 1
164 595 1
169 647 1
178 694 1
187 741 1
200 787 1
213 837 1
228 885 1
246 940 1
266 992 1
282 1043 1
299 1091 1
317 1137 1
335 1176 1
354 1215 1
376 1250 1
398 1288 1
416 1319 1
431 1338 1
445 1355 1
459 1366 1
473 1376 1
489 1383 1
507 1389 1
524 1393 1
543 1392 1
560 1389 1
578 1384 1
596 1377 1
615 1365 1
633 1348 1
650 1327 1
665 1298 1
674 1261 1
680 1215 1
681 1166 1
675 1101 1
666 1039 1
655 978 1
641 919 1
625 863 1
600 794 1
579 729 1
560 666 1
541 602 1
518 535 1
492 467 1
463 404 1
437 353 1
414 308 1
399 278 1
386 255 1
375 238 1
366 230 1
356 224 1
344 222 1
332 222 1
316 224 1
299 231 1
281 240 1
263 253 1
245 270 1
228 290 1
212 318 1
198 352 1
187 390 1
179 430 1
175 474 1
176 520 1
180 566 1
188 613 1
195 660 1
205 707 1
216 753 1
227 799 1
239 845 1
254 896 1
269 949 1
285 1005 1
302 1059 1
320 1110 1
339 1159 1
357 1204 1
375 1241 1
390 1274 1
406 1303 1
420 1326 1
439 1352 1
461 1376 1
486 1399 1
511 1419 1
533 1432 1
552 1441 1
571 1446 1
588 1450 1
603 1450 1
618 1447 1
633 1443 1
650 1434 1
668 1420 1
687 1400 1
704 1369 1
719 1331 1
728 1283 1
733 1230 1
733 1170 1
724 1105 1
714 1040 1
701 977 1
691 918 1
681 862 1
672 802 1
662 734 1
647 670 1
629 611 1
610 557 1
587 506 1
563 452 1
535 398 1
506 345 1
479 300 1
455 262 1
434 234 1
419 217 1
404 205 1
392 198 1
375 197 1
357 197 1
337 198 1
315 202 1
287 206 1
262 212 1
237 220 1
214 232 1
194 246 1
176 264 1
161 297 1
148 337 1
141 391 1
137 447 1
139 508 1
144 570 1
149 634 1
157 698 1
166 761 1
177 818 1
193 871 1
209 927 1
225 979 1
241 1033 1
258 1082 1
274 1125 1
291 1166 1
308 1199 1
326 1228 1
346 1256 1
364 1279 1
384 1300 1
403 1320 1
424 1336 1
446 1350 1
468 1364 1
490 1376 1
510 1385 1
529 1390 1
548 1393 1
568 1390 1
589 1384 1
611 1373 1
637 1353 1
661 1329 1
680 1299 1
697 1265 1
711 1230 1
719 1180 1
724 1126 1
721 1068 1
715 1007 1
707 945 1
696 880 1
683 818 1
667 749 1
648 682 1
624 619 1
598 561 1
574 505 1
549 452 1
519 399 1
489 356 1
463 319 1
441 292 1
423 276 1
405 263 1
385 254 1
362 247 1
341 243 1
322 241 1
304 241 1
285 242 1
263 246 1
240 252 1
218 260 1
199 271 1
182 285 1
165 308 1
149 339 1
136 382 1
126 432 1
119 486 1
119 543 1
121 597 1
128 651 1
136 705 1
146 759 1
157 817 1
171 877 1
190 938 1
208 997 1
228 1052 1
246 1099 1
265 1146 1
285 1188 1
306 1225 1
328 1262 1
348 1292 1
369 1322 1
388 1345 1
415 1370 1
444 1394 1
477 1417 1
508 1437 1
534 1454 1
555 1463 1
574 1470 1
588 1472 1
603 1473 1
618 1467 1
636 1450 1
656 1426 1
677 1382 1
693 1330 1
707 1269 1
712 1192 1
716 1118 1
716 1044 1
712 970 1
705 907 1
690 837 1
670 762 1
640 682 1
607 605 1
575 536 1
539 466 1
505 405 1
471 354 1
443 312 1
425 288 1
408 271 1
393 262 1
372 256 1
350 252 1
328 251 1
303 252 1
278 255 1
255 265 1
231 278 1
210 296 1
190 328 1
173 371 1
162 437 1
157 518 1
158 599 1
166 673 1
176 739 1
192 800 1
210 862 1
230 924 1
250 987 1
270 1048 1
290 1103 1
313 1159 1
338 1208 1
362 1246 1
385 1279 1
406 1303 1
427 1325 1
451 1341 1
475 1356 1
501 1368 1
520 1375 1
537 1379 1
551 1380 1
564 1374 1
578 1363 1
594 1339 1
610 1301 1
625 1247 1
636 1169 1
644 1084 1
646 1002 1
645 926 1
641 852 1
629 777 1
611 699 1
589 623 1
566 553 1
537 483 1
502 421 1
465 364 1
437 324 1
416 296 1
399 279 1
383 273 1
362 271 1
337 273 1
308 278 1
280 285 1
258 295 1
236 307 1
216 324 1
195 351 1
176 388 1
163 441 1
153 509 1
154 593 1
162 681 1
177 767 1
194 833 1
224 942 1
250 1024 1
276 1101 1
303 1171 1
334 1225 1
365 1273 1
395 1309 1
424 1338 1
454 1359 1
482 1372 1
508 1381 1
532 1384 1
554 1381 1
577 1373 1
598 1352 1
620 1324 1
641 1281 1
659 1227 1
673 1157 1
680 1079 1
687 999 1
690 930 1
694 856 1
694 784 1
682 714 1
662 640 1
631 568 1
598 500 1
560 431 1
505 363 1
455 302 1
422 267 1
397 244 1
377 233 1
359 230 1
337 231 1
309 240 1
280 255 1
252 278 1
226 317 1
201 366 1
181 430 1
167 505 1
160 588 1
167 675 1
179 762 1
200 849 1
225 937 1
254 1024 1
280 1098 1
304 1165 1
328 1213 1
352 1254 1
375 1287 1
396 1306 1
418 1323 1
443 1335 1
469 1343 1
496 1345 1
524 1339 1
551 1330 1
578 1313 1
603 1291 1
630 1261 1
655 1221 1
676 1172 1
688 1110 1
695 1039 1
695 961 1
687 882 1
677 800 1
657 711 1
629 620 1
595 533 1
562 463 1
529 405 1
500 370 1
475 344 1
453 326 1
436 317 1
419 310 1
398 308 1
372 309 1
340 313 1
306 325 1
273 343 1
245 372 1
220 408 1
201 454 1
191 515 1
189 587 1
198 667 1
210 748 1
225 830 1
244 907 1
265 983 1
284 1054 1
307 1119 1
332 1178 1
362 1232 1
394 1285 1
421 1324 1
446 1353 1
467 1374 1
483 1387 1
498 1396 1
511 1401 1
526 1401 1
546 1396 1
573 1386 1
603 1370 1
630 1352 1
654 1322 1
674 1288 1
684 1237 1
689 1169 1
686 1088 1
669 991 1
648 903 1
619 816 1
590 731 1
565 655 1
539 577 1
512 514 1
485 467 1
457 426 1
434 394 1
412 369 1
392 350 1
369 336 1
343 328 1
320 327 1
295 332 1
272 345 1
247 373 1
224 413 1
207 469 1
199 550 1
200 633 1
210 715 1
222 794 1
239 872 1
260 941 1
277 1007 1
294 1069 1
315 1131 1
340 1193 1
372 1252 1
402 1305 1
430 1339 1
459 1366 1
488 1384 1
515 1395 1
539 1401 1
563 1401 1
591 1387 1
616 1368 1
642 1330 1
664 1281 1
678 1206 1
681 1116 1
672 1020 1
651 926 1
627 834 1
598 747 1
565 652 1
536 567 1
506 496 1
473 433 1
440 383 1
410 346 1
385 318 1
360 303 1
333 295 1
303 296 1
273 307 1
243 325 1
213 363 1
187 413 1
164 488 1
157 579 1
159 679 1
177 780 1
197 872 1
221 955 1
251 1032 1
279 1104 1
309 1165 1
339 1217 1
367 1262 1
393 1294 1
417 1320 1
439 1334 1
460 1343 1
480 1347 1
502 1342 1
526 1330 1
553 1304 1
578 1268 1
600 1215 1
617 1130 1
630 1045 1
635 960 1
638 877 1
636 798 1
618 709 1
592 628 1
561 557 1
531 497 1
497 445 1
460 393 1
424 344 1
386 297 1
347 256 1
317 232 1
293 220 1
275 218 1
253 229 1
227 250 1
200 293 1
176 357 1
159 446 1
158 559 1
170 674 1
195 784 1
223 888 1
258 988 1
289 1070 1
323 1146 1
360 1212 1
397 1270 1
433 1316 1
460 1341 1
485 1357 1
504 1361 1
521 1358 1
539 1347 1
560 1316 1
582 1269 1
606 1193 1
629 1103 1
649 1012 1
662 933 1
670 857 1
671 781 1
664 709 1
647 644 1
623 579 1
594 512 1
554 445 1
505 380 1
457 327 1
421 288 1
395 263 1
374 251 1
350 245 1
324 248 1
295 259 1
263 283 1
230 327 1
199 385 1
176 456 1
161 536 1
156 623 1
163 718 1
180 815 1
209 912 1
241 1010 1
272 1101 1
304 1175 1
336 1244 1
370 1302 1
404 1347 1
438 1379 1
471 1396 1
505 1408 1
534 1413 1
561 1415 1
588 1410 1
614 1396 1
640 1374 1
664 1336 1
682 1284 1
694 1209 1
689 1107 1
679 1001 1
661 900 1
637 799 1
607 705 1
571 617 1
535 532 1
496 462 1
456 401 1
422 354 1
393 317 1
365 292 1
339 280 1
312 275 1
282 283 1
250 303 1
216 342 1
187 412 1
166 490 1
161 579 1
165 672 1
183 766 1
210 860 1
242 955 1
270 1039 1
295 1111 1
320 1172 1
343 1222 1
370 1265 1
397 1297 1
425 1323 1
452 1340 1
481 1352 1
507 1362 1
533 1368 1
559 1370 1
585 1369 1
610 1359 1
637 1342 1
665 1314 1
691 1275 1
714 1219 1
725 1143 1
728 1059 1
716 972 1
700 887 1
677 807 1
650 731 1
617 661 1
582 596 1
548 533 1
513 476 1
477 431 1
444 396 1
419 371 1
396 353 1
372 337 1
346 326 1
318 316 1
292 312 1
266 309 1
244 312 1
223 319 1
203 331 1
186 351 1
170 387 1
156 446 1
152 542 1
156 647 1
172 757 1
194 862 1
220 958 1
249 1034 1
280 1106 1
314 1172 1
348 1222 1
380 1268 1
404 1297 1
429 1321 1
454 1338 1
479 1347 1
504 1354 1
528 1352 1
555 1343 1
583 1326 1
613 1298 1
641 1263 1
667 1215 1
690 1155 1
708 1084 1
716 1004 1
718 925 1
708 838 1
690 748 1
660 658 1
616 568 1
578 489 1
540 421 1
498 363 1
459 320 1
425 291 1
398 274 1
373 268 1
346 263 1
315 263 1
286 267 1
259 275 1
237 292 1
215 319 1
197 359 1
183 416 1
177 484 1
180 570 1
190 663 1
203 756 1
219 835 1
236 912 1
257 986 1
281 1059 1
306 1125 1
336 1180 1
367 1230 1
402 1273 1
466 1336 1
491 1351 1
534 1368 1
554 1371 1
573 1369 1
594 1364 1
616 1352 1
640 1332 1
664 1304 1
685 1268 1
701 1214 1
709 1150 1
704 1078 1
692 1004 1
669 928 1
641 856 1
610 785 1
582 724 1
555 658 1
531 600 1
507 553 1
483 511 1
460 477 1
438 448 1
417 426 1
399 410 1
379 398 1
357 391 1
336 387 1
315 385 1
292 390 1
269 401 1
242 429 1
219 469 1
202 526 1
199 606 1
203 691 1
218 787 1
240 885 1
266 978 1
288 1061 1
310 1133 1
336 1197 1
366 1257 1
398 1312 1
432 1347 1
461 1372 1
488 1387 1
511 1397 1
530 1400 1
550 1392 1
569 1376 1
592 1351 1
616 1303 1
641 1242 1
658 1163 1
667 1079 1
664 989 1
653 899 1
631 812 1
598 720 1
563 628 1
529 547 1
493 475 1
457 409 1
426 355 1
401 312 1
379 276 1
357 253 1
339 239 1
321 234 1
301 236 1
280 244 1
250 275 1
219 318 1
190 379 1
168 448 1
155 521 1
154 598 1
158 673 1
173 752 1
195 831 1
224 911 1
255 991 1
280 1062 1
305 1123 1
330 1179 1
357 1224 1
385 1262 1
411 1292 1
441 1312 1
470 1326 1
496 1332 1
519 1332 1
541 1328 1
563 1317 1
586 1303 1
611 1282 1
637 1252 1
660 1214 1
678 1159 1
689 1096 1
690 1023 1
676 944 1
658 863 1
624 777 1
588 689 1
553 604 1
521 531 1
488 465 1
456 411 1
427 362 1
400 322 1
375 295 1
349 276 1
322 267 1
293 263 1
264 264 1
233 274 1
205 294 1
179 326 1
157 371 1
141 428 1
139 501 1
142 584 1
154 677 1
171 766 1
192 851 1
216 932 1
239 1005 1
261 1072 1
285 1133 1
310 1187 1
336 1229 1
359 1266 1
381 1292 1
401 1314 1
419 1329 1
437 1338 1
457 1345 1
480 1346 1
505 1340 1
533 1328 1
563 1303 1
591 1273 1
617 1232 1
640 1180 1
653 1116 1
657 1034 1
654 950 1
645 862 1
632 774 1
610 686 1
581 595 1
550 515 1
515 443 1
478 382 1
447 332 1
422 302 1
399 281 1
376 269 1
350 263 1
321 263 1
293 268 1
269 275 1
246 286 1
225 300 1
205 321 1
186 356 1
169 411 1
160 488 1
159 575 1
168 675 1
183 769 1
203 859 1
226 944 1
250 1022 1
276 1096 1
305 1162 1
339 1225 1
377 1282 1
416 1328 1
456 1362 1
493 1386 1
527 1403 1
558 1413 1
587 1418 1
614 1417 1
637 1408 1
682 1361 1
698 1314 1
711 1258 1
714 1178 1
709 1084 1
695 981 1
673 878 1
641 774 1
601 674 1
559 580 1
517 501 1
478 436 1
442 383 1
412 338 1
383 301 1
354 273 1
324 252 1
273 237 1
250 241 1
229 253 1
203 281 1
181 319 1
164 382 1
155 456 1
155 540 1
163 630 1
180 720 1
203 808 1
228 890 1
257 976 1
284 1055 1
314 1123 1
346 1181 1
382 1230 1
424 1266 1
468 1294 1
512 1315 1
586 1336 1
616 1336 1
641 1324 1
664 1307 1
683 1275 1
702 1227 1
713 1149 1
716 1055 1
709 958 1
695 865 1
674 771 1
642 679 1
605 597 1
569 525 1
493 415 1
451 365 1
412 319 1
374 277 1
340 248 1
311 229 1
283 223 1
257 227 1
230 240 1
204 267 1
178 314 1
155 393 1
144 495 1
147 606 1
181 807 1
206 901 1
238 992 1
269 1074 1
300 1142 1
333 1200 1
366 1242 1
401 1277 1
440 1304 1
481 1325 1
522 1340 1
556 1348 1
609 1352 1
630 1343 1
650 1331 1
670 1306 1
686 1270 1
695 1214 1
698 1138 1
692 1046 1
677 952 1
629 764 1
596 675 1
564 596 1
535 531 1
507 476 1
478 431 1
450 393 1
425 363 1
400 339 1
319 293 1
268 279 1
225 273 1
194 278 1
170 293 1
150 323 1
135 371 1
128 441 1
131 533 1
147 638 1
167 738 1
191 826 1
217 909 1
246 985 1
275 1056 1
305 1118 1
333 1168 1
387 1241 1
416 1262 1
445 1275 1
475 1282 1
506 1284 1
536 1284 1
567 1280 1
630 1259 1
658 1237 1
684 1208 1
702 1166 1
713 1108 1
711 1035 1
702 955 1
686 872 1
663 790 1
598 643 1
565 582 1
531 527 1
494 475 1
454 424 1
420 376 1
390 336 1
366 308 1
327 274 1
311 269 1
294 268 1
276 277 1
256 296 1
236 330 1
217 388 1
200 541 1
208 635 1
221 730 1
242 819 1
268 907 1
299 987 1
330 1065 1
386 1192 1
412 1236 1
438 1269 1
465 1295 1
493 1313 1
525 1325 1
592 1336 1
619 1335 1
642 1330 1
662 1321 1
677 1308 1
691 1289 1
705 1258 1
714 1215 1
718 1152 1
714 1084 1
704 1007 1
688 933 1
646 786 1
617 709 1
587 633 1
558 566 1
530 507 1
502 456 1
473 411 1
444 373 1
420 338 1
373 284 1
349 263 1
327 248 1
307 239 1
289 236 1
272 239 1
234 280 1
215 331 1
201 398 1
193 480 1
192 570 1
199 662 1
211 745 1
249 903 1
273 971 1
294 1034 1
317 1091 1
343 1144 1
402 1218 1
436 1241 1
471 1257 1
506 1270 1
541 1280 1
600 1290 1
625 1291 1
647 1289 1
666 1282 1
682 1274 1
702 1235 1
707 1191 1
703 1123 1
696 1037 1
684 945 1
670 852 1
629 670 1
601 586 1
576 518 1
554 464 1
498 373 1
464 334 1
436 304 1
411 285 1
387 273 1
341 272 1
319 279 1
297 293 1
277 309 1
259 327 1
227 379 1
214 422 1
207 480 1
209 560 1
236 740 1
256 822 1
274 893 1
293 962 1
309 1022 1
349 1133 1
376 1184 1
404 1227 1
433 1266 1
459 1296 1
508 1333 1
533 1340 1
560 1343 1
593 1340 1
663 1320 1
692 1306 1
712 1289 1
728 1268 1
739 1238 1
747 1133 1
735 1048 1
716 961 1
693 876 1
638 720 1
608 655 1
577 599 1
550 551 1
524 513 1
474 455 1
449 430 1
426 407 1
405 386 1
381 365 1
329 322 1
305 305 1
284 293 1
267 285 1
236 283 1
220 294 1
202 321 1
188 368 1
180 433 1
193 599 1
208 682 1
226 759 1
244 829 1
290 964 1
312 1018 1
336 1069 1
362 1113 1
416 1174 1
446 1193 1
475 1209 1
500 1221 1
521 1231 1
541 1237 1
559 1242 1
578 1244 1
599 1244 1
618 1241 1
637 1235 1
654 1221 1
670 1199 1
685 1167 1
691 1111 1
692 1049 1
679 972 1
662 899 1
639 826 1
611 750 1
581 674 1
553 603 1
526 543 1
474 444 1
446 400 1
420 358 1
395 321 1
372 291 1
335 257 1
320 253 1
304 253 1
289 257 1
269 268 1
247 290 1
223 330 1
202 385 1
191 461 1
192 551 1
203 651 1
220 753 1
264 938 1
285 1016 1
303 1084 1
327 1146 1
353 1202 1
382 1250 1
411 1290 1
470 1346 1
497 1361 1
526 1373 1
559 1380 1
594 1384 1
629 1383 1
659 1378 1
703 1354 1
719 1337 1
731 1313 1
739 1280 1
739 1170 1
730 1093 1
715 1006 1
697 917 1
651 737 1
619 652 1
589 575 1
565 512 1
522 407 1
494 360 1
464 317 1
438 283 1
396 249 1
380 244 1
365 243 1
333 248 1
315 255 1
294 265 1
273 277 1
233 311 1
213 344 1
195 385 1
178 510 1
182 593 1
193 685 1
207 777 1
245 939 1
268 1011 1
287 1072 1
311 1130 1
336 1177 1
362 1216 1
417 1280 1
441 1302 1
466 1319 1
491 1333 1
543 1350 1
568 1355 1
592 1357 1
634 1348 1
655 1332 1
674 1308 1
689 1269 1
706 1127 1
703 1028 1
704 1063 0
