653 1018 1
653 1018 1
653 1018 1
653 1018 1
653 1018 1
653 1018 1
653 1018 1
653 1018 1
653 1018 1
653 1018 1
653 1018 1
652 1018 1
648 1018 1
643 1018 1
639 1019 1
633 1019 1
626 1020 1
621 1020 1
614 1020 1
609 1020 1
603 1019 1
599 1017 1
595 1016 1
592 1014 1
590 1013 1
589 1011 1
587 1009 1
587 1007 1
587 1005 1
588 1004 1
588 1001 1
591 999 1
592 997 1
596 995 1
599 992 1
605 991 1
611 991 1
617 991 1
620 991 1
624 991 1
628 992 1
631 994 1
633 995 1
636 997 1
639 1000 1
641 1003 1
644 1007 1
645 1012 1
645 1018 1
646 1023 1
646 1028 1
645 1032 1
643 1037 1
642 1041 1
639 1044 1
637 1047 1
634 1048 1
631 1051 1
627 1053 1
623 1055 1
621 1056 1
615 1057 1
609 1059 1
604 1060 1
597 1062 1
592 1062 1
585 1062 1
579 1062 1
575 1061 1
571 1059 1
567 1058 1
564 1056 1
561 1053 1
558 1049 1
555 1045 1
552 1039 1
549 1034 1
546 1028 1
545 1021 1
543 1014 1
543 1007 1
542 1000 1
543 993 1
544 988 1
545 983 1
547 979 1
550 977 1
553 972 1
556 969 1
561 966 1
565 963 1
570 961 1
577 958 1
584 956 1
591 955 1
598 956 1
605 956 1
612 956 1
619 958 1
626 959 1
633 961 1
639 964 1
645 966 1
650 969 1
654 971 1
658 975 1
662 978 1
665 982 1
668 985 1
671 990 1
675 994 1
677 997 1
679 1001 1
682 1007 1
684 1012 1
686 1018 1
689 1024 1
690 1028 1
691 1032 1
692 1036 1
692 1039 1
692 1042 1
692 1046 1
692 1048 1
692 1051 1
692 1053 1
690 1056 1
691 1059 1
690 1060 1
688 1063 1
688 1065 1
686 1069 1
684 1071 1
682 1076 1
679 1079 1
676 1084 1
672 1089 1
668 1094 1
664 1098 1
660 1102 1
656 1106 1
651 1110 1
646 1113 1
641 1116 1
636 1119 1
632 1122 1
627 1123 1
623 1125 1
618 1127 1
613 1129 1
608 1130 1
602 1130 1
597 1131 1
590 1131 1
584 1131 1
577 1131 1
571 1130 1
566 1128 1
560 1127 1
555 1126 1
549 1124 1
543 1123 1
538 1121 1
534 1120 1
530 1120 1
527 1118 1
523 1118 1
520 1116 1
516 1114 1
512 1111 1
508 1107 1
504 1102 1
499 1097 1
497 1092 1
493 1086 1
490 1081 1
487 1074 1
485 1067 1
483 1062 1
482 1055 1
480 1050 1
479 1045 1
479 1040 1
477 1034 1
478 1030 1
479 1023 1
480 1018 1
481 1010 1
484 1003 1
487 996 1
490 990 1
492 983 1
497 978 1
501 973 1
505 967 1
511 962 1
515 957 1
521 952 1
525 948 1
530 944 1
534 941 1
539 938 1
542 935 1
545 933 1
549 931 1
551 930 1
555 928 1
558 927 1
561 925 1
563 924 1
567 924 1
570 922 1
574 922 1
580 922 1
584 922 1
590 922 1
596 922 1
602 923 1
608 923 1
613 924 1
618 924 1
622 925 1
626 926 1
630 927 1
634 927 1
637 928 1
641 929 1
645 929 1
647 930 1
651 932 1
656 933 1
660 936 1
663 937 1
667 939 1
671 940 1
674 942 1
677 944 1
681 947 1
685 950 1
689 951 1
693 954 1
697 958 1
701 961 1
704 963 1
707 966 1
710 969 1
713 972 1
714 975 1
717 977 1
720 980 1
722 984 1
724 986 1
726 989 1
728 992 1
730 995 1
732 997 1
732 999 1
734 1001 1
735 1003 1
736 1006 1
737 1009 1
739 1013 1
740 1017 1
741 1020 1
742 1024 1
743 1028 1
744 1032 1
745 1035 1
745 1040 1
746 1043 1
746 1046 1
747 1049 1
747 1052 1
747 1055 1
747 1058 1
747 1060 1
747 1063 1
747 1066 1
746 1069 1
746 1072 1
746 1075 1
745 1077 1
745 1080 1
744 1084 1
742 1087 1
743 1089 1
741 1093 1
739 1097 1
737 1102 1
735 1105 1
734 1109 1
732 1112 1
729 1116 1
726 1120 1
722 1124 1
720 1126 1
716 1129 1
713 1132 1
710 1135 1
705 1139 1
701 1143 1
695 1146 1
690 1150 1
683 1153 1
677 1156 1
671 1161 1
665 1163 1
659 1166 1
652 1170 1
646 1172 1
640 1174 1
634 1177 1
629 1180 1
625 1181 1
622 1182 1
617 1184 1
614 1185 1
609 1187 1
605 1188 1
599 1189 1
593 1190 1
585 1190 1
578 1191 1
570 1191 1
562 1190 1
553 1188 1
544 1187 1
536 1185 1
529 1184 1
521 1182 1
514 1179 1
509 1177 1
504 1175 1
502 1173 1
497 1171 1
494 1169 1
490 1166 1
485 1161 1
481 1157 1
477 1151 1
473 1146 1
469 1139 1
465 1133 1
461 1127 1
458 1122 1
455 1116 1
453 1112 1
451 1108 1
449 1104 1
448 1100 1
447 1097 1
445 1092 1
444 1088 1
444 1084 1
442 1080 1
442 1076 1
440 1072 1
440 1067 1
440 1061 1
440 1056 1
440 1051 1
440 1045 1
440 1040 1
441 1035 1
442 1030 1
443 1025 1
444 1019 1
445 1015 1
446 1010 1
448 1005 1
449 999 1
452 995 1
454 991 1
456 986 1
458 981 1
461 977 1
464 973 1
466 969 1
469 965 1
472 962 1
475 958 1
477 956 1
480 953 1
483 949 1
487 946 1
490 943 1
495 939 1
499 937 1
503 933 1
507 930 1
511 927 1
515 925 1
519 923 1
524 920 1
528 918 1
534 916 1
538 914 1
542 912 1
547 910 1
552 908 1
557 907 1
561 906 1
565 906 1
569 905 1
573 903 1
577 904 1
581 903 1
586 903 1
591 903 1
596 901 1
600 902 1
606 902 1
610 903 1
616 903 1
621 903 1
626 904 1
631 904 1
635 905 1
640 906 1
645 908 1
649 909 1
654 910 1
658 912 1
663 913 1
668 915 1
672 917 1
677 919 1
681 921 1
686 923 1
690 924 1
695 927 1
700 929 1
704 931 1
709 934 1
714 936 1
718 938 1
721 939 1
724 942 1
727 943 1
729 945 1
731 947 1
734 949 1
737 952 1
741 955 1
744 958 1
748 962 1
750 965 1
754 969 1
756 973 1
758 975 1
761 979 1
763 982 1
766 985 1
767 987 1
769 991 1
772 994 1
773 997 1
776 1000 1
777 1002 1
778 1005 1
779 1008 1
780 1011 1
782 1014 1
783 1016 1
784 1019 1
785 1022 1
786 1026 1
787 1030 1
788 1034 1
788 1037 1
789 1041 1
789 1044 1
789 1047 1
789 1050 1
790 1052 1
790 1055 1
789 1057 1
789 1059 1
789 1061 1
789 1063 1
789 1066 1
788 1069 1
788 1073 1
786 1077 1
786 1080 1
784 1085 1
784 1090 1
783 1094 1
781 1099 1
780 1104 1
778 1109 1
777 1113 1
776 1117 1
774 1120 1
773 1123 1
771 1126 1
769 1129 1
768 1131 1
766 1134 1
765 1137 1
763 1140 1
762 1142 1
760 1145 1
758 1148 1
756 1151 1
754 1154 1
752 1156 1
750 1159 1
748 1162 1
746 1165 1
744 1167 1
741 1172 1
737 1174 1
734 1177 1
732 1181 1
727 1184 1
722 1187 1
718 1191 1
714 1194 1
710 1197 1
705 1200 1
699 1203 1
695 1205 1
690 1208 1
685 1210 1
680 1212 1
676 1215 1
670 1217 1
665 1220 1
660 1223 1
656 1223 1
650 1226 1
646 1227 1
643 1229 1
639 1230 1
636 1230 1
633 1232 1
629 1232 1
625 1233 1
621 1233 1
616 1233 1
611 1234 1
606 1234 1
601 1234 1
597 1235 1
591 1235 1
586 1235 1
581 1234 1
576 1234 1
571 1233 1
565 1233 1
560 1231 1
555 1231 1
550 1231 1
546 1229 1
540 1229 1
534 1227 1
528 1226 1
520 1224 1
513 1223 1
507 1221 1
501 1219 1
495 1217 1
491 1215 1
486 1214 1
482 1213 1
479 1211 1
475 1210 1
472 1207 1
468 1205 1
464 1201 1
458 1197 1
455 1192 1
449 1187 1
445 1183 1
440 1178 1
436 1173 1
431 1166 1
427 1160 1
422 1154 1
419 1147 1
416 1141 1
414 1134 1
411 1128 1
408 1121 1
407 1115 1
405 1108 1
404 1101 1
404 1095 1
402 1088 1
402 1081 1
402 1074 1
402 1066 1
403 1061 1
404 1056 1
405 1051 1
405 1047 1
407 1043 1
408 1037 1
411 1032 1
412 1028 1
414 1021 1
417 1015 1
420 1010 1
422 1004 1
425 998 1
427 993 1
430 987 1
433 982 1
434 978 1
437 974 1
440 970 1
443 965 1
445 961 1
448 957 1
451 953 1
454 949 1
456 946 1
458 941 1
461 939 1
464 935 1
465 933 1
468 929 1
471 926 1
473 922 1
476 919 1
478 915 1
481 913 1
484 910 1
487 907 1
489 905 1
491 903 1
494 900 1
497 898 1
498 896 1
501 894 1
504 891 1
506 889 1
510 886 1
514 885 1
517 883 1
520 881 1
525 879 1
528 876 1
532 875 1
536 874 1
541 872 1
545 871 1
549 868 1
555 867 1
559 866 1
565 864 1
572 863 1
579 861 1
586 860 1
592 860 1
599 860 1
606 860 1
613 861 1
620 861 1
627 862 1
634 863 1
641 864 1
649 866 1
658 869 1
665 870 1
672 873 1
679 875 1
685 878 1
692 881 1
696 882 1
700 884 1
706 887 1
710 890 1
714 891 1
718 894 1
721 897 1
726 900 1
730 904 1
734 906 1
737 910 1
741 914 1
745 918 1
749 921 1
752 926 1
756 930 1
761 935 1
765 939 1
768 944 1
772 949 1
774 953 1
777 957 1
779 960 1
782 965 1
783 967 1
785 971 1
787 974 1
788 977 1
789 980 1
791 983 1
792 986 1
794 989 1
795 992 1
796 994 1
798 997 1
799 1000 1
801 1004 1
802 1006 1
803 1011 1
805 1014 1
806 1018 1
807 1021 1
809 1026 1
810 1030 1
812 1034 1
813 1037 1
814 1041 1
815 1045 1
816 1049 1
818 1053 1
818 1055 1
819 1059 1
820 1062 1
820 1065 1
821 1068 1
821 1070 1
821 1074 1
821 1077 1
822 1081 1
823 1085 1
823 1089 1
823 1092 1
824 1097 1
824 1101 1
824 1105 1
824 1109 1
824 1113 1
824 1118 1
824 1120 1
822 1124 1
823 1127 1
822 1129 1
822 1132 1
821 1136 1
819 1139 1
818 1142 1
818 1145 1
816 1149 1
815 1151 1
813 1154 1
812 1158 1
810 1161 1
809 1164 1
807 1167 1
805 1171 1
803 1174 1
800 1178 1
798 1182 1
796 1185 1
792 1188 1
789 1192 1
784 1196 1
782 1200 1
777 1202 1
773 1206 1
768 1209 1
764 1212 1
759 1216 1
754 1219 1
748 1222 1
743 1226 1
737 1229 1
731 1231 1
725 1234 1
720 1237 1
713 1240 1
707 1244 1
702 1246 1
696 1249 1
692 1251 1
686 1253 1
681 1256 1
677 1257 1
672 1258 1
666 1260 1
662 1261 1
658 1262 1
654 1263 1
651 1264 1
647 1265 1
643 1266 1
638 1267 1
634 1268 1
630 1268 1
626 1269 1
622 1269 1
618 1270 1
614 1270 1
609 1271 1
604 1271 1
599 1272 1
593 1272 1
586 1272 1
581 1273 1
574 1273 1
568 1273 1
561 1273 1
555 1273 1
549 1273 1
541 1273 1
534 1271 1
527 1270 1
519 1268 1
512 1265 1
503 1262 1
495 1260 1
487 1256 1
479 1253 1
471 1249 1
463 1246 1
456 1242 1
450 1239 1
444 1235 1
437 1231 1
432 1226 1
427 1220 1
422 1214 1
417 1208 1
412 1201 1
407 1194 1
403 1189 1
399 1184 1
395 1177 1
390 1171 1
386 1163 1
382 1154 1
378 1148 1
376 1140 1
373 1132 1
371 1127 1
369 1122 1
369 1116 1
368 1111 1
368 1105 1
368 1099 1
368 1091 1
368 1083 1
369 1074 1
370 1066 1
371 1059 1
373 1052 1
373 1047 1
375 1042 1
377 1037 1
380 1031 1
383 1024 1
385 1019 1
388 1013 1
391 1007 1
394 1001 1
397 996 1
400 990 1
403 984 1
406 980 1
409 976 1
411 971 1
414 967 1
417 963 1
420 958 1
422 954 1
425 951 1
428 947 1
431 943 1
432 940 1
435 935 1
437 932 1
440 929 1
442 925 1
445 922 1
448 918 1
451 914 1
455 910 1
458 906 1
461 902 1
465 898 1
469 894 1
472 890 1
476 886 1
479 883 1
483 879 1
487 875 1
491 872 1
495 868 1
498 866 1
502 863 1
505 860 1
509 858 1
512 856 1
515 854 1
518 852 1
521 850 1
526 847 1
530 846 1
535 845 1
539 842 1
545 841 1
549 840 1
553 838 1
558 838 1
563 836 1
568 837 1
573 836 1
577 834 1
583 835 1
588 835 1
595 835 1
600 835 1
606 835 1
613 835 1
619 835 1
626 836 1
634 836 1
641 838 1
649 839 1
656 840 1
665 842 1
672 843 1
680 845 1
688 846 1
697 848 1
704 850 1
711 852 1
717 855 1
724 857 1
731 860 1
738 862 1
745 866 1
752 870 1
758 873 1
765 878 1
770 882 1
777 886 1
783 891 1
787 894 1
791 897 1
794 900 1
796 902 1
799 905 1
802 908 1
805 911 1
806 914 1
809 916 1
811 919 1
813 922 1
816 925 1
817 927 1
819 931 1
822 934 1
824 939 1
827 944 1
828 948 1
831 954 1
834 959 1
836 964 1
839 969 1
840 973 1
841 976 1
843 979 1
844 982 1
845 985 1
847 988 1
848 991 1
849 994 1
850 998 1
851 1002 1
853 1005 1
854 1010 1
856 1014 1
857 1017 1
857 1021 1
859 1026 1
859 1029 1
860 1033 1
861 1036 1
861 1040 1
862 1043 1
862 1048 1
862 1051 1
862 1055 1
862 1058 1
863 1062 1
863 1067 1
863 1073 1
863 1077 1
863 1083 1
863 1087 1
863 1093 1
864 1098 1
864 1103 1
863 1107 1
863 1111 1
863 1115 1
863 1119 1
861 1121 1
862 1124 1
862 1127 1
861 1130 1
859 1134 1
860 1136 1
859 1140 1
857 1144 1
857 1147 1
855 1152 1
854 1156 1
854 1160 1
852 1164 1
852 1167 1
850 1172 1
849 1176 1
848 1180 1
846 1184 1
844 1188 1
841 1192 1
839 1196 1
836 1200 1
833 1204 1
829 1210 1
826 1215 1
820 1221 1
816 1227 1
811 1233 1
807 1239 1
802 1244 1
796 1250 1
791 1255 1
785 1260 1
780 1264 1
773 1268 1
766 1271 1
760 1275 1
754 1278 1
750 1280 1
745 1282 1
741 1285 1
735 1287 1
730 1288 1
725 1291 1
720 1292 1
716 1295 1
711 1296 1
707 1297 1
701 1299 1
697 1300 1
692 1302 1
687 1302 1
682 1303 1
677 1304 1
672 1305 1
668 1305 1
662 1306 1
658 1306 1
655 1307 1
651 1307 1
647 1307 1
643 1308 1
638 1308 1
634 1308 1
630 1309 1
626 1309 1
622 1309 1
618 1309 1
613 1309 1
609 1309 1
603 1309 1
599 1310 1
593 1310 1
587 1310 1
582 1310 1
575 1310 1
570 1310 1
563 1310 1
557 1310 1
550 1310 1
544 1310 1
538 1310 1
532 1309 1
527 1309 1
521 1309 1
514 1308 1
510 1306 1
505 1305 1
498 1304 1
491 1302 1
484 1300 1
476 1297 1
471 1296 1
463 1293 1
455 1289 1
448 1285 1
440 1280 1
432 1276 1
426 1271 1
420 1267 1
414 1262 1
409 1258 1
404 1253 1
401 1250 1
398 1247 1
394 1245 1
392 1241 1
389 1237 1
385 1232 1
381 1225 1
377 1218 1
373 1211 1
370 1204 1
367 1198 1
364 1191 1
362 1186 1
359 1180 1
356 1174 1
354 1167 1
352 1161 1
349 1154 1
347 1147 1
344 1140 1
343 1133 1
341 1126 1
339 1119 1
339 1112 1
339 1105 1
337 1098 1
338 1090 1
338 1084 1
338 1077 1
339 1070 1
340 1061 1
341 1055 1
343 1048 1
344 1041 1
346 1035 1
348 1027 1
350 1020 1
353 1012 1
355 1004 1
357 996 1
360 989 1
363 983 1
366 976 1
367 971 1
369 966 1
372 962 1
374 957 1
377 951 1
378 946 1
381 940 1
384 935 1
385 931 1
388 926 1
391 922 1
393 917 1
395 913 1
398 909 1
401 904 1
404 900 1
406 896 1
409 891 1
412 887 1
415 882 1
418 878 1
422 873 1
425 868 1
429 864 1
434 859 1
437 854 1
441 850 1
446 844 1
452 839 1
457 834 1
464 829 1
470 825 1
475 821 1
481 816 1
486 813 1
490 810 1
494 808 1
498 805 1
503 802 1
508 800 1
512 797 1
516 795 1
520 794 1
525 792 1
530 791 1
535 789 1
539 788 1
546 786 1
552 784 1
556 784 1
562 782 1
567 782 1
572 782 1
578 782 1
585 782 1
593 783 1
600 784 1
608 786 1
615 787 1
621 787 1
628 789 1
636 790 1
644 792 1
650 794 1
656 796 1
662 798 1
669 799 1
674 800 1
680 802 1
684 803 1
690 805 1
693 806 1
698 809 1
703 810 1
708 811 1
714 814 1
720 816 1
726 818 1
733 820 1
738 822 1
743 825 1
750 827 1
756 830 1
761 832 1
766 834 1
771 837 1
776 840 1
780 842 1
786 847 1
790 848 1
794 851 1
798 854 1
803 857 1
805 859 1
810 862 1
813 865 1
817 869 1
821 872 1
824 873 1
826 876 1
829 879 1
832 883 1
835 886 1
838 889 1
840 891 1
842 894 1
845 897 1
847 901 1
849 903 1
851 907 1
853 910 1
856 914 1
858 917 1
861 921 1
864 926 1
867 931 1
870 937 1
873 943 1
878 950 1
880 956 1
884 963 1
886 968 1
889 973 1
891 979 1
893 981 1
895 985 1
897 989 1
898 992 1
900 995 1
902 999 1
904 1003 1
905 1006 1
906 1009 1
908 1014 1
909 1017 1
911 1021 1
912 1025 1
913 1029 1
914 1033 1
915 1038 1
916 1042 1
917 1046 1
918 1049 1
918 1053 1
919 1058 1
919 1062 1
920 1068 1
920 1075 1
921 1081 1
922 1088 1
922 1095 1
923 1103 1
923 1109 1
923 1116 1
923 1122 1
923 1126 1
923 1132 1
922 1137 1
922 1142 1
922 1147 1
921 1152 1
921 1158 1
920 1163 1
918 1168 1
917 1173 1
917 1178 1
915 1182 1
914 1187 1
911 1192 1
910 1196 1
908 1199 1
906 1203 1
904 1207 1
901 1212 1
899 1216 1
896 1221 1
893 1226 1
889 1231 1
884 1237 1
880 1242 1
876 1249 1
872 1254 1
866 1260 1
860 1266 1
853 1273 1
845 1279 1
836 1286 1
827 1292 1
819 1300 1
811 1307 1
805 1312 1
800 1316 1
793 1320 1
789 1323 1
784 1326 1
780 1328 1
777 1330 1
775 1331 1
771 1333 1
768 1335 1
763 1336 1
758 1339 1
753 1340 1
747 1342 1
740 1345 1
733 1347 1
726 1349 1
718 1352 1
711 1352 1
704 1355 1
697 1356 1
690 1358 1
685 1359 1
679 1360 1
675 1361 1
669 1362 1
664 1364 1
659 1364 1
654 1365 1
650 1367 1
646 1367 1
641 1368 1
639 1369 1
634 1369 1
629 1370 1
624 1370 1
618 1370 1
614 1370 1
608 1370 1
602 1370 1
597 1369 1
591 1369 1
586 1369 1
580 1368 1
571 1366 1
564 1366 1
555 1364 1
547 1363 1
539 1363 1
529 1361 1
522 1360 1
512 1358 1
506 1357 1
497 1356 1
492 1353 1
484 1352 1
478 1350 1
471 1347 1
465 1345 1
458 1341 1
451 1338 1
445 1335 1
439 1332 1
433 1328 1
427 1324 1
420 1320 1
414 1317 1
407 1313 1
401 1310 1
393 1304 1
385 1300 1
377 1293 1
369 1288 1
363 1282 1
356 1276 1
350 1270 1
345 1263 1
339 1257 1
334 1252 1
329 1245 1
323 1239 1
319 1231 1
313 1221 1
308 1212 1
304 1203 1
300 1194 1
298 1187 1
295 1179 1
290 1171 1
288 1164 1
286 1156 1
284 1148 1
283 1139 1
283 1132 1
282 1124 1
280 1117 1
281 1110 1
281 1104 1
281 1097 1
281 1089 1
281 1083 1
282 1074 1
283 1066 1
285 1059 1
287 1051 1
289 1044 1
291 1037 1
294 1028 1
298 1018 1
301 1009 1
304 1000 1
309 991 1
312 984 1
316 976 1
319 969 1
322 961 1
325 954 1
328 948 1
331 941 1
335 934 1
337 928 1
341 921 1
344 915 1
347 909 1
349 902 1
352 897 1
355 891 1
358 886 1
360 882 1
363 877 1
366 872 1
369 868 1
373 864 1
376 859 1
380 854 1
384 849 1
388 844 1
393 838 1
399 832 1
404 827 1
409 821 1
415 815 1
420 810 1
426 804 1
433 800 1
438 794 1
442 790 1
448 785 1
454 780 1
459 776 1
464 772 1
469 768 1
475 765 1
481 761 1
485 759 1
489 757 1
494 754 1
499 752 1
504 750 1
510 748 1
517 745 1
524 743 1
531 741 1
538 740 1
545 737 1
552 736 1
559 736 1
566 734 1
574 733 1
581 733 1
588 732 1
595 732 1
603 730 1
610 731 1
617 731 1
625 731 1
632 731 1
640 731 1
649 732 1
655 733 1
663 734 1
670 735 1
677 736 1
684 737 1
691 739 1
697 741 1
704 743 1
708 744 1
713 745 1
719 748 1
724 750 1
730 752 1
736 755 1
740 756 1
744 759 1
750 762 1
756 765 1
762 768 1
767 770 1
773 773 1
778 777 1
784 780 1
790 784 1
796 788 1
802 793 1
809 797 1
815 801 1
821 807 1
826 811 1
832 817 1
837 821 1
843 826 1
848 832 1
853 837 1
858 842 1
862 847 1
867 852 1
871 858 1
876 861 1
881 867 1
884 872 1
888 877 1
892 881 1
894 887 1
898 892 1
901 897 1
904 902 1
905 906 1
908 910 1
911 913 1
913 917 1
915 921 1
917 926 1
919 931 1
922 937 1
924 941 1
927 947 1
928 953 1
930 958 1
933 964 1
934 969 1
936 975 1
939 981 1
939 985 1
941 990 1
942 995 1
944 1000 1
945 1006 1
946 1011 1
947 1018 1
948 1023 1
950 1030 1
951 1034 1
952 1039 1
953 1044 1
953 1047 1
954 1050 1
954 1053 1
955 1055 1
955 1058 1
955 1062 1
956 1065 1
956 1069 1
956 1073 1
957 1079 1
957 1084 1
958 1090 1
958 1097 1
959 1102 1
960 1109 1
960 1113 1
961 1118 1
961 1121 1
961 1124 1
961 1128 1
960 1133 1
960 1137 1
960 1141 1
960 1146 1
960 1152 1
959 1157 1
959 1162 1
959 1168 1
958 1172 1
958 1178 1
957 1182 1
955 1187 1
956 1193 1
955 1196 1
953 1199 1
952 1204 1
952 1209 1
950 1213 1
948 1218 1
946 1224 1
945 1228 1
942 1233 1
941 1239 1
940 1242 1
938 1245 1
937 1250 1
935 1253 1
933 1257 1
931 1260 1
928 1264 1
925 1268 1
921 1273 1
917 1278 1
911 1284 1
905 1291 1
898 1300 1
889 1308 1
879 1317 1
870 1324 1
861 1331 1
853 1337 1
844 1341 1
836 1345 1
829 1350 1
820 1355 1
812 1357 1
804 1362 1
796 1365 1
790 1369 1
783 1372 1
776 1375 1
769 1378 1
763 1381 1
758 1384 1
750 1386 1
744 1389 1
737 1392 1
730 1395 1
722 1397 1
714 1400 1
706 1403 1
698 1406 1
690 1409 1
683 1411 1
676 1413 1
669 1415 1
663 1418 1
657 1418 1
650 1420 1
643 1421 1
638 1423 1
633 1424 1
628 1425 1
623 1426 1
619 1426 1
615 1427 1
611 1427 1
607 1427 1
603 1428 1
598 1428 1
593 1428 1
589 1428 1
583 1428 1
577 1428 1
573 1427 1
567 1427 1
563 1425 1
558 1425 1
552 1425 1
548 1424 1
542 1424 1
537 1422 1
530 1421 1
522 1419 1
515 1416 1
505 1413 1
497 1411 1
487 1407 1
477 1404 1
467 1400 1
456 1397 1
447 1394 1
439 1390 1
431 1387 1
424 1385 1
417 1382 1
412 1380 1
407 1378 1
403 1375 1
398 1373 1
393 1371 1
389 1368 1
383 1365 1
377 1361 1
372 1359 1
367 1355 1
360 1351 1
355 1347 1
348 1341 1
341 1336 1
334 1331 1
327 1326 1
322 1322 1
316 1317 1
311 1313 1
305 1309 1
300 1305 1
294 1299 1
290 1294 1
285 1288 1
280 1282 1
276 1276 1
272 1271 1
268 1264 1
263 1258 1
260 1252 1
257 1246 1
253 1239 1
250 1232 1
247 1225 1
243 1215 1
240 1208 1
238 1200 1
236 1192 1
234 1185 1
233 1178 1
233 1170 1
231 1160 1
231 1150 1
231 1139 1
231 1128 1
232 1119 1
234 1110 1
236 1100 1
239 1089 1
242 1079 1
245 1068 1
248 1056 1
252 1046 1
257 1036 1
261 1028 1
264 1019 1
268 1009 1
272 1000 1
276 991 1
280 981 1
283 973 1
287 965 1
290 958 1
293 949 1
296 940 1
300 932 1
304 925 1
306 917 1
310 909 1
314 902 1
318 894 1
321 887 1
325 880 1
327 873 1
331 868 1
334 861 1
337 855 1
340 848 1
344 842 1
347 838 1
350 834 1
352 829 1
355 824 1
358 820 1
361 816 1
364 811 1
366 807 1
370 803 1
373 798 1
376 793 1
380 789 1
383 784 1
387 780 1
390 775 1
395 770 1
399 766 1
403 761 1
407 757 1
413 753 1
416 751 1
421 746 1
425 743 1
430 739 1
436 737 1
441 732 1
449 727 1
454 724 1
461 720 1
468 717 1
475 714 1
482 709 1
489 707 1
496 704 1
503 701 1
510 699 1
517 696 1
524 694 1
532 692 1
539 690 1
546 689 1
553 687 1
560 687 1
566 685 1
573 686 1
580 685 1
587 683 1
596 684 1
603 684 1
610 684 1
617 684 1
624 685 1
632 685 1
641 686 1
649 687 1
659 689 1
667 689 1
676 690 1
686 692 1
695 693 1
704 695 1
712 697 1
719 699 1
728 702 1
736 705 1
744 707 1
754 710 1
764 715 1
775 719 1
788 723 1
798 728 1
808 733 1
818 738 1
827 743 1
836 749 1
845 755 1
854 761 1
862 766 1
870 772 1
877 778 1
882 782 1
888 786 1
893 792 1
899 797 1
905 804 1
911 810 1
917 817 1
924 824 1
930 832 1
937 839 1
943 847 1
949 854 1
956 863 1
962 872 1
969 882 1
975 891 1
980 897 1
983 905 1
987 910 1
990 917 1
993 923 1
996 929 1
997 935 1
1000 942 1
1001 949 1
1003 956 1
1004 963 1
1005 969 1
1007 976 1
1008 981 1
1009 985 1
1009 990 1
1010 997 1
1011 1003 1
1011 1009 1
1012 1016 1
1012 1023 1
1013 1030 1
1013 1037 1
1013 1043 1
1013 1047 1
1013 1053 1
1014 1058 1
1013 1063 1
1013 1067 1
1013 1073 1
1012 1078 1
1012 1083 1
1012 1090 1
1011 1096 1
1011 1103 1
1010 1110 1
1008 1115 1
1008 1120 1
1008 1125 1
1006 1130 1
1005 1136 1
1003 1141 1
1002 1148 1
1001 1153 1
999 1159 1
998 1165 1
996 1171 1
995 1175 1
994 1180 1
992 1185 1
991 1189 1
990 1192 1
988 1197 1
986 1200 1
983 1205 1
982 1209 1
979 1214 1
977 1218 1
974 1223 1
971 1228 1
970 1234 1
967 1238 1
965 1242 1
962 1248 1
959 1252 1
957 1258 1
954 1261 1
950 1265 1
947 1270 1
943 1276 1
939 1280 1
936 1286 1
932 1292 1
928 1297 1
924 1303 1
920 1308 1
915 1315 1
911 1320 1
905 1326 1
900 1332 1
895 1337 1
889 1341 1
884 1346 1
878 1350 1
873 1354 1
867 1358 1
862 1363 1
855 1367 1
849 1372 1
843 1376 1
837 1381 1
830 1386 1
823 1391 1
815 1396 1
807 1401 1
797 1405 1
789 1410 1
780 1414 1
771 1418 1
763 1420 1
756 1423 1
750 1426 1
743 1428 1
738 1431 1
732 1431 1
726 1434 1
721 1436 1
714 1438 1
707 1440 1
699 1441 1
690 1444 1
680 1447 1
670 1450 1
659 1453 1
649 1455 1
640 1457 1
631 1459 1
624 1461 1
616 1463 1
608 1464 1
601 1466 1
594 1467 1
587 1469 1
581 1470 1
575 1471 1
569 1472 1
564 1473 1
559 1473 1
554 1474 1
547 1474 1
540 1474 1
534 1474 1
526 1472 1
519 1473 1
510 1472 1
502 1470 1
492 1470 1
484 1468 1
477 1467 1
470 1466 1
463 1464 1
458 1463 1
452 1463 1
447 1461 1
440 1459 1
434 1456 1
426 1454 1
419 1452 1
412 1449 1
404 1445 1
395 1442 1
385 1437 1
375 1431 1
366 1426 1
357 1420 1
347 1414 1
339 1408 1
332 1402 1
327 1398 1
322 1394 1
316 1390 1
311 1388 1
306 1384 1
302 1381 1
297 1377 1
291 1373 1
287 1369 1
281 1364 1
276 1359 1
271 1352 1
264 1346 1
257 1340 1
252 1334 1
246 1329 1
241 1324 1
236 1318 1
232 1311 1
226 1305 1
219 1297 1
214 1289 1
209 1281 1
205 1273 1
201 1265 1
199 1258 1
196 1252 1
193 1245 1
191 1237 1
188 1228 1
187 1219 1
184 1211 1
182 1200 1
180 1192 1
180 1183 1
180 1175 1
180 1167 1
181 1158 1
183 1149 1
184 1139 1
186 1130 1
188 1122 1
190 1115 1
192 1107 1
193 1100 1
195 1090 1
198 1080 1
200 1071 1
203 1061 1
205 1051 1
208 1044 1
211 1036 1
212 1028 1
216 1017 1
219 1007 1
222 997 1
226 989 1
229 979 1
233 971 1
237 961 1
242 953 1
246 944 1
249 934 1
253 926 1
259 916 1
263 909 1
267 902 1
271 895 1
274 889 1
277 882 1
282 877 1
285 871 1
289 864 1
293 859 1
296 853 1
301 848 1
305 842 1
309 836 1
313 832 1
319 826 1
323 821 1
328 815 1
332 810 1
336 803 1
340 798 1
345 790 1
350 784 1
354 778 1
358 771 1
362 765 1
366 761 1
371 755 1
375 750 1
379 744 1
383 740 1
387 734 1
392 729 1
396 724 1
400 719 1
404 715 1
409 710 1
415 704 1
419 700 1
424 696 1
430 690 1
435 687 1
442 683 1
447 679 1
454 676 1
461 672 1
466 669 1
472 665 1
477 662 1
483 659 1
488 656 1
494 653 1
500 649 1
505 647 1
509 644 1
513 642 1
518 640 1
523 639 1
527 637 1
534 635 1
540 633 1
546 633 1
552 632 1
559 630 1
566 631 1
574 629 1
583 630 1
593 630 1
604 631 1
615 632 1
626 633 1
637 635 1
648 636 1
658 639 1
666 640 1
674 642 1
682 643 1
691 644 1
699 647 1
707 649 1
716 652 1
724 654 1
731 657 1
739 660 1
746 663 1
751 665 1
758 668 1
766 672 1
774 676 1
781 680 1
789 685 1
795 689 1
802 693 1
809 697 1
816 701 1
822 703 1
828 707 1
834 710 1
839 713 1
846 716 1
851 719 1
857 722 1
862 724 1
866 727 1
870 729 1
874 731 1
878 734 1
883 737 1
887 739 1
892 742 1
896 745 1
902 749 1
906 753 1
912 757 1
918 762 1
925 767 1
931 773 1
937 778 1
943 782 1
948 786 1
951 789 1
954 791 1
958 794 1
961 797 1
964 800 1
965 803 1
968 806 1
972 811 1
975 814 1
979 818 1
982 823 1
984 827 1
987 831 1
990 835 1
992 840 1
994 844 1
996 848 1
998 852 1
1000 856 1
1001 860 1
1002 864 1
1005 869 1
1006 874 1
1008 878 1
1009 883 1
1010 887 1
1012 893 1
1013 898 1
1014 902 1
1015 906 1
1016 909 1
1016 913 1
1016 915 1
1017 918 1
1017 921 1
1018 925 1
1018 927 1
1019 930 1
1019 934 1
1020 937 1
1021 942 1
1021 947 1
1022 952 1
1022 957 1
1023 962 1
1023 967 1
1024 972 1
1024 975 1
1024 979 1
1024 982 1
1025 985 1
1025 987 1
1025 991 1
1025 994 1
1025 997 1
1026 1000 1
1026 1004 1
1026 1007 1
1026 1011 1
1027 1017 1
1027 1022 1
1027 1028 1
1027 1033 1
1027 1039 1
1027 1043 1
1027 1048 1
1027 1052 1
1027 1055 1
1027 1060 1
1028 1063 1
1028 1067 1
1028 1070 1
1028 1075 1
1028 1079 1
1028 1082 1
1028 1086 1
1029 1091 1
1029 1095 1
1029 1099 1
1029 1103 1
1030 1107 1
1030 1111 1
1030 1115 1
1030 1119 1
1030 1122 1
1028 1127 1
1029 1131 1
1029 1135 1
1029 1139 1
1029 1144 1
1029 1149 1
1029 1155 1
1029 1159 1
1029 1164 1
1029 1169 1
1029 1174 1
1029 1179 1
1029 1183 1
1027 1188 1
1028 1192 1
1028 1196 1
1028 1199 1
1026 1204 1
1027 1209 1
1026 1214 1
1026 1219 1
1025 1225 1
1023 1232 1
1024 1237 1
1023 1244 1
1023 1248 1
1022 1254 1
1020 1258 1
1020 1261 1
1019 1264 1
1017 1270 1
1015 1274 1
1012 1280 1
1010 1284 1
1007 1290 1
1004 1296 1
1000 1300 1
996 1305 1
992 1310 1
988 1314 1
984 1318 1
978 1322 1
973 1326 1
968 1329 1
962 1333 1
957 1336 1
951 1340 1
944 1344 1
937 1347 1
930 1351 1
922 1354 1
915 1358 1
907 1362 1
900 1366 1
894 1369 1
888 1372 1
882 1375 1
877 1378 1
871 1382 1
867 1385 1
862 1388 1
857 1390 1
853 1393 1
849 1396 1
843 1400 1
837 1403 1
832 1407 1
827 1410 1
822 1413 1
816 1416 1
810 1419 1
805 1423 1
799 1425 1
793 1428 1
787 1432 1
781 1435 1
774 1439 1
768 1442 1
762 1446 1
756 1450 1
750 1453 1
743 1456 1
737 1460 1
730 1464 1
723 1467 1
717 1469 1
710 1472 1
703 1475 1
696 1478 1
689 1480 1
682 1482 1
675 1485 1
668 1487 1
660 1489 1
653 1490 1
647 1491 1
640 1493 1
633 1494 1
627 1495 1
621 1496 1
614 1496 1
607 1497 1
599 1498 1
590 1500 1
581 1500 1
570 1501 1
560 1502 1
551 1503 1
541 1504 1
533 1505 1
524 1506 1
517 1507 1
510 1507 1
503 1508 1
496 1508 1
489 1509 1
482 1509 1
475 1510 1
468 1510 1
461 1511 1
454 1511 1
446 1512 1
438 1511 1
429 1511 1
420 1511 1
412 1509 1
403 1507 1
395 1506 1
385 1505 1
377 1502 1
367 1500 1
359 1497 1
352 1495 1
345 1492 1
338 1489 1
331 1486 1
323 1482 1
317 1478 1
308 1473 1
298 1469 1
290 1463 1
281 1458 1
274 1454 1
266 1449 1
258 1444 1
249 1438 1
240 1431 1
231 1424 1
222 1416 1
215 1409 1
209 1403 1
203 1397 1
198 1390 1
194 1385 1
190 1379 1
186 1374 1
181 1368 1
177 1361 1
172 1354 1
167 1347 1
163 1340 1
160 1333 1
156 1326 1
153 1320 1
149 1312 1
145 1304 1
141 1294 1
136 1284 1
132 1274 1
128 1264 1
124 1253 1
121 1243 1
118 1231 1
115 1220 1
112 1209 1
110 1200 1
109 1191 1
107 1182 1
108 1175 1
108 1164 1
109 1153 1
110 1143 1
111 1134 1
112 1124 1
114 1116 1
117 1107 1
120 1097 1
124 1086 1
128 1075 1
134 1063 1
138 1052 1
144 1040 1
148 1029 1
154 1016 1
159 1005 1
163 993 1
168 981 1
173 970 1
178 960 1
182 949 1
187 939 1
192 930 1
196 920 1
201 911 1
205 902 1
209 894 1
213 884 1
217 876 1
221 868 1
226 859 1
231 851 1
235 843 1
239 836 1
244 829 1
249 821 1
253 814 1
259 805 1
265 797 1
271 790 1
276 782 1
281 775 1
286 768 1
291 761 1
297 754 1
304 748 1
309 741 1
316 735 1
321 729 1
328 723 1
334 717 1
341 710 1
346 705 1
354 697 1
362 691 1
368 686 1
377 679 1
385 674 1
392 668 1
399 663 1
407 657 1
415 651 1
423 645 1
431 640 1
439 635 1
448 629 1
458 623 1
468 617 1
478 613 1
489 607 1
500 602 1
512 598 1
525 594 1
537 589 1
549 585 1
561 582 1
573 579 1
588 576 1
603 574 1
620 571 1
636 570 1
652 569 1
668 568 1
685 568 1
714 570 1
726 571 1
737 573 1
749 575 1
760 577 1
772 580 1
783 583 1
794 587 1
804 590 1
814 594 1
824 599 1
833 603 1
844 609 1
854 615 1
863 620 1
870 625 1
877 630 1
881 633 1
885 637 1
889 640 1
892 643 1
896 648 1
900 652 1
905 657 1
910 664 1
915 670 1
921 678 1
927 685 1
933 693 1
938 700 1
942 706 1
947 712 1
949 717 1
952 721 1
954 725 1
957 730 1
959 735 1
962 741 1
965 747 1
968 754 1
971 760 1
973 765 1
976 771 1
979 778 1
982 783 1
983 788 1
985 792 1
987 797 1
989 802 1
991 807 1
993 813 1
994 818 1
997 824 1
999 831 1
1001 836 1
1003 842 1
1005 849 1
1006 854 1
1007 860 1
1009 865 1
1010 872 1
1011 878 1
1013 885 1
1014 892 1
1016 899 1
1017 906 1
1019 916 1
1020 920 1
1021 924 1
1022 929 1
1023 935 1
1024 940 1
1025 947 1
1026 954 1
1027 961 1
1028 968 1
1028 975 1
1029 982 1
1030 988 1
1031 995 1
1032 1002 1
1033 1008 1
1034 1015 1
1035 1020 1
1035 1025 1
1035 1030 1
1035 1034 1
1035 1039 1
1035 1043 1
1035 1048 1
1035 1052 1
1035 1058 1
1035 1063 1
1035 1068 1
1035 1075 1
1036 1082 1
1036 1097 1
1036 1104 1
1036 1111 1
1036 1118 1
1036 1124 1
1036 1131 1
1036 1137 1
1036 1144 1
1036 1150 1
1036 1157 1
1036 1164 1
1035 1171 1
1035 1178 1
1035 1184 1
1034 1190 1
1034 1195 1
1034 1199 1
1034 1204 1
1034 1208 1
1034 1214 1
1034 1219 1
1033 1224 1
1033 1230 1
1033 1237 1
1032 1242 1
1032 1248 1
1031 1253 1
1031 1258 1
1030 1263 1
1030 1268 1
1030 1272 1
1029 1275 1
1027 1284 1
1028 1288 1
1027 1292 1
1027 1296 1
1026 1301 1
1024 1306 1
1024 1311 1
1024 1316 1
1022 1321 1
1022 1326 1
1021 1329 1
1020 1333 1
1019 1336 1
1017 1340 1
1016 1344 1
1014 1348 1
1012 1352 1
1009 1358 1
1006 1364 1
1003 1369 1
1000 1375 1
997 1380 1
994 1385 1
990 1390 1
986 1394 1
983 1399 1
979 1403 1
974 1408 1
969 1412 1
965 1415 1
960 1419 1
955 1423 1
950 1427 1
943 1432 1
935 1436 1
926 1441 1
916 1446 1
906 1452 1
897 1456 1
887 1462 1
878 1466 1
869 1470 1
861 1474 1
851 1478 1
843 1480 1
835 1483 1
826 1486 1
818 1488 1
811 1491 1
795 1495 1
785 1498 1
776 1501 1
766 1504 1
757 1506 1
748 1508 1
740 1511 1
731 1514 1
722 1517 1
715 1519 1
708 1521 1
701 1524 1
694 1526 1
687 1529 1
679 1532 1
670 1535 1
654 1540 1
645 1543 1
636 1546 1
626 1549 1
618 1553 1
609 1556 1
599 1560 1
588 1562 1
566 1568 1
555 1571 1
545 1573 1
537 1575 1
529 1577 1
520 1579 1
512 1580 1
504 1582 1
497 1583 1
483 1585 1
477 1585 1
470 1586 1
465 1587 1
458 1587 1
450 1587 1
443 1587 1
434 1587 1
425 1586 1
415 1586 1
405 1584 1
396 1585 1
386 1583 1
378 1583 1
370 1582 1
363 1581 1
356 1580 1
348 1578 1
342 1577 1
336 1576 1
330 1574 1
322 1571 1
304 1564 1
292 1560 1
278 1554 1
265 1548 1
252 1541 1
238 1535 1
226 1529 1
217 1524 1
208 1519 1
199 1514 1
191 1509 1
183 1504 1
175 1498 1
168 1492 1
155 1479 1
148 1472 1
142 1464 1
136 1456 1
128 1447 1
121 1437 1
113 1426 1
106 1414 1
94 1391 1
88 1379 1
83 1368 1
79 1356 1
77 1346 1
74 1336 1
70 1319 1
67 1310 1
66 1300 1
65 1290 1
62 1267 1
60 1257 1
59 1244 1
58 1231 1
57 1217 1
57 1203 1
56 1177 1
56 1164 1
55 1151 1
55 1138 1
55 1125 1
55 1111 1
54 1098 1
52 1085 1
53 1086 0
