249 831 1
249 831 1
249 831 1
249 831 1
249 831 1
249 831 1
249 831 1
247 831 1
247 831 1
245 831 1
240 831 1
236 832 1
232 835 1
228 837 1
223 838 1
220 841 1
216 843 1
212 846 1
210 849 1
208 852 1
206 857 1
205 862 1
205 867 1
205 873 1
206 877 1
209 883 1
214 889 1
221 895 1
229 900 1
237 906 1
245 910 1
253 914 1
264 919 1
273 923 1
283 925 1
291 928 1
299 931 1
305 934 1
311 937 1
316 941 1
320 944 1
322 946 1
325 951 1
327 954 1
328 958 1
329 963 1
327 967 1
327 971 1
325 975 1
323 979 1
318 983 1
310 987 1
302 989 1
292 992 1
282 994 1
272 995 1
263 995 1
253 994 1
244 992 1
237 991 1
231 988 1
222 985 1
216 979 1
211 975 1
205 970 1
201 966 1
198 963 1
195 959 1
192 956 1
191 954 1
190 952 1
188 950 1
189 948 1
189 946 1
189 945 1
189 943 1
191 941 1
195 939 1
199 937 1
205 936 1
211 934 1
218 932 1
225 931 1
232 929 1
239 927 1
246 926 1
253 923 1
260 921 1
267 918 1
273 916 1
279 913 1
285 910 1
288 908 1
291 905 1
293 903 1
295 902 1
298 899 1
299 897 1
300 894 1
301 891 1
300 888 1
300 884 1
298 882 1
296 878 1
293 873 1
289 870 1
284 867 1
279 863 1
271 862 1
264 860 1
258 859 1
261 860 0
544 879 1
544 879 1
544 879 1
544 879 1
544 879 1
544 879 1
544 879 1
544 879 1
543 878 1
540 879 1
538 879 1
532 880 1
526 882 1
520 884 1
514 887 1
509 890 1
503 892 1
499 895 1
495 899 1
491 902 1
489 906 1
487 908 1
487 912 1
486 915 1
486 918 1
487 922 1
491 927 1
496 932 1
503 939 1
513 946 1
524 953 1
534 958 1
543 965 1
552 969 1
558 974 1
563 978 1
568 981 1
572 984 1
574 986 1
575 987 1
577 990 1
578 991 1
579 992 1
579 994 1
579 995 1
577 998 1
576 1001 1
573 1002 1
567 1005 1
561 1008 1
554 1011 1
545 1013 1
537 1015 1
528 1016 1
520 1017 1
512 1017 1
504 1015 1
497 1015 1
490 1013 1
483 1012 1
476 1010 1
469 1009 1
464 1007 1
458 1004 1
454 999 1
450 994 1
447 989 1
445 985 1
443 982 1
443 979 1
443 977 1
444 974 1
445 972 1
447 969 1
449 967 1
451 965 1
456 963 1
460 961 1
465 959 1
471 958 1
477 957 1
483 955 1
489 954 1
495 952 1
502 953 1
507 951 1
514 949 1
519 948 1
524 946 1
528 945 1
532 944 1
536 941 1
540 940 1
542 938 1
544 937 1
545 936 1
547 934 1
547 931 1
548 928 1
546 926 1
546 923 1
544 920 1
545 918 1
543 916 1
544 917 0
757 887 1
756 887 1
756 887 1
756 887 1
754 887 1
754 887 1
752 887 1
750 888 1
745 889 1
740 892 1
734 895 1
729 897 1
724 902 1
719 905 1
715 909 1
713 913 1
711 917 1
709 920 1
709 924 1
711 928 1
713 933 1
719 939 1
726 944 1
735 952 1
745 959 1
754 965 1
763 970 1
770 976 1
776 980 1
780 984 1
784 987 1
787 990 1
790 992 1
791 993 1
792 994 1
794 997 1
795 999 1
797 1001 1
797 1004 1
797 1006 1
797 1009 1
794 1013 1
790 1017 1
786 1021 1
779 1024 1
771 1028 1
762 1030 1
751 1032 1
742 1032 1
731 1032 1
723 1032 1
715 1030 1
706 1030 1
699 1028 1
693 1026 1
687 1024 1
683 1022 1
680 1019 1
677 1016 1
676 1012 1
674 1008 1
675 1004 1
676 1000 1
679 994 1
685 989 1
692 984 1
699 980 1
707 977 1
716 974 1
723 972 1
731 971 1
739 969 1
747 968 1
753 966 1
759 965 1
765 965 1
770 963 1
774 962 1
777 960 1
780 959 1
781 958 1
783 955 1
784 952 1
785 948 1
783 943 1
781 935 1
777 927 1
773 919 1
768 913 1
764 908 1
761 905 1
760 904 1
761 905 0
