1004 598 1
1003 598 1
1003 598 1
1003 598 1
1003 598 1
1003 598 1
1003 598 1
1003 598 1
1003 598 1
1001 601 1
1001 606 1
999 614 1
999 625 1
998 638 1
998 652 1
998 667 1
998 680 1
998 693 1
998 704 1
998 717 1
999 730 1
1001 744 1
1002 759 1
1002 772 1
1002 784 1
1002 795 1
1003 807 1
1003 819 1
1003 832 1
1003 845 1
1004 856 1
1004 866 1
1004 877 1
1004 886 1
1005 895 1
1005 904 1
1005 912 1
1005 920 1
1006 928 1
1006 933 1
1006 940 1
1007 943 1
1007 947 1
1007 950 1
1007 952 1
1007 954 1
1007 956 1
1007 956 1
1007 958 1
1007 958 1
1007 959 1
1007 960 1
1007 961 1
1005 962 1
1005 963 1
1003 965 1
1000 967 1
994 970 1
988 973 1
979 978 1
971 981 1
963 984 1
955 987 1
947 989 1
938 991 1
929 991 1
921 992 1
912 993 1
905 993 1
899 994 1
894 994 1
889 994 1
884 993 1
880 992 1
875 992 1
870 989 1
865 986 1
862 981 1
859 978 1
857 975 1
856 972 1
855 969 1
853 967 1
854 966 1
854 964 1
853 964 1
853 962 1
853 962 1
853 960 1
853 960 1
854 959 1
854 957 1
854 957 1
854 956 1
855 955 1
856 953 1
856 953 1
858 953 1
859 952 1
863 952 1
868 953 1
875 953 1
881 954 1
889 957 1
897 963 1
905 971 1
911 979 1
916 987 1
921 995 1
924 1004 1
927 1012 1
928 1023 1
930 1033 1
928 1042 1
928 1051 1
926 1060 1
925 1067 1
921 1077 1
916 1087 1
909 1096 1
901 1106 1
896 1113 1
891 1118 1
888 1121 1
885 1123 1
883 1127 1
883 1127 1
882 1128 1
882 1128 1
882 1128 0
739 657 1
739 657 1
739 657 1
739 657 1
739 657 1
739 657 1
739 657 1
739 657 1
737 657 1
737 657 1
738 660 1
738 665 1
739 674 1
741 686 1
742 700 1
745 716 1
749 735 1
753 754 1
757 772 1
760 790 1
763 807 1
769 834 1
773 848 1
776 865 1
780 881 1
783 896 1
786 909 1
787 918 1
788 929 1
790 940 1
791 949 1
792 959 1
792 967 1
793 973 1
793 980 1
794 985 1
794 988 1
794 991 1
794 996 1
795 998 1
795 1001 1
795 1003 1
795 1004 1
794 1006 1
794 1007 1
793 1008 1
791 1010 1
789 1015 1
784 1021 1
775 1028 1
762 1035 1
749 1041 1
735 1045 1
721 1048 1
707 1051 1
694 1053 1
685 1053 1
676 1053 1
668 1052 1
660 1052 1
655 1050 1
649 1050 1
643 1048 1
639 1047 1
634 1045 1
630 1043 1
627 1042 1
625 1042 1
624 1040 1
624 1039 1
622 1037 1
622 1037 1
621 1037 1
622 1034 1
622 1034 1
622 1032 1
622 1032 1
622 1031 1
623 1029 1
625 1027 1
631 1026 1
640 1022 1
651 1019 1
661 1017 1
670 1015 1
678 1014 1
684 1015 1
689 1015 1
693 1015 1
696 1016 1
701 1018 1
706 1020 1
710 1026 1
714 1034 1
718 1044 1
721 1056 1
723 1075 1
724 1092 1
721 1106 1
718 1122 1
709 1138 1
699 1154 1
689 1169 1
681 1179 1
675 1186 1
669 1191 1
666 1196 1
662 1200 1
660 1202 1
659 1203 1
657 1205 1
658 1205 0
507 684 1
507 684 1
507 684 1
507 684 1
507 684 1
507 684 1
507 684 1
506 684 1
506 685 1
506 690 1
507 696 1
507 704 1
508 716 1
509 734 1
511 753 1
512 772 1
514 791 1
516 810 1
519 829 1
523 850 1
528 881 1
533 901 1
536 917 1
540 933 1
542 946 1
544 959 1
546 971 1
548 981 1
549 990 1
550 998 1
550 1002 1
551 1006 1
551 1009 1
551 1012 1
552 1014 1
552 1017 1
552 1018 1
552 1019 1
552 1019 1
552 1019 1
552 1020 1
550 1022 1
547 1030 1
533 1038 1
521 1045 1
508 1051 1
499 1053 1
490 1057 1
480 1060 1
471 1061 1
463 1062 1
457 1063 1
450 1063 1
445 1063 1
437 1063 1
429 1063 1
419 1062 1
410 1060 1
401 1058 1
392 1057 1
384 1055 1
378 1051 1
373 1047 1
370 1044 1
368 1041 1
366 1037 1
366 1034 1
365 1031 1
365 1028 1
365 1026 1
365 1023 1
365 1021 1
365 1020 1
365 1020 1
366 1019 1
366 1018 1
368 1016 1
368 1016 1
370 1015 1
373 1016 1
379 1016 1
387 1018 1
397 1019 1
408 1024 1
419 1033 1
428 1041 1
437 1051 1
444 1060 1
449 1068 1
453 1078 1
457 1090 1
459 1102 1
460 1114 1
459 1125 1
456 1146 1
447 1160 1
433 1177 1
419 1192 1
409 1201 1
399 1209 1
393 1214 1
388 1219 1
383 1222 1
381 1224 1
379 1226 1
378 1226 1
378 1227 1
378 1227 0
223 747 1
223 747 1
223 747 1
223 747 1
223 747 1
223 747 1
223 752 1
225 760 1
228 772 1
233 788 1
239 810 1
245 835 1
252 862 1
259 885 1
265 910 1
275 942 1
281 960 1
287 978 1
290 994 1
295 1013 1
300 1028 1
304 1040 1
306 1049 1
309 1056 1
310 1062 1
311 1066 1
311 1069 1
312 1072 1
312 1074 1
312 1074 1
312 1075 1
312 1075 1
312 1075 1
308 1077 1
296 1081 1
278 1087 1
257 1092 1
236 1096 1
214 1099 1
198 1099 1
183 1099 1
175 1099 1
167 1098 1
160 1098 1
156 1097 1
153 1096 1
150 1094 1
149 1094 1
149 1092 1
148 1090 1
147 1086 1
145 1078 1
146 1069 1
146 1061 1
147 1055 1
147 1051 1
148 1048 1
148 1046 1
149 1043 1
150 1041 1
151 1041 1
153 1041 1
159 1041 1
167 1041 1
176 1042 1
185 1046 1
196 1053 1
205 1061 1
214 1070 1
223 1082 1
230 1094 1
235 1106 1
239 1118 1
240 1133 1
238 1149 1
230 1168 1
214 1187 1
199 1204 1
186 1217 1
173 1229 1
160 1240 1
148 1251 1
139 1258 1
133 1262 1
127 1266 1
122 1269 1
119 1271 1
116 1273 1
115 1273 1
114 1274 1
114 1274 1
114 1274 0
