52 1316 1
52 1315 1
52 1313 1
53 1311 1
53 1311 1
53 1310 1
54 1308 1
55 1304 1
57 1299 1
60 1291 1
63 1282 1
67 1271 1
71 1260 1
74 1247 1
80 1233 1
83 1219 1
88 1204 1
91 1193 1
94 1183 1
98 1175 1
100 1166 1
103 1155 1
106 1145 1
109 1134 1
112 1124 1
115 1115 1
123 1095 1
128 1079 1
133 1061 1
137 1045 1
141 1031 1
146 1019 1
150 1003 1
153 990 1
156 977 1
158 965 1
160 953 1
162 941 1
162 931 1
163 921 1
164 911 1
164 903 1
165 895 1
166 886 1
167 877 1
168 868 1
169 857 1
170 846 1
170 836 1
171 827 1
173 816 1
174 804 1
175 792 1
176 782 1
176 773 1
177 766 1
177 759 1
177 751 1
178 742 1
178 732 1
179 722 1
179 715 1
179 707 1
179 702 1
179 698 1
179 695 1
177 690 1
178 688 1
178 685 1
177 683 1
177 681 1
175 679 1
175 678 1
175 675 1
173 670 1
171 663 1
168 656 1
164 648 1
159 641 1
154 633 1
150 627 1
145 622 1
141 618 1
138 615 1
135 611 1
133 610 1
131 608 1
130 608 1
130 608 1
127 607 1
127 607 1
127 605 1
125 606 1
124 606 1
124 607 1
122 607 1
122 609 1
116 614 1
109 628 1
103 645 1
98 663 1
95 678 1
92 688 1
91 698 1
89 706 1
90 718 1
90 728 1
90 740 1
90 752 1
91 762 1
91 770 1
92 778 1
93 788 1
93 798 1
94 811 1
96 822 1
97 831 1
98 840 1
99 851 1
101 860 1
103 873 1
105 886 1
108 899 1
112 910 1
117 923 1
121 934 1
124 946 1
127 958 1
130 968 1
131 977 1
133 987 1
134 998 1
135 1008 1
135 1020 1
136 1028 1
136 1037 1
137 1045 1
137 1052 1
138 1059 1
138 1067 1
139 1075 1
139 1083 1
140 1091 1
140 1099 1
141 1106 1
141 1113 1
142 1120 1
142 1126 1
142 1131 1
143 1137 1
143 1144 1
144 1151 1
145 1160 1
146 1169 1
147 1177 1
148 1185 1
150 1192 1
152 1200 1
154 1206 1
157 1213 1
160 1217 1
163 1222 1
165 1226 1
167 1230 1
169 1235 1
171 1238 1
173 1242 1
175 1245 1
177 1248 1
179 1252 1
181 1254 1
182 1256 1
184 1258 1
185 1259 1
187 1261 1
189 1263 1
190 1264 1
192 1266 1
194 1268 1
195 1268 1
197 1270 1
199 1270 1
201 1271 1
203 1272 1
205 1273 1
207 1274 1
210 1274 1
212 1274 1
214 1274 1
216 1273 1
219 1272 1
221 1272 1
223 1271 1
226 1269 1
229 1267 1
231 1266 1
233 1264 1
235 1262 1
239 1260 1
240 1257 1
242 1255 1
245 1252 1
248 1250 1
251 1246 1
254 1242 1
258 1237 1
261 1232 1
264 1227 1
269 1220 1
273 1213 1
276 1207 1
279 1201 1
283 1194 1
285 1189 1
288 1183 1
290 1177 1
293 1167 1
296 1155 1
299 1143 1
302 1131 1
304 1122 1
305 1114 1
307 1105 1
308 1094 1
310 1085 1
311 1073 1
311 1063 1
312 1055 1
312 1048 1
312 1042 1
312 1036 1
312 1028 1
313 1020 1
314 1010 1
314 1001 1
315 992 1
315 984 1
316 976 1
317 969 1
318 961 1
319 951 1
320 944 1
321 935 1
322 927 1
322 919 1
322 910 1
322 901 1
322 893 1
323 884 1
323 874 1
323 865 1
323 856 1
323 847 1
321 839 1
322 831 1
322 823 1
322 813 1
321 804 1
319 794 1
318 784 1
317 775 1
315 767 1
315 759 1
313 750 1
311 742 1
310 733 1
308 725 1
306 717 1
305 710 1
303 704 1
302 699 1
300 694 1
298 691 1
298 689 1
296 687 1
295 685 1
293 682 1
291 680 1
290 679 1
290 677 1
290 677 1
289 676 1
288 677 1
288 677 1
286 675 1
286 675 1
286 674 1
286 674 1
285 675 1
283 673 1
283 673 1
283 673 1
283 674 1
283 674 1
283 674 1
283 674 1
283 674 1
283 674 1
283 674 1
280 678 1
278 685 1
274 694 1
270 705 1
266 717 1
261 733 1
259 747 1
257 761 1
255 772 1
256 782 1
254 793 1
255 806 1
254 817 1
254 829 1
254 839 1
254 850 1
255 860 1
255 873 1
256 886 1
257 897 1
258 908 1
260 918 1
262 930 1
264 943 1
266 954 1
267 967 1
269 977 1
270 986 1
271 998 1
273 1010 1
274 1022 1
276 1033 1
277 1043 1
277 1052 1
278 1060 1
278 1069 1
279 1079 1
279 1088 1
279 1098 1
280 1108 1
280 1115 1
280 1124 1
278 1131 1
279 1140 1
280 1150 1
280 1160 1
281 1170 1
281 1178 1
282 1185 1
283 1193 1
284 1199 1
284 1205 1
285 1210 1
285 1216 1
286 1221 1
287 1226 1
287 1231 1
289 1237 1
290 1242 1
292 1247 1
294 1252 1
297 1257 1
299 1261 1
302 1264 1
304 1267 1
307 1271 1
310 1273 1
311 1275 1
313 1277 1
316 1279 1
317 1280 1
319 1281 1
321 1282 1
324 1284 1
326 1285 1
328 1286 1
331 1287 1
334 1288 1
336 1288 1
338 1289 1
341 1289 1
343 1289 1
346 1289 1
349 1288 1
352 1286 1
357 1284 1
363 1279 1
369 1274 1
376 1266 1
382 1258 1
389 1251 1
395 1243 1
400 1235 1
406 1226 1
412 1217 1
417 1208 1
422 1199 1
425 1192 1
429 1185 1
433 1177 1
436 1168 1
440 1158 1
445 1146 1
448 1135 1
451 1124 1
454 1114 1
456 1105 1
459 1095 1
461 1083 1
462 1071 1
464 1060 1
466 1048 1
467 1037 1
468 1024 1
468 1010 1
469 995 1
469 979 1
467 962 1
465 947 1
463 932 1
460 916 1
458 901 1
456 886 1
454 871 1
452 858 1
450 847 1
448 838 1
448 830 1
446 824 1
445 813 1
444 802 1
442 790 1
441 777 1
438 765 1
436 752 1
435 737 1
433 721 1
430 705 1
428 691 1
425 675 1
423 660 1
419 646 1
416 633 1
413 623 1
410 615 1
408 610 1
405 605 1
403 602 1
403 600 1
401 598 1
401 599 1
401 598 1
401 598 1
401 598 1
401 598 1
401 598 1
401 598 1
401 598 1
399 599 1
398 602 1
395 610 1
392 619 1
389 629 1
385 641 1
382 656 1
379 672 1
378 686 1
377 699 1
377 711 1
378 725 1
378 738 1
379 752 1
379 763 1
381 775 1
382 786 1
385 799 1
388 813 1
391 828 1
394 841 1
397 858 1
400 875 1
404 893 1
407 910 1
410 928 1
412 945 1
413 960 1
415 975 1
416 986 1
418 999 1
419 1011 1
419 1023 1
419 1035 1
419 1045 1
419 1054 1
419 1063 1
420 1074 1
420 1085 1
420 1097 1
421 1106 1
421 1115 1
422 1123 1
423 1133 1
425 1144 1
426 1155 1
428 1166 1
430 1174 1
431 1182 1
433 1189 1
435 1196 1
438 1203 1
440 1211 1
443 1218 1
446 1224 1
450 1232 1
453 1239 1
456 1246 1
458 1251 1
462 1256 1
465 1261 1
467 1264 1
470 1267 1
473 1270 1
475 1272 1
477 1274 1
479 1276 1
482 1278 1
484 1279 1
486 1280 1
488 1281 1
491 1282 1
493 1283 1
496 1283 1
499 1282 1
504 1279 1
509 1275 1
516 1267 1
522 1259 1
529 1249 1
535 1239 1
542 1229 1
547 1218 1
552 1205 1
556 1194 1
560 1184 1
562 1172 1
566 1160 1
569 1148 1
571 1138 1
572 1128 1
574 1120 1
575 1112 1
576 1102 1
576 1091 1
576 1078 1
576 1065 1
576 1054 1
576 1042 1
576 1029 1
576 1014 1
577 1000 1
577 987 1
577 976 1
578 965 1
578 953 1
578 939 1
579 924 1
578 908 1
577 890 1
577 873 1
575 856 1
573 840 1
571 825 1
568 805 1
565 785 1
560 763 1
555 745 1
551 729 1
547 716 1
544 706 1
540 697 1
538 689 1
536 682 1
534 674 1
531 667 1
528 660 1
525 652 1
523 646 1
521 641 1
519 637 1
516 634 1
515 632 1
513 629 1
512 627 1
512 628 1
512 628 1
512 628 1
512 628 1
512 628 1
512 628 1
512 628 1
512 629 1
511 632 1
509 636 1
510 645 1
510 656 1
510 672 1
511 687 1
513 702 1
513 716 1
515 731 1
518 746 1
519 758 1
522 771 1
524 781 1
526 792 1
529 802 1
531 815 1
534 827 1
537 840 1
539 852 1
541 863 1
544 876 1
545 889 1
547 900 1
548 911 1
550 924 1
552 938 1
553 951 1
555 964 1
556 976 1
558 990 1
559 1004 1
560 1019 1
562 1034 1
565 1047 1
567 1062 1
569 1075 1
570 1090 1
573 1103 1
575 1113 1
577 1122 1
579 1131 1
582 1141 1
585 1151 1
588 1161 1
591 1171 1
595 1180 1
598 1187 1
601 1194 1
606 1200 1
610 1207 1
614 1212 1
619 1219 1
623 1223 1
627 1228 1
630 1231 1
633 1234 1
635 1236 1
638 1239 1
640 1240 1
642 1242 1
643 1242 1
645 1243 1
648 1244 1
649 1243 1
652 1243 1
655 1240 1
660 1236 1
665 1231 1
673 1222 1
679 1213 1
686 1201 1
692 1191 1
695 1182 1
700 1171 1
704 1156 1
708 1141 1
712 1126 1
714 1113 1
718 1098 1
719 1080 1
722 1061 1
723 1041 1
724 1019 1
724 1001 1
724 984 1
724 970 1
724 958 1
723 944 1
723 929 1
721 914 1
721 898 1
719 882 1
719 867 1
717 851 1
717 839 1
714 828 1
712 816 1
710 802 1
707 786 1
702 772 1
698 757 1
694 744 1
691 729 1
686 716 1
681 704 1
676 692 1
671 682 1
668 675 1
665 667 1
662 660 1
658 653 1
654 646 1
650 639 1
648 634 1
646 629 1
645 628 1
643 625 1
641 623 1
640 622 1
638 620 1
638 620 1
638 620 1
638 620 1
638 620 1
638 620 1
636 624 1
635 628 1
633 634 1
629 644 1
626 658 1
623 676 1
621 694 1
619 713 1
617 731 1
617 748 1
617 763 1
618 778 1
618 792 1
620 806 1
622 821 1
624 836 1
626 850 1
627 866 1
629 882 1
632 898 1
636 913 1
639 929 1
641 945 1
644 962 1
647 974 1
649 984 1
651 994 1
653 1004 1
656 1016 1
659 1028 1
661 1039 1
663 1050 1
665 1059 1
669 1071 1
672 1082 1
675 1094 1
678 1104 1
682 1114 1
685 1123 1
688 1131 1
692 1141 1
696 1153 1
699 1165 1
703 1176 1
706 1188 1
711 1196 1
715 1204 1
718 1210 1
720 1216 1
722 1220 1
723 1223 1
724 1225 1
726 1228 1
727 1231 1
729 1234 1
731 1237 1
734 1240 1
736 1243 1
739 1246 1
740 1247 1
742 1249 1
745 1251 1
747 1251 1
750 1251 1
754 1250 1
759 1248 1
765 1245 1
770 1241 1
777 1238 1
782 1232 1
787 1226 1
794 1218 1
799 1209 1
805 1201 1
810 1192 1
814 1183 1
819 1173 1
822 1161 1
827 1147 1
831 1134 1
834 1121 1
837 1108 1
840 1093 1
842 1078 1
845 1063 1
846 1052 1
847 1041 1
848 1033 1
848 1021 1
849 1008 1
850 997 1
850 984 1
850 972 1
849 958 1
849 943 1
850 925 1
849 908 1
847 889 1
847 872 1
845 856 1
843 843 1
841 829 1
839 815 1
836 797 1
831 777 1
827 756 1
821 735 1
818 715 1
814 699 1
812 686 1
809 674 1
807 663 1
803 652 1
800 642 1
796 631 1
793 623 1
789 614 1
786 607 1
783 600 1
780 595 1
777 590 1
773 587 1
771 585 1
769 583 1
768 582 1
767 581 1
767 579 1
767 579 1
767 579 1
767 579 1
767 579 1
766 581 1
764 583 1
762 589 1
758 601 1
754 615 1
751 631 1
748 648 1
745 666 1
743 685 1
743 700 1
741 717 1
742 733 1
744 750 1
746 766 1
748 781 1
751 797 1
756 815 1
758 830 1
761 844 1
764 861 1
768 879 1
772 895 1
777 913 1
780 932 1
785 951 1
788 969 1
792 987 1
796 1005 1
800 1023 1
803 1039 1
805 1053 1
807 1069 1
810 1084 1
812 1098 1
815 1110 1
816 1120 1
818 1126 1
820 1133 1
821 1139 1
822 1145 1
823 1151 1
826 1158 1
828 1164 1
829 1171 1
831 1176 1
833 1182 1
835 1186 1
837 1189 1
838 1191 1
839 1194 1
841 1196 1
843 1198 1
845 1200 1
846 1202 1
847 1203 1
849 1204 1
849 1205 1
851 1206 1
853 1206 1
857 1204 1
862 1201 1
870 1195 1
877 1187 1
885 1179 1
892 1170 1
899 1162 1
904 1152 1
910 1142 1
915 1132 1
919 1125 1
923 1117 1
926 1107 1
929 1097 1
932 1084 1
937 1069 1
940 1055 1
943 1042 1
945 1027 1
948 1012 1
951 997 1
952 982 1
953 969 1
954 956 1
955 942 1
955 928 1
955 913 1
955 899 1
954 884 1
953 867 1
953 849 1
951 835 1
949 819 1
947 803 1
946 788 1
943 772 1
940 756 1
938 741 1
935 726 1
931 711 1
929 699 1
926 688 1
923 676 1
920 665 1
915 653 1
911 642 1
907 633 1
904 625 1
899 617 1
895 611 1
891 604 1
886 601 1
884 597 1
882 595 1
879 593 1
879 593 1
879 591 1
879 591 1
879 591 1
879 591 1
879 591 1
878 593 1
876 595 1
876 600 1
874 606 1
872 615 1
872 623 1
870 632 1
871 642 1
872 653 1
874 666 1
875 678 1
877 691 1
878 701 1
881 712 1
883 726 1
885 741 1
888 756 1
890 769 1
891 781 1
893 793 1
894 807 1
897 821 1
899 836 1
901 850 1
903 866 1
904 883 1
906 898 1
907 911 1
908 924 1
909 937 1
910 951 1
910 964 1
912 976 1
912 987 1
913 999 1
914 1013 1
915 1026 1
916 1037 1
918 1048 1
919 1056 1
922 1065 1
924 1075 1
927 1083 1
931 1094 1
935 1103 1
938 1111 1
941 1118 1
945 1124 1
948 1129 1
950 1132 1
952 1135 1
955 1138 1
956 1140 1
958 1142 1
959 1143 1
961 1145 1
963 1147 1
964 1147 1
967 1148 1
971 1147 1
977 1142 1
985 1134 1
992 1122 1
997 1111 1
1004 1098 1
1009 1085 1
1012 1070 1
1016 1060 1
1020 1048 1
1023 1038 1
1026 1026 1
1028 1013 1
1031 996 1
1032 982 1
1034 967 1
1036 951 1
1037 937 1
1038 922 1
1038 910 1
1037 899 1
1037 890 1
1037 880 1
1037 870 1
1037 860 1
1036 851 1
1034 842 1
1034 833 1
1032 822 1
1030 809 1
1029 795 1
1029 783 1
1026 773 1
1027 765 1
1025 756 1
1025 744 1
1024 731 1
1022 718 1
1022 707 1
1022 697 1
1020 687 1
1020 677 1
1018 664 1
1017 652 1
1014 641 1
1012 632 1
1010 624 1
1007 617 1
1003 609 1
999 604 1
995 599 1
991 596 1
988 593 1
985 590 1
984 590 1
982 588 1
981 588 1
981 588 1
979 588 1
979 588 1
978 588 1
976 590 1
974 593 1
972 597 1
970 604 1
967 612 1
965 620 1
964 628 1
964 639 1
963 650 1
963 663 1
964 677 1
964 688 1
965 700 1
967 711 1
967 724 1
969 739 1
971 751 1
974 762 1
976 772 1
978 783 1
981 796 1
984 810 1
986 823 1
989 838 1
991 851 1
994 868 1
998 884 1
1001 901 1
1003 916 1
1005 932 1
1007 948 1
1010 962 1
1011 975 1
1013 987 1
1015 999 1
1016 1015 1
1018 1030 1
1022 1044 1
1025 1056 1
1028 1072 1
1031 1092 1
1034 1116 1
1036 1144 1
1038 1171 1
1040 1196 1
1043 1218 1
1046 1239 1
1045 1232 0
