648 697 1
647 697 1
647 697 1
647 697 1
645 697 1
645 697 1
642 699 1
636 704 1
629 711 1
617 721 1
604 734 1
590 746 1
578 757 1
566 771 1
551 786 1
535 804 1
513 830 1
500 847 1
488 863 1
478 882 1
467 903 1
457 924 1
448 944 1
440 964 1
432 983 1
426 1002 1
424 1016 1
422 1028 1
422 1039 1
422 1050 1
422 1062 1
422 1073 1
423 1085 1
424 1095 1
427 1105 1
432 1113 1
439 1120 1
446 1124 1
455 1129 1
466 1129 1
480 1130 1
500 1124 1
523 1116 1
546 1107 1
570 1094 1
598 1077 1
624 1057 1
649 1037 1
671 1017 1
692 993 1
710 970 1
726 945 1
740 920 1
751 896 1
762 871 1
770 846 1
778 819 1
784 792 1
789 768 1
794 745 1
796 723 1
797 707 1
796 694 1
794 685 1
790 678 1
785 672 1
778 667 1
770 664 1
760 662 1
747 662 1
731 663 1
714 667 1
694 675 1
674 684 1
655 695 1
639 706 1
623 719 1
606 732 1
587 750 1
569 769 1
551 789 1
534 809 1
518 831 1
505 851 1
491 871 1
480 892 1
468 914 1
454 937 1
441 958 1
429 978 1
419 995 1
412 1009 1
406 1024 1
401 1040 1
399 1053 1
397 1064 1
396 1071 1
395 1079 1
397 1085 1
399 1090 1
405 1095 1
412 1101 1
425 1106 1
442 1107 1
465 1105 1
496 1099 1
532 1087 1
566 1072 1
597 1056 1
624 1040 1
651 1025 1
676 1007 1
695 988 1
714 967 1
729 945 1
746 918 1
761 889 1
774 857 1
784 826 1
791 795 1
796 769 1
800 747 1
802 727 1
803 709 1
801 695 1
798 683 1
793 674 1
788 666 1
778 661 1
764 657 1
746 657 1
723 659 1
699 666 1
670 679 1
642 696 1
615 713 1
591 733 1
568 753 1
545 774 1
524 797 1
503 819 1
483 842 1
467 864 1
452 884 1
440 903 1
428 921 1
416 940 1
408 958 1
403 975 1
397 989 1
393 1002 1
391 1013 1
389 1022 1
389 1031 1
389 1042 1
392 1051 1
396 1061 1
399 1069 1
405 1076 1
415 1085 1
428 1096 1
442 1104 1
458 1110 1
479 1112 1
502 1109 1
528 1102 1
556 1093 1
582 1078 1
607 1062 1
633 1046 1
658 1028 1
683 1009 1
704 989 1
722 968 1
741 942 1
760 914 1
776 884 1
790 855 1
800 826 1
808 800 1
812 776 1
815 759 1
817 744 1
818 730 1
816 717 1
815 706 1
810 696 1
805 688 1
798 680 1
787 674 1
776 669 1
761 666 1
742 667 1
719 672 1
693 681 1
666 694 1
639 708 1
612 723 1
588 740 1
570 756 1
552 773 1
535 792 1
518 811 1
504 828 1
490 845 1
479 862 1
468 879 1
459 896 1
450 915 1
440 934 1
430 954 1
422 973 1
417 989 1
413 1004 1
410 1017 1
408 1030 1
406 1042 1
407 1050 1
407 1058 1
408 1064 1
410 1070 1
412 1077 1
417 1084 1
423 1092 1
430 1097 1
440 1102 1
453 1102 1
470 1099 1
493 1091 1
524 1073 1
559 1050 1
592 1025 1
622 1002 1
645 983 1
664 967 1
681 954 1
697 938 1
711 921 1
726 901 1
739 879 1
749 855 1
760 828 1
771 803 1
782 780 1
791 759 1
798 738 1
803 718 1
804 702 1
804 690 1
801 682 1
798 676 1
792 670 1
784 666 1
775 663 1
762 662 1
745 662 1
723 665 1
701 671 1
677 682 1
655 694 1
636 707 1
615 720 1
593 734 1
575 748 1
557 761 1
540 774 1
523 790 1
507 807 1
492 826 1
478 848 1
464 871 1
450 896 1
438 918 1
426 940 1
419 959 1
414 975 1
410 988 1
408 1000 1
406 1011 1
406 1023 1
406 1034 1
407 1045 1
411 1056 1
415 1067 1
423 1077 1
433 1086 1
445 1092 1
459 1095 1
478 1096 1
503 1093 1
528 1089 1
555 1081 1
578 1073 1
600 1061 1
619 1049 1
635 1039 1
651 1030 1
667 1019 1
684 1004 1
699 989 1
715 971 1
732 953 1
752 932 1
771 910 1
787 886 1
803 860 1
818 831 1
832 803 1
842 780 1
850 764 1
854 750 1
855 735 1
855 721 1
849 706 1
840 691 1
825 677 1
808 666 1
788 658 1
768 651 1
746 649 1
723 652 1
701 657 1
675 665 1
650 678 1
626 691 1
603 706 1
581 720 1
561 737 1
540 754 1
521 774 1
504 794 1
488 816 1
474 836 1
464 856 1
454 879 1
444 900 1
435 925 1
427 950 1
421 972 1
418 991 1
414 1009 1
414 1026 1
414 1041 1
414 1051 1
415 1060 1
418 1068 1
423 1074 1
432 1081 1
446 1086 1
466 1089 1
494 1085 1
525 1075 1
560 1059 1
594 1039 1
627 1019 1
657 995 1
682 975 1
704 953 1
724 930 1
744 906 1
763 878 1
779 852 1
792 823 1
801 797 1
808 775 1
814 755 1
817 734 1
819 716 1
817 702 1
814 691 1
808 682 1
800 674 1
790 669 1
775 663 1
756 660 1
734 660 1
711 662 1
687 668 1
663 678 1
640 690 1
622 701 1
603 713 1
586 724 1
569 738 1
551 754 1
532 771 1
514 791 1
498 810 1
484 827 1
470 846 1
453 867 1
438 890 1
426 912 1
417 931 1
410 948 1
405 963 1
402 977 1
399 987 1
400 997 1
402 1008 1
403 1021 1
406 1034 1
408 1045 1
413 1056 1
418 1067 1
425 1078 1
434 1088 1
445 1095 1
458 1100 1
476 1102 1
495 1100 1
519 1093 1
546 1081 1
573 1062 1
600 1043 1
624 1022 1
648 1000 1
669 978 1
690 953 1
710 927 1
730 897 1
747 868 1
764 840 1
780 814 1
794 788 1
804 769 1
812 750 1
818 735 1
823 717 1
823 705 1
822 694 1
820 687 1
815 680 1
809 674 1
800 671 1
787 666 1
774 665 1
759 665 1
737 670 1
710 678 1
679 690 1
651 702 1
626 715 1
608 724 1
591 733 1
578 743 1
566 754 1
555 764 1
545 774 1
533 785 1
520 799 1
507 815 1
493 831 1
481 847 1
469 864 1
456 884 1
442 904 1
429 925 1
416 946 1
406 964 1
400 980 1
396 991 1
392 1002 1
390 1011 1
390 1021 1
390 1030 1
393 1039 1
397 1047 1
405 1056 1
416 1062 1
430 1070 1
451 1077 1
477 1082 1
508 1083 1
544 1079 1
584 1067 1
627 1050 1
661 1033 1
691 1013 1
716 991 1
737 969 1
757 944 1
774 923 1
787 903 1
797 885 1
806 863 1
813 840 1
819 813 1
826 787 1
832 764 1
836 745 1
838 732 1
840 722 1
839 714 1
836 707 1
831 702 1
823 697 1
811 691 1
795 686 1
776 684 1
753 684 1
731 685 1
708 691 1
687 697 1
666 705 1
645 713 1
625 722 1
606 733 1
584 745 1
567 759 1
550 773 1
532 788 1
514 804 1
497 820 1
481 835 1
468 849 1
457 862 1
447 877 1
437 893 1
428 910 1
421 926 1
415 942 1
410 958 1
407 974 1
405 988 1
404 1001 1
404 1013 1
404 1022 1
406 1032 1
408 1041 1
412 1050 1
420 1058 1
429 1066 1
442 1072 1
457 1076 1
480 1079 1
506 1078 1
534 1072 1
560 1062 1
586 1048 1
613 1032 1
636 1014 1
658 996 1
680 974 1
702 950 1
723 925 1
743 898 1
761 869 1
774 843 1
784 819 1
789 797 1
795 777 1
798 759 1
800 745 1
800 732 1
798 718 1
793 705 1
788 696 1
780 690 1
772 682 1
762 678 1
751 674 1
735 671 1
718 669 1
698 670 1
677 670 1
657 673 1
641 679 1
628 685 1
615 692 1
599 700 1
583 708 1
566 716 1
547 728 1
528 740 1
511 756 1
497 770 1
485 784 1
476 797 1
468 810 1
457 824 1
448 838 1
439 854 1
430 870 1
422 885 1
414 901 1
406 918 1
400 934 1
394 951 1
390 967 1
385 982 1
384 994 1
383 1005 1
383 1014 1
385 1025 1
388 1038 1
393 1049 1
402 1063 1
414 1077 1
429 1091 1
444 1103 1
460 1111 1
476 1116 1
498 1116 1
522 1113 1
551 1104 1
579 1093 1
607 1078 1
633 1060 1
654 1043 1
675 1027 1
692 1008 1
710 989 1
729 966 1
748 941 1
765 915 1
781 889 1
793 864 1
803 841 1
809 824 1
814 807 1
819 791 1
824 773 1
827 754 1
828 735 1
827 716 1
825 700 1
822 687 1
817 678 1
809 670 1
801 664 1
790 659 1
778 656 1
764 657 1
747 658 1
727 661 1
706 667 1
682 675 1
660 684 1
638 695 1
615 707 1
591 718 1
572 730 1
554 744 1
535 759 1
518 773 1
502 789 1
487 804 1
473 820 1
460 837 1
448 855 1
436 875 1
425 896 1
414 918 1
405 940 1
396 961 1
390 979 1
385 997 1
380 1015 1
377 1031 1
376 1046 1
374 1059 1
375 1068 1
377 1079 1
379 1088 1
384 1098 1
392 1109 1
404 1120 1
419 1129 1
439 1135 1
463 1139 1
488 1135 1
521 1127 1
552 1115 1
585 1101 1
616 1083 1
643 1063 1
666 1043 1
687 1021 1
705 1000 1
721 979 1
738 955 1
757 929 1
774 900 1
788 872 1
799 846 1
805 822 1
809 803 1
810 787 1
810 773 1
809 763 1
807 752 1
806 743 1
803 734 1
796 723 1
787 713 1
777 703 1
765 695 1
754 690 1
741 686 1
728 683 1
716 682 1
702 682 1
689 685 1
673 689 1
656 697 1
640 703 1
623 711 1
604 720 1
586 728 1
568 739 1
552 750 1
535 761 1
520 773 1
505 786 1
493 799 1
480 816 1
469 831 1
458 848 1
447 864 1
438 881 1
428 897 1
421 912 1
414 928 1
407 944 1
401 961 1
396 975 1
392 988 1
390 999 1
390 1010 1
388 1018 1
389 1025 1
390 1033 1
391 1041 1
396 1049 1
405 1059 1
417 1068 1
434 1075 1
453 1082 1
474 1088 1
500 1090 1
525 1090 1
550 1088 1
578 1080 1
604 1069 1
629 1053 1
652 1034 1
674 1012 1
696 987 1
718 958 1
741 927 1
763 892 1
784 858 1
801 828 1
814 806 1
824 788 1
831 776 1
836 765 1
838 758 1
840 750 1
841 742 1
838 732 1
834 723 1
827 713 1
819 702 1
807 692 1
795 684 1
780 676 1
769 670 1
757 666 1
742 665 1
723 665 1
702 666 1
678 669 1
658 675 1
640 680 1
627 686 1
612 692 1
597 699 1
584 706 1
571 714 1
563 722 1
552 732 1
542 745 1
530 758 1
519 770 1
509 781 1
499 796 1
489 813 1
478 830 1
467 850 1
456 870 1
446 889 1
437 907 1
429 925 1
422 942 1
416 957 1
412 971 1
410 982 1
409 992 1
407 1001 1
408 1012 1
409 1023 1
411 1035 1
412 1044 1
419 1057 1
426 1068 1
437 1079 1
450 1088 1
466 1095 1
486 1099 1
512 1096 1
540 1091 1
564 1080 1
586 1066 1
608 1052 1
630 1036 1
653 1020 1
673 1005 1
691 992 1
707 978 1
723 965 1
739 949 1
755 933 1
767 916 1
781 898 1
791 875 1
803 851 1
814 825 1
823 800 1
829 775 1
831 757 1
832 741 1
828 727 1
824 716 1
818 707 1
811 699 1
802 691 1
790 685 1
777 680 1
762 676 1
745 676 1
725 674 1
707 676 1
686 678 1
667 684 1
648 691 1
629 702 1
608 713 1
589 722 1
574 732 1
561 742 1
550 753 1
536 766 1
520 779 1
504 795 1
490 813 1
479 828 1
467 843 1
456 857 1
446 874 1
436 891 1
428 907 1
421 921 1
415 935 1
410 950 1
408 963 1
405 976 1
404 986 1
402 995 1
403 1006 1
403 1016 1
404 1026 1
408 1036 1
412 1046 1
416 1054 1
422 1063 1
430 1070 1
441 1078 1
456 1084 1
474 1087 1
498 1088 1
524 1082 1
552 1074 1
577 1062 1
601 1050 1
621 1039 1
638 1029 1
654 1018 1
671 1004 1
688 988 1
703 972 1
719 954 1
735 934 1
753 911 1
770 887 1
786 861 1
801 832 1
813 803 1
825 779 1
832 761 1
836 746 1
838 735 1
836 724 1
834 713 1
829 702 1
820 690 1
809 679 1
795 669 1
781 662 1
767 657 1
752 655 1
736 655 1
719 656 1
699 660 1
679 665 1
659 671 1
642 679 1
629 687 1
618 696 1
603 707 1
588 720 1
571 735 1
554 750 1
537 765 1
521 779 1
504 795 1
493 811 1
480 828 1
469 847 1
457 865 1
446 883 1
436 902 1
425 921 1
417 939 1
410 957 1
407 972 1
404 987 1
401 998 1
399 1009 1
397 1020 1
397 1031 1
397 1040 1
397 1049 1
398 1057 1
400 1063 1
404 1071 1
410 1079 1
420 1089 1
433 1098 1
450 1104 1
470 1107 1
494 1105 1
522 1100 1
551 1089 1
580 1074 1
608 1057 1
632 1041 1
652 1027 1
670 1012 1
684 996 1
698 980 1
711 962 1
724 943 1
738 921 1
754 895 1
767 867 1
780 840 1
791 817 1
799 797 1
804 780 1
808 766 1
812 754 1
813 740 1
814 726 1
811 715 1
808 705 1
803 696 1
797 688 1
788 681 1
778 676 1
768 672 1
755 670 1
739 670 1
723 671 1
707 674 1
689 682 1
670 691 1
651 700 1
634 710 1
617 719 1
598 729 1
581 740 1
566 750 1
554 761 1
539 772 1
524 784 1
510 796 1
497 809 1
486 822 1
476 835 1
467 848 1
459 861 1
451 876 1
445 888 1
439 901 1
433 913 1
428 926 1
422 938 1
419 952 1
416 964 1
413 974 1
413 982 1
413 990 1
413 997 1
415 1004 1
416 1012 1
418 1019 1
420 1027 1
422 1035 1
427 1042 1
432 1049 1
438 1054 1
443 1059 1
451 1063 1
461 1067 1
472 1070 1
484 1071 1
498 1072 1
512 1068 1
531 1061 1
552 1051 1
572 1040 1
592 1029 1
611 1017 1
628 1005 1
644 992 1
656 982 1
668 973 1
679 964 1
690 956 1
704 946 1
719 935 1
734 922 1
748 908 1
765 894 1
781 878 1
798 860 1
816 839 1
830 819 1
840 801 1
847 785 1
851 774 1
856 765 1
858 756 1
860 746 1
862 734 1
861 720 1
859 708 1
856 696 1
851 685 1
843 674 1
834 664 1
824 654 1
812 645 1
798 638 1
785 634 1
773 631 1
760 632 1
746 635 1
728 639 1
709 647 1
688 656 1
666 667 1
645 680 1
628 693 1
609 707 1
592 721 1
575 735 1
561 750 1
546 766 1
531 784 1
513 804 1
497 824 1
484 841 1
473 858 1
465 872 1
457 888 1
450 901 1
445 912 1
441 925 1
439 936 1
439 949 1
438 961 1
438 972 1
438 982 1
439 993 1
442 1004 1
446 1016 1
451 1029 1
457 1039 1
462 1048 1
471 1056 1
480 1062 1
492 1067 1
508 1069 1
528 1067 1
552 1061 1
578 1050 1
603 1038 1
625 1026 1
646 1012 1
663 998 1
679 984 1
696 969 1
710 955 1
725 937 1
740 918 1
754 896 1
769 870 1
782 844 1
792 818 1
800 791 1
806 767 1
812 743 1
816 722 1
818 707 1
818 695 1
815 687 1
812 679 1
807 672 1
799 664 1
790 656 1
779 651 1
769 647 1
758 645 1
745 646 1
728 647 1
707 650 1
684 655 1
660 661 1
640 671 1
619 680 1
600 693 1
583 705 1
564 720 1
548 735 1
531 752 1
515 770 1
501 787 1
487 808 1
475 828 1
461 850 1
451 868 1
441 886 1
434 901 1
428 917 1
423 932 1
418 946 1
415 959 1
415 970 1
413 980 1
414 990 1
416 999 1
418 1009 1
421 1020 1
426 1033 1
433 1045 1
440 1055 1
447 1064 1
455 1070 1
465 1076 1
481 1080 1
504 1082 1
530 1082 1
559 1075 1
584 1069 1
610 1060 1
632 1048 1
654 1035 1
675 1021 1
694 1004 1
711 988 1
729 970 1
745 949 1
762 922 1
779 890 1
794 859 1
805 833 1
814 813 1
819 799 1
821 788 1
823 779 1
823 771 1
820 762 1
816 752 1
810 741 1
803 729 1
794 715 1
785 701 1
774 689 1
766 680 1
759 673 1
752 668 1
744 665 1
734 664 1
723 664 1
709 666 1
691 672 1
672 680 1
651 690 1
630 703 1
610 713 1
591 724 1
574 737 1
559 750 1
545 762 1
529 775 1
515 788 1
503 801 1
494 815 1
482 829 1
472 846 1
459 867 1
446 890 1
432 912 1
424 932 1
416 953 1
412 970 1
409 985 1
406 997 1
404 1008 1
402 1018 1
402 1027 1
402 1036 1
402 1043 1
403 1051 1
403 1058 1
405 1064 1
410 1073 1
416 1083 1
425 1092 1
439 1101 1
454 1108 1
476 1112 1
500 1113 1
530 1108 1
562 1099 1
595 1088 1
628 1072 1
657 1055 1
681 1038 1
705 1021 1
726 1001 1
745 983 1
761 965 1
776 947 1
791 930 1
804 913 1
815 894 1
825 876 1
834 858 1
840 838 1
847 820 1
850 798 1
853 777 1
857 757 1
858 740 1
859 724 1
854 710 1
849 699 1
840 689 1
831 679 1
823 671 1
812 665 1
803 661 1
791 659 1
781 657 1
769 657 1
757 657 1
740 660 1
723 663 1
706 671 1
687 681 1
666 693 1
645 706 1
625 718 1
606 733 1
590 747 1
575 760 1
561 771 1
547 785 1
533 798 1
519 812 1
507 826 1
498 837 1
489 848 1
480 860 1
472 872 1
466 883 1
460 892 1
455 904 1
450 915 1
446 924 1
441 935 1
438 945 1
435 956 1
433 965 1
432 974 1
430 981 1
431 988 1
431 996 1
434 1002 1
437 1009 1
441 1016 1
445 1024 1
450 1032 1
457 1039 1
465 1045 1
473 1051 1
483 1056 1
493 1060 1
505 1061 1
520 1062 1
537 1056 1
557 1049 1
578 1039 1
597 1028 1
614 1017 1
630 1003 1
645 989 1
660 973 1
674 957 1
691 936 1
707 915 1
721 887 1
734 860 1
743 832 1
748 808 1
752 789 1
753 775 1
751 763 1
748 751 1
745 740 1
740 730 1
733 722 1
722 714 1
708 707 1
690 705 1
668 705 1
648 708 1
628 715 1
610 721 1
591 731 1
575 741 1
562 752 1
549 763 1
535 774 1
521 786 1
508 799 1
497 811 1
488 824 1
477 834 1
468 844 1
459 855 1
450 866 1
441 878 1
433 890 1
427 903 1
420 915 1
412 928 1
405 942 1
399 955 1
394 967 1
390 978 1
387 986 1
385 994 1
383 1000 1
382 1008 1
382 1016 1
382 1023 1
383 1031 1
385 1039 1
388 1045 1
393 1053 1
398 1060 1
406 1066 1
418 1073 1
433 1078 1
453 1082 1
477 1081 1
505 1075 1
536 1062 1
567 1046 1
596 1026 1
625 1006 1
655 985 1
679 966 1
702 947 1
724 925 1
743 904 1
759 883 1
773 862 1
781 845 1
786 830 1
791 816 1
794 800 1
796 781 1
797 762 1
796 742 1
794 722 1
791 702 1
785 688 1
778 676 1
770 667 1
764 660 1
757 657 1
749 655 1
738 655 1
723 657 1
701 666 1
677 676 1
652 691 1
626 707 1
600 723 1
577 738 1
554 755 1
533 772 1
513 791 1
493 812 1
474 833 1
456 853 1
442 873 1
428 893 1
414 914 1
403 934 1
392 954 1
384 971 1
377 985 1
372 997 1
369 1007 1
367 1017 1
367 1027 1
368 1035 1
370 1044 1
373 1052 1
378 1059 1
386 1067 1
397 1076 1
412 1084 1
429 1091 1
451 1094 1
474 1096 1
504 1091 1
536 1083 1
571 1069 1
603 1052 1
634 1033 1
661 1014 1
684 994 1
704 973 1
724 949 1
743 926 1
759 900 1
775 872 1
785 847 1
793 825 1
796 808 1
798 791 1
799 776 1
796 761 1
793 745 1
786 727 1
777 709 1
768 694 1
759 682 1
749 673 1
737 666 1
724 662 1
708 661 1
690 661 1
669 666 1
646 674 1
623 686 1
599 701 1
577 715 1
559 731 1
540 746 1
524 763 1
506 781 1
490 801 1
475 818 1
461 835 1
449 849 1
438 864 1
429 879 1
421 894 1
413 909 1
405 924 1
399 937 1
395 949 1
390 963 1
387 975 1
384 987 1
384 997 1
384 1006 1
384 1016 1
387 1028 1
391 1038 1
396 1050 1
402 1061 1
411 1075 1
424 1091 1
436 1103 1
449 1114 1
464 1122 1
486 1127 1
513 1131 1
547 1129 1
583 1123 1
618 1111 1
651 1097 1
682 1075 1
709 1055 1
733 1035 1
750 1014 1
767 994 1
782 970 1
796 945 1
807 919 1
815 896 1
821 873 1
823 855 1
825 837 1
823 819 1
821 801 1
818 784 1
813 769 1
810 756 1
806 746 1
798 735 1
787 726 1
774 717 1
759 712 1
737 707 1
709 709 1
685 713 1
662 719 1
644 727 1
627 737 1
609 749 1
590 762 1
571 774 1
554 788 1
537 804 1
521 821 1
505 838 1
492 855 1
479 872 1
466 890 1
452 909 1
442 926 1
432 943 1
424 958 1
419 970 1
416 981 1
414 989 1
412 997 1
412 1005 1
412 1013 1
414 1021 1
416 1029 1
419 1036 1
424 1043 1
430 1050 1
438 1056 1
449 1062 1
463 1066 1
482 1069 1
504 1068 1
530 1062 1
558 1053 1
586 1040 1
613 1029 1
635 1013 1
659 996 1
682 978 1
705 960 1
727 940 1
744 922 1
759 902 1
771 882 1
782 861 1
792 837 1
802 809 1
810 783 1
817 760 1
820 741 1
821 727 1
819 714 1
817 705 1
812 696 1
806 689 1
798 682 1
788 676 1
776 671 1
762 668 1
745 667 1
728 667 1
711 671 1
691 676 1
668 687 1
644 698 1
619 712 1
596 726 1
575 741 1
561 757 1
546 771 1
530 787 1
512 805 1
493 822 1
475 838 1
461 853 1
448 866 1
435 880 1
423 893 1
413 906 1
405 916 1
398 927 1
392 937 1
385 948 1
379 960 1
374 972 1
369 985 1
365 997 1
362 1010 1
358 1025 1
356 1038 1
354 1051 1
354 1061 1
355 1072 1
360 1084 1
365 1097 1
373 1109 1
385 1119 1
400 1128 1
422 1134 1
446 1137 1
475 1134 1
502 1128 1
534 1115 1
566 1100 1
597 1083 1
625 1062 1
651 1043 1
673 1024 1
692 1006 1
708 986 1
724 965 1
738 944 1
750 923 1
762 903 1
773 880 1
781 857 1
787 834 1
792 814 1
795 794 1
797 779 1
799 768 1
799 757 1
797 749 1
796 741 1
793 735 1
787 728 1
779 722 1
769 716 1
757 712 1
744 709 1
726 710 1
708 712 1
683 718 1
658 726 1
631 739 1
608 752 1
586 766 1
565 781 1
545 796 1
523 815 1
502 833 1
484 852 1
466 872 1
448 891 1
433 909 1
421 925 1
411 939 1
402 952 1
397 963 1
392 972 1
389 980 1
385 987 1
382 995 1
380 1004 1
377 1014 1
377 1026 1
377 1037 1
377 1049 1
379 1060 1
383 1072 1
390 1085 1
398 1098 1
412 1109 1
427 1117 1
445 1121 1
465 1120 1
492 1112 1
522 1098 1
555 1078 1
589 1054 1
621 1028 1
650 1001 1
679 974 1
701 948 1
719 921 1
734 896 1
748 871 1
759 850 1
766 832 1
773 814 1
778 797 1
781 780 1
784 764 1
786 748 1
786 735 1
783 723 1
780 712 1
777 705 1
772 698 1
769 693 1
763 687 1
756 683 1
748 681 1
736 679 1
722 679 1
707 679 1
688 683 1
669 689 1
650 697 1
633 705 1
615 717 1
595 730 1
577 746 1
558 762 1
541 778 1
522 796 1
507 814 1
491 833 1
476 852 1
462 869 1
450 888 1
439 905 1
429 920 1
419 936 1
411 952 1
405 966 1
399 979 1
395 992 1
391 1004 1
389 1017 1
386 1028 1
385 1038 1
385 1049 1
384 1058 1
384 1067 1
385 1077 1
386 1087 1
388 1097 1
392 1107 1
397 1118 1
405 1127 1
413 1135 1
426 1142 1
442 1146 1
462 1148 1
483 1145 1
507 1138 1
536 1124 1
566 1109 1
595 1091 1
621 1071 1
646 1052 1
669 1033 1
691 1012 1
711 988 1
732 959 1
751 923 1
768 885 1
783 846 1
795 807 1
804 774 1
811 749 1
816 729 1
818 718 1
819 709 1
819 701 1
816 695 1
812 690 1
806 686 1
799 683 1
789 681 1
778 682 1
759 687 1
735 696 1
707 707 1
675 722 1
645 736 1
618 753 1
593 768 1
570 786 1
550 802 1
532 819 1
515 836 1
501 852 1
486 867 1
473 884 1
460 902 1
449 920 1
439 938 1
431 957 1
425 974 1
421 989 1
417 1004 1
414 1019 1
412 1033 1
410 1046 1
410 1057 1
411 1066 1
413 1076 1
416 1086 1
421 1096 1
427 1106 1
435 1114 1
446 1122 1
461 1128 1
480 1131 1
504 1129 1
534 1119 1
566 1105 1
604 1080 1
640 1054 1
673 1026 1
702 994 1
726 963 1
747 932 1
763 902 1
777 870 1
788 839 1
797 807 1
805 780 1
810 756 1
812 735 1
813 716 1
810 702 1
807 690 1
802 683 1
797 678 1
789 673 1
779 670 1
766 668 1
751 669 1
733 673 1
711 681 1
688 690 1
664 701 1
643 712 1
623 726 1
602 742 1
583 758 1
562 775 1
542 794 1
522 815 1
504 836 1
486 857 1
469 879 1
453 899 1
437 919 1
423 939 1
410 957 1
399 973 1
393 983 1
396 979 0
