612 899 1
612 899 1
612 899 1
612 899 1
612 899 1
612 899 1
612 899 1
612 899 1
612 899 1
612 899 1
612 899 1
612 899 1
611 898 1
611 898 1
609 898 1
607 896 1
604 895 1
601 894 1
598 892 1
595 890 1
592 888 1
590 885 1
588 880 1
588 874 1
588 866 1
590 856 1
592 849 1
595 841 1
600 835 1
604 831 1
609 828 1
614 826 1
616 826 1
619 827 1
623 829 1
625 832 1
628 835 1
629 840 1
632 846 1
632 853 1
633 860 1
631 871 1
628 882 1
625 892 1
622 901 1
616 911 1
609 919 1
601 928 1
592 935 1
586 940 1
580 944 1
575 947 1
571 948 1
567 948 1
564 948 1
559 945 1
554 942 1
550 932 1
544 920 1
542 901 1
541 877 1
544 853 1
548 831 1
553 810 1
564 792 1
573 776 1
582 765 1
590 757 1
596 752 1
602 749 1
610 746 1
620 745 1
629 745 1
637 745 1
644 747 1
650 750 1
655 756 1
661 765 1
665 774 1
670 783 1
673 795 1
676 808 1
677 820 1
677 834 1
677 847 1
675 861 1
672 877 1
668 892 1
662 904 1
654 915 1
647 925 1
640 931 1
634 937 1
627 944 1
620 949 1
613 954 1
604 959 1
595 963 1
585 966 1
576 969 1
568 971 1
559 972 1
552 972 1
542 969 1
529 965 1
519 959 1
509 953 1
502 946 1
495 933 1
489 918 1
484 898 1
482 879 1
482 857 1
484 837 1
488 818 1
493 799 1
500 783 1
505 770 1
510 759 1
515 748 1
520 735 1
528 724 1
537 711 1
547 702 1
560 693 1
571 685 1
582 681 1
593 677 1
605 674 1
619 672 1
632 672 1
645 673 1
658 675 1
671 680 1
683 687 1
694 694 1
704 700 1
711 708 1
717 714 1
722 722 1
727 733 1
732 744 1
735 756 1
737 766 1
738 776 1
739 786 1
739 796 1
737 807 1
737 817 1
734 828 1
731 838 1
727 851 1
722 863 1
715 877 1
708 890 1
701 903 1
693 916 1
684 927 1
674 939 1
665 950 1
655 961 1
645 971 1
635 980 1
625 987 1
616 993 1
605 999 1
594 1005 1
584 1009 1
576 1013 1
568 1015 1
560 1018 1
551 1019 1
542 1022 1
534 1023 1
525 1024 1
518 1024 1
511 1023 1
505 1021 1
497 1018 1
487 1013 1
476 1005 1
465 996 1
456 984 1
447 968 1
442 952 1
438 932 1
435 912 1
435 891 1
436 870 1
439 849 1
444 829 1
448 810 1
450 793 1
453 779 1
456 767 1
459 756 1
462 743 1
465 731 1
470 717 1
476 704 1
486 691 1
498 678 1
510 666 1
520 657 1
530 647 1
541 640 1
554 634 1
566 628 1
580 624 1
595 620 1
612 617 1
630 615 1
649 616 1
667 617 1
683 619 1
695 622 1
703 626 1
710 631 1
717 635 1
723 640 1
729 645 1
736 653 1
744 664 1
751 675 1
757 686 1
761 697 1
764 708 1
767 719 1
769 727 1
771 736 1
773 746 1
773 755 1
773 763 1
773 772 1
771 782 1
770 792 1
768 802 1
767 812 1
765 823 1
764 831 1
762 840 1
760 846 1
758 854 1
756 861 1
754 869 1
751 875 1
749 883 1
745 891 1
742 898 1
740 903 1
737 909 1
735 914 1
732 919 1
729 923 1
726 928 1
723 932 1
719 937 1
716 941 1
714 946 1
711 950 1
708 955 1
705 960 1
702 965 1
699 970 1
696 975 1
694 978 1
692 981 1
690 984 1
687 987 1
685 990 1
682 993 1
678 998 1
675 1002 1
671 1007 1
665 1013 1
659 1019 1
653 1024 1
647 1029 1
642 1034 1
636 1039 1
630 1044 1
624 1047 1
620 1050 1
614 1053 1
608 1056 1
600 1059 1
591 1061 1
582 1063 1
572 1066 1
563 1068 1
553 1069 1
542 1070 1
532 1070 1
522 1068 1
513 1067 1
505 1065 1
497 1063 1
488 1061 1
480 1058 1
473 1055 1
465 1052 1
458 1048 1
452 1045 1
444 1039 1
438 1035 1
431 1029 1
423 1023 1
415 1015 1
407 1006 1
400 996 1
393 988 1
387 979 1
381 971 1
377 961 1
371 949 1
365 934 1
358 917 1
355 901 1
350 886 1
350 867 1
349 849 1
350 830 1
350 810 1
352 791 1
354 776 1
356 762 1
360 747 1
363 733 1
368 719 1
374 706 1
379 695 1
383 686 1
387 679 1
391 671 1
396 664 1
402 656 1
410 647 1
420 636 1
431 627 1
442 618 1
454 608 1
468 599 1
482 588 1
493 579 1
503 572 1
512 564 1
520 558 1
529 552 1
540 547 1
552 541 1
563 538 1
573 535 1
585 532 1
600 529 1
614 528 1
625 526 1
637 527 1
647 527 1
659 527 1
672 529 1
683 531 1
692 534 1
699 537 1
705 540 1
711 543 1
718 548 1
724 554 1
729 560 1
735 566 1
742 575 1
749 585 1
757 596 1
765 608 1
773 619 1
779 630 1
782 639 1
786 648 1
791 658 1
794 668 1
797 677 1
800 687 1
803 694 1
805 702 1
806 710 1
809 718 1
811 728 1
813 739 1
814 749 1
814 758 1
815 766 1
815 772 1
813 780 1
814 788 1
814 796 1
811 805 1
811 814 1
809 823 1
808 832 1
808 840 1
805 847 1
803 855 1
801 863 1
799 871 1
796 880 1
793 889 1
790 897 1
787 904 1
784 911 1
781 918 1
776 926 1
773 933 1
771 940 1
768 947 1
765 954 1
761 962 1
758 968 1
755 974 1
752 978 1
749 983 1
746 987 1
743 991 1
741 995 1
738 1000 1
735 1004 1
731 1010 1
728 1016 1
724 1021 1
719 1028 1
714 1034 1
710 1041 1
705 1047 1
700 1053 1
695 1059 1
692 1064 1
686 1069 1
680 1076 1
674 1082 1
667 1088 1
659 1094 1
651 1100 1
644 1105 1
638 1110 1
631 1113 1
625 1117 1
618 1121 1
610 1124 1
599 1127 1
589 1128 1
579 1130 1
571 1131 1
563 1132 1
555 1132 1
547 1131 1
539 1131 1
531 1129 1
523 1127 1
515 1125 1
507 1122 1
500 1119 1
490 1113 1
479 1107 1
468 1102 1
457 1097 1
449 1093 1
442 1088 1
434 1084 1
428 1079 1
421 1073 1
415 1068 1
409 1063 1
403 1057 1
398 1053 1
391 1048 1
386 1043 1
382 1039 1
377 1034 1
372 1028 1
367 1021 1
361 1013 1
355 1003 1
349 994 1
343 984 1
338 975 1
334 967 1
331 958 1
326 950 1
323 941 1
320 933 1
317 924 1
314 914 1
312 906 1
309 897 1
305 887 1
304 878 1
301 869 1
300 858 1
298 849 1
297 840 1
295 830 1
295 819 1
293 807 1
294 795 1
294 783 1
294 773 1
294 764 1
296 755 1
297 744 1
299 733 1
300 724 1
302 715 1
305 707 1
308 699 1
310 691 1
313 684 1
316 677 1
319 669 1
322 660 1
327 650 1
330 641 1
334 634 1
339 626 1
344 618 1
352 609 1
361 600 1
370 590 1
378 579 1
384 571 1
389 564 1
393 557 1
400 550 1
407 544 1
415 537 1
423 531 1
432 525 1
442 521 1
452 516 1
462 511 1
471 507 1
483 504 1
496 499 1
505 497 1
514 494 1
522 491 1
533 487 1
544 484 1
555 480 1
566 477 1
576 473 1
586 470 1
597 467 1
607 465 1
618 465 1
628 464 1
636 464 1
644 464 1
651 465 1
658 466 1
666 468 1
673 470 1
681 473 1
689 475 1
695 478 1
700 480 1
703 482 1
708 484 1
712 487 1
715 489 1
720 492 1
725 494 1
729 497 1
734 500 1
739 503 1
744 506 1
749 511 1
756 515 1
762 520 1
769 526 1
774 532 1
779 537 1
785 545 1
791 552 1
796 558 1
801 565 1
807 570 1
812 577 1
817 583 1
823 591 1
827 600 1
832 609 1
837 617 1
840 623 1
841 627 1
844 631 1
846 637 1
848 643 1
850 649 1
853 656 1
855 664 1
857 672 1
860 680 1
861 688 1
863 694 1
863 701 1
865 709 1
866 717 1
867 725 1
867 733 1
868 743 1
868 751 1
868 759 1
868 767 1
868 773 1
868 781 1
868 789 1
868 795 1
867 803 1
866 811 1
864 819 1
864 826 1
864 834 1
863 841 1
863 849 1
862 857 1
860 865 1
858 873 1
857 880 1
855 888 1
853 895 1
851 903 1
850 910 1
847 916 1
846 923 1
844 931 1
841 938 1
839 946 1
837 955 1
835 962 1
832 970 1
829 978 1
827 984 1
823 992 1
821 999 1
819 1007 1
816 1016 1
813 1024 1
810 1031 1
805 1037 1
802 1044 1
797 1051 1
792 1057 1
787 1062 1
781 1068 1
775 1074 1
770 1080 1
766 1085 1
761 1091 1
756 1098 1
752 1104 1
747 1110 1
741 1115 1
735 1120 1
729 1125 1
723 1130 1
717 1134 1
709 1139 1
704 1144 1
698 1149 1
692 1153 1
683 1160 1
672 1167 1
662 1173 1
651 1179 1
642 1184 1
633 1189 1
625 1193 1
616 1197 1
607 1201 1
597 1204 1
588 1207 1
580 1209 1
572 1211 1
564 1213 1
556 1214 1
549 1215 1
542 1215 1
534 1215 1
526 1214 1
517 1211 1
506 1208 1
496 1204 1
485 1199 1
472 1193 1
459 1186 1
448 1181 1
437 1175 1
427 1171 1
416 1166 1
406 1160 1
395 1153 1
384 1147 1
375 1138 1
366 1130 1
356 1120 1
347 1111 1
340 1103 1
332 1093 1
324 1083 1
318 1073 1
312 1063 1
306 1055 1
303 1048 1
299 1041 1
296 1033 1
291 1024 1
288 1015 1
284 1005 1
280 994 1
277 983 1
273 970 1
268 958 1
265 943 1
262 928 1
258 913 1
254 899 1
251 886 1
249 875 1
246 864 1
245 855 1
243 847 1
243 840 1
243 832 1
243 823 1
243 812 1
243 802 1
243 791 1
243 780 1
243 771 1
244 762 1
245 754 1
246 747 1
247 739 1
248 731 1
249 722 1
250 714 1
252 708 1
253 700 1
255 693 1
257 686 1
259 678 1
261 670 1
263 662 1
266 654 1
270 644 1
273 635 1
278 626 1
284 614 1
291 602 1
297 590 1
304 578 1
310 568 1
315 559 1
319 552 1
326 544 1
332 537 1
336 532 1
342 526 1
348 519 1
353 514 1
358 509 1
364 504 1
371 497 1
378 492 1
384 486 1
390 481 1
398 475 1
407 471 1
415 466 1
424 462 1
434 456 1
442 450 1
452 444 1
461 438 1
470 432 1
480 427 1
490 422 1
500 417 1
509 412 1
518 408 1
526 405 1
537 402 1
548 400 1
557 398 1
566 396 1
573 395 1
581 395 1
588 393 1
596 394 1
604 394 1
613 394 1
623 395 1
630 396 1
636 397 1
642 398 1
646 398 1
651 400 1
656 400 1
662 403 1
669 405 1
676 408 1
683 410 1
691 414 1
698 416 1
703 418 1
709 420 1
714 422 1
718 425 1
723 427 1
728 430 1
732 432 1
738 435 1
743 438 1
749 440 1
756 443 1
762 445 1
767 448 1
771 450 1
776 452 1
780 455 1
783 458 1
787 461 1
792 464 1
797 467 1
800 471 1
805 476 1
809 480 1
813 483 1
817 487 1
821 490 1
824 493 1
827 495 1
829 498 1
832 500 1
835 503 1
839 507 1
842 510 1
845 514 1
848 517 1
850 521 1
853 525 1
856 530 1
858 534 1
860 539 1
863 544 1
864 547 1
866 551 1
867 556 1
869 559 1
870 562 1
871 565 1
872 568 1
873 572 1
875 576 1
875 580 1
877 584 1
877 589 1
878 594 1
879 598 1
880 603 1
881 609 1
881 614 1
882 619 1
883 625 1
883 629 1
884 633 1
884 638 1
885 642 1
885 646 1
886 652 1
887 658 1
888 664 1
889 671 1
890 678 1
890 683 1
891 689 1
892 694 1
892 698 1
893 703 1
893 706 1
894 710 1
894 713 1
895 716 1
895 720 1
896 724 1
897 729 1
897 733 1
899 739 1
900 744 1
902 750 1
903 753 1
905 758 1
906 762 1
907 765 1
908 769 1
909 774 1
910 777 1
910 782 1
911 787 1
912 791 1
914 797 1
916 802 1
917 806 1
918 812 1
919 817 1
920 822 1
920 826 1
921 829 1
922 835 1
922 839 1
922 843 1
922 848 1
922 852 1
922 857 1
922 862 1
922 866 1
922 871 1
922 876 1
922 880 1
922 885 1
921 890 1
921 894 1
921 899 1
919 904 1
918 908 1
919 912 1
917 916 1
917 919 1
917 922 1
916 926 1
914 929 1
914 934 1
912 938 1
911 943 1
910 947 1
908 952 1
906 957 1
904 961 1
903 966 1
903 969 1
901 973 1
899 978 1
897 982 1
897 985 1
895 988 1
894 990 1
894 992 1
892 994 1
890 998 1
889 1000 1
888 1003 1
886 1006 1
885 1010 1
883 1015 1
882 1019 1
879 1024 1
876 1030 1
874 1035 1
872 1040 1
869 1045 1
867 1049 1
864 1054 1
861 1059 1
858 1063 1
855 1070 1
851 1075 1
848 1081 1
843 1087 1
839 1094 1
834 1101 1
831 1108 1
828 1114 1
825 1118 1
822 1122 1
820 1126 1
818 1128 1
816 1131 1
814 1134 1
811 1137 1
808 1141 1
805 1144 1
800 1150 1
796 1154 1
792 1158 1
787 1163 1
783 1168 1
777 1175 1
772 1181 1
768 1186 1
763 1191 1
760 1194 1
757 1198 1
753 1201 1
748 1204 1
743 1207 1
740 1210 1
737 1212 1
731 1215 1
728 1216 1
724 1218 1
722 1219 1
719 1221 1
717 1221 1
714 1223 1
711 1223 1
709 1225 1
704 1227 1
699 1228 1
695 1230 1
689 1233 1
682 1236 1
675 1240 1
667 1243 1
658 1248 1
651 1252 1
643 1257 1
637 1260 1
631 1263 1
626 1266 1
621 1269 1
615 1271 1
608 1274 1
601 1276 1
594 1278 1
588 1280 1
581 1281 1
578 1282 1
574 1283 1
571 1284 1
566 1285 1
562 1285 1
558 1286 1
552 1287 1
544 1287 1
534 1288 1
523 1288 1
513 1287 1
501 1285 1
489 1282 1
475 1278 1
462 1273 1
451 1268 1
440 1264 1
431 1259 1
422 1253 1
414 1248 1
405 1242 1
395 1237 1
386 1231 1
378 1227 1
371 1221 1
365 1215 1
358 1208 1
352 1202 1
345 1194 1
338 1188 1
332 1182 1
324 1175 1
317 1168 1
308 1159 1
300 1148 1
293 1138 1
286 1129 1
279 1120 1
273 1110 1
267 1102 1
261 1094 1
255 1083 1
250 1073 1
245 1062 1
239 1052 1
236 1043 1
232 1034 1
228 1023 1
225 1013 1
222 1001 1
219 988 1
216 973 1
211 958 1
209 940 1
206 921 1
203 903 1
201 884 1
199 866 1
198 848 1
196 831 1
197 814 1
197 796 1
197 778 1
198 763 1
200 748 1
202 734 1
205 719 1
208 705 1
213 691 1
215 677 1
218 663 1
220 648 1
223 635 1
226 622 1
230 612 1
233 599 1
236 585 1
241 570 1
246 556 1
250 544 1
256 532 1
262 521 1
270 508 1
278 496 1
285 485 1
292 476 1
298 468 1
305 460 1
310 452 1
318 443 1
327 434 1
335 423 1
345 414 1
354 406 1
364 399 1
373 394 1
383 386 1
396 378 1
410 372 1
421 365 1
433 360 1
446 354 1
460 349 1
475 342 1
492 336 1
509 330 1
525 325 1
539 321 1
553 316 1
564 313 1
573 310 1
583 307 1
593 305 1
606 303 1
618 301 1
628 301 1
639 301 1
650 301 1
662 303 1
677 305 1
689 308 1
700 311 1
709 313 1
717 316 1
725 320 1
736 325 1
746 329 1
755 334 1
764 340 1
772 345 1
780 351 1
790 359 1
799 366 1
807 374 1
817 380 1
824 386 1
831 393 1
838 399 1
844 405 1
850 411 1
855 417 1
861 423 1
864 428 1
869 433 1
874 439 1
879 445 1
885 452 1
891 460 1
898 468 1
903 475 1
908 481 1
911 487 1
916 493 1
920 501 1
924 508 1
929 517 1
933 526 1
936 536 1
940 545 1
945 555 1
947 564 1
949 572 1
953 582 1
956 592 1
958 602 1
961 612 1
963 621 1
964 631 1
966 638 1
967 649 1
970 661 1
972 672 1
973 684 1
974 695 1
974 705 1
974 716 1
974 730 1
974 744 1
974 756 1
974 767 1
972 777 1
973 786 1
973 797 1
972 806 1
972 817 1
970 827 1
971 836 1
971 845 1
971 853 1
971 863 1
970 872 1
970 882 1
969 891 1
969 900 1
968 909 1
966 918 1
964 926 1
964 936 1
962 945 1
962 956 1
960 965 1
960 974 1
958 982 1
955 993 1
953 1004 1
951 1015 1
948 1029 1
946 1041 1
944 1053 1
942 1065 1
939 1079 1
937 1091 1
933 1104 1
928 1115 1
924 1124 1
919 1133 1
913 1142 1
908 1151 1
901 1162 1
895 1172 1
888 1182 1
880 1191 1
871 1200 1
860 1208 1
850 1219 1
841 1228 1
831 1239 1
822 1249 1
814 1256 1
803 1264 1
794 1271 1
784 1275 1
776 1280 1
771 1283 1
763 1288 1
755 1292 1
745 1296 1
735 1301 1
726 1305 1
718 1308 1
707 1313 1
693 1318 1
676 1323 1
661 1327 1
647 1332 1
638 1336 1
629 1339 1
617 1343 1
605 1348 1
591 1351 1
580 1354 1
572 1357 1
565 1358 1
559 1360 1
552 1361 1
545 1363 1
539 1364 1
531 1365 1
525 1366 1
518 1366 1
512 1366 1
505 1366 1
498 1364 1
490 1365 1
483 1365 1
473 1364 1
463 1363 1
454 1361 1
446 1360 1
438 1358 1
431 1357 1
422 1355 1
411 1352 1
399 1347 1
389 1343 1
381 1339 1
373 1335 1
367 1331 1
360 1327 1
354 1322 1
348 1319 1
343 1314 1
337 1309 1
330 1304 1
325 1299 1
318 1292 1
310 1283 1
303 1275 1
296 1267 1
290 1259 1
282 1252 1
276 1244 1
268 1235 1
260 1225 1
253 1214 1
245 1203 1
239 1192 1
234 1182 1
228 1172 1
222 1160 1
215 1148 1
209 1137 1
205 1127 1
201 1116 1
197 1105 1
194 1093 1
192 1080 1
189 1069 1
187 1057 1
186 1047 1
184 1039 1
182 1030 1
179 1021 1
176 1010 1
173 1000 1
170 990 1
166 979 1
163 967 1
159 954 1
156 941 1
152 929 1
150 920 1
147 909 1
144 900 1
141 892 1
138 883 1
135 873 1
132 862 1
129 851 1
128 842 1
125 833 1
124 824 1
122 816 1
119 805 1
119 794 1
117 780 1
116 767 1
116 753 1
115 737 1
115 720 1
115 702 1
117 684 1
119 666 1
121 647 1
125 629 1
129 611 1
133 596 1
138 582 1
143 569 1
147 559 1
152 548 1
156 537 1
161 526 1
167 513 1
174 500 1
180 486 1
188 470 1
197 452 1
208 432 1
220 411 1
230 392 1
239 374 1
247 360 1
254 345 1
262 332 1
270 321 1
276 310 1
284 303 1
291 296 1
298 289 1
306 284 1
314 278 1
322 271 1
332 266 1
343 260 1
354 255 1
364 251 1
375 247 1
388 243 1
402 238 1
417 234 1
433 229 1
448 224 1
464 222 1
479 219 1
494 216 1
507 214 1
520 212 1
532 211 1
546 211 1
558 211 1
572 212 1
587 212 1
604 214 1
622 216 1
636 217 1
652 219 1
666 220 1
680 222 1
696 224 1
708 227 1
721 231 1
733 234 1
746 239 1
758 244 1
771 248 1
781 253 1
791 258 1
798 262 1
808 267 1
817 273 1
827 279 1
836 285 1
845 291 1
852 298 1
859 304 1
867 310 1
874 317 1
882 324 1
889 330 1
895 336 1
900 341 1
906 347 1
910 353 1
916 358 1
922 364 1
927 371 1
931 377 1
935 383 1
940 389 1
944 397 1
948 404 1
953 410 1
956 416 1
961 423 1
964 429 1
968 436 1
971 442 1
975 450 1
978 457 1
981 464 1
985 472 1
987 479 1
989 486 1
992 492 1
993 499 1
996 507 1
997 515 1
1000 523 1
1001 529 1
1003 537 1
1005 545 1
1006 552 1
1007 559 1
1008 567 1
1010 574 1
1011 584 1
1013 596 1
1014 608 1
1015 619 1
1016 630 1
1017 641 1
1018 653 1
1019 668 1
1020 680 1
1021 690 1
1021 698 1
1022 706 1
1022 713 1
1023 720 1
1023 728 1
1024 736 1
1024 745 1
1024 753 1
1024 761 1
1024 769 1
1024 779 1
1024 791 1
1024 805 1
1024 818 1
1024 830 1
1022 843 1
1023 854 1
1021 866 1
1022 878 1
1020 887 1
1021 896 1
1021 904 1
1021 912 1
1021 919 1
1021 927 1
1021 935 1
1021 945 1
1021 956 1
1021 966 1
1019 976 1
1020 984 1
1020 994 1
1020 1006 1
1020 1018 1
1019 1030 1
1017 1041 1
1016 1051 1
1016 1060 1
1016 1069 1
1014 1080 1
1014 1091 1
1012 1100 1
1010 1108 1
1009 1116 1
1007 1124 1
1005 1131 1
1003 1138 1
1001 1146 1
999 1156 1
996 1164 1
993 1173 1
990 1181 1
986 1189 1
981 1197 1
977 1206 1
973 1214 1
967 1223 1
963 1232 1
958 1242 1
954 1250 1
949 1257 1
945 1264 1
939 1272 1
931 1280 1
922 1291 1
913 1303 1
901 1315 1
892 1326 1
882 1334 1
873 1341 1
863 1349 1
850 1359 1
839 1368 1
827 1377 1
816 1385 1
806 1391 1
797 1398 1
787 1403 1
778 1407 1
767 1412 1
757 1416 1
746 1419 1
734 1423 1
722 1427 1
710 1430 1
697 1432 1
685 1435 1
673 1437 1
663 1439 1
654 1440 1
646 1442 1
638 1443 1
630 1444 1
620 1446 1
611 1446 1
602 1447 1
591 1447 1
582 1448 1
572 1449 1
563 1450 1
551 1451 1
539 1451 1
526 1453 1
514 1453 1
503 1455 1
490 1455 1
478 1456 1
465 1457 1
454 1457 1
444 1457 1
434 1457 1
423 1457 1
410 1456 1
398 1454 1
387 1454 1
376 1453 1
366 1451 1
356 1451 1
345 1449 1
334 1448 1
323 1446 1
313 1444 1
302 1442 1
293 1439 1
284 1437 1
278 1434 1
271 1431 1
263 1427 1
255 1421 1
245 1415 1
237 1408 1
226 1400 1
218 1392 1
209 1384 1
202 1378 1
195 1369 1
187 1360 1
179 1350 1
171 1339 1
163 1328 1
155 1316 1
146 1304 1
137 1289 1
129 1274 1
122 1261 1
114 1247 1
107 1231 1
99 1216 1
94 1201 1
90 1188 1
86 1175 1
82 1161 1
79 1149 1
77 1136 1
75 1126 1
75 1117 1
72 1105 1
71 1098 1
72 1102 0
31 943 1
32 935 1
35 923 1
38 911 1
41 902 1
43 894 1
44 888 1
45 883 1
45 878 1
46 872 1
46 866 1
46 863 1
47 859 1
47 855 1
47 852 1
45 848 1
46 850 0
