79 1132 1
79 1132 1
79 1132 1
79 1132 1
79 1132 1
79 1132 1
79 1132 1
79 1132 1
79 1132 1
79 1132 1
79 1132 1
79 1132 1
79 1130 1
80 1130 1
85 1128 1
94 1123 1
106 1117 1
121 1108 1
136 1099 1
151 1090 1
163 1079 1
176 1068 1
185 1056 1
194 1045 1
202 1032 1
212 1012 1
217 996 1
220 984 1
222 973 1
223 962 1
223 951 1
222 942 1
220 933 1
218 924 1
216 917 1
212 910 1
205 906 1
199 901 1
190 899 1
183 897 1
175 898 1
169 898 1
157 901 1
142 913 1
127 928 1
112 943 1
106 950 1
95 968 1
93 986 1
97 1005 1
103 1020 1
109 1031 1
114 1039 1
120 1045 1
130 1051 1
142 1057 1
158 1061 1
175 1066 1
194 1069 1
215 1073 1
236 1076 1
257 1080 1
274 1083 1
288 1088 1
299 1091 1
306 1095 1
312 1100 1
317 1105 1
319 1109 1
321 1115 1
319 1120 1
315 1128 1
306 1137 1
292 1149 1
273 1161 1
247 1175 1
218 1187 1
190 1196 1
164 1201 1
143 1202 1
124 1199 1
109 1194 1
97 1188 1
90 1182 1
85 1176 1
81 1171 1
80 1166 1
78 1158 1
82 1148 1
88 1137 1
87 1141 0
472 1139 1
472 1139 1
472 1139 1
472 1139 1
472 1139 1
472 1139 1
472 1139 1
472 1139 1
472 1139 1
472 1138 1
472 1135 1
472 1131 1
473 1125 1
477 1114 1
482 1100 1
490 1080 1
496 1059 1
503 1038 1
509 1018 1
513 998 1
515 982 1
518 957 1
518 943 1
516 931 1
515 917 1
514 907 1
512 897 1
510 891 1
507 884 1
504 881 1
501 879 1
498 878 1
494 877 1
490 877 1
484 877 1
476 879 1
464 882 1
452 892 1
444 901 1
438 910 1
433 916 1
428 924 1
423 932 1
421 941 1
419 950 1
419 958 1
420 966 1
421 975 1
424 983 1
438 995 1
453 1003 1
471 1012 1
492 1022 1
515 1031 1
536 1039 1
558 1047 1
576 1055 1
594 1063 1
609 1070 1
620 1075 1
627 1080 1
633 1084 1
637 1088 1
640 1093 1
643 1098 1
644 1102 1
642 1108 1
638 1115 1
627 1127 1
611 1142 1
589 1160 1
565 1178 1
543 1189 1
523 1198 1
507 1202 1
496 1203 1
487 1201 1
480 1200 1
474 1196 1
469 1192 1
466 1187 1
462 1183 1
463 1178 1
464 1170 1
468 1156 1
477 1136 1
476 1140 0
773 1054 1
773 1054 1
773 1054 1
773 1054 1
773 1053 1
773 1053 1
773 1051 1
774 1049 1
777 1045 1
781 1039 1
790 1028 1
802 1011 1
817 986 1
832 961 1
845 936 1
857 909 1
873 874 1
875 861 1
878 852 1
879 844 1
879 838 1
879 832 1
877 824 1
875 819 1
873 813 1
870 808 1
864 803 1
858 800 1
850 799 1
841 797 1
822 799 1
810 800 1
796 803 1
785 811 1
773 819 1
763 828 1
753 839 1
746 848 1
740 856 1
737 863 1
734 871 1
732 877 1
733 883 1
733 887 1
736 892 1
741 898 1
749 905 1
761 911 1
775 917 1
792 922 1
812 928 1
833 934 1
853 939 1
870 943 1
886 948 1
898 953 1
907 957 1
915 961 1
922 965 1
926 968 1
930 971 1
933 974 1
934 977 1
936 981 1
937 983 1
937 986 1
936 991 1
934 999 1
929 1010 1
919 1025 1
907 1040 1
892 1054 1
879 1066 1
866 1077 1
854 1085 1
841 1093 1
830 1099 1
820 1102 1
814 1105 1
809 1107 1
805 1107 1
802 1107 1
800 1107 1
798 1107 1
796 1105 1
794 1103 1
792 1098 1
793 1089 1
795 1075 1
799 1059 1
806 1042 1
804 1048 0
