1028 483 1
1028 483 1
1028 483 1
1028 483 1
1028 483 1
1028 483 1
1028 483 1
1028 483 1
1028 483 1
1028 484 1
1028 486 1
1028 488 1
1028 490 1
1027 494 1
1027 497 1
1027 503 1
1027 509 1
1027 514 1
1027 521 1
1027 529 1
1027 537 1
1028 545 1
1028 550 1
1028 557 1
1028 563 1
1028 570 1
1028 579 1
1028 589 1
1029 600 1
1029 610 1
1029 620 1
1029 628 1
1029 636 1
1030 645 1
1030 653 1
1030 663 1
1029 674 1
1029 683 1
1029 692 1
1029 699 1
1029 706 1
1029 713 1
1029 722 1
1029 730 1
1029 737 1
1029 744 1
1029 749 1
1029 755 1
1029 758 1
1029 763 1
1029 766 1
1027 769 1
1028 772 1
1028 774 1
1028 776 1
1028 777 1
1028 778 1
1027 779 1
1027 780 1
1027 780 1
1027 781 1
1026 782 1
1024 784 1
1022 789 1
1018 795 1
1009 802 1
998 808 1
989 815 1
978 819 1
971 824 1
961 826 1
953 830 1
945 831 1
937 832 1
930 832 1
922 832 1
915 832 1
909 831 1
903 829 1
897 828 1
892 825 1
887 822 1
883 819 1
879 815 1
876 810 1
873 805 1
871 800 1
869 794 1
866 786 1
865 779 1
863 773 1
864 767 1
864 763 1
864 758 1
865 755 1
866 750 1
869 747 1
871 742 1
872 739 1
875 736 1
876 734 1
879 731 1
882 730 1
885 727 1
888 727 1
891 725 1
894 725 1
897 725 1
900 725 1
905 726 1
910 728 1
914 731 1
919 734 1
924 740 1
928 747 1
933 754 1
938 762 1
941 771 1
944 780 1
946 788 1
948 798 1
949 807 1
950 818 1
950 829 1
948 838 1
947 849 1
944 861 1
941 872 1
936 886 1
931 899 1
926 913 1
920 930 1
911 947 1
903 964 1
895 979 1
887 992 1
881 1005 1
874 1017 1
869 1026 1
866 1032 1
863 1037 1
861 1041 1
859 1043 1
859 1045 1
857 1047 1
856 1047 1
857 1048 1
857 1048 1
857 1048 1
857 1048 0
712 582 1
712 582 1
712 582 1
712 582 1
712 582 1
712 582 1
712 582 1
712 582 1
712 582 1
712 582 1
712 582 1
712 582 1
712 582 1
712 583 1
712 587 1
713 593 1
715 602 1
719 613 1
724 631 1
728 651 1
733 673 1
737 693 1
741 712 1
746 730 1
751 746 1
754 759 1
758 771 1
760 782 1
762 791 1
764 798 1
764 805 1
766 812 1
766 816 1
767 821 1
768 826 1
768 829 1
769 832 1
769 835 1
770 838 1
770 840 1
770 842 1
771 843 1
771 844 1
771 846 1
771 846 1
769 847 1
770 848 1
770 850 1
768 851 1
768 853 1
766 854 1
763 857 1
757 862 1
751 866 1
743 871 1
734 875 1
725 878 1
716 881 1
706 884 1
697 885 1
688 886 1
678 887 1
667 887 1
655 885 1
644 885 1
634 883 1
624 883 1
616 881 1
609 878 1
601 875 1
596 869 1
589 862 1
583 856 1
577 850 1
574 843 1
570 837 1
567 830 1
565 823 1
563 817 1
561 808 1
562 802 1
562 797 1
562 791 1
562 787 1
563 783 1
564 780 1
565 777 1
569 772 1
574 769 1
579 766 1
587 764 1
597 764 1
609 764 1
622 765 1
636 769 1
649 774 1
659 779 1
666 784 1
672 789 1
676 793 1
679 798 1
682 803 1
685 808 1
688 815 1
690 822 1
691 830 1
691 840 1
689 853 1
686 871 1
680 891 1
672 913 1
665 938 1
658 961 1
651 983 1
643 1005 1
634 1024 1
627 1037 1
621 1048 1
618 1053 1
615 1058 1
613 1060 1
612 1062 1
610 1064 1
609 1065 1
609 1067 1
608 1068 1
608 1069 1
608 1069 1
608 1069 1
608 1069 0
444 658 1
444 658 1
444 658 1
444 658 1
444 658 1
444 658 1
444 658 1
444 658 1
442 658 1
443 662 1
443 668 1
443 680 1
444 693 1
447 709 1
450 727 1
455 745 1
461 763 1
467 779 1
472 794 1
477 807 1
481 817 1
486 827 1
490 836 1
493 843 1
496 850 1
497 856 1
499 860 1
500 865 1
500 870 1
501 873 1
501 877 1
502 881 1
502 883 1
502 886 1
502 888 1
502 890 1
502 891 1
502 892 1
501 893 1
499 894 1
496 896 1
491 897 1
485 900 1
476 904 1
468 907 1
459 911 1
450 913 1
442 916 1
434 918 1
426 919 1
418 920 1
411 920 1
405 920 1
401 918 1
395 919 1
392 917 1
386 916 1
383 916 1
379 914 1
375 914 1
371 912 1
367 912 1
363 909 1
358 907 1
353 904 1
349 900 1
344 895 1
339 892 1
335 888 1
331 884 1
327 879 1
323 875 1
318 869 1
313 864 1
310 859 1
305 855 1
302 850 1
301 846 1
299 841 1
299 837 1
299 834 1
299 832 1
299 829 1
299 827 1
301 825 1
303 822 1
305 820 1
307 817 1
310 816 1
313 814 1
319 814 1
327 814 1
335 814 1
346 815 1
356 818 1
366 821 1
376 827 1
387 835 1
397 843 1
405 850 1
411 859 1
417 867 1
421 875 1
425 883 1
428 891 1
430 899 1
431 907 1
432 917 1
431 931 1
428 948 1
423 967 1
415 992 1
408 1016 1
399 1041 1
391 1064 1
385 1083 1
380 1099 1
377 1108 1
374 1115 1
372 1119 1
372 1121 1
372 1123 1
372 1123 1
372 1123 1
372 1123 0
189 709 1
189 709 1
189 709 1
189 709 1
189 709 1
189 709 1
188 709 1
189 713 1
190 719 1
193 731 1
198 748 1
205 767 1
214 787 1
225 807 1
237 827 1
248 844 1
257 857 1
263 869 1
269 877 1
273 884 1
277 888 1
278 892 1
280 894 1
280 896 1
281 898 1
281 899 1
281 900 1
281 902 1
280 903 1
278 906 1
277 913 1
272 927 1
257 940 1
246 950 1
238 957 1
232 962 1
224 967 1
218 970 1
212 973 1
205 974 1
199 974 1
195 974 1
190 974 1
187 973 1
183 972 1
179 970 1
174 969 1
169 967 1
161 962 1
154 956 1
149 947 1
144 938 1
139 928 1
134 920 1
129 912 1
123 902 1
117 893 1
114 886 1
111 880 1
109 876 1
107 873 1
107 868 1
106 866 1
106 863 1
106 862 1
106 860 1
106 860 1
107 858 1
108 857 1
110 857 1
111 856 1
116 855 1
123 855 1
133 855 1
144 856 1
154 858 1
164 861 1
172 867 1
180 873 1
186 881 1
194 891 1
201 900 1
209 910 1
215 920 1
221 935 1
224 950 1
224 965 1
224 983 1
223 1005 1
220 1031 1
213 1060 1
204 1091 1
194 1121 1
186 1148 1
179 1174 1
172 1193 1
167 1209 1
163 1218 1
160 1225 1
157 1232 1
156 1236 1
154 1240 1
154 1242 1
154 1245 1
154 1248 1
154 1247 0
