80 1335 1
80 1335 1
80 1335 1
80 1335 1
80 1335 1
80 1333 1
80 1333 1
81 1330 1
82 1325 1
86 1317 1
91 1304 1
96 1289 1
101 1270 1
107 1251 1
113 1231 1
118 1211 1
124 1191 1
131 1164 1
137 1138 1
142 1116 1
147 1093 1
151 1071 1
156 1050 1
161 1029 1
164 1007 1
166 986 1
167 966 1
167 947 1
167 930 1
165 917 1
166 906 1
165 896 1
163 886 1
163 877 1
161 868 1
160 862 1
158 857 1
158 852 1
156 847 1
155 845 1
153 841 1
151 839 1
150 837 1
148 837 1
148 837 1
146 836 1
146 837 1
144 837 1
143 837 1
142 838 1
140 839 1
140 841 1
138 845 1
137 852 1
134 870 1
132 885 1
130 903 1
131 925 1
130 940 1
130 951 1
130 961 1
130 974 1
130 987 1
130 1002 1
130 1014 1
130 1024 1
130 1032 1
130 1038 1
131 1044 1
131 1051 1
131 1058 1
132 1067 1
133 1076 1
134 1085 1
135 1093 1
136 1101 1
137 1109 1
139 1117 1
141 1125 1
144 1132 1
146 1143 1
149 1154 1
151 1165 1
154 1174 1
157 1184 1
161 1191 1
164 1198 1
168 1206 1
171 1215 1
176 1225 1
179 1234 1
181 1243 1
183 1250 1
185 1258 1
186 1263 1
188 1268 1
189 1270 1
190 1273 1
192 1276 1
192 1277 1
194 1279 1
195 1280 1
198 1282 1
201 1283 1
204 1285 1
207 1286 1
212 1286 1
217 1284 1
223 1282 1
231 1279 1
239 1272 1
247 1265 1
253 1257 1
259 1251 1
265 1239 1
269 1227 1
274 1213 1
277 1199 1
280 1185 1
282 1171 1
284 1156 1
285 1142 1
287 1127 1
291 1113 1
294 1099 1
297 1084 1
300 1069 1
303 1054 1
306 1038 1
309 1022 1
311 1005 1
314 988 1
315 973 1
315 958 1
315 946 1
313 933 1
311 921 1
308 910 1
305 900 1
301 891 1
297 884 1
293 877 1
290 873 1
288 869 1
285 866 1
283 864 1
281 863 1
279 863 1
278 861 1
278 861 1
278 861 1
277 863 1
275 864 1
273 868 1
270 873 1
267 880 1
263 890 1
261 900 1
259 910 1
257 921 1
256 933 1
256 945 1
255 957 1
255 968 1
255 977 1
256 986 1
256 995 1
256 1005 1
256 1016 1
256 1026 1
257 1034 1
258 1043 1
259 1051 1
260 1059 1
261 1070 1
263 1082 1
265 1094 1
267 1106 1
270 1116 1
273 1125 1
276 1135 1
279 1146 1
283 1157 1
286 1168 1
289 1177 1
291 1186 1
294 1193 1
296 1202 1
300 1211 1
303 1221 1
306 1231 1
311 1241 1
315 1250 1
318 1259 1
322 1267 1
325 1275 1
328 1280 1
331 1284 1
334 1289 1
337 1293 1
340 1295 1
343 1297 1
346 1299 1
351 1299 1
355 1298 1
361 1296 1
368 1291 1
375 1283 1
382 1273 1
388 1262 1
393 1251 1
399 1238 1
405 1225 1
410 1209 1
414 1196 1
417 1184 1
420 1171 1
423 1156 1
426 1141 1
430 1126 1
431 1111 1
433 1097 1
434 1081 1
435 1067 1
435 1052 1
435 1038 1
435 1023 1
436 1008 1
436 994 1
435 982 1
435 972 1
433 963 1
430 954 1
428 944 1
425 935 1
422 928 1
419 921 1
416 915 1
412 910 1
409 907 1
407 904 1
405 902 1
405 902 1
405 902 1
404 901 1
404 901 1
404 901 1
404 901 1
404 901 1
404 901 1
402 903 1
401 904 1
399 907 1
396 912 1
395 917 1
392 923 1
390 932 1
387 943 1
385 954 1
382 963 1
381 973 1
380 983 1
380 994 1
380 1006 1
380 1018 1
381 1030 1
381 1041 1
382 1051 1
382 1061 1
384 1070 1
384 1080 1
386 1090 1
386 1098 1
388 1106 1
390 1114 1
392 1122 1
395 1132 1
397 1142 1
401 1155 1
404 1166 1
407 1179 1
410 1188 1
415 1199 1
418 1209 1
423 1220 1
427 1230 1
431 1239 1
435 1248 1
439 1254 1
443 1261 1
446 1267 1
449 1272 1
452 1277 1
454 1280 1
456 1283 1
457 1285 1
459 1288 1
460 1289 1
462 1291 1
463 1292 1
467 1294 1
469 1294 1
471 1294 1
475 1292 1
481 1288 1
487 1282 1
494 1273 1
502 1264 1
507 1250 1
512 1234 1
517 1217 1
521 1196 1
524 1175 1
526 1155 1
528 1137 1
529 1121 1
530 1107 1
530 1091 1
531 1075 1
532 1059 1
533 1044 1
534 1030 1
535 1015 1
536 1001 1
535 987 1
534 974 1
532 963 1
530 954 1
528 948 1
527 942 1
525 938 1
525 934 1
523 931 1
522 928 1
520 924 1
518 922 1
518 921 1
516 921 1
517 920 1
517 920 1
517 920 1
517 920 1
517 920 1
517 920 1
517 921 1
515 921 1
513 924 1
512 927 1
509 933 1
507 941 1
505 950 1
501 962 1
500 973 1
498 986 1
497 998 1
495 1012 1
495 1026 1
493 1039 1
494 1048 1
493 1058 1
493 1067 1
493 1076 1
494 1086 1
493 1097 1
491 1107 1
491 1118 1
491 1127 1
492 1140 1
494 1153 1
496 1165 1
499 1179 1
502 1192 1
507 1205 1
510 1217 1
514 1229 1
515 1240 1
516 1251 1
518 1262 1
520 1272 1
523 1282 1
526 1293 1
529 1303 1
534 1312 1
538 1321 1
543 1328 1
547 1334 1
552 1339 1
555 1344 1
559 1345 1
563 1347 1
567 1347 1
570 1345 1
575 1342 1
582 1335 1
590 1327 1
599 1316 1
607 1304 1
615 1292 1
621 1280 1
626 1271 1
631 1260 1
635 1250 1
641 1236 1
646 1220 1
648 1204 1
652 1190 1
652 1175 1
652 1159 1
653 1142 1
654 1125 1
654 1108 1
652 1088 1
649 1068 1
645 1051 1
640 1033 1
635 1016 1
629 1002 1
625 988 1
619 977 1
616 967 1
612 960 1
607 954 1
605 948 1
604 945 1
602 942 1
601 941 1
601 941 1
600 940 1
600 940 1
600 940 1
600 940 1
600 940 1
600 940 1
600 940 1
600 940 1
600 940 1
600 940 1
600 941 1
599 944 1
597 952 1
597 962 1
596 974 1
596 986 1
597 999 1
597 1013 1
598 1026 1
600 1039 1
601 1048 1
603 1057 1
605 1066 1
607 1074 1
609 1082 1
610 1090 1
611 1096 1
613 1104 1
615 1112 1
617 1121 1
618 1131 1
621 1141 1
624 1153 1
627 1165 1
630 1177 1
632 1187 1
635 1197 1
636 1205 1
638 1213 1
640 1222 1
642 1231 1
644 1241 1
647 1249 1
649 1257 1
653 1267 1
655 1277 1
658 1288 1
661 1299 1
663 1307 1
665 1315 1
666 1321 1
667 1327 1
668 1332 1
669 1336 1
671 1340 1
672 1344 1
674 1347 1
676 1350 1
678 1352 1
680 1354 1
682 1356 1
687 1357 1
691 1356 1
697 1354 1
702 1350 1
709 1343 1
714 1334 1
719 1323 1
724 1310 1
728 1295 1
732 1279 1
736 1262 1
739 1243 1
743 1224 1
746 1203 1
747 1184 1
749 1165 1
752 1144 1
754 1126 1
756 1110 1
757 1093 1
758 1077 1
758 1059 1
756 1040 1
753 1022 1
750 1005 1
746 991 1
742 977 1
737 967 1
734 959 1
732 955 1
730 951 1
728 949 1
727 947 1
726 946 1
726 944 1
726 944 1
726 944 1
724 945 1
724 945 1
723 946 1
721 948 1
719 953 1
716 959 1
714 967 1
712 976 1
711 985 1
711 996 1
711 1010 1
712 1023 1
715 1036 1
717 1048 1
719 1060 1
721 1072 1
723 1084 1
724 1096 1
726 1107 1
727 1116 1
728 1126 1
730 1138 1
731 1151 1
733 1165 1
735 1177 1
737 1189 1
739 1200 1
740 1213 1
743 1227 1
744 1239 1
747 1252 1
749 1263 1
752 1275 1
756 1285 1
761 1294 1
764 1302 1
767 1309 1
770 1314 1
771 1318 1
773 1321 1
774 1324 1
778 1328 1
780 1330 1
782 1331 1
785 1333 1
791 1334 1
797 1332 1
804 1330 1
812 1325 1
822 1316 1
832 1305 1
841 1290 1
850 1274 1
857 1258 1
860 1242 1
865 1223 1
866 1204 1
868 1184 1
868 1162 1
869 1140 1
869 1118 1
869 1099 1
869 1080 1
868 1059 1
868 1039 1
865 1018 1
862 999 1
859 983 1
856 970 1
853 960 1
850 951 1
847 943 1
843 936 1
840 930 1
837 926 1
834 923 1
832 921 1
830 921 1
828 919 1
826 920 1
824 920 1
822 921 1
820 922 1
818 924 1
815 927 1
812 932 1
810 940 1
807 949 1
805 960 1
805 971 1
804 982 1
804 995 1
805 1008 1
805 1022 1
805 1035 1
806 1049 1
807 1062 1
809 1078 1
813 1096 1
817 1113 1
820 1128 1
823 1143 1
827 1157 1
830 1171 1
834 1185 1
839 1200 1
844 1215 1
851 1231 1
856 1247 1
860 1258 1
863 1269 1
866 1279 1
869 1289 1
872 1300 1
876 1309 1
879 1317 1
882 1323 1
885 1328 1
887 1332 1
890 1335 1
893 1337 1
898 1339 1
905 1339 1
912 1335 1
920 1330 1
928 1320 1
937 1308 1
946 1292 1
954 1274 1
960 1256 1
964 1239 1
967 1219 1
968 1201 1
969 1182 1
968 1161 1
968 1139 1
967 1118 1
966 1096 1
966 1076 1
966 1057 1
967 1040 1
967 1022 1
967 1005 1
965 989 1
962 974 1
959 960 1
956 947 1
953 934 1
951 926 1
948 918 1
946 914 1
943 909 1
942 908 1
940 905 1
939 905 1
940 904 1
940 904 1
940 904 1
940 904 1
939 904 1
937 904 1
936 904 1
932 907 1
929 910 1
926 914 1
923 919 1
919 927 1
916 939 1
915 954 1
912 969 1
911 984 1
912 999 1
913 1013 1
915 1028 1
918 1041 1
921 1055 1
924 1071 1
929 1087 1
933 1104 1
937 1120 1
941 1134 1
945 1149 1
950 1165 1
955 1180 1
960 1194 1
965 1208 1
971 1224 1
977 1237 1
983 1252 1
991 1263 1
997 1275 1
1002 1287 1
1009 1299 1
1015 1312 1
1023 1325 1
1029 1336 1
1035 1345 1
1033 1342 0
