526 378 1
525 379 1
522 383 1
519 391 1
514 402 1
504 422 1
495 444 1
480 471 1
467 501 1
451 534 1
428 586 1
412 622 1
398 659 1
385 695 1
373 731 1
361 772 1
349 814 1
339 855 1
331 897 1
323 938 1
319 980 1
316 1019 1
315 1057 1
315 1096 1
315 1132 1
317 1166 1
323 1196 1
331 1223 1
339 1249 1
348 1271 1
358 1290 1
369 1309 1
381 1324 1
393 1336 1
406 1347 1
422 1355 1
441 1362 1
462 1366 1
483 1369 1
505 1369 1
528 1368 1
552 1364 1
576 1353 1
604 1333 1
630 1314 1
654 1289 1
677 1263 1
699 1234 1
721 1197 1
742 1158 1
760 1114 1
779 1067 1
797 1017 1
815 964 1
832 908 1
845 853 1
856 800 1
864 751 1
870 706 1
874 662 1
877 620 1
878 578 1
878 538 1
875 506 1
870 478 1
863 453 1
857 433 1
850 414 1
844 397 1
837 382 1
829 367 1
819 354 1
808 341 1
799 330 1
788 320 1
777 310 1
763 304 1
749 298 1
732 294 1
712 289 1
691 287 1
668 285 1
646 285 1
625 286 1
606 287 1
586 290 1
571 300 1
557 312 1
542 329 1
528 350 1
514 377 1
501 405 1
490 435 1
480 463 1
467 506 1
454 548 1
444 586 1
432 623 1
423 656 1
414 689 1
406 722 1
398 755 1
391 790 1
386 827 1
378 867 1
372 904 1
367 941 1
361 976 1
357 1010 1
353 1039 1
350 1069 1
348 1095 1
346 1121 1
347 1146 1
347 1169 1
350 1190 1
354 1208 1
358 1225 1
364 1244 1
371 1261 1
379 1278 1
389 1294 1
401 1308 1
415 1322 1
433 1333 1
451 1342 1
472 1347 1
493 1351 1
516 1352 1
541 1348 1
565 1340 1
590 1329 1
614 1317 1
638 1304 1
661 1289 1
684 1274 1
707 1253 1
730 1230 1
753 1203 1
772 1172 1
791 1139 1
808 1102 1
824 1060 1
839 1011 1
851 958 1
861 907 1
868 860 1
872 817 1
874 775 1
875 735 1
877 696 1
879 659 1
881 622 1
883 589 1
884 555 1
886 524 1
886 496 1
884 469 1
882 445 1
878 425 1
873 407 1
868 390 1
862 375 1
855 361 1
849 351 1
839 340 1
827 329 1
814 320 1
798 311 1
778 305 1
756 300 1
732 296 1
704 293 1
678 291 1
654 292 1
631 293 1
613 297 1
593 303 1
574 313 1
557 325 1
539 341 1
523 361 1
505 385 1
488 412 1
472 442 1
456 473 1
440 509 1
427 545 1
414 579 1
404 616 1
396 651 1
388 687 1
383 725 1
377 762 1
373 801 1
370 838 1
366 877 1
364 914 1
361 950 1
359 982 1
357 1012 1
356 1039 1
358 1063 1
360 1086 1
363 1107 1
366 1126 1
370 1145 1
375 1165 1
379 1185 1
385 1203 1
391 1223 1
396 1242 1
403 1257 1
409 1272 1
415 1282 1
422 1292 1
429 1300 1
439 1307 1
450 1313 1
465 1315 1
482 1316 1
500 1316 1
518 1313 1
537 1309 1
557 1305 1
577 1301 1
596 1297 1
616 1289 1
637 1278 1
657 1265 1
679 1250 1
700 1231 1
721 1208 1
742 1182 1
761 1152 1
780 1117 1
798 1081 1
813 1038 1
830 992 1
846 942 1
859 894 1
870 846 1
876 808 1
880 769 1
882 732 1
883 691 1
883 646 1
882 605 1
879 569 1
877 539 1
873 512 1
869 488 1
863 466 1
857 444 1
851 428 1
844 415 1
837 404 1
829 395 1
821 388 1
811 383 1
800 377 1
787 375 1
772 372 1
756 372 1
737 373 1
716 377 1
694 381 1
671 389 1
646 400 1
621 414 1
595 431 1
568 451 1
543 474 1
520 497 1
497 525 1
473 559 1
451 595 1
433 631 1
417 668 1
404 704 1
393 741 1
384 779 1
377 812 1
371 846 1
366 879 1
362 914 1
357 950 1
356 982 1
353 1011 1
352 1040 1
353 1067 1
354 1094 1
356 1122 1
359 1149 1
362 1172 1
365 1195 1
370 1214 1
376 1232 1
382 1250 1
389 1267 1
396 1283 1
405 1300 1
412 1314 1
421 1327 1
430 1336 1
438 1344 1
450 1350 1
462 1354 1
476 1357 1
493 1356 1
511 1352 1
529 1347 1
547 1338 1
565 1328 1
584 1315 1
606 1297 1
630 1275 1
658 1242 1
687 1204 1
715 1166 1
741 1128 1
765 1095 1
787 1063 1
808 1029 1
827 991 1
844 948 1
860 900 1
870 853 1
879 804 1
883 757 1
887 709 1
889 661 1
890 616 1
888 570 1
885 531 1
882 497 1
877 467 1
871 444 1
865 424 1
857 408 1
849 394 1
839 382 1
828 375 1
816 368 1
804 363 1
790 358 1
773 355 1
756 355 1
737 355 1
716 356 1
693 361 1
670 367 1
649 376 1
625 386 1
602 401 1
576 421 1
550 445 1
523 474 1
497 506 1
472 541 1
450 577 1
431 615 1
415 649 1
402 682 1
391 715 1
382 748 1
374 780 1
368 810 1
362 840 1
358 871 1
356 903 1
354 936 1
353 968 1
353 999 1
353 1030 1
354 1061 1
355 1091 1
356 1122 1
358 1151 1
360 1178 1
364 1203 1
368 1225 1
374 1246 1
380 1264 1
385 1280 1
393 1295 1
401 1309 1
409 1320 1
420 1331 1
431 1341 1
444 1348 1
457 1354 1
474 1358 1
491 1360 1
509 1360 1
529 1354 1
550 1347 1
572 1335 1
594 1324 1
617 1310 1
641 1292 1
667 1271 1
694 1245 1
723 1215 1
752 1181 1
776 1145 1
800 1105 1
822 1063 1
842 1019 1
858 974 1
870 927 1
882 882 1
888 837 1
893 790 1
895 741 1
896 694 1
896 645 1
894 600 1
892 557 1
891 516 1
889 483 1
885 453 1
880 429 1
873 409 1
866 394 1
857 384 1
848 374 1
835 364 1
821 355 1
804 344 1
783 334 1
763 324 1
743 316 1
725 310 1
705 306 1
687 306 1
667 306 1
649 309 1
629 317 1
608 328 1
588 345 1
566 368 1
543 398 1
518 432 1
494 471 1
473 511 1
454 551 1
439 585 1
425 618 1
414 647 1
405 675 1
397 701 1
389 727 1
382 755 1
375 782 1
369 809 1
362 837 1
357 865 1
351 893 1
346 922 1
342 949 1
338 974 1
336 998 1
333 1025 1
331 1048 1
332 1071 1
334 1094 1
337 1118 1
342 1143 1
347 1167 1
351 1188 1
356 1208 1
360 1226 1
368 1243 1
375 1259 1
382 1274 1
389 1288 1
399 1303 1
410 1317 1
422 1329 1
436 1339 1
451 1347 1
470 1352 1
492 1355 1
514 1356 1
537 1351 1
558 1343 1
579 1332 1
602 1317 1
625 1301 1
649 1279 1
675 1253 1
701 1224 1
726 1190 1
752 1153 1
778 1115 1
801 1079 1
825 1043 1
845 1008 1
864 973 1
877 940 1
890 907 1
900 874 1
905 840 1
909 805 1
911 773 1
912 743 1
910 712 1
907 673 1
901 631 1
894 583 1
886 535 1
876 485 1
867 441 1
857 402 1
847 375 1
835 352 1
822 334 1
807 322 1
791 311 1
776 302 1
760 295 1
743 290 1
724 287 1
704 285 1
684 288 1
662 294 1
638 303 1
612 320 1
585 343 1
559 369 1
533 398 1
508 430 1
485 463 1
465 498 1
449 534 1
435 568 1
422 603 1
414 636 1
406 668 1
398 698 1
391 728 1
384 757 1
377 784 1
370 813 1
364 839 1
358 865 1
353 893 1
350 919 1
347 944 1
346 967 1
346 989 1
346 1010 1
347 1031 1
350 1053 1
354 1077 1
358 1101 1
362 1123 1
367 1146 1
371 1166 1
375 1184 1
380 1200 1
385 1215 1
390 1229 1
395 1242 1
401 1252 1
407 1262 1
412 1270 1
420 1279 1
428 1287 1
439 1296 1
451 1306 1
464 1316 1
478 1322 1
492 1328 1
508 1330 1
525 1331 1
545 1329 1
566 1323 1
588 1316 1
610 1307 1
632 1296 1
656 1282 1
680 1264 1
706 1241 1
733 1211 1
760 1177 1
787 1136 1
810 1092 1
831 1046 1
847 1003 1
860 963 1
870 925 1
877 889 1
882 853 1
886 811 1
891 767 1
892 718 1
893 671 1
891 628 1
888 592 1
883 559 1
877 529 1
867 502 1
857 476 1
846 453 1
835 431 1
823 411 1
811 393 1
800 378 1
788 368 1
774 358 1
760 351 1
745 346 1
729 341 1
711 339 1
693 339 1
674 342 1
654 349 1
635 358 1
614 371 1
593 389 1
572 410 1
550 436 1
528 466 1
506 501 1
485 540 1
465 581 1
450 621 1
437 660 1
426 694 1
417 726 1
409 758 1
404 786 1
399 812 1
395 840 1
394 866 1
391 894 1
389 922 1
387 947 1
384 974 1
383 996 1
381 1018 1
380 1037 1
380 1054 1
380 1073 1
380 1091 1
381 1110 1
381 1127 1
382 1148 1
383 1166 1
385 1184 1
387 1199 1
390 1213 1
392 1228 1
397 1242 1
401 1254 1
406 1266 1
410 1277 1
417 1288 1
426 1299 1
434 1309 1
442 1316 1
453 1322 1
464 1325 1
477 1327 1
491 1324 1
508 1320 1
527 1315 1
549 1304 1
573 1291 1
599 1273 1
626 1253 1
653 1231 1
678 1206 1
701 1180 1
722 1154 1
742 1125 1
761 1093 1
777 1058 1
792 1019 1
803 984 1
812 951 1
821 916 1
829 879 1
838 837 1
845 788 1
848 738 1
850 691 1
850 650 1
848 611 1
847 578 1
845 544 1
840 509 1
834 476 1
826 445 1
817 418 1
806 391 1
795 369 1
782 347 1
770 328 1
757 315 1
745 305 1
731 298 1
716 294 1
699 291 1
680 293 1
660 299 1
636 313 1
612 330 1
587 354 1
563 380 1
537 409 1
514 440 1
492 472 1
470 504 1
454 538 1
438 571 1
425 603 1
414 634 1
404 664 1
397 693 1
390 723 1
385 752 1
381 783 1
378 815 1
375 847 1
373 880 1
372 913 1
371 945 1
371 977 1
370 1007 1
371 1036 1
372 1063 1
375 1090 1
379 1116 1
384 1141 1
390 1165 1
395 1188 1
401 1207 1
406 1225 1
413 1242 1
419 1257 1
426 1270 1
433 1281 1
441 1291 1
448 1299 1
458 1304 1
468 1310 1
480 1310 1
496 1309 1
514 1305 1
540 1294 1
568 1279 1
598 1258 1
628 1235 1
657 1208 1
683 1182 1
707 1156 1
728 1131 1
748 1105 1
766 1078 1
782 1045 1
797 1010 1
808 975 1
819 939 1
829 900 1
837 859 1
844 817 1
848 776 1
850 735 1
851 697 1
849 659 1
847 625 1
844 594 1
842 565 1
841 536 1
838 506 1
835 478 1
830 453 1
825 431 1
818 412 1
810 395 1
800 381 1
790 371 1
780 362 1
769 354 1
755 349 1
740 346 1
725 346 1
708 348 1
690 351 1
674 358 1
655 365 1
637 376 1
617 390 1
596 407 1
576 424 1
555 445 1
535 469 1
514 495 1
496 523 1
479 554 1
463 585 1
448 613 1
434 642 1
421 670 1
411 698 1
399 726 1
391 753 1
383 780 1
375 808 1
368 835 1
362 862 1
357 888 1
352 914 1
350 941 1
347 964 1
345 988 1
345 1010 1
343 1033 1
344 1054 1
345 1074 1
348 1098 1
351 1118 1
355 1139 1
357 1157 1
361 1174 1
365 1188 1
370 1202 1
376 1216 1
383 1230 1
390 1242 1
397 1255 1
405 1264 1
415 1273 1
428 1281 1
442 1288 1
460 1295 1
477 1298 1
497 1302 1
518 1303 1
539 1302 1
562 1300 1
583 1297 1
606 1291 1
627 1283 1
646 1273 1
667 1260 1
687 1246 1
706 1229 1
725 1207 1
743 1184 1
760 1157 1
774 1128 1
787 1097 1
800 1061 1
809 1026 1
820 989 1
831 950 1
842 908 1
853 867 1
862 826 1
869 787 1
873 751 1
876 717 1
878 685 1
878 657 1
878 625 1
877 596 1
875 565 1
873 532 1
872 499 1
870 467 1
869 438 1
866 411 1
862 388 1
857 372 1
851 359 1
845 349 1
837 342 1
827 335 1
816 330 1
803 326 1
788 323 1
772 323 1
755 323 1
738 325 1
722 329 1
703 336 1
683 344 1
663 354 1
642 368 1
623 384 1
606 398 1
586 419 1
568 440 1
548 465 1
529 491 1
513 517 1
497 546 1
482 575 1
469 603 1
458 632 1
447 661 1
437 689 1
428 717 1
422 746 1
415 776 1
408 803 1
401 833 1
394 863 1
389 891 1
384 918 1
380 944 1
379 969 1
377 991 1
376 1012 1
376 1034 1
374 1055 1
375 1077 1
376 1098 1
377 1116 1
380 1134 1
384 1152 1
388 1168 1
394 1184 1
400 1198 1
408 1212 1
416 1225 1
428 1239 1
440 1250 1
453 1260 1
467 1269 1
481 1277 1
496 1281 1
512 1285 1
529 1286 1
547 1285 1
570 1283 1
594 1273 1
621 1263 1
646 1251 1
670 1238 1
695 1225 1
717 1208 1
741 1189 1
765 1163 1
788 1133 1
807 1098 1
824 1060 1
837 1022 1
848 983 1
856 941 1
863 894 1
865 844 1
866 795 1
863 750 1
860 705 1
858 662 1
856 619 1
854 575 1
853 528 1
851 484 1
850 445 1
847 414 1
844 387 1
841 365 1
836 348 1
829 334 1
821 326 1
812 320 1
800 319 1
785 319 1
766 321 1
742 331 1
714 343 1
684 360 1
652 380 1
623 403 1
600 420 1
580 439 1
562 456 1
545 474 1
531 492 1
518 509 1
504 528 1
493 546 1
478 570 1
464 595 1
452 619 1
441 646 1
430 674 1
421 701 1
411 731 1
403 760 1
396 791 1
389 820 1
384 853 1
381 884 1
379 914 1
377 945 1
378 975 1
380 1005 1
385 1031 1
388 1055 1
392 1077 1
396 1097 1
402 1116 1
408 1136 1
414 1155 1
420 1174 1
427 1189 1
434 1202 1
443 1215 1
451 1226 1
462 1237 1
473 1245 1
487 1252 1
501 1257 1
517 1260 1
535 1262 1
556 1262 1
578 1260 1
601 1255 1
625 1249 1
650 1239 1
672 1229 1
700 1208 1
726 1185 1
751 1157 1
776 1121 1
799 1084 1
822 1038 1
840 991 1
856 940 1
869 889 1
877 840 1
882 795 1
887 753 1
886 714 1
884 673 1
883 631 1
877 585 1
871 539 1
866 499 1
858 461 1
851 430 1
841 404 1
831 381 1
821 366 1
808 354 1
796 347 1
779 343 1
763 341 1
741 345 1
719 352 1
694 361 1
669 375 1
645 390 1
624 407 1
603 426 1
582 447 1
560 470 1
539 494 1
519 518 1
499 544 1
480 570 1
461 598 1
443 625 1
428 653 1
414 679 1
400 704 1
389 731 1
379 758 1
370 786 1
362 813 1
357 843 1
352 873 1
349 904 1
346 935 1
344 966 1
345 997 1
345 1025 1
346 1051 1
349 1074 1
352 1098 1
354 1121 1
359 1144 1
363 1167 1
369 1186 1
375 1205 1
380 1221 1
388 1239 1
397 1255 1
404 1269 1
413 1282 1
423 1296 1
435 1309 1
448 1321 1
462 1330 1
479 1338 1
499 1344 1
524 1346 1
552 1345 1
584 1340 1
621 1329 1
652 1318 1
679 1305 1
701 1290 1
724 1272 1
744 1250 1
766 1224 1
783 1195 1
800 1164 1
817 1133 1
830 1099 1
843 1063 1
853 1030 1
863 995 1
872 961 1
878 923 1
885 889 1
889 853 1
892 816 1
892 780 1
890 740 1
885 702 1
880 669 1
875 636 1
867 608 1
858 581 1
848 555 1
838 535 1
827 515 1
816 499 1
803 485 1
792 474 1
779 465 1
766 456 1
753 449 1
739 445 1
726 440 1
713 438 1
699 438 1
684 438 1
667 439 1
651 442 1
633 448 1
615 454 1
597 464 1
576 477 1
556 491 1
539 508 1
520 528 1
505 551 1
484 583 1
466 619 1
447 658 1
431 698 1
416 739 1
406 778 1
397 816 1
390 852 1
384 887 1
379 921 1
376 954 1
374 981 1
373 1009 1
373 1034 1
373 1060 1
373 1086 1
375 1112 1
376 1137 1
378 1161 1
381 1181 1
383 1200 1
388 1217 1
392 1232 1
397 1245 1
403 1257 1
409 1268 1
416 1278 1
426 1289 1
437 1299 1
447 1311 1
460 1319 1
473 1326 1
489 1331 1
507 1337 1
526 1339 1
553 1338 1
581 1332 1
609 1320 1
638 1302 1
664 1280 1
689 1245 1
714 1209 1
738 1166 1
759 1123 1
780 1080 1
796 1035 1
811 992 1
823 948 1
833 907 1
843 869 1
854 827 1
864 784 1
874 740 1
883 696 1
890 656 1
895 621 1
898 589 1
899 563 1
900 537 1
900 513 1
896 492 1
890 472 1
881 454 1
872 437 1
861 419 1
847 402 1
834 385 1
820 370 1
806 355 1
793 343 1
779 337 1
765 331 1
752 330 1
737 331 1
722 337 1
704 347 1
685 361 1
661 382 1
636 406 1
608 433 1
579 466 1
553 497 1
529 529 1
508 559 1
489 586 1
472 614 1
456 641 1
445 666 1
435 693 1
425 718 1
416 748 1
407 777 1
399 808 1
391 838 1
383 870 1
378 904 1
374 938 1
371 973 1
369 1008 1
370 1041 1
370 1070 1
371 1098 1
374 1122 1
378 1152 1
383 1178 1
389 1204 1
394 1228 1
401 1247 1
409 1263 1
415 1275 1
423 1284 1
430 1292 1
440 1300 1
449 1305 1
462 1310 1
477 1313 1
495 1315 1
517 1312 1
542 1306 1
571 1296 1
602 1279 1
632 1260 1
660 1237 1
689 1207 1
716 1173 1
741 1136 1
763 1094 1
783 1050 1
796 998 1
808 949 1
816 901 1
823 856 1
829 810 1
832 767 1
836 726 1
838 689 1
840 655 1
840 622 1
840 586 1
840 551 1
838 517 1
835 484 1
831 458 1
825 434 1
818 413 1
810 393 1
801 376 1
793 361 1
782 350 1
771 340 1
759 335 1
744 332 1
729 333 1
710 337 1
692 344 1
671 357 1
649 372 1
627 390 1
605 411 1
583 435 1
561 460 1
540 488 1
521 516 1
503 546 1
488 576 1
472 606 1
458 637 1
444 669 1
433 699 1
423 729 1
413 757 1
404 786 1
397 814 1
391 841 1
386 868 1
382 895 1
379 922 1
377 948 1
376 971 1
376 995 1
376 1016 1
377 1041 1
379 1064 1
381 1089 1
385 1112 1
389 1134 1
394 1158 1
400 1179 1
406 1198 1
412 1215 1
419 1229 1
425 1241 1
432 1251 1
441 1260 1
449 1267 1
460 1274 1
471 1279 1
484 1284 1
497 1286 1
510 1288 1
527 1289 1
544 1290 1
564 1290 1
584 1288 1
604 1284 1
623 1280 1
641 1272 1
656 1264 1
669 1256 1
681 1247 1
693 1237 1
705 1224 1
718 1208 1
732 1190 1
745 1171 1
759 1151 1
770 1132 1
782 1112 1
792 1095 1
802 1078 1
811 1062 1
819 1047 1
826 1031 1
834 1016 1
841 1000 1
848 984 1
854 968 1
860 949 1
866 931 1
871 912 1
875 894 1
879 876 1
882 859 1
886 845 1
888 831 1
889 817 1
890 804 1
892 791 1
892 778 1
892 766 1
891 753 1
891 737 1
889 724 1
890 709 1
888 695 1
888 680 1
887 665 1
887 648 1
886 631 1
884 614 1
882 596 1
880 579 1
877 562 1
873 544 1
869 526 1
864 509 1
858 488 1
851 468 1
845 453 1
840 440 1
835 428 1
830 417 1
823 406 1
817 394 1
810 383 1
803 373 1
795 364 1
788 357 1
780 351 1
772 346 1
762 342 1
752 340 1
741 338 1
729 339 1
717 341 1
703 344 1
688 349 1
674 356 1
659 363 1
645 373 1
631 383 1
618 394 1
605 407 1
594 418 1
582 431 1
570 445 1
558 459 1
546 473 1
535 489 1
525 504 1
515 519 1
506 536 1
498 553 1
490 570 1
482 588 1
475 605 1
468 621 1
462 638 1
457 653 1
451 671 1
445 687 1
441 703 1
435 720 1
431 737 1
426 753 1
422 770 1
417 787 1
414 803 1
410 820 1
408 837 1
405 855 1
402 872 1
399 889 1
397 907 1
395 924 1
392 943 1
392 960 1
392 977 1
392 994 1
392 1010 1
392 1026 1
393 1042 1
393 1058 1
394 1073 1
396 1090 1
399 1106 1
402 1121 1
405 1136 1
408 1151 1
412 1166 1
416 1179 1
419 1191 1
423 1204 1
429 1217 1
434 1231 1
440 1245 1
446 1257 1
451 1268 1
457 1278 1
463 1290 1
468 1300 1
475 1309 1
481 1318 1
487 1324 1
493 1329 1
499 1334 1
504 1336 1
513 1339 1
523 1341 1
534 1342 1
548 1343 1
563 1340 1
581 1335 1
599 1328 1
619 1320 1
636 1310 1
651 1300 1
665 1287 1
678 1276 1
691 1263 1
703 1249 1
716 1233 1
729 1215 1
741 1198 1
753 1180 1
764 1160 1
776 1141 1
786 1121 1
795 1102 1
805 1081 1
813 1062 1
823 1039 1
830 1015 1
838 991 1
843 968 1
849 947 1
853 926 1
856 909 1
859 893 1
861 878 1
864 865 1
865 853 1
867 838 1
870 822 1
872 804 1
875 783 1
876 764 1
877 744 1
877 725 1
877 707 1
876 692 1
874 676 1
874 664 1
872 652 1
871 639 1
870 626 1
867 613 1
865 601 1
863 589 1
861 577 1
858 564 1
855 552 1
852 540 1
849 530 1
847 519 1
843 509 1
840 499 1
836 490 1
832 480 1
828 470 1
823 460 1
819 450 1
813 441 1
808 431 1
804 421 1
799 414 1
794 407 1
790 400 1
783 393 1
778 388 1
768 382 1
760 376 1
749 373 1
738 371 1
729 369 1
717 369 1
704 370 1
693 372 1
680 376 1
670 380 1
656 386 1
644 393 1
631 401 1
619 409 1
606 417 1
594 427 1
583 435 1
572 447 1
561 458 1
550 471 1
540 482 1
532 495 1
523 506 1
514 520 1
506 534 1
498 549 1
491 564 1
484 579 1
477 596 1
470 613 1
463 631 1
458 651 1
452 670 1
447 688 1
443 705 1
439 721 1
436 738 1
432 755 1
429 771 1
425 788 1
423 805 1
420 823 1
417 840 1
416 858 1
414 875 1
412 894 1
410 911 1
409 928 1
409 946 1
407 962 1
407 977 1
407 992 1
407 1007 1
407 1023 1
407 1039 1
407 1054 1
407 1069 1
407 1084 1
407 1099 1
408 1114 1
409 1129 1
411 1143 1
414 1157 1
414 1172 1
417 1184 1
419 1197 1
422 1210 1
424 1223 1
427 1236 1
430 1247 1
434 1256 1
437 1264 1
441 1272 1
444 1279 1
448 1285 1
453 1292 1
458 1298 1
463 1303 1
472 1308 1
480 1311 1
490 1314 1
500 1316 1
509 1316 1
521 1315 1
533 1313 1
547 1311 1
563 1306 1
578 1302 1
596 1297 1
613 1290 1
631 1281 1
648 1271 1
665 1258 1
682 1241 1
698 1223 1
716 1202 1
733 1174 1
748 1145 1
764 1115 1
777 1085 1
788 1053 1
799 1017 1
810 977 1
820 941 1
828 907 1
835 876 1
841 848 1
846 821 1
850 796 1
853 768 1
855 743 1
856 719 1
857 698 1
857 681 1
858 663 1
857 644 1
857 625 1
855 604 1
853 583 1
851 562 1
848 544 1
844 526 1
840 509 1
835 493 1
830 478 1
824 463 1
817 447 1
810 433 1
803 423 1
798 413 1
791 405 1
785 398 1
780 393 1
772 387 1
764 383 1
757 379 1
748 376 1
739 373 1
730 372 1
720 370 1
710 371 1
699 372 1
689 374 1
677 377 1
666 381 1
656 387 1
643 393 1
632 400 1
620 407 1
610 415 1
599 422 1
588 430 1
578 439 1
568 448 1
559 459 1
551 468 1
540 480 1
531 490 1
523 501 1
515 513 1
507 525 1
498 539 1
490 553 1
483 565 1
476 578 1
469 592 1
462 606 1
455 620 1
448 635 1
442 650 1
437 664 1
431 679 1
427 694 1
421 711 1
415 729 1
410 747 1
403 767 1
396 788 1
390 808 1
384 831 1
379 853 1
375 875 1
372 895 1
370 918 1
367 940 1
368 961 1
366 982 1
364 1006 1
365 1029 1
365 1051 1
366 1074 1
367 1096 1
370 1116 1
373 1135 1
377 1155 1
381 1173 1
386 1189 1
390 1203 1
396 1218 1
403 1232 1
408 1246 1
416 1258 1
423 1269 1
431 1279 1
440 1289 1
448 1297 1
458 1306 1
468 1315 1
478 1320 1
487 1324 1
494 1327 1
502 1328 1
512 1326 1
522 1324 1
536 1318 1
550 1313 1
568 1303 1
587 1292 1
607 1276 1
627 1261 1
645 1244 1
663 1227 1
681 1207 1
696 1189 1
711 1171 1
725 1153 1
739 1133 1
752 1112 1
765 1089 1
778 1065 1
789 1044 1
799 1022 1
808 1003 1
816 983 1
824 966 1
831 947 1
836 930 1
842 912 1
846 892 1
852 870 1
856 846 1
861 817 1
865 787 1
868 755 1
872 724 1
874 696 1
874 672 1
874 649 1
872 626 1
869 601 1
865 577 1
862 555 1
858 537 1
852 521 1
847 507 1
842 494 1
839 484 1
841 489 0
