552 857 1
552 857 1
552 857 1
552 857 1
552 857 1
552 857 1
552 857 1
552 857 1
552 857 1
552 857 1
553 858 1
554 863 1
556 868 1
556 875 1
556 881 1
554 886 1
553 889 1
550 892 1
547 892 1
544 891 1
538 888 1
533 884 1
529 879 1
527 874 1
525 867 1
523 861 1
524 856 1
526 852 1
529 850 1
533 849 1
540 849 1
549 850 1
559 854 1
569 856 1
578 862 1
586 868 1
593 875 1
599 881 1
603 888 1
604 894 1
606 899 1
605 906 1
603 912 1
599 917 1
592 922 1
583 926 1
571 929 1
557 930 1
542 929 1
527 924 1
513 918 1
501 910 1
491 898 1
484 885 1
478 873 1
475 862 1
473 852 1
474 842 1
478 834 1
483 826 1
489 819 1
496 814 1
505 808 1
514 803 1
524 801 1
533 799 1
546 798 1
558 799 1
570 800 1
583 802 1
594 805 1
607 809 1
617 814 1
627 821 1
636 827 1
643 834 1
648 841 1
652 849 1
656 856 1
659 864 1
662 874 1
662 882 1
662 893 1
660 903 1
658 910 1
656 918 1
652 925 1
649 931 1
644 936 1
640 942 1
634 947 1
627 953 1
620 957 1
613 961 1
603 965 1
592 966 1
581 968 1
567 967 1
554 965 1
538 961 1
523 957 1
509 950 1
496 943 1
484 933 1
474 923 1
465 914 1
458 903 1
452 891 1
448 879 1
445 866 1
444 854 1
444 843 1
445 833 1
448 823 1
451 813 1
457 804 1
464 795 1
471 785 1
481 776 1
492 766 1
502 759 1
513 753 1
524 748 1
536 743 1
548 739 1
559 736 1
569 734 1
578 733 1
587 733 1
594 733 1
603 734 1
610 736 1
617 737 1
624 740 1
632 744 1
638 748 1
645 753 1
650 757 1
657 762 1
662 767 1
669 772 1
675 778 1
680 783 1
687 788 1
692 793 1
697 799 1
701 806 1
706 813 1
709 822 1
713 831 1
716 840 1
717 850 1
719 861 1
720 873 1
720 885 1
718 896 1
717 906 1
715 917 1
712 926 1
709 934 1
705 943 1
702 951 1
699 958 1
694 964 1
689 970 1
684 977 1
675 981 1
667 987 1
657 992 1
646 996 1
633 1000 1
622 1002 1
609 1005 1
598 1006 1
585 1008 1
573 1008 1
563 1007 1
552 1007 1
541 1004 1
531 1001 1
522 999 1
512 994 1
502 989 1
493 983 1
484 977 1
476 972 1
467 965 1
459 960 1
451 953 1
444 946 1
436 937 1
430 931 1
424 923 1
419 913 1
414 903 1
408 893 1
405 883 1
402 873 1
400 863 1
399 852 1
397 842 1
398 831 1
399 821 1
400 810 1
404 798 1
410 785 1
415 774 1
421 763 1
426 753 1
433 744 1
440 736 1
447 727 1
455 717 1
463 710 1
470 702 1
477 696 1
484 691 1
492 685 1
500 681 1
507 678 1
516 674 1
523 672 1
530 670 1
538 668 1
546 667 1
555 665 1
565 665 1
573 664 1
583 665 1
593 665 1
602 666 1
611 667 1
620 668 1
629 670 1
637 673 1
644 676 1
651 679 1
660 683 1
667 687 1
674 691 1
681 696 1
689 701 1
696 707 1
704 712 1
710 718 1
719 723 1
725 730 1
731 737 1
737 744 1
744 753 1
750 762 1
756 770 1
762 779 1
768 789 1
774 799 1
779 808 1
785 820 1
788 831 1
791 843 1
794 855 1
796 866 1
797 879 1
798 891 1
798 904 1
796 917 1
794 930 1
790 945 1
785 958 1
779 970 1
773 981 1
766 992 1
759 1002 1
750 1013 1
740 1023 1
729 1033 1
719 1041 1
708 1048 1
696 1054 1
685 1060 1
674 1065 1
662 1068 1
650 1071 1
637 1072 1
623 1074 1
611 1074 1
598 1074 1
585 1072 1
572 1071 1
559 1068 1
546 1064 1
532 1060 1
520 1056 1
509 1051 1
496 1045 1
483 1038 1
472 1031 1
459 1024 1
447 1015 1
437 1006 1
428 998 1
418 988 1
410 980 1
402 969 1
394 959 1
386 946 1
379 933 1
372 921 1
368 909 1
363 897 1
360 885 1
357 873 1
355 862 1
353 851 1
351 840 1
352 831 1
351 819 1
351 808 1
352 796 1
354 783 1
357 774 1
360 763 1
364 753 1
369 743 1
375 732 1
382 721 1
390 709 1
397 698 1
405 689 1
414 679 1
424 671 1
434 661 1
445 653 1
455 643 1
466 636 1
477 629 1
490 623 1
501 619 1
513 613 1
524 609 1
534 605 1
544 603 1
552 601 1
561 599 1
571 597 1
579 596 1
589 595 1
598 595 1
607 594 1
617 594 1
626 595 1
635 596 1
645 598 1
654 600 1
662 603 1
671 606 1
681 610 1
689 614 1
700 620 1
708 625 1
717 631 1
726 636 1
734 642 1
745 648 1
754 655 1
763 664 1
771 670 1
778 677 1
783 684 1
790 691 1
795 698 1
801 705 1
807 712 1
812 718 1
816 725 1
820 732 1
824 740 1
828 748 1
831 756 1
835 764 1
838 773 1
842 782 1
845 790 1
848 798 1
850 806 1
851 814 1
853 821 1
855 829 1
855 837 1
857 847 1
857 856 1
858 868 1
858 880 1
857 891 1
857 902 1
855 911 1
856 922 1
854 933 1
854 945 1
853 957 1
851 969 1
849 980 1
847 990 1
845 1001 1
843 1011 1
840 1023 1
836 1034 1
832 1043 1
829 1050 1
825 1057 1
819 1063 1
814 1070 1
808 1075 1
800 1082 1
788 1090 1
777 1097 1
766 1103 1
754 1109 1
741 1115 1
729 1119 1
716 1124 1
705 1127 1
692 1130 1
682 1133 1
670 1133 1
659 1135 1
647 1135 1
635 1135 1
623 1135 1
611 1133 1
599 1131 1
584 1128 1
569 1125 1
552 1121 1
534 1117 1
516 1112 1
500 1106 1
483 1099 1
468 1092 1
452 1085 1
438 1077 1
424 1069 1
412 1060 1
400 1051 1
389 1042 1
379 1032 1
371 1023 1
363 1013 1
355 1003 1
347 993 1
340 982 1
333 971 1
328 959 1
322 947 1
317 934 1
311 922 1
307 909 1
303 897 1
300 883 1
297 871 1
295 859 1
293 847 1
292 837 1
290 826 1
291 815 1
292 804 1
293 794 1
295 783 1
297 773 1
300 764 1
302 755 1
307 745 1
311 733 1
315 722 1
321 712 1
325 700 1
330 690 1
335 681 1
340 671 1
346 662 1
352 651 1
359 641 1
367 631 1
374 623 1
381 615 1
389 608 1
398 601 1
407 595 1
417 588 1
426 583 1
437 576 1
447 569 1
458 564 1
469 560 1
480 556 1
491 554 1
502 551 1
512 549 1
523 547 1
534 546 1
546 545 1
559 545 1
570 544 1
582 544 1
592 544 1
602 545 1
614 546 1
625 547 1
636 549 1
648 551 1
659 553 1
669 555 1
678 558 1
689 561 1
699 564 1
709 567 1
719 571 1
728 574 1
736 577 1
744 581 1
754 586 1
762 590 1
771 595 1
780 599 1
787 604 1
795 610 1
802 615 1
809 621 1
816 626 1
823 632 1
829 638 1
835 643 1
842 650 1
848 656 1
854 663 1
859 671 1
866 680 1
872 689 1
877 699 1
884 708 1
889 717 1
896 729 1
901 739 1
906 750 1
910 761 1
914 772 1
919 782 1
922 794 1
925 804 1
927 815 1
928 825 1
930 837 1
931 850 1
932 861 1
933 874 1
933 887 1
931 898 1
932 912 1
930 924 1
929 939 1
928 951 1
925 966 1
922 978 1
918 991 1
915 1003 1
909 1016 1
904 1030 1
898 1042 1
890 1055 1
884 1067 1
876 1079 1
866 1090 1
857 1102 1
847 1113 1
838 1122 1
829 1130 1
819 1138 1
812 1143 1
804 1149 1
797 1155 1
789 1159 1
782 1163 1
775 1167 1
767 1170 1
760 1174 1
752 1176 1
744 1179 1
735 1181 1
727 1183 1
719 1184 1
710 1185 1
703 1187 1
694 1188 1
684 1189 1
676 1189 1
665 1188 1
654 1186 1
642 1186 1
630 1185 1
617 1183 1
605 1181 1
593 1178 1
581 1176 1
566 1172 1
553 1169 1
540 1165 1
526 1161 1
514 1157 1
501 1154 1
488 1149 1
476 1145 1
464 1140 1
452 1135 1
441 1129 1
430 1123 1
419 1116 1
409 1110 1
398 1103 1
388 1097 1
380 1090 1
370 1083 1
361 1075 1
350 1065 1
341 1055 1
331 1045 1
322 1036 1
314 1027 1
306 1017 1
299 1008 1
292 997 1
285 985 1
278 974 1
273 963 1
266 952 1
261 941 1
257 929 1
253 917 1
250 904 1
246 891 1
243 877 1
241 864 1
239 849 1
237 835 1
236 822 1
234 807 1
234 792 1
234 779 1
235 765 1
236 752 1
239 740 1
240 728 1
243 715 1
246 703 1
250 693 1
254 684 1
258 674 1
263 665 1
269 655 1
273 646 1
279 637 1
285 629 1
291 620 1
298 613 1
305 605 1
312 597 1
319 590 1
327 583 1
334 576 1
343 569 1
351 563 1
359 558 1
368 552 1
376 548 1
384 543 1
392 539 1
400 537 1
409 533 1
421 529 1
432 525 1
444 522 1
455 520 1
467 518 1
479 515 1
490 513 1
501 511 1
512 510 1
523 509 1
535 507 1
546 506 1
557 506 1
567 504 1
577 504 1
587 504 1
597 504 1
607 504 1
617 504 1
625 504 1
634 504 1
643 504 1
653 505 1
661 506 1
669 507 1
678 508 1
687 509 1
696 511 1
705 513 1
714 514 1
723 517 1
732 519 1
742 522 1
750 523 1
760 526 1
769 530 1
779 533 1
789 538 1
797 542 1
807 547 1
816 551 1
824 556 1
833 562 1
840 566 1
848 572 1
855 576 1
863 582 1
869 587 1
878 593 1
885 601 1
892 608 1
897 614 1
904 621 1
913 630 1
919 637 1
926 646 1
932 654 1
939 665 1
946 675 1
952 686 1
959 697 1
965 708 1
969 717 1
975 729 1
979 739 1
982 750 1
986 761 1
990 772 1
992 783 1
996 794 1
998 805 1
1000 817 1
1002 829 1
1003 840 1
1004 852 1
1005 865 1
1006 878 1
1006 892 1
1004 906 1
1004 919 1
1001 932 1
999 946 1
995 960 1
993 973 1
988 986 1
984 999 1
977 1015 1
971 1029 1
966 1044 1
959 1055 1
953 1066 1
947 1078 1
940 1089 1
935 1101 1
927 1111 1
920 1122 1
913 1132 1
905 1142 1
898 1152 1
890 1162 1
883 1171 1
876 1179 1
870 1186 1
865 1193 1
860 1197 1
855 1202 1
849 1206 1
843 1212 1
836 1217 1
829 1223 1
820 1228 1
812 1233 1
803 1238 1
795 1242 1
787 1245 1
778 1248 1
771 1251 1
763 1253 1
754 1255 1
746 1256 1
737 1258 1
731 1259 1
722 1260 1
713 1261 1
705 1261 1
697 1261 1
689 1261 1
678 1260 1
668 1258 1
659 1256 1
648 1254 1
635 1252 1
624 1250 1
611 1246 1
598 1242 1
584 1239 1
571 1235 1
558 1231 1
544 1227 1
531 1222 1
517 1217 1
505 1212 1
491 1206 1
478 1199 1
465 1191 1
449 1182 1
434 1173 1
419 1165 1
405 1156 1
392 1148 1
377 1136 1
365 1126 1
351 1116 1
338 1105 1
325 1095 1
312 1084 1
300 1073 1
289 1061 1
278 1049 1
267 1038 1
257 1027 1
247 1015 1
239 1005 1
232 994 1
225 982 1
220 970 1
215 959 1
210 947 1
205 934 1
200 920 1
195 905 1
191 891 1
188 877 1
186 864 1
183 851 1
180 837 1
178 822 1
177 810 1
176 793 1
176 779 1
176 766 1
176 753 1
177 740 1
177 726 1
179 713 1
182 702 1
185 691 1
188 681 1
191 673 1
194 663 1
199 655 1
203 647 1
207 639 1
212 632 1
216 625 1
221 619 1
226 612 1
232 607 1
238 599 1
245 592 1
252 585 1
259 578 1
266 571 1
273 564 1
281 558 1
288 552 1
296 546 1
304 541 1
312 535 1
320 529 1
329 524 1
337 519 1
345 514 1
355 508 1
363 502 1
373 497 1
383 492 1
392 487 1
402 482 1
410 478 1
419 474 1
427 471 1
437 469 1
446 465 1
456 462 1
464 459 1
473 457 1
483 455 1
493 453 1
504 451 1
514 450 1
523 448 1
533 447 1
542 446 1
551 444 1
561 444 1
570 442 1
580 443 1
591 442 1
602 442 1
613 442 1
624 442 1
633 442 1
644 442 1
654 443 1
664 443 1
674 444 1
683 445 1
692 445 1
701 447 1
711 448 1
721 450 1
729 451 1
739 452 1
749 455 1
760 457 1
771 460 1
781 463 1
789 465 1
799 468 1
807 472 1
817 475 1
825 479 1
834 483 1
842 487 1
850 491 1
859 495 1
866 499 1
875 503 1
881 507 1
888 510 1
895 514 1
902 518 1
908 522 1
915 527 1
922 532 1
927 537 1
933 543 1
938 548 1
943 554 1
948 559 1
952 563 1
956 567 1
960 572 1
965 578 1
968 583 1
972 588 1
976 594 1
978 599 1
983 606 1
985 612 1
989 618 1
992 624 1
994 629 1
997 635 1
1000 641 1
1002 647 1
1005 654 1
1006 662 1
1008 671 1
1010 679 1
1013 687 1
1014 694 1
1015 701 1
1017 707 1
1018 716 1
1020 725 1
1021 734 1
1022 744 1
1023 754 1
1024 761 1
1026 770 1
1026 778 1
1027 787 1
1028 796 1
1028 805 1
1029 815 1
1030 824 1
1030 833 1
1030 841 1
1030 849 1
1031 859 1
1032 870 1
1032 881 1
1033 891 1
1033 900 1
1033 907 1
1034 915 1
1034 922 1
1034 930 1
1033 940 1
1033 949 1
1032 959 1
1032 967 1
1030 976 1
1030 982 1
1030 989 1
1029 997 1
1027 1005 1
1028 1015 1
1027 1026 1
1025 1034 1
1025 1043 1
1025 1051 1
1023 1058 1
1022 1066 1
1020 1076 1
1018 1085 1
1016 1095 1
1014 1105 1
1010 1115 1
1007 1124 1
1003 1133 1
999 1143 1
995 1153 1
990 1163 1
986 1173 1
981 1181 1
976 1190 1
974 1197 1
969 1204 1
964 1209 1
960 1217 1
954 1224 1
949 1229 1
944 1236 1
939 1242 1
933 1249 1
926 1254 1
919 1260 1
910 1266 1
902 1271 1
892 1277 1
880 1282 1
869 1288 1
855 1292 1
842 1297 1
829 1301 1
815 1303 1
801 1306 1
788 1309 1
775 1311 1
762 1312 1
747 1313 1
735 1314 1
721 1314 1
708 1315 1
695 1315 1
684 1315 1
674 1313 1
663 1313 1
652 1313 1
642 1311 1
631 1311 1
621 1309 1
609 1308 1
599 1308 1
588 1306 1
580 1306 1
571 1306 1
563 1305 1
557 1303 1
552 1304 1
547 1303 1
543 1303 1
539 1302 1
536 1302 1
532 1300 1
534 1301 0
