67 1404 1
67 1404 1
67 1404 1
67 1404 1
67 1403 1
68 1398 1
73 1389 1
82 1374 1
97 1348 1
117 1314 1
142 1274 1
172 1227 1
221 1148 1
236 1113 1
249 1076 1
260 1043 1
265 1009 1
268 976 1
267 945 1
264 923 1
256 906 1
244 899 1
230 896 1
214 899 1
195 908 1
175 925 1
157 954 1
140 986 1
128 1019 1
117 1047 1
111 1068 1
110 1077 1
112 1091 1
119 1102 1
132 1113 1
150 1124 1
175 1138 1
200 1154 1
222 1172 1
237 1190 1
253 1210 1
262 1228 1
270 1245 1
274 1259 1
274 1272 1
273 1283 1
268 1298 1
259 1313 1
245 1328 1
223 1343 1
199 1358 1
177 1367 1
158 1373 1
142 1378 1
134 1379 1
127 1380 1
123 1380 1
119 1380 1
115 1378 1
113 1379 1
111 1377 1
112 1378 0
465 1383 1
465 1382 1
465 1379 1
468 1372 1
473 1359 1
481 1340 1
491 1313 1
503 1280 1
517 1241 1
532 1200 1
560 1124 1
570 1092 1
583 1055 1
594 1024 1
600 995 1
603 972 1
600 959 1
591 950 1
575 943 1
548 945 1
518 952 1
483 969 1
451 990 1
424 1015 1
408 1037 1
396 1056 1
393 1069 1
394 1083 1
396 1097 1
417 1111 1
443 1125 1
476 1137 1
509 1149 1
542 1162 1
565 1180 1
583 1196 1
596 1212 1
601 1230 1
604 1247 1
602 1262 1
597 1277 1
586 1295 1
571 1313 1
553 1330 1
535 1341 1
519 1349 1
509 1356 1
502 1358 1
498 1360 1
499 1360 0
801 1379 1
801 1377 1
801 1376 1
803 1371 1
806 1362 1
813 1340 1
821 1312 1
831 1275 1
846 1229 1
862 1178 1
887 1098 1
900 1047 1
907 1001 1
903 965 1
894 936 1
876 918 1
854 907 1
827 903 1
795 907 1
766 918 1
739 935 1
718 953 1
704 972 1
700 988 1
700 1005 1
706 1022 1
722 1039 1
745 1057 1
779 1075 1
818 1094 1
856 1114 1
893 1133 1
923 1149 1
943 1166 1
959 1181 1
970 1196 1
973 1207 1
975 1220 1
971 1232 1
964 1248 1
946 1266 1
926 1284 1
902 1301 1
879 1314 1
858 1326 1
843 1334 1
831 1335 1
827 1336 1
831 1336 0
