1022 524 1
1022 524 1
1022 527 1
1022 532 1
1022 542 1
1022 551 1
1023 564 1
1025 579 1
1026 596 1
1028 613 1
1030 631 1
1030 649 1
1032 666 1
1032 684 1
1033 709 1
1033 725 1
1033 740 1
1031 754 1
1032 767 1
1031 778 1
1029 789 1
1028 807 1
1022 823 1
1014 835 1
1005 845 1
994 855 1
979 863 1
966 869 1
954 873 1
941 874 1
928 872 1
912 870 1
897 861 1
883 848 1
872 833 1
864 817 1
859 801 1
857 788 1
857 778 1
859 773 1
862 766 1
868 761 1
874 757 1
881 754 1
889 754 1
897 757 1
904 764 1
911 774 1
917 788 1
920 805 1
922 824 1
922 847 1
919 869 1
915 891 1
911 910 1
907 928 1
903 944 1
901 954 1
898 962 1
897 968 1
895 973 1
896 975 1
894 976 1
893 977 1
894 977 0
701 601 1
701 601 1
704 607 1
709 616 1
715 628 1
722 645 1
733 665 1
741 685 1
751 707 1
758 728 1
765 748 1
778 776 1
784 792 1
791 807 1
793 816 1
796 825 1
797 834 1
797 843 1
797 851 1
795 859 1
793 866 1
785 877 1
772 884 1
758 891 1
741 893 1
725 895 1
712 893 1
698 891 1
687 889 1
678 882 1
670 877 1
663 865 1
658 856 1
657 848 1
657 842 1
657 837 1
658 831 1
659 828 1
662 825 1
672 824 1
679 824 1
688 827 1
696 835 1
703 848 1
711 864 1
716 883 1
719 906 1
718 928 1
716 949 1
715 964 1
713 975 1
712 984 1
711 991 1
709 998 1
709 1003 1
707 1007 1
708 1010 1
707 1010 1
707 1011 1
707 1011 0
465 712 1
465 712 1
465 712 1
466 714 1
469 720 1
474 727 1
483 741 1
492 756 1
502 772 1
514 789 1
527 806 1
539 823 1
550 839 1
560 853 1
568 866 1
575 877 1
581 886 1
582 895 1
585 904 1
585 910 1
585 917 1
582 933 1
570 946 1
556 961 1
539 977 1
521 990 1
502 999 1
486 1004 1
472 1009 1
461 1009 1
448 1010 1
439 1007 1
431 1003 1
424 997 1
419 991 1
416 985 1
417 981 1
418 976 1
421 970 1
426 967 1
432 964 1
440 964 1
449 965 1
460 968 1
470 976 1
480 985 1
489 998 1
494 1017 1
499 1036 1
499 1059 1
497 1083 1
493 1103 1
488 1121 1
483 1135 1
479 1146 1
476 1153 1
475 1159 1
474 1160 1
473 1162 1
474 1161 0
188 857 1
188 857 1
191 860 1
195 866 1
206 874 1
218 885 1
231 897 1
246 909 1
260 923 1
276 937 1
291 951 1
307 967 1
330 990 1
338 998 1
342 1005 1
346 1013 1
351 1027 1
350 1039 1
349 1052 1
338 1069 1
320 1089 1
294 1111 1
268 1127 1
244 1138 1
225 1143 1
207 1147 1
189 1147 1
175 1143 1
162 1138 1
155 1130 1
149 1122 1
148 1116 1
148 1110 1
150 1106 1
154 1101 1
161 1098 1
170 1095 1
180 1093 1
191 1094 1
203 1099 1
216 1107 1
229 1118 1
241 1133 1
252 1153 1
258 1178 1
262 1204 1
262 1230 1
260 1253 1
259 1273 1
257 1288 1
255 1299 1
254 1308 1
254 1313 1
254 1313 0
