78 1439 1
78 1437 1
79 1434 1
81 1429 1
84 1422 1
88 1410 1
93 1399 1
98 1387 1
103 1373 1
109 1357 1
115 1340 1
121 1323 1
126 1304 1
130 1285 1
136 1256 1
136 1245 1
135 1231 1
135 1217 1
133 1204 1
132 1195 1
131 1189 1
128 1183 1
126 1180 1
123 1178 1
121 1177 1
114 1178 1
110 1181 1
106 1191 1
101 1203 1
99 1217 1
96 1233 1
96 1244 1
96 1254 1
97 1263 1
98 1281 1
104 1293 1
113 1308 1
123 1323 1
133 1338 1
142 1352 1
152 1366 1
161 1377 1
169 1388 1
177 1398 1
186 1406 1
195 1412 1
204 1416 1
211 1419 1
221 1421 1
230 1419 1
240 1414 1
251 1408 1
262 1398 1
270 1386 1
279 1372 1
285 1354 1
290 1337 1
294 1320 1
295 1302 1
295 1285 1
293 1267 1
289 1249 1
284 1231 1
278 1214 1
272 1202 1
267 1193 1
263 1187 1
259 1185 1
257 1185 1
253 1186 1
250 1190 1
247 1197 1
245 1205 1
244 1218 1
242 1232 1
243 1246 1
244 1261 1
245 1278 1
249 1296 1
253 1313 1
257 1329 1
263 1345 1
268 1360 1
274 1374 1
281 1386 1
286 1396 1
291 1403 1
296 1409 1
302 1413 1
307 1417 1
313 1419 1
318 1420 1
324 1422 1
330 1419 1
336 1415 1
343 1410 1
352 1400 1
360 1389 1
369 1375 1
378 1359 1
387 1340 1
394 1321 1
401 1302 1
406 1281 1
409 1263 1
410 1246 1
411 1231 1
409 1218 1
407 1208 1
404 1200 1
402 1196 1
399 1194 1
397 1192 1
395 1193 1
392 1195 1
389 1200 1
386 1205 1
383 1212 1
381 1222 1
379 1237 1
377 1250 1
378 1265 1
379 1279 1
380 1294 1
383 1310 1
388 1324 1
392 1336 1
397 1348 1
401 1360 1
406 1371 1
412 1382 1
417 1391 1
423 1398 1
427 1403 1
432 1407 1
438 1411 1
443 1412 1
449 1413 1
454 1411 1
461 1407 1
466 1402 1
472 1394 1
478 1385 1
485 1373 1
490 1357 1
494 1340 1
498 1322 1
501 1303 1
502 1285 1
501 1265 1
499 1246 1
496 1228 1
492 1213 1
491 1204 1
488 1198 1
486 1196 1
484 1196 1
483 1197 1
480 1200 1
477 1206 1
475 1215 1
473 1226 1
472 1241 1
470 1257 1
472 1275 1
475 1292 1
479 1310 1
483 1325 1
488 1338 1
493 1349 1
499 1362 1
505 1373 1
512 1382 1
518 1391 1
524 1395 1
529 1398 1
535 1400 1
541 1399 1
547 1396 1
556 1390 1
566 1383 1
575 1373 1
584 1362 1
593 1349 1
600 1336 1
607 1321 1
613 1306 1
616 1288 1
618 1271 1
619 1255 1
620 1240 1
618 1224 1
616 1211 1
614 1201 1
613 1194 1
611 1191 1
610 1189 1
609 1189 1
607 1190 1
604 1193 1
601 1197 1
597 1203 1
593 1213 1
587 1227 1
583 1243 1
580 1258 1
578 1273 1
579 1290 1
581 1305 1
585 1319 1
590 1331 1
596 1342 1
602 1353 1
609 1363 1
617 1372 1
624 1380 1
630 1387 1
636 1391 1
643 1394 1
650 1396 1
657 1397 1
666 1394 1
675 1388 1
685 1378 1
696 1366 1
707 1349 1
717 1331 1
724 1313 1
730 1294 1
733 1277 1
735 1262 1
735 1249 1
734 1240 1
731 1233 1
729 1227 1
726 1223 1
725 1221 1
722 1220 1
720 1220 1
717 1220 1
715 1221 1
711 1223 1
709 1228 1
705 1234 1
702 1242 1
700 1252 1
699 1260 1
699 1269 1
699 1279 1
700 1291 1
703 1304 1
705 1317 1
711 1329 1
716 1340 1
724 1354 1
731 1367 1
738 1380 1
744 1388 1
751 1395 1
756 1399 1
763 1403 1
768 1403 1
776 1400 1
783 1396 1
790 1388 1
798 1377 1
805 1363 1
811 1344 1
817 1323 1
819 1302 1
821 1282 1
822 1265 1
820 1252 1
818 1241 1
816 1233 1
814 1227 1
812 1223 1
810 1221 1
807 1221 1
805 1220 1
802 1221 1
801 1222 1
799 1225 1
797 1229 1
796 1236 1
796 1243 1
796 1250 1
796 1258 1
799 1265 1
802 1273 1
806 1282 1
810 1292 1
815 1302 1
820 1313 1
826 1322 1
832 1330 1
839 1337 1
844 1341 1
851 1345 1
856 1348 1
862 1350 1
867 1351 1
873 1349 1
878 1345 1
884 1338 1
890 1330 1
894 1321 1
897 1308 1
900 1293 1
902 1280 1
902 1268 1
903 1256 1
902 1249 1
900 1243 1
901 1238 1
898 1234 1
896 1231 1
894 1229 1
892 1227 1
890 1228 1
889 1228 1
887 1229 1
887 1232 1
885 1236 1
887 1243 1
888 1251 1
893 1262 1
900 1276 1
911 1291 1
925 1307 1
942 1321 1
962 1332 1
978 1339 1
992 1345 1
1004 1348 1
1000 1347 0
