614 915 1
612 916 1
608 920 1
601 928 1
591 936 1
580 944 1
569 954 1
557 962 1
548 966 1
539 969 1
532 968 1
526 965 1
522 951 1
524 929 1
532 898 1
556 859 1
583 829 1
611 807 1
633 796 1
651 791 1
662 795 1
668 800 1
672 811 1
668 838 1
654 878 1
625 932 1
588 981 1
550 1026 1
516 1058 1
476 1089 1
456 1100 1
445 1103 1
435 1104 1
426 1099 1
419 1074 1
416 1029 1
427 965 1
446 905 1
472 863 1
500 828 1
535 793 1
572 765 1
608 745 1
638 733 1
661 728 1
677 726 1
687 729 1
694 735 1
699 749 1
700 772 1
692 809 1
677 858 1
655 911 1
629 960 1
603 1001 1
573 1039 1
539 1074 1
502 1105 1
468 1127 1
439 1141 1
419 1145 1
401 1141 1
387 1129 1
376 1096 1
371 1051 1
377 997 1
397 943 1
425 893 1
460 852 1
498 817 1
533 795 1
562 778 1
588 764 1
610 756 1
628 750 1
643 747 1
652 746 1
659 746 1
664 747 1
667 749 1
670 755 1
671 766 1
666 786 1
658 815 1
644 853 1
626 890 1
610 926 1
594 960 1
574 992 1
549 1024 1
523 1054 1
499 1077 1
478 1093 1
463 1104 1
451 1108 1
443 1108 1
435 1104 1
427 1090 1
421 1068 1
421 1029 1
427 986 1
442 941 1
469 896 1
502 854 1
539 818 1
573 788 1
606 766 1
632 752 1
652 744 1
667 740 1
677 738 1
686 738 1
692 741 1
697 748 1
699 762 1
694 787 1
679 825 1
651 873 1
615 924 1
577 971 1
542 1006 1
511 1036 1
485 1058 1
466 1073 1
450 1085 1
437 1093 1
427 1098 1
421 1099 1
413 1093 1
405 1080 1
398 1061 1
396 1034 1
397 1006 1
406 971 1
425 932 1
450 891 1
481 856 1
513 829 1
544 808 1
570 795 1
593 785 1
608 780 1
620 778 1
628 776 1
633 776 1
637 776 1
640 776 1
643 776 1
646 777 1
649 781 1
650 789 1
648 805 1
640 836 1
624 877 1
602 925 1
574 971 1
542 1015 1
513 1047 1
487 1071 1
464 1088 1
449 1098 1
438 1101 1
430 1102 1
424 1089 1
419 1053 1
431 964 1
453 883 1
482 824 1
512 788 1
543 762 1
575 745 1
607 734 1
637 726 1
661 721 1
678 720 1
687 721 1
692 728 1
693 745 1
684 779 1
668 824 1
644 873 1
617 920 1
586 966 1
553 1008 1
522 1044 1
492 1077 1
466 1103 1
445 1121 1
428 1132 1
417 1135 1
408 1129 1
400 1107 1
398 1051 1
405 978 1
429 905 1
460 848 1
494 807 1
530 778 1
565 757 1
598 743 1
626 735 1
648 730 1
661 731 1
669 733 1
676 739 1
679 749 1
680 768 1
672 801 1
658 846 1
638 896 1
612 946 1
583 993 1
553 1036 1
525 1070 1
501 1095 1
484 1111 1
471 1122 1
461 1127 1
454 1129 1
446 1125 1
440 1117 1
432 1098 1
426 1075 1
425 1047 1
426 1016 1
434 981 1
453 933 1
484 875 1
523 823 1
556 787 1
583 763 1
606 751 1
626 743 1
646 738 1
663 736 1
677 734 1
686 734 1
693 736 1
700 742 1
705 758 1
707 781 1
695 822 1
673 871 1
642 924 1
603 979 1
563 1029 1
530 1067 1
506 1090 1
488 1106 1
474 1116 1
465 1121 1
457 1123 1
449 1121 1
442 1115 1
433 1101 1
426 1074 1
421 1040 1
426 999 1
441 950 1
467 894 1
503 834 1
544 784 1
580 752 1
611 738 1
636 732 1
654 731 1
667 731 1
677 733 1
682 737 1
688 746 1
691 758 1
690 782 1
682 814 1
666 857 1
641 903 1
610 947 1
573 989 1
538 1028 1
506 1061 1
482 1086 1
462 1106 1
451 1116 1
444 1121 1
439 1123 1
435 1119 1
430 1109 1
427 1091 1
426 1057 1
427 1016 1
434 973 1
445 930 1
462 889 1
490 846 1
524 805 1
557 772 1
582 753 1
602 741 1
618 738 1
632 736 1
644 736 1
653 737 1
661 740 1
668 744 1
675 753 1
680 766 1
681 789 1
674 823 1
661 864 1
642 904 1
617 943 1
591 979 1
561 1012 1
533 1043 1
510 1064 1
493 1078 1
479 1086 1
471 1089 1
465 1090 1
459 1087 1
452 1080 1
446 1067 1
440 1053 1
434 1035 1
430 1017 1
431 994 1
435 972 1
447 942 1
465 912 1
489 882 1
518 853 1
549 828 1
578 806 1
602 790 1
622 777 1
637 767 1
648 762 1
656 758 1
662 757 1
667 756 1
670 757 1
673 758 1
676 763 1
676 777 1
669 802 1
657 835 1
637 874 1
612 914 1
580 954 1
548 991 1
518 1025 1
492 1049 1
471 1066 1
455 1077 1
442 1081 1
433 1083 1
425 1079 1
417 1067 1
412 1050 1
409 1024 1
410 995 1
415 964 1
433 929 1
456 891 1
485 858 1
517 830 1
548 809 1
576 792 1
600 780 1
620 771 1
635 763 1
646 758 1
654 755 1
658 754 1
661 754 1
664 756 1
666 762 1
664 780 1
655 813 1
639 859 1
617 908 1
591 952 1
563 993 1
530 1032 1
499 1065 1
477 1087 1
460 1101 1
447 1110 1
439 1112 1
432 1108 1
425 1095 1
417 1067 1
410 1031 1
409 996 1
412 965 1
420 934 1
437 901 1
459 865 1
484 831 1
513 805 1
540 783 1
562 772 1
582 761 1
600 755 1
616 750 1
631 745 1
643 742 1
653 740 1
661 738 1
666 738 1
670 738 1
673 740 1
676 747 1
679 760 1
677 783 1
672 814 1
659 852 1
634 896 1
606 940 1
573 979 1
540 1016 1
509 1046 1
486 1063 1
468 1074 1
455 1082 1
447 1084 1
442 1086 1
438 1085 1
434 1081 1
431 1072 1
426 1051 1
425 1023 1
426 991 1
436 958 1
450 924 1
474 891 1
504 859 1
533 832 1
558 812 1
584 793 1
607 780 1
625 771 1
640 765 1
649 760 1
658 759 1
665 759 1
669 761 1
674 769 1
678 783 1
679 806 1
674 837 1
662 874 1
644 917 1
620 959 1
591 999 1
562 1035 1
534 1063 1
511 1085 1
491 1103 1
477 1115 1
464 1125 1
454 1129 1
446 1130 1
439 1125 1
433 1112 1
430 1091 1
431 1064 1
437 1033 1
448 996 1
467 955 1
492 905 1
523 860 1
551 829 1
576 807 1
599 788 1
618 777 1
636 767 1
649 761 1
660 757 1
666 757 1
672 757 1
677 761 1
682 767 1
684 780 1
685 802 1
682 830 1
672 867 1
656 908 1
627 951 1
594 993 1
560 1030 1
533 1056 1
510 1074 1
492 1089 1
479 1097 1
467 1102 1
458 1103 1
450 1100 1
442 1095 1
433 1082 1
425 1064 1
420 1042 1
420 1015 1
425 982 1
441 938 1
465 894 1
490 856 1
520 830 1
547 808 1
571 792 1
590 779 1
607 769 1
622 760 1
635 755 1
646 750 1
655 748 1
663 746 1
669 746 1
674 747 1
679 752 1
680 763 1
678 789 1
669 828 1
653 876 1
632 924 1
608 961 1
581 990 1
551 1016 1
521 1041 1
491 1061 1
465 1076 1
446 1087 1
430 1094 1
420 1096 1
412 1096 1
405 1091 1
400 1081 1
395 1058 1
393 1026 1
397 992 1
405 958 1
422 925 1
452 890 1
487 856 1
523 829 1
556 809 1
584 794 1
610 781 1
631 771 1
647 762 1
659 756 1
668 752 1
675 750 1
680 750 1
684 751 1
686 754 1
687 761 1
684 776 1
677 798 1
666 824 1
652 857 1
633 893 1
615 927 1
596 957 1
577 985 1
556 1010 1
534 1035 1
514 1056 1
496 1072 1
480 1085 1
467 1091 1
455 1093 1
445 1091 1
436 1080 1
429 1064 1
424 1042 1
425 1016 1
431 988 1
449 953 1
479 912 1
512 873 1
548 842 1
580 818 1
609 801 1
632 789 1
650 779 1
662 774 1
673 769 1
682 767 1
689 768 1
694 768 1
698 770 1
699 773 1
701 778 1
698 791 1
691 813 1
677 845 1
657 884 1
628 929 1
600 965 1
570 998 1
542 1029 1
518 1052 1
498 1069 1
483 1080 1
472 1085 1
463 1088 1
457 1090 1
453 1087 1
449 1080 1
446 1063 1
445 1039 1
447 1010 1
455 979 1
469 947 1
489 914 1
513 880 1
538 850 1
559 830 1
577 814 1
590 803 1
604 794 1
615 787 1
626 780 1
640 774 1
653 769 1
666 768 1
679 768 1
687 772 1
691 779 1
692 790 1
687 812 1
674 842 1
656 877 1
633 915 1
604 957 1
575 992 1
544 1024 1
513 1050 1
487 1064 1
467 1073 1
453 1077 1
444 1076 1
438 1068 1
434 1048 1
437 1009 1
447 959 1
465 913 1
488 872 1
512 841 1
540 819 1
567 802 1
588 788 1
608 776 1
626 766 1
640 759 1
651 754 1
658 752 1
663 752 1
666 753 1
671 756 1
674 761 1
676 769 1
675 783 1
672 802 1
663 829 1
649 861 1
632 895 1
610 930 1
583 966 1
555 999 1
525 1028 1
495 1055 1
472 1073 1
453 1085 1
438 1094 1
429 1097 1
423 1097 1
418 1091 1
418 1073 1
419 1043 1
429 1005 1
445 962 1
466 922 1
493 883 1
520 850 1
546 823 1
567 803 1
586 785 1
601 772 1
613 762 1
624 755 1
632 752 1
640 749 1
646 750 1
651 753 1
658 760 1
661 775 1
664 799 1
662 830 1
653 869 1
637 909 1
616 945 1
589 977 1
558 1012 1
524 1040 1
493 1063 1
469 1078 1
450 1087 1
436 1092 1
428 1093 1
423 1090 1
419 1079 1
419 1056 1
427 1021 1
442 979 1
469 926 1
503 871 1
538 821 1
567 788 1
589 765 1
602 756 1
611 751 1
617 749 1
622 749 1
627 749 1
631 751 1
635 754 1
640 759 1
643 770 1
644 786 1
635 822 1
618 872 1
595 930 1
572 976 1
546 1020 1
520 1058 1
494 1092 1
470 1120 1
453 1135 1
441 1142 1
434 1146 1
430 1143 1
425 1129 1
425 1100 1
431 1053 1
440 1007 1
453 973 1
468 939 1
489 905 1
514 869 1
543 838 1
568 813 1
588 795 1
606 781 1
619 772 1
630 766 1
641 761 1
650 758 1
658 757 1
665 757 1
672 759 1
679 764 1
684 771 1
685 784 1
679 805 1
662 844 1
635 894 1
597 948 1
559 996 1
524 1039 1
496 1072 1
473 1099 1
454 1119 1
442 1131 1
435 1136 1
430 1139 1
427 1136 1
425 1127 1
425 1100 1
430 1058 1
439 1011 1
450 973 1
463 940 1
483 909 1
509 877 1
537 846 1
560 823 1
582 807 1
599 796 1
611 787 1
619 782 1
628 778 1
633 776 1
638 774 1
642 775 1
647 775 1
650 780 1
654 791 1
656 811 1
655 848 1
646 892 1
632 936 1
612 978 1
586 1017 1
557 1050 1
528 1078 1
500 1103 1
480 1119 1
465 1128 1
454 1134 1
448 1135 1
443 1132 1
437 1121 1
434 1095 1
434 1055 1
438 1010 1
446 974 1
455 943 1
467 916 1
485 888 1
506 860 1
528 835 1
546 816 1
561 803 1
574 792 1
584 786 1
592 781 1
599 778 1
603 778 1
608 777 1
611 779 1
613 782 1
614 790 1
609 808 1
598 842 1
581 884 1
559 933 1
536 976 1
515 1017 1
495 1049 1
479 1078 1
465 1101 1
452 1120 1
441 1134 1
431 1142 1
423 1147 1
417 1149 1
411 1145 1
403 1133 1
398 1106 1
396 1066 1
399 1023 1
408 982 1
424 942 1
447 910 1
473 878 1
501 850 1
526 829 1
546 814 1
563 803 1
575 795 1
585 789 1
593 785 1
599 783 1
604 781 1
608 782 1
611 783 1
613 785 1
615 789 1
616 798 1
613 815 1
608 840 1
599 872 1
584 908 1
568 945 1
552 975 1
537 1003 1
523 1027 1
509 1047 1
494 1063 1
480 1076 1
465 1086 1
452 1092 1
441 1096 1
431 1093 1
422 1086 1
412 1064 1
406 1032 1
403 998 1
409 964 1
418 930 1
436 895 1
458 862 1
483 832 1
504 811 1
522 795 1
536 784 1
545 775 1
555 769 1
562 766 1
571 762 1
578 760 1
586 760 1
593 761 1
602 764 1
610 769 1
618 776 1
625 789 1
630 809 1
632 840 1
627 880 1
619 925 1
606 965 1
590 1000 1
571 1033 1
551 1057 1
530 1077 1
509 1094 1
491 1104 1
476 1111 1
466 1114 1
458 1113 1
450 1110 1
444 1101 1
437 1083 1
432 1056 1
432 1021 1
437 989 1
450 957 1
467 923 1
489 890 1
513 860 1
534 838 1
552 822 1
566 813 1
576 806 1
584 801 1
591 797 1
598 792 1
603 789 1
609 786 1
614 783 1
619 783 1
624 781 1
629 782 1
634 781 1
638 781 1
640 781 1
642 782 1
644 786 1
644 794 1
639 813 1
623 851 1
595 899 1
563 948 1
534 985 1
507 1018 1
486 1041 1
469 1058 1
457 1070 1
450 1076 1
444 1080 1
440 1082 1
438 1082 1
435 1079 1
430 1067 1
428 1047 1
426 1021 1
428 996 1
435 973 1
447 947 1
464 917 1
484 888 1
503 865 1
521 847 1
536 832 1
551 822 1
564 813 1
575 808 1
583 804 1
588 802 1
593 800 1
597 799 1
600 799 1
601 799 1
603 800 1
605 802 1
606 805 1
608 811 1
609 823 1
606 842 1
601 868 1
591 897 1
580 926 1
568 952 1
557 972 1
544 991 1
530 1009 1
512 1029 1
493 1048 1
475 1062 1
460 1072 1
452 1076 1
446 1079 1
441 1080 1
437 1072 1
432 1058 1
430 1027 1
433 990 1
439 953 1
453 922 1
475 890 1
503 859 1
535 830 1
563 805 1
584 786 1
602 773 1
619 763 1
634 757 1
648 752 1
662 748 1
675 747 1
687 747 1
695 747 1
702 750 1
706 754 1
710 761 1
711 772 1
706 794 1
695 826 1
680 865 1
660 908 1
635 951 1
611 988 1
585 1018 1
560 1045 1
537 1064 1
515 1081 1
495 1098 1
475 1112 1
458 1123 1
443 1131 1
433 1133 1
423 1130 1
415 1118 1
409 1096 1
404 1070 1
404 1039 1
408 1010 1
414 983 1
427 956 1
442 929 1
462 902 1
483 878 1
504 857 1
524 840 1
543 825 1
562 814 1
579 803 1
594 795 1
607 789 1
620 785 1
629 781 1
637 780 1
643 780 1
648 782 1
653 786 1
658 792 1
661 804 1
663 822 1
660 847 1
648 883 1
631 922 1
609 961 1
587 997 1
566 1029 1
547 1056 1
529 1080 1
511 1099 1
496 1113 1
482 1123 1
474 1127 1
465 1131 1
459 1133 1
452 1132 1
446 1129 1
439 1118 1
431 1095 1
424 1064 1
421 1034 1
422 1007 1
426 984 1
436 964 1
447 943 1
460 923 1
472 906 1
485 891 1
501 877 1
518 862 1
536 848 1
553 836 1
571 826 1
586 818 1
598 813 1
608 808 1
618 804 1
626 801 1
635 799 1
643 799 1
651 799 1
659 801 1
663 805 1
666 813 1
665 832 1
655 863 1
640 903 1
620 944 1
599 983 1
576 1019 1
553 1055 1
529 1089 1
509 1114 1
491 1133 1
476 1142 1
464 1148 1
454 1151 1
446 1152 1
438 1153 1
431 1153 1
424 1148 1
416 1140 1
410 1123 1
406 1098 1
406 1068 1
410 1032 1
421 1000 1
433 972 1
444 951 1
457 933 1
470 916 1
485 900 1
504 883 1
525 865 1
544 850 1
561 837 1
574 829 1
584 822 1
593 817 1
599 814 1
606 812 1
613 810 1
621 810 1
627 809 1
633 809 1
638 810 1
641 814 1
643 822 1
642 833 1
639 851 1
633 874 1
620 899 1
606 927 1
588 956 1
571 983 1
551 1008 1
532 1033 1
515 1052 1
501 1069 1
490 1079 1
481 1088 1
473 1093 1
467 1098 1
461 1102 1
454 1103 1
449 1103 1
444 1101 1
440 1095 1
437 1085 1
435 1066 1
437 1037 1
444 1006 1
454 969 1
468 934 1
482 906 1
495 885 1
508 868 1
520 852 1
531 840 1
544 827 1
556 819 1
569 812 1
580 804 1
590 799 1
601 793 1
611 788 1
620 786 1
628 784 1
635 785 1
641 786 1
646 788 1
649 791 1
651 797 1
652 808 1
646 827 1
637 857 1
620 894 1
601 932 1
580 968 1
562 997 1
544 1023 1
527 1045 1
514 1063 1
503 1078 1
492 1090 1
483 1099 1
474 1107 1
466 1110 1
457 1112 1
449 1112 1
441 1107 1
433 1102 1
425 1091 1
421 1075 1
419 1053 1
422 1026 1
428 999 1
438 975 1
450 951 1
463 929 1
479 907 1
494 888 1
509 870 1
525 854 1
541 838 1
555 827 1
567 818 1
577 811 1
587 807 1
596 802 1
604 799 1
613 797 1
621 797 1
626 796 1
630 797 1
634 798 1
636 802 1
637 809 1
634 826 1
626 850 1
615 882 1
597 915 1
582 945 1
567 971 1
552 993 1
539 1016 1
524 1038 1
511 1056 1
500 1071 1
488 1083 1
480 1092 1
474 1098 1
467 1101 1
461 1102 1
454 1098 1
448 1089 1
441 1075 1
437 1058 1
436 1042 1
436 1025 1
439 1005 1
445 981 1
454 955 1
468 927 1
482 903 1
498 883 1
514 865 1
531 849 1
549 836 1
565 824 1
579 818 1
594 812 1
608 808 1
621 805 1
632 803 1
641 803 1
649 803 1
654 804 1
658 805 1
663 809 1
665 816 1
666 827 1
664 846 1
655 875 1
641 910 1
624 945 1
606 974 1
589 998 1
573 1018 1
558 1036 1
543 1052 1
527 1065 1
514 1073 1
500 1080 1
489 1083 1
479 1085 1
472 1086 1
465 1085 1
459 1082 1
454 1074 1
449 1057 1
447 1032 1
451 999 1
457 970 1
467 944 1
479 921 1
493 902 1
509 884 1
525 868 1
539 856 1
551 845 1
563 835 1
573 828 1
583 823 1
590 819 1
595 817 1
599 815 1
602 813 1
603 814 1
604 812 1
604 812 1
606 813 1
608 814 1
611 816 1
615 819 1
619 823 1
621 831 1
620 845 1
614 873 1
605 906 1
591 940 1
574 974 1
553 1009 1
529 1045 1
506 1076 1
483 1103 1
464 1123 1
450 1135 1
440 1144 1
434 1147 1
430 1149 1
427 1148 1
423 1141 1
421 1124 1
422 1092 1
427 1056 1
436 1019 1
450 983 1
467 943 1
495 899 1
520 863 1
540 835 1
558 818 1
574 805 1
590 794 1
607 781 1
624 770 1
639 762 1
651 758 1
661 756 1
668 757 1
673 759 1
676 765 1
678 774 1
679 786 1
673 809 1
660 843 1
637 885 1
608 930 1
579 972 1
552 1010 1
529 1042 1
508 1067 1
490 1083 1
474 1093 1
460 1100 1
450 1103 1
442 1101 1
433 1098 1
424 1087 1
416 1072 1
409 1051 1
405 1029 1
403 1006 1
407 978 1
420 943 1
438 904 1
457 872 1
474 847 1
491 831 1
508 817 1
527 804 1
547 790 1
565 777 1
580 767 1
591 759 1
600 754 1
605 752 1
609 751 1
613 749 1
617 750 1
622 751 1
626 753 1
630 759 1
633 766 1
634 782 1
627 808 1
614 845 1
593 895 1
570 944 1
548 988 1
528 1024 1
509 1054 1
494 1078 1
480 1097 1
467 1109 1
457 1118 1
448 1121 1
440 1120 1
433 1115 1
426 1103 1
421 1083 1
416 1058 1
415 1030 1
416 1005 1
421 980 1
431 954 1
444 927 1
459 899 1
475 877 1
493 858 1
510 842 1
527 828 1
543 817 1
559 807 1
571 799 1
581 792 1
587 787 1
594 784 1
598 781 1
603 781 1
609 782 1
615 785 1
622 793 1
628 805 1
632 824 1
634 845 1
627 875 1
617 908 1
605 941 1
591 969 1
576 996 1
559 1021 1
538 1049 1
517 1077 1
498 1100 1
484 1118 1
472 1128 1
464 1135 1
458 1140 1
453 1142 1
450 1143 1
447 1144 1
445 1141 1
442 1136 1
440 1126 1
439 1103 1
442 1072 1
448 1035 1
461 996 1
475 957 1
491 925 1
509 897 1
528 871 1
547 848 1
563 831 1
577 818 1
589 808 1
600 801 1
611 794 1
621 788 1
631 784 1
640 784 1
649 784 1
656 787 1
662 791 1
666 797 1
668 811 1
666 833 1
659 861 1
647 889 1
632 916 1
620 941 1
607 965 1
594 988 1
580 1009 1
566 1026 1
553 1039 1
542 1049 1
530 1055 1
519 1061 1
509 1063 1
500 1064 1
491 1061 1
483 1053 1
476 1043 1
471 1031 1
469 1018 1
469 1001 1
472 979 1
479 951 1
491 920 1
504 891 1
518 866 1
531 848 1
542 836 1
551 827 1
558 821 1
564 816 1
570 812 1
576 809 1
582 805 1
585 804 1
588 802 1
590 802 1
594 800 1
595 801 1
597 801 1
599 802 1
601 804 1
602 808 1
603 815 1
602 829 1
596 851 1
585 878 1
571 910 1
557 942 1
540 972 1
525 1001 1
510 1027 1
497 1047 1
487 1063 1
478 1074 1
469 1083 1
461 1089 1
454 1092 1
449 1092 1
444 1090 1
439 1085 1
434 1076 1
430 1055 1
431 1025 1
436 993 1
447 957 1
461 927 1
478 901 1
496 879 1
514 860 1
530 843 1
546 828 1
564 815 1
578 804 1
589 794 1
597 787 1
604 780 1
611 777 1
618 774 1
624 774 1
631 775 1
637 777 1
643 782 1
648 788 1
650 800 1
649 818 1
640 849 1
623 886 1
598 928 1
565 976 1
530 1025 1
501 1063 1
481 1089 1
468 1103 1
460 1109 1
455 1112 1
451 1110 1
447 1104 1
444 1093 1
438 1073 1
436 1052 1
434 1032 1
435 1012 1
439 992 1
446 970 1
457 944 1
470 918 1
486 895 1
504 875 1
520 856 1
538 839 1
556 824 1
574 811 1
589 801 1
602 792 1
612 787 1
621 784 1
631 784 1
640 785 1
648 789 1
655 796 1
661 809 1
663 827 1
656 856 1
640 893 1
618 935 1
591 974 1
562 1010 1
536 1036 1
515 1055 1
500 1067 1
490 1073 1
480 1079 1
472 1083 1
463 1086 1
455 1088 1
449 1087 1
441 1081 1
433 1068 1
429 1046 1
428 1021 1
431 997 1
440 971 1
453 946 1
473 915 1
495 889 1
517 866 1
536 848 1
554 834 1
570 822 1
583 814 1
595 809 1
602 805 1
607 803 1
610 801 1
613 801 1
616 801 1
618 802 1
619 806 1
620 814 1
617 830 1
610 856 1
600 890 1
583 931 1
565 969 1
552 1001 1
539 1028 1
528 1051 1
517 1070 1
505 1088 1
493 1104 1
479 1116 1
466 1124 1
454 1128 1
443 1128 1
433 1122 1
424 1106 1
415 1082 1
410 1056 1
409 1030 1
411 1005 1
420 981 1
433 956 1
447 929 1
465 905 1
485 883 1
506 863 1
527 845 1
548 831 1
565 821 1
578 814 1
591 810 1
600 807 1
608 805 1
613 803 1
617 804 1
622 804 1
626 806 1
629 811 1
631 822 1
628 844 1
620 870 1
611 899 1
601 927 1
591 955 1
579 978 1
564 1001 1
545 1024 1
521 1047 1
497 1063 1
479 1073 1
465 1078 1
453 1080 1
447 1076 1
440 1066 1
435 1049 1
434 1025 1
436 996 1
442 971 1
452 947 1
464 924 1
480 899 1
499 877 1
515 855 1
533 840 1
549 827 1
564 817 1
575 811 1
586 807 1
595 804 1
603 802 1
611 804 1
618 807 1
625 816 1
629 832 1
626 857 1
619 890 1
605 927 1
588 964 1
568 992 1
549 1016 1
532 1036 1
516 1049 1
505 1057 1
494 1061 1
485 1061 1
476 1056 1
467 1046 1
460 1030 1
454 1013 1
454 993 1
455 968 1
460 940 1
471 907 1
486 874 1
501 849 1
516 829 1
531 812 1
547 799 1
561 786 1
574 776 1
583 768 1
591 762 1
598 759 1
606 755 1
614 752 1
622 751 1
631 749 1
637 751 1
643 754 1
648 759 1
652 767 1
655 780 1
654 796 1
649 817 1
640 843 1
623 874 1
597 911 1
565 954 1
534 994 1
508 1027 1
488 1052 1
491 1049 0
