580 964 1
580 964 1
580 964 1
580 964 1
580 964 1
580 964 1
580 964 1
580 964 1
580 964 1
580 964 1
580 964 1
580 964 1
579 964 1
576 964 1
572 966 1
569 968 1
567 969 1
564 970 1
561 971 1
559 971 1
557 972 1
555 971 1
552 970 1
550 970 1
549 968 1
546 966 1
544 964 1
543 962 1
540 960 1
540 959 1
538 957 1
538 954 1
537 952 1
537 949 1
537 945 1
537 942 1
539 938 1
542 934 1
547 931 1
554 928 1
561 927 1
568 925 1
573 926 1
577 926 1
580 926 1
583 927 1
586 928 1
590 929 1
593 930 1
595 931 1
597 932 1
601 934 1
604 937 1
608 942 1
611 947 1
614 953 1
617 958 1
619 963 1
620 968 1
622 973 1
623 977 1
622 981 1
622 986 1
620 989 1
617 995 1
614 1001 1
610 1007 1
605 1012 1
598 1017 1
591 1021 1
584 1024 1
577 1026 1
571 1028 1
565 1029 1
560 1030 1
557 1030 1
551 1029 1
548 1028 1
543 1026 1
538 1026 1
533 1024 1
528 1022 1
525 1022 1
522 1020 1
518 1019 1
514 1017 1
511 1015 1
509 1013 1
506 1010 1
503 1006 1
500 1003 1
498 996 1
495 992 1
492 986 1
490 980 1
489 975 1
487 970 1
487 966 1
487 958 1
487 949 1
488 939 1
491 930 1
495 922 1
500 915 1
504 908 1
509 903 1
513 899 1
518 894 1
524 891 1
531 886 1
538 884 1
547 881 1
553 878 1
560 877 1
565 875 1
570 875 1
576 875 1
582 873 1
590 874 1
600 875 1
609 876 1
618 877 1
626 879 1
633 882 1
640 886 1
646 889 1
653 893 1
659 898 1
670 905 1
679 912 1
689 919 1
695 925 1
701 931 1
706 937 1
710 945 1
713 953 1
717 960 1
717 966 1
716 971 1
716 976 1
714 981 1
711 987 1
709 993 1
706 1000 1
703 1008 1
698 1018 1
693 1027 1
689 1036 1
684 1044 1
678 1050 1
670 1056 1
662 1063 1
654 1067 1
646 1072 1
639 1076 1
631 1079 1
623 1082 1
611 1084 1
599 1087 1
586 1089 1
575 1090 1
563 1091 1
552 1091 1
541 1090 1
529 1088 1
520 1086 1
511 1083 1
503 1080 1
495 1077 1
490 1072 1
484 1066 1
479 1059 1
475 1051 1
471 1045 1
468 1039 1
466 1034 1
465 1027 1
463 1017 1
463 1006 1
461 994 1
459 982 1
458 972 1
458 962 1
457 952 1
458 942 1
459 933 1
460 923 1
462 914 1
464 906 1
465 898 1
468 891 1
473 884 1
476 877 1
481 870 1
487 865 1
494 859 1
500 853 1
507 847 1
513 842 1
519 839 1
526 835 1
534 832 1
544 831 1
553 829 1
564 829 1
573 828 1
581 828 1
589 827 1
596 827 1
603 827 1
608 827 1
613 827 1
617 827 1
620 827 1
623 827 1
625 827 1
627 827 1
629 827 1
629 827 1
629 827 1
630 827 1
630 827 1
630 827 1
631 827 1
631 827 1
631 827 1
632 827 1
632 827 1
632 827 1
633 827 1
633 827 1
633 827 1
634 827 1
634 827 1
634 827 1
635 827 1
635 827 1
635 827 1
637 827 1
639 827 1
642 827 1
645 827 1
648 827 1
650 827 1
653 827 1
657 828 1
661 829 1
664 830 1
667 832 1
672 834 1
675 835 1
678 837 1
681 838 1
685 841 1
689 844 1
692 846 1
697 849 1
701 854 1
704 857 1
708 862 1
712 867 1
715 872 1
719 877 1
722 883 1
725 889 1
727 893 1
731 899 1
733 904 1
736 910 1
738 915 1
740 919 1
742 924 1
744 928 1
744 932 1
746 937 1
747 942 1
747 948 1
749 953 1
750 961 1
751 966 1
752 973 1
752 977 1
753 982 1
754 987 1
754 992 1
755 997 1
755 1003 1
756 1011 1
757 1017 1
758 1026 1
756 1032 1
755 1039 1
755 1044 1
753 1049 1
753 1051 1
751 1055 1
749 1058 1
748 1061 1
745 1066 1
740 1070 1
736 1074 1
733 1078 1
729 1082 1
724 1086 1
719 1090 1
714 1095 1
708 1101 1
701 1107 1
695 1113 1
688 1117 1
681 1122 1
671 1127 1
661 1131 1
649 1135 1
638 1138 1
624 1141 1
608 1143 1
592 1145 1
577 1145 1
561 1144 1
546 1144 1
531 1141 1
516 1139 1
504 1135 1
492 1132 1
480 1127 1
470 1121 1
460 1115 1
451 1109 1
444 1104 1
437 1100 1
432 1094 1
427 1086 1
422 1078 1
418 1067 1
415 1057 1
412 1047 1
411 1038 1
409 1026 1
409 1015 1
409 1004 1
410 994 1
410 984 1
411 974 1
412 965 1
413 955 1
414 944 1
416 934 1
418 924 1
421 916 1
423 908 1
426 901 1
429 893 1
434 885 1
439 876 1
443 867 1
448 859 1
452 851 1
457 844 1
463 837 1
469 830 1
476 823 1
483 816 1
490 810 1
497 804 1
505 798 1
510 792 1
517 786 1
524 782 1
531 777 1
540 771 1
550 766 1
560 763 1
568 759 1
575 756 1
583 753 1
589 751 1
597 749 1
604 747 1
611 747 1
619 747 1
626 746 1
633 746 1
640 747 1
647 747 1
652 748 1
658 749 1
663 750 1
669 753 1
674 756 1
682 760 1
688 764 1
696 768 1
701 773 1
706 776 1
711 779 1
715 782 1
719 786 1
724 790 1
729 794 1
734 798 1
739 803 1
744 808 1
750 813 1
755 818 1
761 824 1
766 828 1
770 833 1
773 836 1
776 839 1
780 844 1
783 847 1
786 852 1
789 857 1
792 862 1
795 868 1
797 874 1
799 880 1
802 886 1
805 894 1
807 898 1
811 907 1
813 915 1
817 921 1
819 928 1
822 937 1
825 946 1
829 956 1
831 964 1
833 973 1
835 980 1
836 988 1
837 993 1
838 1000 1
838 1007 1
839 1015 1
839 1024 1
839 1032 1
837 1039 1
837 1045 1
835 1052 1
833 1057 1
832 1063 1
830 1069 1
827 1074 1
826 1080 1
824 1085 1
823 1089 1
820 1095 1
818 1100 1
816 1106 1
814 1111 1
811 1115 1
809 1119 1
806 1122 1
804 1126 1
800 1130 1
796 1134 1
791 1138 1
786 1143 1
781 1147 1
775 1153 1
770 1158 1
764 1165 1
758 1171 1
752 1176 1
746 1180 1
739 1185 1
733 1188 1
726 1192 1
720 1196 1
711 1199 1
705 1202 1
696 1204 1
686 1206 1
675 1208 1
660 1209 1
644 1211 1
629 1213 1
614 1213 1
599 1214 1
585 1214 1
573 1213 1
561 1211 1
548 1210 1
535 1208 1
524 1205 1
512 1203 1
501 1200 1
489 1196 1
479 1192 1
468 1188 1
457 1183 1
448 1178 1
440 1174 1
432 1170 1
425 1167 1
417 1162 1
411 1157 1
403 1150 1
394 1140 1
386 1132 1
381 1124 1
376 1118 1
373 1112 1
370 1107 1
365 1099 1
361 1091 1
358 1080 1
355 1069 1
352 1060 1
350 1050 1
348 1040 1
348 1026 1
346 1013 1
346 1000 1
345 989 1
345 976 1
346 966 1
347 954 1
349 942 1
350 931 1
353 922 1
356 912 1
359 902 1
362 894 1
366 884 1
369 875 1
372 866 1
376 856 1
381 848 1
385 839 1
390 831 1
394 823 1
399 813 1
404 803 1
410 792 1
416 783 1
422 773 1
428 765 1
434 759 1
439 752 1
445 746 1
451 739 1
456 732 1
462 725 1
468 719 1
474 712 1
480 706 1
487 701 1
493 696 1
501 691 1
507 687 1
513 684 1
518 682 1
523 679 1
530 676 1
538 673 1
546 671 1
554 669 1
561 667 1
568 666 1
575 664 1
582 664 1
588 663 1
594 663 1
602 662 1
613 662 1
624 663 1
635 663 1
646 665 1
659 666 1
669 670 1
679 673 1
689 675 1
697 678 1
704 681 1
711 684 1
716 687 1
721 690 1
726 694 1
732 699 1
739 704 1
745 709 1
752 714 1
761 722 1
769 730 1
777 738 1
783 746 1
791 755 1
797 764 1
804 774 1
810 781 1
815 789 1
820 797 1
824 804 1
829 810 1
833 818 1
836 825 1
838 832 1
840 839 1
843 845 1
845 851 1
846 857 1
848 862 1
850 868 1
851 873 1
853 879 1
854 883 1
855 888 1
856 892 1
856 895 1
857 898 1
858 901 1
858 903 1
859 906 1
859 908 1
860 910 1
861 913 1
861 915 1
862 917 1
863 920 1
863 922 1
864 925 1
865 927 1
866 930 1
866 933 1
867 936 1
868 941 1
868 943 1
869 947 1
870 951 1
871 954 1
872 958 1
872 963 1
873 966 1
873 971 1
874 975 1
875 979 1
876 984 1
877 989 1
878 996 1
881 1004 1
882 1012 1
884 1022 1
885 1031 1
887 1040 1
889 1050 1
889 1057 1
890 1065 1
891 1075 1
891 1084 1
892 1096 1
892 1105 1
892 1115 1
892 1122 1
890 1129 1
890 1135 1
888 1140 1
887 1146 1
885 1154 1
884 1160 1
881 1166 1
878 1174 1
876 1179 1
873 1186 1
869 1190 1
864 1195 1
860 1200 1
855 1204 1
850 1209 1
845 1212 1
842 1214 1
838 1217 1
834 1220 1
829 1223 1
825 1226 1
820 1228 1
814 1231 1
807 1233 1
799 1236 1
793 1238 1
786 1239 1
781 1241 1
776 1243 1
771 1244 1
766 1246 1
762 1247 1
757 1248 1
752 1250 1
746 1251 1
741 1252 1
735 1254 1
729 1254 1
724 1255 1
720 1256 1
716 1257 1
711 1258 1
706 1259 1
701 1260 1
695 1261 1
689 1262 1
686 1263 1
681 1263 1
676 1264 1
670 1265 1
662 1265 1
656 1266 1
649 1267 1
644 1267 1
639 1268 1
634 1268 1
629 1268 1
624 1269 1
618 1269 1
613 1269 1
610 1270 1
605 1270 1
599 1268 1
593 1269 1
587 1268 1
581 1268 1
575 1267 1
569 1267 1
562 1264 1
554 1263 1
545 1261 1
535 1259 1
527 1256 1
521 1254 1
515 1253 1
510 1251 1
504 1249 1
499 1249 1
495 1247 1
490 1246 1
485 1244 1
480 1242 1
474 1241 1
468 1239 1
462 1237 1
456 1236 1
451 1234 1
444 1233 1
439 1231 1
432 1228 1
427 1227 1
421 1225 1
415 1223 1
408 1219 1
400 1216 1
392 1212 1
384 1207 1
375 1202 1
368 1197 1
360 1193 1
353 1189 1
347 1184 1
342 1181 1
338 1178 1
335 1175 1
332 1173 1
328 1170 1
326 1168 1
324 1165 1
322 1162 1
319 1159 1
316 1155 1
314 1151 1
311 1146 1
308 1141 1
305 1135 1
304 1130 1
301 1124 1
299 1118 1
299 1114 1
297 1108 1
296 1102 1
294 1094 1
293 1087 1
293 1080 1
291 1073 1
291 1066 1
290 1058 1
290 1052 1
289 1044 1
289 1036 1
288 1028 1
286 1018 1
286 1007 1
285 997 1
285 987 1
285 978 1
285 970 1
285 960 1
285 950 1
286 938 1
286 927 1
287 916 1
289 907 1
291 897 1
293 887 1
295 878 1
297 868 1
300 859 1
303 849 1
306 841 1
309 831 1
313 823 1
316 815 1
319 806 1
322 796 1
326 786 1
330 777 1
334 768 1
337 759 1
343 750 1
346 742 1
351 733 1
356 724 1
361 716 1
365 707 1
370 699 1
375 692 1
381 686 1
386 681 1
391 676 1
397 670 1
403 664 1
409 658 1
415 653 1
419 649 1
424 645 1
428 641 1
432 636 1
437 631 1
443 626 1
447 622 1
452 619 1
456 616 1
462 612 1
468 608 1
474 604 1
481 601 1
487 598 1
494 593 1
501 590 1
509 587 1
519 583 1
528 580 1
539 576 1
548 574 1
558 571 1
565 570 1
573 568 1
581 566 1
589 566 1
597 566 1
605 565 1
613 565 1
621 566 1
629 567 1
637 568 1
646 570 1
656 571 1
666 574 1
674 576 1
683 579 1
693 581 1
701 584 1
707 586 1
715 590 1
721 593 1
725 595 1
731 598 1
738 603 1
746 608 1
754 614 1
761 619 1
768 623 1
773 627 1
777 630 1
782 634 1
787 639 1
792 643 1
798 648 1
803 654 1
808 659 1
815 666 1
820 672 1
826 678 1
832 684 1
837 691 1
842 696 1
847 701 1
849 705 1
853 709 1
856 713 1
858 718 1
861 721 1
863 727 1
865 731 1
868 737 1
871 743 1
875 751 1
879 759 1
883 766 1
888 772 1
892 779 1
895 786 1
898 794 1
901 800 1
905 808 1
908 816 1
910 823 1
913 829 1
915 836 1
917 841 1
919 846 1
920 852 1
922 858 1
924 864 1
924 869 1
926 875 1
927 881 1
928 886 1
929 892 1
930 898 1
931 904 1
932 910 1
933 915 1
935 921 1
935 926 1
937 933 1
938 940 1
939 949 1
940 958 1
941 966 1
942 973 1
943 980 1
943 985 1
943 992 1
944 998 1
944 1007 1
945 1015 1
946 1023 1
947 1030 1
948 1038 1
949 1045 1
950 1051 1
951 1056 1
951 1061 1
952 1064 1
953 1071 1
953 1078 1
955 1086 1
955 1094 1
956 1103 1
957 1111 1
958 1119 1
958 1128 1
959 1136 1
960 1144 1
961 1153 1
961 1163 1
960 1173 1
958 1181 1
958 1189 1
956 1197 1
954 1204 1
952 1211 1
950 1219 1
949 1227 1
947 1233 1
944 1241 1
941 1247 1
938 1253 1
934 1258 1
928 1263 1
922 1268 1
914 1273 1
908 1278 1
901 1282 1
894 1285 1
886 1288 1
878 1290 1
870 1294 1
860 1296 1
850 1299 1
840 1301 1
830 1304 1
821 1306 1
811 1309 1
800 1310 1
791 1312 1
781 1315 1
771 1316 1
761 1318 1
750 1321 1
740 1322 1
729 1324 1
717 1324 1
705 1326 1
695 1327 1
685 1327 1
677 1328 1
668 1328 1
659 1329 1
649 1329 1
639 1330 1
629 1330 1
618 1331 1
606 1331 1
593 1331 1
580 1331 1
567 1330 1
554 1328 1
541 1328 1
527 1326 1
514 1325 1
500 1324 1
487 1322 1
471 1321 1
457 1318 1
444 1316 1
430 1314 1
417 1312 1
407 1310 1
398 1307 1
389 1305 1
381 1303 1
373 1300 1
366 1297 1
359 1294 1
352 1291 1
344 1286 1
335 1280 1
327 1273 1
318 1265 1
311 1257 1
304 1252 1
298 1246 1
291 1239 1
286 1232 1
280 1223 1
274 1215 1
269 1207 1
266 1198 1
262 1191 1
259 1183 1
257 1175 1
255 1167 1
253 1157 1
251 1146 1
250 1135 1
248 1125 1
248 1116 1
247 1104 1
245 1093 1
245 1081 1
243 1068 1
243 1056 1
241 1045 1
239 1033 1
238 1020 1
236 1007 1
236 994 1
235 982 1
235 971 1
235 959 1
235 946 1
235 933 1
235 920 1
235 908 1
236 897 1
238 885 1
240 873 1
241 860 1
243 847 1
245 835 1
246 822 1
248 807 1
252 794 1
255 780 1
258 767 1
261 755 1
266 743 1
270 729 1
275 715 1
280 704 1
283 693 1
287 682 1
291 672 1
295 660 1
299 650 1
303 639 1
308 630 1
311 622 1
316 614 1
320 605 1
325 596 1
331 586 1
337 578 1
343 570 1
349 562 1
356 555 1
363 548 1
371 540 1
378 534 1
388 526 1
397 520 1
408 511 1
417 504 1
426 497 1
436 491 1
444 486 1
452 481 1
462 477 1
473 472 1
485 468 1
498 465 1
513 462 1
526 460 1
539 458 1
553 456 1
565 456 1
578 456 1
590 456 1
603 457 1
616 458 1
629 460 1
641 462 1
654 466 1
667 469 1
679 473 1
691 477 1
702 481 1
713 486 1
723 491 1
734 496 1
747 503 1
759 510 1
771 517 1
782 524 1
792 532 1
805 541 1
816 551 1
827 559 1
834 567 1
842 575 1
849 583 1
855 590 1
861 598 1
867 606 1
874 614 1
879 623 1
886 630 1
890 636 1
896 644 1
902 653 1
907 661 1
913 671 1
919 681 1
924 691 1
928 700 1
932 709 1
935 718 1
939 730 1
944 742 1
949 756 1
953 769 1
958 779 1
962 791 1
965 801 1
969 811 1
972 820 1
975 829 1
978 838 1
980 848 1
982 858 1
985 867 1
988 877 1
990 887 1
992 897 1
996 905 1
998 914 1
999 924 1
1001 932 1
1002 943 1
1004 954 1
1005 964 1
1006 973 1
1007 981 1
1008 990 1
1009 1001 1
1010 1013 1
1012 1026 1
1013 1037 1
1014 1047 1
1015 1057 1
1016 1068 1
1018 1081 1
1018 1094 1
1019 1106 1
1019 1116 1
1019 1124 1
1020 1133 1
1020 1143 1
1020 1155 1
1021 1166 1
1021 1176 1
1021 1186 1
1020 1194 1
1020 1204 1
1020 1213 1
1019 1225 1
1018 1236 1
1016 1245 1
1016 1255 1
1014 1263 1
1012 1270 1
1011 1279 1
1009 1288 1
1006 1297 1
1003 1306 1
1000 1313 1
997 1321 1
994 1327 1
988 1334 1
983 1340 1
977 1344 1
973 1350 1
967 1355 1
962 1361 1
955 1367 1
947 1372 1
939 1379 1
929 1384 1
920 1389 1
911 1395 1
902 1400 1
894 1405 1
884 1409 1
875 1414 1
862 1418 1
850 1422 1
836 1424 1
822 1427 1
810 1430 1
796 1433 1
783 1434 1
768 1436 1
753 1438 1
738 1438 1
722 1439 1
704 1439 1
686 1439 1
667 1437 1
648 1436 1
630 1434 1
614 1433 1
598 1431 1
583 1429 1
568 1428 1
553 1426 1
539 1424 1
523 1423 1
507 1420 1
492 1419 1
477 1415 1
462 1412 1
448 1410 1
437 1408 1
427 1406 1
419 1405 1
411 1405 1
404 1403 1
397 1401 1
391 1399 1
385 1398 1
377 1396 1
369 1394 1
361 1392 1
353 1390 1
344 1387 1
335 1384 1
325 1380 1
314 1376 1
303 1371 1
294 1367 1
284 1362 1
278 1357 1
270 1352 1
264 1346 1
256 1339 1
249 1333 1
242 1326 1
237 1321 1
232 1314 1
226 1308 1
221 1299 1
216 1290 1
211 1281 1
207 1272 1
204 1263 1
200 1254 1
197 1245 1
193 1234 1
188 1220 1
185 1207 1
180 1195 1
177 1183 1
175 1169 1
173 1155 1
171 1139 1
169 1124 1
169 1107 1
167 1090 1
168 1071 1
169 1052 1
170 1036 1
170 1019 1
171 1003 1
172 986 1
172 969 1
173 954 1
173 939 1
174 924 1
176 909 1
177 895 1
178 880 1
180 866 1
181 854 1
183 844 1
184 833 1
186 821 1
189 809 1
191 797 1
193 784 1
196 772 1
199 760 1
202 749 1
205 738 1
207 725 1
211 714 1
213 704 1
216 694 1
219 685 1
221 674 1
225 663 1
228 651 1
231 638 1
236 628 1
239 620 1
243 610 1
246 600 1
251 590 1
254 579 1
258 569 1
263 559 1
267 552 1
272 543 1
276 533 1
281 523 1
286 513 1
292 503 1
297 493 1
303 484 1
308 476 1
315 468 1
319 461 1
326 453 1
332 445 1
337 437 1
344 428 1
352 420 1
358 412 1
366 404 1
373 397 1
380 391 1
388 384 1
397 378 1
407 372 1
417 367 1
427 361 1
437 356 1
449 350 1
464 344 1
480 339 1
495 335 1
509 332 1
524 329 1
538 329 1
552 327 1
563 327 1
574 327 1
587 327 1
604 329 1
622 332 1
644 339 1
666 346 1
689 355 1
712 364 1
734 376 1
755 387 1
775 399 1
791 411 1
804 420 1
815 429 1
824 437 1
832 445 1
840 454 1
848 462 1
855 471 1
863 480 1
870 489 1
879 499 1
887 509 1
897 520 1
906 529 1
914 539 1
921 548 1
926 556 1
931 564 1
934 571 1
938 577 1
942 585 1
947 595 1
952 604 1
957 614 1
962 622 1
965 630 1
970 639 1
973 647 1
977 656 1
980 664 1
984 673 1
988 682 1
990 689 1
991 696 1
994 704 1
997 712 1
999 721 1
1002 729 1
1005 739 1
1007 748 1
1009 758 1
1011 766 1
1013 775 1
1016 783 1
1017 790 1
1019 799 1
1022 808 1
1023 817 1
1025 827 1
1026 836 1
1028 846 1
1029 857 1
1030 867 1
1032 876 1
1034 887 1
1034 899 1
1035 910 1
1036 922 1
1037 932 1
1038 943 1
1038 955 1
1039 966 1
1040 977 1
1040 988 1
1041 998 1
1041 1010 1
1042 1021 1
1043 1032 1
1044 1042 1
1045 1052 1
1045 1062 1
1046 1071 1
1046 1082 1
1046 1092 1
1046 1103 1
1046 1111 1
1046 1119 1
1047 1128 1
1047 1138 1
1047 1147 1
1047 1156 1
1047 1166 1
1047 1175 1
1047 1183 1
1047 1192 1
1047 1199 1
1047 1207 1
1047 1215 1
1047 1223 1
1047 1231 1
1047 1241 1
1047 1249 1
1047 1257 1
1047 1265 1
1047 1273 1
1047 1282 1
1047 1292 1
1047 1302 1
1047 1311 1
1047 1320 1
1047 1328 1
1047 1336 1
1047 1344 1
1047 1351 1
1046 1360 1
1046 1368 1
1045 1376 1
1044 1384 1
1042 1392 1
1042 1399 1
1042 1407 1
1039 1414 1
1039 1421 1
1037 1428 1
1037 1435 1
1036 1443 1
1034 1450 1
1032 1457 1
1030 1464 1
1027 1470 1
1026 1474 1
1023 1479 1
1021 1486 1
1016 1494 1
1009 1503 1
1001 1511 1
992 1520 1
982 1528 1
973 1535 1
963 1543 1
952 1550 1
940 1557 1
925 1562 1
911 1567 1
894 1572 1
878 1577 1
863 1580 1
849 1582 1
837 1584 1
824 1587 1
811 1589 1
799 1590 1
787 1591 1
774 1592 1
761 1593 1
748 1593 1
734 1593 1
722 1591 1
708 1590 1
692 1589 1
674 1587 1
654 1584 1
635 1582 1
616 1580 1
598 1578 1
580 1576 1
561 1574 1
543 1571 1
524 1568 1
507 1564 1
488 1560 1
470 1555 1
453 1549 1
437 1544 1
422 1539 1
408 1534 1
394 1530 1
380 1525 1
366 1520 1
353 1516 1
341 1512 1
330 1507 1
317 1503 1
304 1500 1
293 1496 1
280 1491 1
268 1487 1
257 1481 1
244 1476 1
233 1471 1
221 1466 1
212 1462 1
201 1455 1
189 1449 1
177 1441 1
161 1430 1
147 1417 1
135 1406 1
124 1397 1
116 1386 1
107 1376 1
99 1365 1
93 1352 1
85 1340 1
80 1327 1
76 1312 1
71 1299 1
67 1283 1
64 1265 1
61 1248 1
59 1229 1
56 1210 1
55 1193 1
53 1180 1
54 1168 1
54 1156 1
55 1149 1
55 1153 0
