74 1383 1
74 1383 1
74 1383 1
74 1382 1
81 1377 1
95 1369 1
117 1354 1
145 1333 1
178 1308 1
208 1277 1
247 1228 1
269 1194 1
283 1162 1
291 1133 1
294 1106 1
292 1087 1
289 1072 1
278 1063 1
267 1058 1
255 1058 1
242 1064 1
226 1081 1
209 1109 1
198 1143 1
194 1176 1
202 1210 1
217 1242 1
236 1270 1
261 1301 1
286 1330 1
305 1354 1
316 1375 1
325 1393 1
327 1413 1
323 1432 1
313 1447 1
294 1460 1
269 1466 1
242 1463 1
218 1453 1
201 1441 1
191 1423 1
188 1407 1
193 1395 1
199 1388 1
197 1391 0
467 1449 1
467 1447 1
467 1447 1
468 1446 1
474 1438 1
488 1421 1
506 1397 1
529 1365 1
553 1328 1
576 1289 1
602 1238 1
612 1211 1
614 1190 1
611 1168 1
601 1149 1
583 1132 1
560 1121 1
534 1118 1
513 1123 1
494 1132 1
479 1147 1
466 1168 1
460 1193 1
464 1221 1
475 1250 1
498 1280 1
527 1310 1
557 1337 1
585 1363 1
608 1388 1
623 1409 1
632 1428 1
636 1446 1
632 1460 1
624 1472 1
611 1482 1
598 1486 1
585 1487 1
573 1480 1
565 1470 1
559 1460 1
559 1452 1
560 1456 0
777 1447 1
778 1444 1
784 1437 1
795 1423 1
810 1401 1
824 1373 1
839 1338 1
851 1300 1
862 1250 1
860 1236 1
857 1221 1
846 1209 1
831 1199 1
815 1192 1
793 1194 1
776 1200 1
763 1212 1
756 1227 1
753 1245 1
758 1267 1
772 1295 1
794 1327 1
829 1363 1
867 1400 1
902 1436 1
929 1469 1
956 1503 1
974 1534 1
986 1561 1
990 1583 1
985 1601 1
973 1612 1
956 1621 1
933 1617 1
905 1604 1
875 1582 1
852 1556 1
838 1532 1
836 1515 1
837 1516 0
