992 465 1
992 465 1
992 465 1
992 465 1
993 469 1
996 475 1
998 481 1
1001 488 1
1004 496 1
1008 507 1
1012 519 1
1014 533 1
1016 548 1
1015 563 1
1012 582 1
1001 605 1
984 629 1
952 662 1
930 680 1
911 691 1
899 698 1
891 700 1
885 701 1
880 701 1
878 700 1
878 698 1
879 698 1
886 697 1
897 699 1
909 706 1
918 718 1
925 731 1
929 746 1
931 758 1
929 766 1
928 774 1
926 781 1
921 788 1
921 789 1
921 789 0
712 588 1
712 588 1
716 592 1
729 609 1
748 635 1
771 668 1
788 694 1
800 715 1
811 739 1
814 756 1
812 771 1
805 785 1
790 798 1
770 809 1
753 816 1
741 818 1
735 816 1
730 813 1
728 808 1
730 804 1
733 802 1
739 802 1
747 804 1
754 810 1
757 822 1
758 836 1
747 856 1
734 876 1
716 895 1
720 892 0
525 714 1
525 714 1
525 714 1
527 717 1
534 726 1
548 743 1
564 764 1
580 785 1
593 804 1
603 821 1
606 837 1
603 859 1
591 884 1
563 905 1
534 923 1
511 932 1
494 938 1
481 942 1
473 943 1
468 941 1
469 938 1
472 934 1
479 931 1
489 931 1
499 931 1
507 933 1
513 937 1
516 945 1
511 960 1
500 977 1
483 994 1
463 1006 1
444 1013 1
424 1017 1
426 1017 0
305 887 1
305 885 1
305 885 1
305 885 1
305 885 1
307 888 1
314 895 1
326 908 1
337 923 1
348 941 1
354 959 1
356 977 1
347 1000 1
330 1028 1
298 1056 1
243 1092 1
207 1111 1
178 1121 1
160 1127 1
149 1129 1
145 1126 1
142 1121 1
144 1113 1
153 1105 1
167 1097 1
184 1092 1
203 1089 1
220 1090 1
231 1097 1
236 1108 1
230 1125 1
213 1151 1
187 1181 1
156 1213 1
155 1215 1
155 1215 0
