33 1264 1
33 1264 1
33 1264 1
33 1264 1
33 1264 1
33 1264 1
33 1264 1
33 1264 1
33 1264 1
33 1264 1
33 1264 1
33 1263 1
33 1260 1
37 1254 1
40 1248 1
45 1238 1
50 1225 1
55 1213 1
62 1201 1
70 1188 1
81 1170 1
93 1149 1
106 1126 1
122 1099 1
133 1076 1
141 1056 1
146 1032 1
150 1007 1
151 987 1
151 969 1
149 952 1
148 939 1
146 929 1
142 920 1
139 914 1
137 909 1
135 906 1
134 903 1
132 903 1
133 904 1
131 907 1
131 918 1
130 925 1
128 934 1
129 953 1
129 966 1
127 979 1
128 999 1
128 1016 1
128 1030 1
128 1041 1
126 1052 1
127 1076 1
127 1092 1
128 1105 1
128 1114 1
129 1124 1
131 1142 1
135 1157 1
140 1169 1
145 1179 1
148 1185 1
154 1193 1
158 1199 1
161 1204 1
165 1207 1
169 1211 1
174 1214 1
181 1215 1
190 1216 1
200 1216 1
217 1211 1
230 1202 1
240 1193 1
248 1185 1
254 1178 1
264 1163 1
272 1147 1
278 1129 1
282 1113 1
284 1097 1
285 1079 1
285 1061 1
282 1042 1
281 1024 1
278 1008 1
274 998 1
270 989 1
267 983 1
265 977 1
263 974 1
263 970 1
262 970 1
262 968 1
262 968 1
259 970 1
259 973 1
256 978 1
254 985 1
248 1001 1
245 1017 1
244 1033 1
244 1048 1
244 1067 1
245 1082 1
247 1095 1
248 1106 1
249 1117 1
252 1129 1
262 1154 1
270 1174 1
277 1185 1
283 1194 1
289 1202 1
295 1209 1
301 1215 1
306 1219 1
311 1222 1
316 1224 1
321 1225 1
329 1223 1
340 1219 1
353 1207 1
365 1194 1
376 1179 1
386 1163 1
394 1145 1
402 1126 1
409 1106 1
416 1083 1
423 1058 1
428 1032 1
430 1009 1
429 992 1
429 978 1
428 968 1
426 959 1
425 952 1
425 948 1
425 946 1
424 945 1
423 945 1
423 945 1
421 945 1
419 946 1
415 951 1
410 958 1
404 968 1
398 978 1
395 989 1
389 1009 1
387 1025 1
387 1038 1
386 1048 1
386 1065 1
386 1085 1
386 1098 1
386 1108 1
387 1117 1
387 1126 1
389 1135 1
389 1145 1
392 1154 1
396 1163 1
402 1170 1
407 1175 1
413 1180 1
420 1183 1
427 1185 1
432 1186 1
438 1187 1
444 1185 1
452 1184 1
462 1182 1
470 1177 1
483 1164 1
496 1146 1
504 1130 1
511 1114 1
518 1098 1
524 1078 1
529 1058 1
532 1040 1
535 1019 1
537 1003 1
538 993 1
538 985 1
539 980 1
539 976 1
539 973 1
539 971 1
539 971 1
539 970 1
539 970 1
539 970 1
539 970 1
539 970 1
537 970 1
537 971 1
535 972 1
535 974 1
533 975 1
531 977 1
530 980 1
528 985 1
526 990 1
526 994 1
524 997 1
524 999 1
523 1003 1
521 1005 1
521 1006 1
520 1007 1
521 1008 1
520 1008 1
520 1009 1
519 1009 1
519 1010 1
519 1010 1
519 1010 1
519 1011 1
518 1012 1
518 1017 1
516 1025 1
517 1032 1
515 1040 1
514 1046 1
515 1052 1
513 1059 1
514 1065 1
512 1073 1
513 1082 1
513 1092 1
513 1102 1
514 1110 1
514 1117 1
516 1124 1
517 1129 1
518 1134 1
521 1138 1
524 1142 1
529 1147 1
533 1149 1
539 1153 1
544 1156 1
550 1158 1
555 1160 1
561 1161 1
567 1161 1
573 1161 1
581 1159 1
598 1156 1
611 1151 1
623 1144 1
633 1136 1
643 1127 1
652 1119 1
662 1110 1
670 1100 1
683 1082 1
687 1069 1
691 1057 1
693 1046 1
696 1027 1
697 1008 1
697 990 1
695 974 1
695 956 1
692 943 1
692 933 1
690 925 1
690 919 1
690 914 1
688 911 1
689 909 1
689 909 1
689 908 1
689 908 1
689 908 1
689 908 1
687 909 1
685 911 1
684 915 1
680 929 1
673 943 1
668 961 1
663 978 1
661 995 1
658 1011 1
658 1025 1
658 1038 1
658 1051 1
658 1074 1
659 1091 1
660 1103 1
661 1114 1
663 1123 1
669 1143 1
676 1160 1
682 1175 1
688 1184 1
693 1192 1
698 1200 1
702 1205 1
706 1210 1
710 1214 1
714 1217 1
719 1220 1
723 1220 1
729 1221 1
734 1219 1
744 1214 1
751 1203 1
758 1191 1
764 1180 1
772 1159 1
777 1138 1
781 1116 1
784 1093 1
786 1070 1
787 1048 1
787 1029 1
785 1010 1
785 994 1
783 983 1
783 975 1
781 967 1
781 962 1
780 959 1
779 958 1
779 956 1
779 956 1
778 955 1
777 957 1
774 958 1
770 965 1
765 975 1
760 985 1
755 1001 1
752 1017 1
750 1032 1
749 1042 1
749 1051 1
749 1060 1
749 1070 1
749 1083 1
750 1097 1
751 1109 1
753 1119 1
753 1129 1
758 1142 1
765 1157 1
772 1168 1
778 1178 1
784 1187 1
789 1196 1
795 1202 1
801 1208 1
806 1211 1
811 1214 1
818 1213 1
826 1210 1
836 1195 1
845 1177 1
855 1152 1
863 1124 1
869 1096 1
874 1070 1
877 1049 1
879 1027 1
880 1006 1
881 989 1
881 975 1
881 968 1
881 961 1
880 955 1
879 952 1
879 949 1
879 949 1
879 949 1
877 950 1
876 952 1
873 959 1
869 968 1
864 977 1
859 989 1
853 1010 1
851 1025 1
851 1038 1
851 1051 1
851 1064 1
852 1079 1
853 1093 1
855 1105 1
857 1115 1
859 1122 1
860 1126 1
861 1130 1
862 1132 1
863 1134 1
865 1136 1
868 1137 1
875 1138 1
884 1136 1
900 1134 1
912 1128 1
920 1118 1
927 1109 1
939 1094 1
947 1079 1
952 1065 1
956 1051 1
961 1029 1
964 1008 1
967 987 1
968 966 1
969 951 1
969 939 1
969 931 1
969 923 1
968 917 1
968 912 1
968 910 1
968 910 1
968 910 1
968 910 1
968 910 1
968 911 1
967 912 1
965 915 1
964 928 1
961 943 1
958 961 1
955 981 1
953 1003 1
951 1027 1
952 1043 1
952 1054 1
952 1065 1
952 1076 1
954 1090 1
954 1102 1
957 1113 1
960 1120 1
965 1126 1
970 1131 1
978 1135 1
984 1138 1
994 1142 1
1004 1144 1
1012 1146 1
1018 1147 1
1023 1147 1
1025 1147 1
1024 1147 0
