671 606 1
670 605 1
668 604 1
666 602 1
664 602 1
662 602 1
662 601 1
660 601 1
659 601 1
657 601 1
656 601 1
656 601 1
655 601 1
655 601 1
652 601 1
648 603 1
644 607 1
636 615 1
626 625 1
614 639 1
600 656 1
585 678 1
571 703 1
556 729 1
535 769 1
522 794 1
510 816 1
499 837 1
490 854 1
483 870 1
476 885 1
470 900 1
464 916 1
458 932 1
453 949 1
448 964 1
443 976 1
439 986 1
433 999 1
423 1019 1
415 1034 1
405 1050 1
397 1065 1
386 1087 1
376 1111 1
366 1136 1
358 1161 1
351 1189 1
346 1218 1
344 1253 1
342 1285 1
345 1312 1
348 1337 1
353 1360 1
359 1382 1
367 1402 1
375 1422 1
383 1439 1
392 1454 1
401 1466 1
412 1478 1
423 1488 1
436 1497 1
448 1504 1
462 1510 1
478 1516 1
495 1519 1
515 1521 1
537 1523 1
557 1523 1
575 1521 1
591 1518 1
604 1515 1
616 1511 1
626 1506 1
634 1502 1
642 1495 1
649 1488 1
655 1479 1
662 1469 1
667 1459 1
671 1448 1
675 1437 1
678 1425 1
681 1412 1
684 1399 1
688 1387 1
689 1372 1
689 1358 1
689 1344 1
689 1330 1
687 1314 1
686 1297 1
684 1278 1
681 1264 1
679 1248 1
677 1230 1
677 1207 1
677 1185 1
677 1166 1
678 1146 1
679 1131 1
682 1119 1
685 1108 1
689 1097 1
695 1085 1
705 1071 1
716 1057 1
727 1044 1
740 1030 1
750 1016 1
761 1002 1
771 988 1
781 975 1
790 964 1
797 956 1
802 948 1
810 938 1
817 927 1
824 915 1
831 904 1
838 891 1
845 878 1
853 862 1
861 845 1
868 825 1
876 801 1
882 777 1
887 753 1
889 730 1
890 708 1
891 692 1
891 677 1
890 664 1
888 650 1
884 634 1
878 619 1
872 605 1
866 593 1
860 582 1
854 573 1
851 565 1
846 556 1
841 548 1
835 540 1
828 532 1
820 524 1
814 518 1
806 511 1
800 506 1
794 503 1
786 498 1
780 496 1
772 494 1
764 494 1
755 495 1
745 495 1
734 497 1
724 500 1
712 505 1
699 511 1
688 517 1
676 524 1
666 531 1
657 538 1
648 546 1
640 554 1
635 560 1
627 567 1
621 575 1
615 583 1
609 591 1
604 602 1
600 611 1
596 621 1
593 630 1
588 640 1
585 650 1
581 660 1
577 673 1
570 687 1
564 704 1
556 724 1
548 742 1
540 760 1
533 772 1
525 785 1
519 798 1
513 809 1
506 821 1
499 832 1
493 843 1
486 857 1
478 872 1
470 888 1
461 905 1
451 921 1
441 936 1
432 949 1
422 962 1
413 973 1
405 982 1
398 990 1
391 998 1
385 1007 1
377 1018 1
372 1029 1
367 1040 1
360 1053 1
354 1064 1
347 1076 1
340 1090 1
334 1104 1
329 1117 1
322 1131 1
317 1143 1
311 1157 1
306 1169 1
300 1183 1
293 1196 1
285 1211 1
278 1223 1
271 1237 1
264 1251 1
260 1263 1
257 1276 1
255 1291 1
254 1307 1
254 1324 1
257 1343 1
261 1365 1
266 1386 1
274 1408 1
280 1425 1
289 1443 1
298 1459 1
310 1477 1
324 1494 1
338 1512 1
352 1527 1
365 1538 1
375 1546 1
386 1551 1
396 1555 1
408 1558 1
422 1559 1
437 1557 1
453 1554 1
470 1550 1
486 1542 1
502 1534 1
516 1527 1
532 1518 1
546 1511 1
558 1506 1
570 1496 1
585 1485 1
600 1472 1
612 1460 1
625 1448 1
634 1437 1
643 1426 1
651 1416 1
656 1408 1
661 1402 1
666 1395 1
670 1389 1
675 1380 1
680 1369 1
686 1356 1
691 1343 1
696 1327 1
701 1314 1
705 1299 1
709 1287 1
712 1272 1
714 1262 1
717 1251 1
721 1240 1
724 1229 1
727 1219 1
729 1208 1
731 1200 1
733 1193 1
735 1185 1
737 1177 1
740 1169 1
742 1163 1
746 1156 1
749 1149 1
751 1142 1
754 1134 1
756 1127 1
759 1119 1
761 1109 1
763 1101 1
766 1091 1
769 1080 1
772 1070 1
776 1058 1
780 1045 1
784 1034 1
787 1025 1
790 1015 1
793 1006 1
796 996 1
799 988 1
803 977 1
807 963 1
813 945 1
819 919 1
825 891 1
831 864 1
835 842 1
838 824 1
842 807 1
845 792 1
849 777 1
851 766 1
853 757 1
856 747 1
858 738 1
860 727 1
863 716 1
865 707 1
867 698 1
870 686 1
873 674 1
877 660 1
880 645 1
882 630 1
883 614 1
881 599 1
881 586 1
879 575 1
878 568 1
876 560 1
872 554 1
870 548 1
867 543 1
866 539 1
863 536 1
862 534 1
860 532 1
859 531 1
857 529 1
854 528 1
852 528 1
850 528 1
847 528 1
844 526 1
835 527 1
825 527 1
808 527 1
789 528 1
767 529 1
748 530 1
731 532 1
719 533 1
709 535 1
704 536 1
700 537 1
695 539 1
693 540 1
690 542 1
687 543 1
684 546 1
678 548 1
672 550 1
665 553 1
656 557 1
645 561 1
635 564 1
625 567 1
618 570 1
610 573 1
603 575 1
598 578 1
594 580 1
589 583 1
585 586 1
580 589 1
574 595 1
566 605 1
556 616 1
546 630 1
535 644 1
524 660 1
516 674 1
506 689 1
499 702 1
493 713 1
488 721 1
485 730 1
482 743 1
479 755 1
476 772 1
475 789 1
473 808 1
472 825 1
470 843 1
470 860 1
470 877 1
467 895 1
465 910 1
460 924 1
456 939 1
450 955 1
445 969 1
440 983 1
436 996 1
431 1010 1
428 1027 1
422 1045 1
417 1066 1
413 1089 1
409 1111 1
406 1132 1
404 1152 1
401 1169 1
399 1185 1
398 1201 1
398 1218 1
398 1234 1
398 1248 1
396 1261 1
393 1274 1
389 1287 1
381 1303 1
373 1319 1
363 1333 1
355 1346 1
343 1362 1
333 1378 1
324 1393 1
319 1404 1
314 1414 1
312 1422 1
309 1430 1
309 1437 1
308 1444 1
308 1450 1
309 1458 1
314 1466 1
317 1477 1
323 1489 1
333 1505 1
344 1520 1
356 1536 1
369 1547 1
382 1556 1
396 1564 1
413 1570 1
432 1574 1
451 1578 1
468 1579 1
483 1578 1
498 1575 1
511 1569 1
526 1558 1
543 1543 1
559 1526 1
576 1507 1
590 1490 1
603 1476 1
615 1462 1
624 1446 1
637 1423 1
651 1398 1
669 1364 1
686 1337 1
697 1314 1
705 1296 1
710 1281 1
714 1268 1
717 1255 1
719 1241 1
721 1226 1
724 1211 1
726 1196 1
729 1183 1
733 1167 1
739 1149 1
747 1128 1
755 1107 1
762 1085 1
770 1063 1
778 1040 1
784 1016 1
792 988 1
801 958 1
809 928 1
817 900 1
822 876 1
824 859 1
827 844 1
829 831 1
830 817 1
833 803 1
836 786 1
839 772 1
842 758 1
847 747 1
853 735 1
857 724 1
863 712 1
869 702 1
872 692 1
878 677 1
884 662 1
889 641 1
893 623 1
895 608 1
895 596 1
893 587 1
893 582 1
891 577 1
891 573 1
889 570 1
889 568 1
886 563 1
881 559 1
875 553 1
867 546 1
859 541 1
852 535 1
839 531 1
826 526 1
813 522 1
801 519 1
786 517 1
770 516 1
751 517 1
730 520 1
710 527 1
685 537 1
664 548 1
648 558 1
632 569 1
618 580 1
604 592 1
589 606 1
574 623 1
561 636 1
548 652 1
537 668 1
525 683 1
513 697 1
501 713 1
487 729 1
471 747 1
457 768 1
445 788 1
431 811 1
417 833 1
405 854 1
394 876 1
384 898 1
375 920 1
367 943 1
361 966 1
354 987 1
346 1008 1
340 1029 1
333 1050 1
328 1071 1
323 1092 1
319 1111 1
314 1130 1
312 1147 1
309 1168 1
307 1185 1
304 1206 1
302 1226 1
301 1246 1
299 1266 1
300 1291 1
300 1314 1
300 1337 1
300 1363 1
301 1383 1
301 1405 1
302 1427 1
302 1448 1
303 1467 1
303 1483 1
305 1501 1
310 1519 1
317 1535 1
326 1552 1
338 1567 1
351 1583 1
367 1597 1
384 1611 1
404 1623 1
424 1632 1
443 1639 1
464 1644 1
486 1647 1
507 1648 1
525 1648 1
550 1643 1
574 1633 1
598 1619 1
620 1604 1
642 1587 1
662 1567 1
679 1549 1
692 1532 1
703 1518 1
711 1504 1
719 1490 1
725 1477 1
731 1466 1
735 1456 1
739 1444 1
742 1431 1
749 1415 1
755 1400 1
761 1385 1
768 1368 1
774 1352 1
781 1336 1
787 1320 1
795 1303 1
804 1286 1
811 1269 1
816 1253 1
821 1237 1
827 1218 1
832 1200 1
838 1179 1
844 1158 1
850 1137 1
857 1118 1
862 1103 1
866 1088 1
870 1074 1
873 1060 1
876 1043 1
877 1020 1
880 995 1
881 971 1
883 947 1
884 928 1
884 915 1
885 905 1
885 897 1
886 889 1
887 878 1
890 863 1
895 843 1
900 816 1
904 790 1
907 768 1
910 749 1
912 729 1
915 709 1
919 688 1
923 664 1
928 639 1
932 612 1
934 593 1
935 583 1
935 574 1
935 571 1
935 569 1
935 569 1
935 568 1
935 568 1
935 568 1
935 568 1
935 568 1
932 564 1
922 554 1
906 540 1
884 522 1
858 502 1
832 484 1
811 471 1
793 461 1
781 457 1
770 454 1
762 451 1
757 452 1
752 452 1
747 455 1
740 461 1
728 475 1
711 496 1
689 525 1
669 556 1
649 587 1
634 615 1
619 641 1
605 666 1
594 688 1
586 701 1
578 714 1
569 728 1
562 740 1
554 752 1
543 768 1
530 783 1
514 799 1
496 819 1
479 836 1
464 853 1
449 869 1
435 886 1
420 903 1
409 918 1
398 932 1
390 945 1
382 957 1
378 968 1
373 979 1
368 988 1
364 999 1
360 1013 1
354 1030 1
348 1052 1
342 1077 1
337 1106 1
333 1136 1
330 1167 1
326 1199 1
320 1227 1
314 1256 1
310 1285 1
307 1316 1
307 1338 1
307 1358 1
311 1378 1
316 1394 1
323 1408 1
327 1418 1
332 1428 1
338 1437 1
347 1448 1
356 1459 1
365 1469 1
372 1476 1
381 1484 1
389 1492 1
399 1500 1
409 1510 1
418 1519 1
426 1527 1
435 1535 1
441 1541 1
447 1546 1
456 1552 1
465 1557 1
475 1564 1
486 1570 1
495 1576 1
506 1581 1
514 1587 1
524 1590 1
533 1595 1
544 1598 1
555 1599 1
568 1598 1
582 1596 1
597 1592 1
614 1582 1
633 1566 1
653 1543 1
672 1517 1
685 1494 1
694 1474 1
700 1456 1
705 1438 1
708 1420 1
711 1404 1
714 1386 1
718 1368 1
720 1354 1
723 1341 1
726 1330 1
729 1321 1
734 1310 1
740 1296 1
746 1283 1
752 1272 1
757 1262 1
761 1255 1
765 1248 1
769 1239 1
775 1229 1
780 1214 1
788 1198 1
794 1186 1
802 1172 1
809 1160 1
817 1147 1
823 1134 1
829 1122 1
832 1111 1
837 1099 1
840 1087 1
844 1074 1
845 1064 1
848 1053 1
850 1044 1
853 1033 1
856 1016 1
861 997 1
866 973 1
872 947 1
878 921 1
881 899 1
885 875 1
887 853 1
889 829 1
889 808 1
890 786 1
890 769 1
889 754 1
887 739 1
887 722 1
885 703 1
884 683 1
882 665 1
881 648 1
879 633 1
877 619 1
875 603 1
872 586 1
870 570 1
868 559 1
867 553 1
867 547 1
864 544 1
863 540 1
861 537 1
858 532 1
855 528 1
851 524 1
846 521 1
840 517 1
831 513 1
821 509 1
810 506 1
800 503 1
791 502 1
783 500 1
775 501 1
769 501 1
761 504 1
753 506 1
742 511 1
728 520 1
711 533 1
692 547 1
674 561 1
654 573 1
634 584 1
617 594 1
602 603 1
589 613 1
577 622 1
566 631 1
554 642 1
544 652 1
535 665 1
527 677 1
520 688 1
512 701 1
505 713 1
498 726 1
491 741 1
484 759 1
476 776 1
468 795 1
460 811 1
452 828 1
443 845 1
435 860 1
427 873 1
419 888 1
410 900 1
399 913 1
388 928 1
377 944 1
366 961 1
355 978 1
344 999 1
332 1021 1
322 1044 1
313 1070 1
306 1096 1
301 1121 1
295 1148 1
292 1174 1
288 1198 1
285 1220 1
284 1239 1
282 1256 1
282 1271 1
282 1287 1
284 1304 1
286 1320 1
289 1335 1
291 1353 1
294 1369 1
297 1387 1
300 1401 1
303 1417 1
306 1433 1
310 1449 1
314 1465 1
317 1479 1
321 1492 1
326 1506 1
331 1519 1
339 1534 1
348 1548 1
357 1561 1
369 1574 1
380 1589 1
391 1601 1
403 1612 1
414 1620 1
425 1626 1
436 1632 1
447 1636 1
458 1639 1
472 1643 1
489 1644 1
507 1643 1
525 1639 1
545 1631 1
563 1621 1
579 1609 1
592 1598 1
604 1589 1
616 1578 1
627 1566 1
642 1551 1
653 1538 1
662 1526 1
672 1514 1
678 1502 1
684 1488 1
691 1472 1
699 1451 1
707 1431 1
713 1411 1
718 1393 1
725 1375 1
731 1357 1
737 1338 1
742 1322 1
746 1306 1
751 1287 1
755 1270 1
759 1251 1
762 1233 1
766 1210 1
771 1191 1
777 1172 1
783 1155 1
791 1138 1
800 1123 1
807 1111 1
814 1100 1
821 1089 1
828 1078 1
835 1067 1
840 1058 1
845 1050 1
851 1041 1
860 1026 1
872 1008 1
883 986 1
895 962 1
904 939 1
910 920 1
915 903 1
918 886 1
921 867 1
923 843 1
925 821 1
925 803 1
923 788 1
921 774 1
920 761 1
920 745 1
918 722 1
918 697 1
918 664 1
918 635 1
916 611 1
914 593 1
912 579 1
910 567 1
908 556 1
906 540 1
903 523 1
898 500 1
893 477 1
887 450 1
878 424 1
869 398 1
857 378 1
849 363 1
840 352 1
834 346 1
825 340 1
817 336 1
806 333 1
791 333 1
775 333 1
752 338 1
728 344 1
703 353 1
682 362 1
665 371 1
648 382 1
633 395 1
619 408 1
603 425 1
591 442 1
578 461 1
565 482 1
554 504 1
542 531 1
531 556 1
516 588 1
504 616 1
491 644 1
481 667 1
473 690 1
465 716 1
459 739 1
454 767 1
451 789 1
448 813 1
445 833 1
442 853 1
440 871 1
437 885 1
435 898 1
432 910 1
427 923 1
422 938 1
415 952 1
406 968 1
396 983 1
388 998 1
377 1015 1
366 1033 1
356 1053 1
345 1074 1
338 1095 1
330 1114 1
326 1136 1
321 1157 1
318 1179 1
316 1198 1
314 1222 1
315 1245 1
315 1269 1
315 1294 1
318 1320 1
320 1344 1
323 1368 1
327 1389 1
331 1405 1
336 1423 1
343 1439 1
352 1455 1
361 1472 1
372 1487 1
384 1503 1
397 1521 1
412 1537 1
427 1550 1
443 1560 1
460 1568 1
478 1576 1
500 1580 1
522 1583 1
545 1583 1
566 1578 1
588 1570 1
610 1559 1
632 1546 1
653 1531 1
672 1518 1
688 1502 1
704 1487 1
718 1470 1
731 1451 1
746 1424 1
759 1394 1
772 1362 1
783 1326 1
792 1288 1
797 1254 1
800 1212 1
801 1166 1
801 1118 1
801 1080 1
803 1054 1
806 1037 1
808 1024 1
810 1011 1
813 995 1
816 978 1
821 958 1
828 937 1
834 915 1
840 897 1
846 880 1
852 862 1
859 844 1
866 826 1
873 803 1
881 780 1
889 758 1
898 730 1
906 707 1
913 679 1
918 652 1
922 624 1
925 597 1
927 568 1
930 538 1
931 512 1
932 489 1
929 474 1
928 464 1
925 457 1
922 451 1
918 445 1
911 439 1
900 431 1
890 424 1
880 417 1
870 412 1
860 409 1
848 405 1
834 401 1
819 399 1
800 400 1
779 403 1
756 412 1
734 423 1
713 434 1
693 448 1
674 465 1
655 487 1
638 514 1
622 547 1
611 575 1
602 603 1
595 629 1
589 654 1
583 678 1
578 699 1
575 719 1
573 739 1
570 754 1
569 767 1
567 779 1
564 791 1
559 804 1
552 822 1
543 841 1
528 866 1
515 891 1
501 918 1
488 947 1
477 974 1
467 1001 1
457 1027 1
449 1050 1
441 1076 1
434 1102 1
428 1127 1
420 1153 1
414 1179 1
408 1206 1
402 1234 1
398 1261 1
394 1288 1
391 1313 1
389 1335 1
386 1358 1
384 1383 1
383 1406 1
380 1428 1
378 1447 1
373 1466 1
371 1482 1
367 1498 1
363 1516 1
362 1531 1
360 1545 1
362 1557 1
364 1569 1
369 1581 1
374 1594 1
384 1606 1
395 1617 1
408 1630 1
425 1643 1
443 1657 1
466 1668 1
488 1677 1
508 1678 1
532 1677 1
556 1667 1
585 1648 1
616 1623 1
646 1589 1
678 1553 1
707 1521 1
729 1497 1
745 1475 1
759 1455 1
775 1428 1
794 1391 1
812 1354 1
826 1321 1
836 1292 1
844 1268 1
849 1245 1
855 1220 1
860 1186 1
863 1149 1
863 1115 1
860 1085 1
858 1060 1
856 1039 1
858 1022 1
858 1003 1
860 984 1
863 963 1
868 942 1
872 919 1
878 896 1
884 871 1
888 851 1
893 832 1
897 813 1
901 794 1
904 777 1
906 763 1
908 749 1
910 735 1
914 719 1
918 698 1
923 671 1
927 643 1
928 618 1
927 600 1
924 582 1
920 568 1
915 553 1
909 537 1
902 521 1
894 506 1
883 492 1
873 481 1
863 473 1
854 465 1
846 458 1
838 451 1
828 445 1
818 439 1
809 436 1
799 434 1
786 431 1
767 429 1
749 429 1
732 431 1
714 435 1
692 442 1
672 449 1
653 456 1
635 467 1
617 479 1
599 493 1
583 507 1
567 523 1
554 539 1
540 557 1
527 573 1
512 593 1
501 613 1
489 635 1
475 660 1
463 684 1
450 712 1
438 735 1
428 756 1
417 779 1
408 801 1
397 823 1
388 845 1
380 865 1
372 882 1
364 896 1
358 907 1
351 918 1
346 930 1
340 944 1
334 961 1
329 980 1
324 1001 1
321 1023 1
318 1047 1
316 1072 1
313 1098 1
311 1123 1
309 1148 1
306 1169 1
305 1191 1
305 1212 1
304 1233 1
302 1251 1
301 1269 1
299 1288 1
298 1309 1
298 1330 1
298 1351 1
297 1371 1
297 1391 1
297 1410 1
299 1427 1
300 1446 1
303 1463 1
308 1482 1
316 1503 1
326 1525 1
339 1544 1
352 1559 1
367 1571 1
378 1580 1
390 1588 1
403 1593 1
420 1597 1
441 1597 1
464 1594 1
489 1588 1
513 1580 1
535 1573 1
553 1566 1
570 1556 1
584 1547 1
596 1536 1
612 1524 1
628 1511 1
644 1496 1
659 1481 1
671 1463 1
684 1442 1
698 1418 1
710 1389 1
722 1361 1
729 1335 1
735 1313 1
741 1293 1
745 1276 1
750 1259 1
757 1239 1
765 1215 1
775 1189 1
785 1162 1
797 1139 1
807 1116 1
816 1090 1
825 1062 1
835 1034 1
842 1008 1
849 987 1
851 973 1
853 962 1
854 952 1
856 942 1
857 929 1
858 916 1
860 900 1
861 880 1
864 856 1
866 828 1
869 800 1
874 775 1
878 754 1
883 734 1
888 718 1
892 704 1
897 687 1
904 669 1
907 648 1
911 629 1
914 611 1
915 596 1
916 580 1
916 567 1
916 553 1
913 537 1
910 523 1
906 511 1
904 502 1
901 494 1
900 487 1
897 481 1
894 474 1
889 466 1
883 458 1
877 450 1
871 443 1
866 436 1
859 429 1
851 422 1
842 414 1
830 407 1
818 401 1
805 394 1
791 390 1
776 387 1
761 386 1
746 386 1
731 387 1
717 392 1
704 398 1
690 408 1
674 420 1
658 433 1
642 449 1
629 467 1
616 485 1
603 506 1
589 527 1
576 548 1
564 568 1
552 589 1
538 616 1
522 645 1
506 671 1
492 695 1
481 715 1
470 734 1
460 753 1
452 769 1
442 786 1
432 801 1
423 817 1
414 833 1
404 851 1
395 871 1
384 893 1
374 913 1
365 935 1
355 958 1
346 981 1
336 1005 1
327 1029 1
320 1054 1
314 1079 1
309 1104 1
303 1127 1
299 1150 1
295 1169 1
290 1186 1
281 1216 1
275 1232 1
269 1248 1
261 1267 1
253 1286 1
246 1303 1
240 1319 1
235 1333 1
232 1350 1
231 1369 1
231 1389 1
231 1410 1
231 1430 1
232 1450 1
235 1470 1
239 1493 1
248 1518 1
255 1542 1
263 1564 1
274 1585 1
287 1606 1
303 1626 1
320 1647 1
338 1665 1
353 1680 1
368 1692 1
382 1701 1
401 1708 1
420 1714 1
441 1718 1
463 1720 1
486 1721 1
503 1719 1
523 1716 1
539 1714 1
557 1709 1
574 1703 1
594 1693 1
613 1682 1
633 1669 1
651 1657 1
669 1642 1
688 1624 1
704 1607 1
721 1586 1
737 1563 1
754 1539 1
770 1517 1
784 1493 1
797 1470 1
807 1442 1
817 1409 1
827 1376 1
834 1346 1
839 1321 1
843 1297 1
846 1275 1
848 1253 1
849 1236 1
852 1215 1
853 1200 1
855 1187 1
857 1173 1
862 1154 1
866 1132 1
870 1108 1
874 1081 1
878 1050 1
883 1017 1
887 983 1
890 949 1
891 920 1
893 896 1
893 869 1
895 845 1
897 822 1
898 799 1
899 780 1
900 765 1
901 751 1
902 735 1
904 719 1
910 697 1
915 675 1
920 652 1
924 631 1
927 612 1
928 596 1
929 580 1
929 566 1
927 553 1
923 536 1
918 521 1
911 505 1
904 490 1
894 476 1
884 461 1
873 446 1
861 431 1
849 418 1
837 407 1
825 399 1
812 392 1
801 388 1
791 385 1
779 384 1
765 384 1
746 387 1
726 392 1
708 400 1
689 411 1
670 425 1
646 444 1
620 465 1
596 488 1
577 505 1
561 524 1
548 541 1
535 557 1
525 572 1
514 590 1
505 608 1
497 624 1
488 639 1
482 655 1
475 673 1
466 694 1
456 716 1
443 742 1
429 767 1
414 798 1
401 825 1
387 852 1
373 882 1
361 909 1
348 936 1
337 963 1
326 987 1
317 1012 1
309 1039 1
302 1065 1
297 1091 1
292 1118 1
288 1142 1
282 1171 1
276 1198 1
272 1228 1
267 1256 1
264 1282 1
262 1307 1
260 1331 1
261 1356 1
262 1380 1
264 1398 1
266 1416 1
269 1433 1
272 1451 1
277 1468 1
282 1485 1
289 1502 1
296 1519 1
303 1532 1
310 1547 1
317 1561 1
323 1574 1
330 1589 1
339 1601 1
350 1614 1
361 1623 1
370 1629 1
381 1636 1
394 1642 1
414 1650 1
437 1658 1
461 1666 1
482 1674 1
499 1678 1
513 1682 1
530 1686 1
548 1687 1
564 1687 1
583 1684 1
602 1681 1
620 1674 1
636 1668 1
651 1659 1
666 1649 1
680 1637 1
694 1624 1
704 1612 1
715 1599 1
724 1583 1
734 1562 1
742 1543 1
752 1523 1
761 1504 1
772 1483 1
782 1463 1
793 1443 1
802 1422 1
810 1401 1
817 1380 1
825 1359 1
830 1341 1
835 1328 1
839 1315 1
843 1302 1
847 1288 1
854 1270 1
859 1254 1
864 1237 1
868 1220 1
871 1203 1
873 1182 1
876 1158 1
879 1136 1
882 1115 1
886 1099 1
888 1085 1
890 1072 1
891 1063 1
893 1053 1
894 1042 1
897 1030 1
898 1018 1
900 1006 1
903 994 1
905 981 1
908 968 1
911 954 1
914 938 1
919 919 1
924 899 1
927 876 1
932 853 1
936 831 1
940 809 1
944 788 1
949 767 1
952 747 1
954 730 1
956 716 1
956 704 1
956 691 1
956 675 1
954 659 1
954 641 1
953 627 1
951 612 1
950 598 1
948 585 1
946 574 1
945 564 1
942 553 1
935 537 1
927 520 1
917 501 1
904 481 1
890 464 1
877 449 1
864 435 1
853 425 1
841 416 1
831 409 1
820 404 1
809 399 1
798 396 1
784 394 1
767 394 1
750 394 1
728 396 1
708 401 1
687 408 1
668 416 1
649 427 1
631 438 1
612 452 1
591 471 1
572 491 1
554 513 1
538 535 1
520 564 1
502 593 1
486 620 1
473 640 1
461 658 1
450 676 1
437 693 1
425 708 1
412 727 1
398 751 1
385 774 1
373 798 1
360 823 1
348 848 1
335 876 1
323 906 1
311 935 1
300 963 1
291 988 1
283 1011 1
275 1033 1
269 1055 1
264 1077 1
261 1099 1
258 1120 1
257 1146 1
256 1172 1
256 1196 1
257 1221 1
258 1244 1
260 1267 1
262 1292 1
264 1316 1
267 1341 1
270 1366 1
272 1389 1
274 1410 1
277 1432 1
282 1455 1
287 1477 1
294 1498 1
300 1517 1
308 1535 1
314 1551 1
322 1569 1
329 1588 1
337 1607 1
346 1622 1
354 1637 1
362 1648 1
371 1657 1
381 1666 1
395 1674 1
411 1680 1
428 1686 1
449 1690 1
474 1694 1
500 1697 1
526 1699 1
550 1701 1
571 1698 1
592 1693 1
611 1685 1
627 1676 1
642 1666 1
654 1656 1
667 1643 1
681 1627 1
697 1608 1
711 1587 1
726 1563 1
739 1538 1
750 1516 1
761 1492 1
772 1471 1
781 1450 1
791 1425 1
799 1404 1
804 1385 1
810 1362 1
815 1341 1
819 1324 1
818 1330 0
