608 1043 1
608 1043 1
608 1043 1
608 1043 1
608 1043 1
608 1043 1
606 1043 1
603 1043 1
598 1043 1
592 1043 1
586 1041 1
581 1041 1
576 1038 1
571 1036 1
567 1033 1
564 1030 1
562 1027 1
561 1023 1
560 1017 1
561 1012 1
562 1007 1
565 1001 1
570 997 1
577 993 1
583 991 1
589 991 1
597 991 1
603 993 1
609 996 1
615 999 1
621 1003 1
626 1008 1
631 1014 1
633 1020 1
636 1026 1
638 1034 1
639 1041 1
637 1048 1
636 1054 1
633 1060 1
630 1066 1
628 1069 1
626 1073 1
623 1076 1
621 1079 1
618 1081 1
615 1084 1
611 1085 1
607 1086 1
603 1087 1
598 1088 1
596 1088 1
593 1088 1
589 1088 1
587 1088 1
584 1088 1
581 1087 1
577 1087 1
571 1085 1
565 1083 1
558 1081 1
550 1078 1
540 1072 1
530 1067 1
522 1060 1
513 1053 1
507 1047 1
501 1040 1
498 1034 1
496 1027 1
494 1019 1
494 1010 1
495 1001 1
498 992 1
502 983 1
506 975 1
512 968 1
518 962 1
526 957 1
536 951 1
545 946 1
554 941 1
564 937 1
571 933 1
579 930 1
585 928 1
591 926 1
596 925 1
601 924 1
607 922 1
611 921 1
618 919 1
624 919 1
631 917 1
638 916 1
645 914 1
651 914 1
657 912 1
664 911 1
668 912 1
672 910 1
675 911 1
677 911 1
679 911 1
681 912 1
682 912 1
683 912 1
684 913 1
685 914 1
686 916 1
687 920 1
690 926 1
693 935 1
697 945 1
701 956 1
704 966 1
706 974 1
709 984 1
710 993 1
711 1002 1
712 1012 1
712 1021 1
710 1029 1
710 1036 1
709 1042 1
708 1046 1
707 1051 1
705 1055 1
703 1058 1
701 1062 1
700 1065 1
697 1068 1
696 1070 1
694 1072 1
692 1075 1
691 1076 1
689 1079 1
688 1081 1
686 1083 1
685 1085 1
683 1087 1
682 1089 1
678 1094 1
676 1098 1
673 1101 1
671 1105 1
668 1111 1
665 1115 1
660 1122 1
654 1131 1
647 1140 1
642 1148 1
636 1156 1
632 1162 1
627 1167 1
624 1170 1
622 1173 1
619 1175 1
617 1177 1
614 1179 1
612 1180 1
610 1182 1
608 1183 1
605 1184 1
601 1184 1
596 1185 1
591 1185 1
587 1185 1
581 1183 1
576 1183 1
570 1181 1
565 1179 1
560 1176 1
558 1174 1
555 1172 1
553 1170 1
551 1168 1
548 1166 1
546 1165 1
544 1163 1
541 1162 1
536 1157 1
530 1154 1
523 1147 1
515 1140 1
508 1133 1
502 1127 1
496 1120 1
492 1114 1
488 1111 1
485 1106 1
482 1104 1
480 1101 1
477 1098 1
475 1096 1
473 1094 1
472 1092 1
470 1090 1
468 1087 1
466 1082 1
462 1076 1
458 1068 1
454 1060 1
451 1054 1
449 1048 1
448 1044 1
446 1040 1
445 1035 1
443 1030 1
443 1026 1
443 1019 1
444 1013 1
444 1005 1
446 998 1
448 988 1
451 978 1
454 969 1
457 960 1
462 951 1
467 942 1
471 932 1
475 921 1
479 910 1
483 900 1
488 890 1
490 882 1
494 873 1
497 865 1
502 856 1
507 844 1
512 835 1
517 825 1
523 818 1
529 811 1
535 806 1
541 801 1
548 797 1
554 794 1
561 791 1
568 790 1
575 790 1
585 789 1
595 789 1
604 789 1
613 791 1
621 793 1
628 794 1
635 796 1
639 797 1
644 799 1
648 800 1
651 801 1
655 802 1
659 804 1
663 806 1
666 807 1
669 810 1
672 811 1
675 813 1
678 816 1
681 819 1
685 822 1
690 827 1
694 831 1
698 836 1
702 840 1
706 845 1
709 852 1
713 857 1
717 862 1
721 867 1
724 871 1
727 876 1
730 880 1
733 885 1
736 890 1
739 894 1
742 899 1
745 904 1
747 907 1
750 911 1
752 914 1
753 917 1
755 919 1
755 922 1
756 925 1
757 928 1
758 932 1
758 937 1
759 941 1
759 946 1
760 951 1
760 957 1
760 963 1
760 969 1
760 974 1
760 979 1
760 985 1
759 990 1
759 995 1
758 1000 1
758 1007 1
757 1012 1
756 1018 1
755 1023 1
754 1029 1
752 1034 1
751 1038 1
751 1042 1
750 1045 1
748 1047 1
748 1050 1
746 1053 1
746 1055 1
744 1058 1
742 1061 1
740 1065 1
737 1069 1
734 1076 1
729 1083 1
724 1093 1
719 1102 1
715 1109 1
712 1116 1
708 1124 1
704 1130 1
701 1134 1
698 1140 1
695 1145 1
693 1150 1
689 1157 1
687 1165 1
683 1173 1
678 1180 1
672 1187 1
665 1194 1
656 1199 1
648 1204 1
641 1208 1
637 1210 1
633 1213 1
631 1214 1
629 1215 1
627 1216 1
624 1217 1
622 1217 1
619 1218 1
617 1219 1
615 1219 1
612 1219 1
608 1220 1
605 1220 1
601 1220 1
596 1221 1
590 1221 1
584 1221 1
579 1221 1
574 1221 1
570 1222 1
565 1221 1
559 1221 1
552 1220 1
543 1218 1
534 1216 1
523 1213 1
513 1210 1
502 1206 1
494 1203 1
484 1198 1
476 1193 1
468 1187 1
461 1182 1
455 1176 1
450 1171 1
444 1165 1
439 1160 1
434 1153 1
429 1146 1
424 1140 1
421 1130 1
417 1119 1
413 1106 1
409 1092 1
405 1074 1
402 1059 1
400 1044 1
399 1034 1
399 1027 1
398 1019 1
398 1014 1
398 1008 1
398 1004 1
398 1000 1
398 995 1
398 991 1
398 983 1
399 975 1
400 966 1
402 954 1
404 941 1
408 923 1
412 904 1
416 884 1
419 866 1
423 849 1
426 835 1
432 822 1
438 809 1
446 797 1
454 785 1
462 776 1
474 766 1
484 758 1
494 751 1
506 746 1
516 742 1
528 739 1
544 735 1
557 733 1
569 730 1
580 730 1
590 730 1
601 731 1
611 733 1
623 736 1
634 741 1
645 746 1
656 752 1
666 760 1
675 766 1
685 773 1
694 780 1
702 786 1
710 792 1
717 797 1
722 802 1
728 807 1
733 812 1
740 819 1
746 827 1
752 836 1
758 845 1
764 854 1
769 867 1
775 880 1
779 892 1
782 905 1
784 917 1
787 929 1
788 941 1
790 952 1
792 963 1
793 972 1
794 979 1
795 988 1
796 997 1
797 1009 1
798 1020 1
799 1029 1
799 1037 1
799 1044 1
799 1050 1
799 1055 1
799 1061 1
799 1068 1
799 1076 1
799 1086 1
797 1097 1
797 1108 1
795 1119 1
793 1131 1
790 1143 1
787 1157 1
785 1168 1
782 1177 1
782 1184 1
782 1190 1
781 1195 1
782 1199 1
783 1203 1
784 1206 1
784 1208 1
785 1211 1
785 1213 1
786 1215 1
787 1216 1
787 1216 1
788 1218 1
788 1219 1
789 1220 1
789 1222 1
790 1222 1
790 1224 1
791 1225 1
791 1227 1
792 1229 1
793 1232 1
793 1235 1
793 1237 1
793 1240 1
792 1242 1
792 1245 1
790 1246 1
788 1249 1
787 1251 1
786 1252 1
784 1253 1
784 1253 1
784 1254 1
783 1254 1
781 1254 1
780 1255 1
778 1255 1
776 1255 1
773 1256 1
770 1257 1
767 1257 1
764 1258 1
760 1258 1
755 1259 1
752 1259 1
747 1259 1
744 1259 1
741 1259 1
739 1260 1
736 1260 1
733 1261 1
730 1261 1
726 1263 1
723 1266 1
716 1270 1
710 1275 1
703 1280 1
696 1284 1
690 1290 1
685 1295 1
679 1300 1
676 1303 1
673 1305 1
670 1307 1
667 1309 1
665 1310 1
663 1311 1
661 1312 1
659 1312 1
656 1313 1
653 1313 1
650 1313 1
648 1312 1
645 1312 1
643 1311 1
640 1309 1
637 1309 1
635 1308 1
631 1306 1
629 1306 1
626 1306 1
624 1305 1
621 1305 1
619 1305 1
616 1305 1
613 1305 1
608 1306 1
602 1306 1
594 1305 1
584 1303 1
572 1301 1
561 1298 1
549 1297 1
539 1295 1
532 1295 1
526 1293 1
520 1292 1
516 1293 1
511 1293 1
506 1292 1
499 1292 1
491 1290 1
482 1288 1
472 1285 1
462 1282 1
454 1280 1
448 1278 1
442 1276 1
438 1275 1
434 1272 1
428 1269 1
423 1266 1
419 1262 1
415 1257 1
411 1252 1
407 1247 1
403 1241 1
397 1232 1
392 1221 1
387 1207 1
382 1193 1
377 1176 1
374 1161 1
371 1148 1
369 1138 1
367 1131 1
366 1126 1
366 1123 1
364 1120 1
364 1118 1
360 1113 1
357 1108 1
352 1102 1
344 1091 1
335 1077 1
326 1061 1
317 1043 1
309 1024 1
303 1003 1
299 988 1
297 972 1
297 960 1
298 948 1
301 936 1
307 923 1
312 912 1
319 900 1
325 890 1
331 880 1
335 871 1
340 860 1
343 851 1
346 840 1
347 826 1
348 811 1
349 796 1
349 782 1
351 771 1
354 761 1
357 751 1
362 742 1
368 733 1
374 723 1
383 712 1
395 700 1
407 689 1
419 678 1
431 667 1
442 657 1
450 648 1
458 640 1
464 635 1
470 630 1
478 626 1
486 622 1
493 620 1
503 618 1
513 616 1
525 616 1
539 614 1
551 614 1
564 613 1
575 613 1
585 613 1
592 613 1
597 613 1
601 614 1
603 614 1
605 615 1
607 615 1
610 616 1
613 618 1
617 620 1
624 625 1
631 631 1
637 637 1
643 643 1
649 649 1
656 657 1
661 664 1
667 671 1
672 677 1
676 683 1
680 687 1
682 692 1
684 693 1
686 698 1
691 702 1
695 708 1
700 715 1
708 725 1
716 738 1
725 750 1
732 762 1
739 773 1
745 784 1
750 793 1
754 802 1
758 812 1
763 819 1
767 827 1
771 833 1
777 840 1
784 849 1
789 856 1
796 865 1
801 873 1
805 879 1
807 885 1
810 889 1
811 893 1
813 896 1
814 898 1
815 901 1
816 904 1
819 907 1
822 912 1
828 919 1
838 929 1
849 943 1
859 957 1
870 974 1
876 988 1
881 1000 1
882 1012 1
883 1022 1
882 1031 1
879 1039 1
876 1047 1
873 1053 1
869 1061 1
867 1067 1
865 1075 1
865 1086 1
866 1097 1
867 1111 1
870 1126 1
872 1145 1
876 1165 1
877 1184 1
876 1203 1
874 1221 1
871 1237 1
866 1252 1
861 1263 1
856 1274 1
852 1284 1
849 1293 1
846 1302 1
844 1312 1
842 1320 1
839 1330 1
834 1339 1
829 1350 1
822 1362 1
811 1376 1
799 1391 1
785 1403 1
772 1412 1
762 1419 1
751 1425 1
741 1430 1
730 1432 1
720 1435 1
711 1437 1
703 1437 1
696 1437 1
688 1437 1
682 1437 1
676 1437 1
668 1437 1
659 1437 1
648 1436 1
636 1433 1
621 1431 1
607 1429 1
591 1427 1
579 1425 1
568 1424 1
557 1422 1
546 1420 1
535 1418 1
525 1415 1
516 1413 1
509 1411 1
502 1410 1
497 1410 1
491 1407 1
485 1404 1
479 1402 1
473 1399 1
466 1396 1
459 1393 1
453 1390 1
447 1387 1
441 1384 1
434 1380 1
429 1377 1
423 1374 1
419 1372 1
414 1370 1
410 1369 1
407 1367 1
404 1366 1
401 1364 1
398 1362 1
393 1359 1
387 1354 1
381 1349 1
373 1341 1
365 1332 1
357 1324 1
346 1312 1
335 1300 1
323 1285 1
313 1272 1
303 1261 1
296 1251 1
290 1242 1
284 1232 1
278 1220 1
271 1205 1
267 1189 1
263 1173 1
260 1155 1
257 1137 1
256 1119 1
254 1103 1
252 1089 1
247 1074 1
243 1061 1
239 1050 1
234 1040 1
230 1031 1
225 1023 1
221 1016 1
218 1008 1
215 1000 1
212 991 1
210 979 1
207 964 1
205 946 1
206 922 1
207 896 1
212 873 1
219 849 1
229 826 1
241 802 1
255 780 1
267 764 1
276 753 1
283 744 1
288 738 1
291 733 1
294 728 1
296 725 1
299 720 1
306 713 1
313 705 1
322 695 1
337 682 1
351 668 1
367 647 1
380 630 1
388 611 1
394 594 1
399 578 1
403 563 1
407 550 1
411 537 1
414 526 1
419 514 1
426 503 1
431 493 1
438 485 1
445 477 1
453 472 1
461 467 1
470 462 1
480 459 1
492 455 1
503 452 1
515 451 1
529 450 1
543 448 1
555 449 1
568 450 1
582 452 1
595 455 1
608 459 1
619 466 1
630 472 1
639 479 1
645 485 1
650 491 1
655 494 1
656 496 1
658 498 1
660 500 1
661 501 1
664 504 1
670 509 1
679 518 1
690 530 1
705 545 1
716 558 1
728 572 1
738 585 1
750 599 1
760 613 1
769 624 1
776 634 1
780 641 1
783 646 1
785 651 1
787 655 1
790 659 1
791 664 1
794 670 1
797 678 1
800 686 1
802 693 1
807 700 1
810 709 1
815 718 1
819 727 1
822 735 1
825 741 1
827 748 1
829 752 1
830 755 1
832 758 1
833 763 1
835 766 1
837 772 1
838 778 1
841 786 1
845 796 1
850 807 1
855 819 1
862 834 1
870 850 1
879 866 1
888 883 1
896 898 1
904 911 1
911 924 1
917 935 1
922 946 1
927 956 1
930 965 1
933 972 1
936 979 1
937 987 1
940 993 1
941 1000 1
942 1008 1
944 1016 1
945 1026 1
948 1036 1
949 1047 1
951 1056 1
952 1068 1
953 1081 1
954 1094 1
956 1109 1
956 1122 1
957 1136 1
957 1152 1
956 1169 1
956 1183 1
955 1198 1
955 1212 1
954 1225 1
953 1239 1
953 1253 1
952 1263 1
950 1275 1
950 1284 1
948 1294 1
947 1303 1
944 1313 1
942 1320 1
940 1327 1
938 1333 1
935 1340 1
931 1348 1
926 1358 1
921 1370 1
913 1384 1
906 1396 1
899 1406 1
892 1416 1
886 1424 1
878 1433 1
872 1441 1
866 1449 1
860 1456 1
854 1461 1
847 1467 1
841 1472 1
835 1477 1
830 1481 1
821 1486 1
814 1492 1
803 1498 1
792 1504 1
784 1509 1
776 1515 1
768 1519 1
760 1525 1
752 1529 1
743 1535 1
734 1541 1
725 1547 1
717 1552 1
709 1556 1
703 1560 1
696 1563 1
687 1567 1
678 1572 1
668 1575 1
659 1579 1
652 1582 1
646 1583 1
641 1584 1
637 1585 1
634 1585 1
632 1584 1
629 1584 1
623 1581 1
616 1579 1
607 1575 1
595 1570 1
581 1563 1
564 1556 1
546 1548 1
532 1543 1
519 1539 1
509 1536 1
500 1535 1
490 1533 1
482 1533 1
474 1531 1
467 1532 1
462 1531 1
458 1531 1
454 1531 1
451 1531 1
448 1531 1
444 1529 1
438 1528 1
429 1525 1
415 1520 1
399 1513 1
381 1506 1
364 1498 1
347 1491 1
334 1482 1
321 1472 1
311 1464 1
300 1457 1
293 1450 1
284 1442 1
276 1433 1
267 1422 1
259 1411 1
251 1401 1
243 1392 1
237 1384 1
229 1374 1
221 1366 1
212 1357 1
205 1348 1
199 1340 1
193 1333 1
188 1326 1
184 1319 1
180 1312 1
175 1303 1
170 1292 1
165 1280 1
160 1266 1
156 1252 1
152 1237 1
148 1218 1
145 1196 1
144 1167 1
145 1137 1
149 1111 1
148 1122 0
