77 1407 1
77 1407 1
77 1407 1
77 1407 1
77 1407 1
77 1407 1
77 1407 1
77 1407 1
77 1407 1
77 1406 1
77 1404 1
77 1401 1
79 1396 1
82 1387 1
87 1374 1
92 1357 1
98 1336 1
105 1314 1
111 1293 1
117 1274 1
121 1257 1
126 1242 1
133 1219 1
138 1208 1
143 1198 1
145 1190 1
150 1182 1
153 1174 1
157 1166 1
161 1157 1
165 1147 1
168 1136 1
171 1126 1
173 1117 1
174 1109 1
175 1100 1
173 1089 1
173 1076 1
171 1064 1
169 1053 1
166 1044 1
160 1033 1
155 1023 1
150 1012 1
145 1000 1
141 991 1
138 984 1
135 976 1
132 971 1
129 968 1
128 965 1
126 963 1
127 963 1
127 963 1
127 963 1
127 963 1
125 964 1
124 969 1
122 977 1
120 992 1
114 1009 1
109 1022 1
105 1033 1
103 1042 1
102 1051 1
100 1060 1
101 1072 1
99 1081 1
100 1092 1
100 1101 1
100 1109 1
102 1116 1
104 1122 1
109 1128 1
115 1134 1
122 1139 1
129 1143 1
135 1147 1
140 1152 1
145 1155 1
150 1158 1
156 1164 1
161 1167 1
167 1172 1
175 1177 1
184 1183 1
193 1191 1
202 1197 1
210 1202 1
216 1207 1
222 1211 1
229 1217 1
235 1223 1
241 1230 1
246 1236 1
250 1243 1
253 1249 1
254 1253 1
256 1258 1
256 1261 1
255 1265 1
253 1271 1
249 1277 1
245 1283 1
239 1291 1
232 1298 1
225 1306 1
217 1314 1
209 1322 1
200 1327 1
193 1333 1
184 1337 1
175 1341 1
164 1345 1
155 1348 1
143 1351 1
133 1353 1
124 1355 1
116 1357 1
108 1359 1
102 1360 1
100 1361 1
102 1361 0
423 1275 1
423 1275 1
423 1275 1
423 1275 1
423 1275 1
423 1275 1
423 1275 1
421 1273 1
421 1273 1
420 1270 1
419 1266 1
419 1261 1
418 1257 1
417 1252 1
417 1247 1
417 1242 1
418 1235 1
419 1228 1
421 1219 1
424 1210 1
427 1200 1
430 1190 1
435 1178 1
440 1166 1
445 1152 1
450 1140 1
454 1130 1
457 1122 1
461 1115 1
464 1109 1
469 1102 1
474 1094 1
485 1079 1
494 1066 1
503 1053 1
513 1042 1
524 1028 1
532 1017 1
539 1006 1
546 995 1
552 985 1
555 978 1
559 972 1
560 966 1
560 961 1
560 956 1
560 950 1
558 945 1
556 938 1
551 930 1
542 922 1
533 915 1
522 908 1
511 904 1
500 900 1
490 898 1
481 898 1
473 897 1
466 898 1
459 899 1
453 901 1
444 906 1
436 913 1
429 920 1
422 929 1
417 939 1
410 957 1
408 971 1
409 984 1
410 999 1
412 1018 1
413 1032 1
415 1044 1
418 1055 1
424 1067 1
432 1080 1
439 1093 1
446 1103 1
454 1113 1
460 1121 1
471 1131 1
483 1142 1
498 1153 1
513 1164 1
527 1177 1
538 1186 1
550 1194 1
560 1201 1
569 1208 1
578 1214 1
586 1221 1
593 1227 1
600 1234 1
606 1240 1
611 1245 1
614 1250 1
616 1252 1
618 1255 1
618 1256 1
619 1259 1
619 1261 1
619 1263 1
616 1266 1
614 1268 1
610 1273 1
602 1280 1
590 1288 1
575 1299 1
558 1310 1
539 1323 1
522 1332 1
508 1340 1
497 1344 1
486 1348 1
479 1350 1
471 1352 1
465 1353 1
457 1353 1
447 1350 1
436 1344 1
424 1333 1
414 1319 1
406 1301 1
401 1279 1
399 1258 1
402 1235 1
409 1212 1
419 1190 1
429 1172 1
439 1154 1
448 1141 1
454 1131 1
461 1124 1
464 1120 1
462 1123 0
684 1200 1
684 1200 1
684 1200 1
684 1200 1
684 1200 1
684 1200 1
684 1200 1
684 1200 1
684 1200 1
684 1200 1
683 1199 1
684 1196 1
685 1192 1
687 1186 1
693 1175 1
699 1161 1
707 1145 1
717 1129 1
727 1114 1
737 1098 1
747 1082 1
760 1064 1
780 1036 1
792 1018 1
804 1000 1
815 981 1
827 960 1
836 938 1
844 918 1
852 895 1
857 876 1
861 855 1
865 835 1
868 815 1
872 794 1
874 778 1
875 762 1
875 751 1
874 740 1
872 731 1
870 724 1
869 718 1
866 712 1
861 709 1
853 707 1
838 707 1
822 709 1
806 715 1
788 725 1
769 740 1
752 754 1
739 768 1
732 777 1
726 786 1
720 801 1
716 815 1
714 829 1
714 846 1
715 864 1
717 882 1
723 901 1
731 912 1
737 924 1
745 934 1
753 945 1
763 957 1
773 968 1
782 979 1
793 986 1
804 994 1
814 1000 1
825 1008 1
836 1015 1
848 1024 1
859 1033 1
869 1041 1
878 1048 1
885 1054 1
892 1060 1
899 1064 1
907 1070 1
916 1078 1
924 1085 1
932 1094 1
939 1104 1
944 1112 1
949 1120 1
954 1128 1
955 1134 1
958 1143 1
959 1163 1
957 1177 1
951 1192 1
938 1209 1
923 1227 1
906 1243 1
886 1258 1
865 1269 1
842 1277 1
816 1283 1
787 1286 1
758 1288 1
734 1286 1
711 1282 1
694 1275 1
678 1267 1
668 1257 1
662 1246 1
659 1232 1
660 1214 1
666 1194 1
676 1172 1
689 1150 1
708 1124 1
726 1103 1
739 1088 1
750 1074 1
757 1065 1
763 1058 1
768 1053 1
772 1049 1
774 1048 1
773 1049 0
