1021 442 1
1021 442 1
1021 442 1
1021 442 1
1021 442 1
1021 442 1
1021 442 1
1021 442 1
1021 442 1
1021 442 1
1021 442 1
1021 442 1
1021 442 1
1021 442 1
1021 442 1
1021 442 1
1020 442 1
1020 442 1
1020 442 1
1020 443 1
1020 443 1
1020 443 1
1020 443 1
1019 444 1
1019 444 1
1019 444 1
1019 446 1
1019 446 1
1018 448 1
1018 449 1
1018 451 1
1017 452 1
1017 453 1
1017 455 1
1016 456 1
1016 459 1
1014 462 1
1011 466 1
1008 473 1
1005 479 1
1001 487 1
998 495 1
994 501 1
992 505 1
990 508 1
989 511 1
987 513 1
986 515 1
985 517 1
984 519 1
983 523 1
981 526 1
981 531 1
981 537 1
980 545 1
980 553 1
979 561 1
979 568 1
979 575 1
980 579 1
980 583 1
980 585 1
980 588 1
980 590 1
980 592 1
980 592 1
980 593 1
980 593 1
980 593 1
981 594 1
981 595 1
981 596 1
982 597 1
982 599 1
983 603 1
984 610 1
985 617 1
987 627 1
989 637 1
991 645 1
993 652 1
994 659 1
995 665 1
996 669 1
997 676 1
998 680 1
998 684 1
999 687 1
999 690 1
1000 693 1
1000 694 1
1001 696 1
1001 696 1
1001 697 1
1001 697 1
1001 697 1
1001 697 1
1001 697 1
1001 699 1
1002 701 1
1002 708 1
1002 716 1
1002 723 1
1000 730 1
1000 736 1
1000 742 1
998 749 1
996 756 1
995 764 1
993 771 1
991 775 1
990 779 1
988 783 1
987 786 1
985 790 1
984 793 1
982 798 1
978 803 1
972 808 1
966 813 1
962 816 1
958 819 1
955 821 1
952 823 1
950 823 1
948 824 1
946 824 1
946 824 1
946 825 1
946 825 1
946 825 1
946 825 1
946 825 1
946 825 1
946 825 1
944 824 1
944 824 1
944 824 1
944 824 1
943 823 1
943 823 1
940 821 1
940 821 1
938 819 1
936 817 1
933 815 1
927 811 1
917 802 1
910 793 1
900 783 1
894 775 1
890 769 1
886 764 1
883 760 1
882 758 1
880 756 1
880 756 1
881 756 1
881 756 1
881 756 1
881 756 1
881 756 1
881 756 1
881 756 1
881 756 1
881 756 1
881 756 1
881 756 1
881 756 1
881 756 1
881 756 1
881 756 1
881 754 1
881 754 1
881 753 1
881 753 1
882 751 1
883 750 1
885 747 1
888 743 1
893 738 1
899 732 1
906 727 1
913 723 1
920 720 1
925 717 1
929 715 1
931 715 1
933 715 1
933 715 1
933 715 1
934 715 1
934 715 1
934 715 1
934 715 1
934 715 1
934 715 1
934 715 1
934 715 1
934 715 1
934 715 1
934 723 1
934 741 1
933 764 1
930 790 1
927 820 1
922 846 1
916 873 1
910 897 1
905 918 1
899 937 1
893 953 1
890 963 1
886 969 1
884 974 1
882 979 1
881 982 1
881 984 1
880 985 1
880 986 1
880 987 1
880 987 1
880 987 1
880 987 1
880 987 1
879 988 1
877 989 1
875 994 1
869 1004 1
863 1014 1
860 1021 1
862 1018 0
782 513 1
782 513 1
782 513 1
782 513 1
782 513 1
782 513 1
782 513 1
782 513 1
782 513 1
782 513 1
782 513 1
782 513 1
782 513 1
782 513 1
782 513 1
782 513 1
782 513 1
782 513 1
782 513 1
782 513 1
782 513 1
782 513 1
782 513 1
782 513 1
782 513 1
782 513 1
782 513 1
782 513 1
782 513 1
782 513 1
782 513 1
782 513 1
782 513 1
782 514 1
783 517 1
784 520 1
785 525 1
787 530 1
788 537 1
789 543 1
791 551 1
793 559 1
795 567 1
798 574 1
800 582 1
803 589 1
805 595 1
809 602 1
810 605 1
812 609 1
813 612 1
815 615 1
816 617 1
818 619 1
818 620 1
819 622 1
820 624 1
820 624 1
821 625 1
821 625 1
821 625 1
821 625 1
821 626 1
821 626 1
821 627 1
821 629 1
821 631 1
821 634 1
821 636 1
821 639 1
821 641 1
819 643 1
820 644 1
818 645 1
819 646 1
819 646 1
815 648 1
811 652 1
807 656 1
801 665 1
794 672 1
788 683 1
781 692 1
775 701 1
771 707 1
768 713 1
766 717 1
764 719 1
765 721 1
765 722 1
765 722 1
765 722 1
765 722 1
765 722 1
765 724 1
765 725 1
767 728 1
769 736 1
774 745 1
779 754 1
784 764 1
789 772 1
793 780 1
797 786 1
800 793 1
803 801 1
806 807 1
808 813 1
811 819 1
811 823 1
812 828 1
812 832 1
813 836 1
813 840 1
813 843 1
813 846 1
811 849 1
812 850 1
812 852 1
812 853 1
811 854 1
811 855 1
810 855 1
808 857 1
805 858 1
798 860 1
788 864 1
776 869 1
763 875 1
753 878 1
744 880 1
737 881 1
729 882 1
724 882 1
719 882 1
714 880 1
709 878 1
705 876 1
701 873 1
697 868 1
695 861 1
692 853 1
692 845 1
692 837 1
692 831 1
693 826 1
693 822 1
693 820 1
694 818 1
694 818 1
694 818 1
694 818 1
695 818 1
696 818 1
700 818 1
708 819 1
719 821 1
729 824 1
739 831 1
747 837 1
754 845 1
760 851 1
765 857 1
771 864 1
776 871 1
780 879 1
784 889 1
788 901 1
794 923 1
796 940 1
799 959 1
799 982 1
799 1004 1
798 1031 1
796 1056 1
794 1083 1
791 1104 1
789 1130 1
790 1124 0
572 530 1
572 530 1
572 530 1
572 530 1
572 530 1
572 530 1
572 530 1
572 531 1
573 535 1
575 540 1
578 546 1
580 551 1
583 557 1
585 564 1
587 571 1
588 579 1
590 586 1
591 596 1
592 605 1
590 615 1
590 627 1
588 639 1
586 653 1
584 666 1
583 678 1
583 688 1
583 698 1
585 712 1
590 727 1
597 741 1
604 757 1
610 767 1
613 776 1
615 783 1
618 790 1
619 798 1
620 805 1
621 813 1
621 821 1
622 827 1
622 835 1
624 843 1
625 854 1
627 865 1
630 877 1
632 890 1
634 901 1
634 913 1
632 925 1
631 934 1
629 942 1
628 948 1
625 953 1
622 955 1
617 958 1
612 960 1
609 961 1
606 961 1
604 961 1
601 961 1
599 960 1
594 960 1
581 957 1
567 951 1
550 940 1
535 928 1
523 918 1
515 910 1
508 905 1
501 898 1
496 892 1
493 888 1
491 884 1
489 882 1
489 880 1
489 878 1
489 878 1
490 878 1
490 877 1
495 875 1
506 877 1
515 877 1
523 878 1
530 879 1
536 880 1
546 886 1
555 897 1
557 907 1
560 917 1
563 933 1
564 949 1
562 966 1
561 988 1
558 1013 1
549 1034 1
539 1054 1
528 1075 1
517 1095 1
515 1101 1
515 1101 0
391 614 1
391 614 1
391 614 1
391 614 1
391 614 1
389 615 1
386 618 1
381 625 1
376 633 1
371 643 1
365 653 1
362 664 1
360 677 1
360 693 1
363 711 1
367 730 1
373 748 1
378 766 1
383 792 1
386 813 1
386 835 1
386 855 1
386 872 1
386 888 1
387 904 1
392 919 1
401 937 1
410 954 1
418 966 1
421 976 1
423 985 1
424 999 1
421 1012 1
412 1026 1
398 1039 1
383 1048 1
365 1053 1
347 1055 1
332 1051 1
318 1047 1
307 1040 1
299 1036 1
294 1032 1
290 1029 1
287 1026 1
286 1023 1
286 1020 1
286 1016 1
287 1014 1
289 1012 1
290 1012 1
292 1010 1
295 1011 1
298 1011 1
300 1011 1
303 1011 1
304 1011 1
306 1011 1
310 1014 1
317 1024 1
321 1036 1
323 1060 1
322 1091 1
319 1136 1
303 1185 1
270 1236 1
247 1272 1
247 1272 0
