89 1475 1
89 1473 1
89 1473 1
87 1474 1
88 1471 1
88 1468 1
88 1465 1
87 1458 1
87 1446 1
87 1429 1
87 1406 1
87 1379 1
88 1350 1
91 1327 1
94 1299 1
97 1274 1
98 1259 1
99 1243 1
99 1227 1
101 1208 1
102 1190 1
107 1168 1
115 1145 1
123 1119 1
133 1093 1
139 1067 1
145 1042 1
152 1016 1
158 992 1
164 969 1
169 946 1
172 923 1
174 904 1
176 886 1
176 871 1
177 857 1
177 845 1
179 824 1
179 806 1
180 788 1
181 774 1
181 763 1
182 753 1
182 735 1
180 718 1
181 704 1
179 691 1
178 671 1
178 654 1
178 639 1
177 629 1
175 620 1
175 612 1
173 601 1
173 587 1
171 573 1
169 562 1
168 551 1
166 542 1
164 530 1
160 517 1
152 506 1
146 495 1
141 489 1
138 484 1
134 481 1
133 479 1
131 479 1
131 479 1
132 478 1
132 478 1
131 479 1
131 479 1
128 482 1
125 491 1
118 508 1
113 524 1
109 539 1
106 550 1
103 560 1
101 568 1
100 577 1
100 586 1
100 595 1
100 605 1
101 617 1
103 638 1
106 658 1
107 682 1
108 706 1
108 727 1
108 745 1
108 758 1
108 768 1
108 778 1
108 791 1
108 804 1
108 817 1
109 839 1
111 858 1
112 880 1
114 903 1
114 932 1
115 960 1
115 987 1
115 1014 1
115 1035 1
113 1054 1
113 1070 1
113 1089 1
113 1107 1
113 1126 1
115 1144 1
117 1164 1
122 1182 1
127 1200 1
134 1218 1
140 1233 1
143 1245 1
147 1256 1
155 1273 1
162 1293 1
169 1308 1
177 1323 1
182 1336 1
187 1350 1
193 1366 1
200 1386 1
206 1403 1
212 1417 1
217 1431 1
221 1437 1
223 1441 1
226 1445 1
226 1446 1
228 1449 1
229 1450 1
231 1451 1
232 1452 1
234 1453 1
235 1453 1
235 1453 1
235 1453 1
235 1453 1
236 1453 1
236 1453 1
236 1453 1
237 1453 1
237 1452 1
237 1452 1
237 1452 1
238 1449 1
238 1447 1
239 1442 1
240 1436 1
241 1428 1
242 1417 1
242 1406 1
244 1393 1
244 1378 1
246 1360 1
247 1344 1
248 1331 1
250 1312 1
251 1295 1
252 1279 1
252 1262 1
250 1250 1
251 1239 1
249 1229 1
249 1220 1
247 1211 1
246 1200 1
245 1189 1
243 1176 1
241 1161 1
239 1147 1
238 1133 1
237 1121 1
235 1108 1
235 1094 1
233 1078 1
234 1064 1
234 1051 1
235 1039 1
236 1025 1
238 1008 1
240 990 1
244 972 1
247 953 1
249 936 1
252 920 1
255 906 1
259 889 1
264 873 1
268 859 1
272 846 1
276 835 1
278 828 1
281 819 1
284 809 1
286 796 1
289 781 1
292 768 1
292 755 1
293 743 1
293 730 1
292 718 1
289 703 1
283 686 1
277 668 1
271 651 1
266 637 1
261 627 1
257 620 1
254 613 1
252 609 1
249 604 1
246 600 1
243 594 1
238 588 1
235 581 1
231 575 1
228 568 1
226 560 1
223 553 1
220 546 1
216 539 1
214 534 1
212 530 1
211 527 1
211 525 1
210 524 1
208 524 1
208 524 1
208 524 1
208 524 1
208 524 1
207 524 1
205 526 1
202 532 1
197 540 1
194 550 1
191 563 1
187 579 1
184 596 1
184 614 1
184 632 1
184 649 1
186 664 1
187 678 1
190 693 1
192 707 1
195 725 1
200 745 1
204 764 1
208 782 1
212 802 1
215 822 1
217 842 1
220 863 1
222 885 1
223 902 1
226 919 1
228 936 1
230 951 1
231 968 1
232 985 1
232 1003 1
231 1024 1
229 1042 1
227 1064 1
224 1086 1
221 1110 1
218 1133 1
214 1155 1
214 1173 1
212 1188 1
213 1203 1
215 1218 1
217 1234 1
222 1248 1
227 1265 1
235 1282 1
243 1298 1
254 1314 1
263 1327 1
273 1340 1
284 1352 1
293 1362 1
304 1372 1
312 1381 1
319 1387 1
327 1393 1
334 1398 1
342 1403 1
348 1406 1
354 1411 1
360 1414 1
364 1415 1
368 1417 1
370 1417 1
373 1417 1
376 1413 1
380 1408 1
383 1402 1
384 1395 1
385 1387 1
382 1371 1
379 1355 1
374 1333 1
369 1311 1
366 1289 1
363 1272 1
360 1258 1
358 1246 1
356 1235 1
356 1223 1
356 1210 1
356 1197 1
356 1187 1
356 1172 1
356 1154 1
356 1137 1
356 1118 1
357 1103 1
357 1086 1
358 1070 1
358 1053 1
359 1037 1
359 1023 1
360 1008 1
361 994 1
362 979 1
364 966 1
365 951 1
367 935 1
369 922 1
369 911 1
371 901 1
371 893 1
373 882 1
373 870 1
373 856 1
373 843 1
372 828 1
372 812 1
370 793 1
367 776 1
366 761 1
364 747 1
364 732 1
362 718 1
363 704 1
362 691 1
362 675 1
361 661 1
361 646 1
362 628 1
365 606 1
369 586 1
373 568 1
375 556 1
377 547 1
379 541 1
380 535 1
381 529 1
382 519 1
382 508 1
382 500 1
381 492 1
379 487 1
379 483 1
377 479 1
376 476 1
373 473 1
369 471 1
363 468 1
356 468 1
348 468 1
341 471 1
334 474 1
329 478 1
323 484 1
318 490 1
315 495 1
310 504 1
307 514 1
305 528 1
303 543 1
303 563 1
303 583 1
303 605 1
303 627 1
303 647 1
303 666 1
303 683 1
303 697 1
303 712 1
303 726 1
304 742 1
304 759 1
305 775 1
307 793 1
307 811 1
308 828 1
308 847 1
309 865 1
309 886 1
310 906 1
311 925 1
312 943 1
314 957 1
314 971 1
316 982 1
316 994 1
318 1007 1
319 1021 1
320 1034 1
321 1051 1
321 1066 1
322 1085 1
322 1102 1
324 1118 1
325 1133 1
327 1148 1
330 1164 1
331 1177 1
333 1189 1
335 1202 1
338 1216 1
342 1232 1
347 1246 1
353 1259 1
361 1272 1
369 1285 1
378 1300 1
386 1312 1
393 1322 1
399 1330 1
405 1337 1
413 1345 1
422 1353 1
431 1362 1
440 1370 1
445 1377 1
451 1382 1
457 1386 1
463 1391 1
471 1394 1
477 1396 1
482 1398 1
487 1399 1
492 1400 1
497 1400 1
500 1397 1
504 1394 1
506 1388 1
507 1378 1
505 1365 1
502 1353 1
497 1341 1
492 1330 1
488 1317 1
484 1303 1
479 1287 1
474 1272 1
471 1258 1
467 1247 1
464 1235 1
462 1221 1
460 1207 1
462 1190 1
463 1172 1
464 1153 1
465 1135 1
465 1115 1
466 1095 1
469 1071 1
470 1052 1
473 1035 1
475 1020 1
477 1006 1
479 991 1
480 977 1
481 965 1
481 951 1
481 937 1
481 920 1
480 900 1
478 878 1
477 855 1
475 835 1
475 818 1
475 802 1
475 783 1
475 766 1
475 750 1
475 732 1
476 713 1
477 692 1
480 670 1
483 652 1
485 638 1
487 625 1
488 613 1
490 599 1
490 587 1
491 576 1
491 566 1
490 558 1
490 551 1
488 544 1
486 536 1
484 525 1
482 514 1
479 502 1
476 495 1
474 487 1
473 483 1
473 479 1
472 477 1
472 475 1
471 474 1
470 473 1
471 473 1
471 473 1
471 473 1
471 473 1
471 473 1
471 473 1
471 473 1
470 473 1
467 475 1
465 479 1
459 486 1
455 494 1
448 506 1
443 520 1
437 535 1
433 550 1
430 564 1
427 580 1
426 596 1
423 612 1
421 627 1
418 646 1
415 667 1
413 689 1
411 710 1
410 732 1
408 752 1
406 769 1
405 785 1
405 801 1
405 816 1
405 832 1
405 848 1
406 865 1
408 882 1
408 899 1
410 918 1
410 938 1
413 959 1
416 979 1
420 997 1
426 1017 1
433 1034 1
439 1051 1
443 1069 1
447 1085 1
449 1100 1
451 1113 1
452 1125 1
453 1136 1
452 1149 1
452 1161 1
452 1173 1
452 1183 1
453 1194 1
454 1206 1
455 1220 1
457 1235 1
458 1249 1
460 1264 1
462 1279 1
464 1296 1
465 1311 1
468 1327 1
471 1340 1
476 1355 1
480 1370 1
484 1382 1
488 1394 1
493 1404 1
499 1415 1
506 1426 1
512 1436 1
517 1444 1
521 1450 1
525 1455 1
530 1459 1
535 1462 1
540 1463 1
547 1465 1
556 1461 1
565 1457 1
574 1452 1
582 1444 1
588 1432 1
596 1418 1
602 1405 1
605 1395 1
608 1383 1
609 1369 1
607 1352 1
604 1333 1
599 1312 1
592 1288 1
585 1261 1
579 1235 1
572 1209 1
567 1182 1
563 1156 1
561 1129 1
561 1108 1
563 1089 1
565 1073 1
567 1063 1
569 1052 1
571 1040 1
572 1024 1
573 1004 1
574 989 1
574 974 1
574 956 1
573 937 1
573 916 1
572 892 1
570 871 1
570 853 1
570 835 1
569 816 1
569 796 1
569 781 1
570 769 1
570 761 1
571 755 1
573 747 1
574 737 1
576 728 1
577 717 1
580 708 1
582 699 1
584 691 1
586 681 1
587 672 1
590 664 1
591 656 1
593 646 1
595 634 1
595 620 1
596 606 1
595 596 1
595 588 1
595 581 1
595 576 1
595 571 1
595 565 1
593 558 1
592 549 1
590 540 1
587 531 1
585 522 1
582 516 1
579 510 1
574 504 1
571 500 1
568 496 1
566 494 1
563 492 1
562 491 1
559 491 1
557 490 1
554 491 1
551 493 1
549 493 1
547 495 1
545 497 1
542 502 1
538 512 1
535 524 1
530 542 1
526 560 1
523 579 1
518 602 1
515 625 1
515 647 1
516 669 1
517 689 1
520 707 1
523 725 1
525 743 1
527 760 1
529 774 1
531 790 1
534 805 1
539 819 1
541 832 1
545 843 1
549 855 1
552 870 1
557 886 1
560 905 1
563 925 1
565 952 1
566 981 1
564 1007 1
563 1031 1
560 1053 1
559 1073 1
559 1094 1
559 1112 1
561 1125 1
564 1140 1
569 1158 1
574 1173 1
580 1189 1
586 1205 1
590 1224 1
595 1242 1
597 1258 1
601 1272 1
606 1286 1
613 1300 1
620 1310 1
629 1322 1
637 1330 1
644 1338 1
649 1346 1
655 1356 1
659 1368 1
664 1377 1
667 1386 1
670 1393 1
675 1401 1
680 1408 1
688 1416 1
695 1422 1
702 1427 1
707 1431 1
710 1434 1
712 1435 1
715 1437 1
717 1437 1
719 1437 1
721 1434 1
724 1429 1
726 1420 1
728 1408 1
730 1392 1
731 1371 1
730 1346 1
727 1320 1
723 1299 1
719 1280 1
716 1267 1
713 1255 1
710 1241 1
707 1226 1
704 1210 1
702 1197 1
702 1182 1
701 1167 1
701 1151 1
701 1133 1
701 1113 1
700 1093 1
698 1073 1
695 1049 1
692 1025 1
689 1001 1
686 978 1
683 957 1
683 938 1
681 920 1
681 900 1
680 880 1
680 861 1
680 846 1
680 830 1
679 815 1
680 801 1
680 787 1
682 772 1
685 752 1
687 737 1
689 724 1
690 715 1
692 706 1
693 697 1
695 686 1
698 675 1
699 665 1
701 657 1
701 650 1
703 642 1
703 633 1
705 621 1
707 609 1
708 595 1
709 581 1
710 569 1
711 557 1
711 545 1
710 534 1
708 525 1
707 519 1
707 514 1
705 510 1
703 506 1
702 503 1
699 501 1
696 498 1
694 497 1
690 497 1
686 497 1
678 499 1
672 500 1
667 503 1
662 507 1
656 512 1
651 521 1
647 531 1
642 541 1
638 551 1
635 561 1
631 576 1
628 592 1
627 608 1
625 623 1
623 639 1
623 657 1
623 675 1
623 691 1
623 708 1
623 726 1
623 745 1
620 763 1
619 781 1
619 798 1
618 819 1
620 837 1
620 856 1
622 876 1
625 896 1
627 913 1
630 930 1
632 945 1
635 959 1
638 973 1
641 986 1
643 998 1
645 1011 1
647 1019 1
648 1027 1
650 1037 1
650 1045 1
651 1053 1
652 1060 1
654 1068 1
655 1078 1
656 1088 1
658 1097 1
659 1106 1
660 1117 1
661 1128 1
663 1143 1
664 1158 1
665 1171 1
665 1182 1
665 1191 1
665 1199 1
665 1207 1
666 1216 1
668 1226 1
669 1236 1
671 1244 1
673 1251 1
675 1257 1
677 1265 1
680 1273 1
686 1282 1
695 1293 1
703 1303 1
710 1311 1
716 1318 1
723 1325 1
731 1331 1
735 1335 1
741 1340 1
746 1345 1
749 1348 1
752 1350 1
753 1352 1
756 1354 1
760 1355 1
765 1358 1
772 1360 1
779 1363 1
788 1364 1
797 1365 1
803 1367 1
809 1368 1
814 1368 1
815 1367 1
818 1365 1
819 1361 1
819 1352 1
819 1341 1
817 1326 1
814 1308 1
813 1286 1
810 1267 1
807 1243 1
803 1222 1
799 1202 1
795 1183 1
791 1165 1
789 1145 1
787 1129 1
789 1114 1
790 1100 1
792 1079 1
793 1055 1
791 1030 1
790 1006 1
788 989 1
786 975 1
783 964 1
779 950 1
776 934 1
773 915 1
771 900 1
768 886 1
767 873 1
765 861 1
766 849 1
766 836 1
767 821 1
768 807 1
770 791 1
774 775 1
777 753 1
781 726 1
785 699 1
787 671 1
791 644 1
797 621 1
803 596 1
810 575 1
814 562 1
817 553 1
819 548 1
821 545 1
823 540 1
824 535 1
827 527 1
828 518 1
830 505 1
832 490 1
835 475 1
837 462 1
838 453 1
839 446 1
838 445 1
838 443 1
834 443 1
829 445 1
820 451 1
809 460 1
797 472 1
785 486 1
775 498 1
767 511 1
760 525 1
756 538 1
753 553 1
750 567 1
750 586 1
748 608 1
748 633 1
746 661 1
746 689 1
744 716 1
743 746 1
742 769 1
740 789 1
738 807 1
735 825 1
734 843 1
732 860 1
732 875 1
732 891 1
731 908 1
732 926 1
734 948 1
735 971 1
738 996 1
740 1020 1
742 1048 1
742 1073 1
742 1098 1
743 1120 1
743 1142 1
745 1163 1
747 1179 1
750 1193 1
754 1206 1
759 1220 1
766 1237 1
773 1251 1
780 1264 1
787 1276 1
794 1287 1
803 1301 1
811 1314 1
819 1326 1
825 1334 1
832 1341 1
838 1346 1
844 1351 1
850 1354 1
857 1358 1
863 1359 1
869 1360 1
873 1360 1
877 1360 1
880 1358 1
885 1355 1
890 1350 1
896 1343 1
900 1335 1
905 1323 1
909 1306 1
913 1284 1
916 1260 1
920 1237 1
920 1215 1
922 1194 1
924 1169 1
925 1143 1
928 1119 1
929 1099 1
930 1080 1
931 1063 1
933 1048 1
934 1035 1
935 1024 1
935 1014 1
934 1004 1
932 993 1
931 975 1
931 958 1
928 942 1
926 926 1
924 908 1
923 889 1
921 867 1
921 845 1
919 821 1
919 801 1
919 779 1
919 759 1
919 742 1
920 727 1
921 714 1
923 702 1
924 687 1
926 672 1
928 657 1
929 645 1
931 635 1
931 624 1
933 611 1
933 597 1
934 579 1
934 561 1
934 548 1
932 536 1
933 525 1
933 515 1
933 506 1
933 497 1
933 490 1
934 484 1
934 477 1
934 471 1
932 466 1
931 464 1
928 462 1
923 462 1
915 465 1
904 474 1
892 484 1
880 496 1
870 509 1
860 527 1
852 545 1
847 563 1
841 587 1
836 610 1
835 632 1
834 657 1
834 681 1
834 707 1
836 736 1
837 764 1
840 790 1
841 815 1
843 844 1
844 875 1
844 904 1
844 936 1
842 965 1
842 989 1
842 1011 1
843 1030 1
845 1046 1
849 1064 1
854 1083 1
861 1106 1
867 1131 1
874 1158 1
880 1183 1
887 1208 1
895 1233 1
905 1254 1
917 1277 1
927 1296 1
938 1314 1
947 1329 1
954 1340 1
964 1350 1
972 1358 1
980 1364 1
989 1368 1
997 1372 1
994 1371 0
