849 741 1
849 741 1
849 741 1
849 741 1
849 741 1
849 741 1
849 741 1
849 741 1
847 739 1
846 740 1
843 739 1
839 739 1
831 739 1
820 739 1
805 740 1
788 740 1
772 740 1
755 740 1
735 740 1
718 738 1
703 736 1
692 736 1
684 734 1
677 735 1
672 735 1
666 734 1
660 734 1
654 734 1
648 734 1
640 734 1
631 734 1
619 734 1
599 734 1
584 734 1
569 734 1
552 735 1
533 735 1
513 737 1
494 738 1
472 741 1
452 751 1
430 762 1
410 773 1
391 783 1
375 794 1
361 803 1
346 814 1
333 825 1
319 838 1
307 849 1
297 859 1
290 867 1
275 885 1
269 896 1
261 910 1
255 926 1
250 945 1
245 962 1
242 974 1
240 986 1
239 998 1
237 1012 1
236 1026 1
234 1040 1
234 1051 1
234 1062 1
235 1073 1
236 1083 1
239 1094 1
242 1104 1
246 1114 1
251 1120 1
254 1126 1
258 1130 1
260 1133 1
262 1135 1
264 1138 1
266 1140 1
267 1141 1
269 1142 1
270 1143 1
273 1144 1
275 1144 1
279 1146 1
287 1146 1
296 1148 1
311 1149 1
328 1151 1
350 1152 1
371 1153 1
393 1153 1
413 1151 1
429 1149 1
441 1147 1
452 1145 1
464 1143 1
476 1141 1
490 1139 1
508 1137 1
530 1134 1
554 1129 1
574 1126 1
591 1125 1
609 1123 1
624 1123 1
640 1121 1
653 1122 1
669 1122 1
683 1121 1
696 1121 1
706 1121 1
717 1119 1
729 1118 1
743 1116 1
759 1112 1
778 1107 1
798 1103 1
816 1099 1
830 1097 1
840 1095 1
850 1093 1
860 1090 1
872 1087 1
885 1080 1
898 1074 1
910 1065 1
921 1056 1
931 1049 1
939 1040 1
946 1033 1
951 1027 1
956 1021 1
959 1014 1
962 1006 1
966 996 1
970 982 1
974 967 1
978 949 1
981 932 1
983 916 1
985 902 1
986 888 1
986 876 1
986 866 1
984 855 1
982 846 1
979 836 1
975 827 1
971 817 1
966 810 1
961 802 1
954 794 1
946 787 1
937 781 1
929 774 1
920 768 1
907 760 1
897 754 1
886 749 1
873 743 1
861 738 1
847 733 1
836 729 1
826 725 1
816 722 1
810 720 1
804 717 1
798 715 1
792 714 1
786 712 1
777 712 1
768 710 1
753 709 1
737 707 1
721 707 1
702 707 1
681 705 1
660 705 1
641 703 1
622 704 1
604 704 1
587 704 1
571 705 1
556 707 1
540 709 1
523 711 1
509 713 1
493 716 1
479 719 1
462 721 1
442 724 1
423 727 1
400 732 1
380 736 1
362 742 1
346 748 1
328 755 1
312 763 1
296 774 1
284 783 1
270 794 1
257 805 1
246 815 1
236 824 1
226 833 1
217 843 1
209 855 1
200 870 1
194 885 1
191 902 1
189 922 1
189 941 1
191 958 1
193 971 1
196 982 1
199 993 1
206 1003 1
215 1016 1
226 1029 1
240 1041 1
256 1053 1
273 1063 1
292 1073 1
309 1081 1
326 1090 1
345 1098 1
365 1107 1
386 1117 1
407 1127 1
427 1136 1
447 1143 1
462 1149 1
477 1155 1
494 1160 1
509 1166 1
526 1171 1
547 1177 1
567 1181 1
585 1185 1
603 1187 1
620 1188 1
636 1188 1
650 1187 1
667 1185 1
684 1182 1
699 1180 1
714 1177 1
728 1174 1
743 1171 1
758 1169 1
776 1166 1
793 1161 1
809 1159 1
826 1152 1
839 1146 1
852 1140 1
864 1132 1
875 1123 1
888 1115 1
897 1108 1
908 1100 1
917 1094 1
927 1084 1
937 1075 1
945 1065 1
953 1055 1
960 1045 1
966 1036 1
971 1028 1
975 1021 1
978 1013 1
979 1005 1
981 997 1
982 988 1
983 979 1
984 968 1
984 954 1
984 940 1
983 925 1
981 911 1
979 900 1
977 890 1
975 881 1
972 872 1
968 862 1
964 852 1
961 843 1
958 835 1
955 828 1
954 823 1
951 818 1
950 814 1
947 809 1
945 806 1
942 801 1
940 798 1
938 795 1
935 792 1
931 788 1
926 784 1
918 778 1
908 770 1
898 763 1
889 757 1
878 752 1
869 749 1
858 744 1
850 741 1
842 739 1
837 738 1
833 736 1
829 735 1
825 733 1
818 733 1
809 730 1
798 729 1
784 726 1
769 724 1
753 723 1
736 721 1
721 720 1
706 718 1
692 718 1
678 718 1
664 717 1
651 715 1
641 715 1
630 713 1
619 711 1
605 709 1
591 707 1
576 707 1
563 707 1
552 707 1
542 708 1
531 709 1
520 711 1
512 712 1
504 715 1
498 717 1
490 719 1
481 722 1
473 725 1
464 727 1
453 730 1
441 733 1
430 736 1
419 739 1
408 744 1
397 747 1
388 751 1
380 756 1
371 760 1
365 763 1
359 768 1
353 771 1
347 776 1
342 781 1
335 787 1
329 793 1
322 799 1
312 808 1
303 819 1
295 827 1
286 838 1
278 847 1
269 857 1
261 867 1
252 878 1
244 887 1
239 896 1
232 904 1
227 912 1
222 918 1
219 923 1
216 928 1
213 934 1
210 940 1
206 946 1
203 954 1
201 961 1
199 970 1
197 979 1
195 993 1
192 1009 1
191 1027 1
189 1044 1
189 1058 1
189 1073 1
191 1090 1
194 1105 1
198 1120 1
204 1130 1
210 1138 1
215 1145 1
221 1150 1
227 1155 1
235 1160 1
241 1164 1
248 1167 1
256 1170 1
265 1173 1
275 1176 1
285 1179 1
294 1182 1
306 1185 1
318 1188 1
331 1192 1
343 1195 1
357 1198 1
369 1199 1
382 1201 1
396 1200 1
409 1198 1
423 1196 1
434 1194 1
444 1191 1
454 1189 1
463 1187 1
475 1185 1
485 1183 1
496 1180 1
506 1175 1
518 1172 1
530 1168 1
543 1164 1
556 1160 1
570 1156 1
585 1153 1
599 1149 1
611 1146 1
622 1142 1
630 1139 1
638 1136 1
647 1133 1
655 1130 1
663 1127 1
672 1124 1
684 1121 1
695 1118 1
705 1115 1
715 1113 1
724 1110 1
732 1109 1
739 1109 1
748 1107 1
758 1107 1
767 1106 1
777 1106 1
785 1106 1
794 1106 1
803 1107 1
813 1108 1
824 1109 1
835 1110 1
846 1111 1
856 1111 1
866 1112 1
876 1112 1
886 1112 1
894 1112 1
900 1110 1
905 1110 1
910 1108 1
913 1108 1
916 1106 1
920 1104 1
923 1104 1
926 1102 1
929 1101 1
934 1099 1
936 1097 1
941 1094 1
946 1091 1
950 1088 1
955 1085 1
958 1083 1
960 1080 1
962 1078 1
964 1076 1
966 1075 1
968 1073 1
969 1071 1
971 1068 1
973 1064 1
974 1062 1
975 1058 1
976 1055 1
978 1051 1
979 1045 1
981 1038 1
983 1029 1
985 1019 1
986 1008 1
988 997 1
989 989 1
990 982 1
991 974 1
992 966 1
994 959 1
994 951 1
996 943 1
996 935 1
997 928 1
998 920 1
999 911 1
999 904 1
999 896 1
998 888 1
999 880 1
997 873 1
997 865 1
995 857 1
994 849 1
992 842 1
991 836 1
989 831 1
986 826 1
984 822 1
981 816 1
978 810 1
974 805 1
968 798 1
962 791 1
955 783 1
949 775 1
942 770 1
936 764 1
929 758 1
923 754 1
918 750 1
912 747 1
906 744 1
902 743 1
896 740 1
893 740 1
888 738 1
884 737 1
879 736 1
873 736 1
868 735 1
861 733 1
850 734 1
838 734 1
826 733 1
813 733 1
803 733 1
792 733 1
781 733 1
770 733 1
760 734 1
749 735 1
738 737 1
727 738 1
718 740 1
708 742 1
699 744 1
690 747 1
681 749 1
672 752 1
663 755 1
654 758 1
644 761 1
633 765 1
623 769 1
613 774 1
604 777 1
594 780 1
584 784 1
573 789 1
563 792 1
555 794 1
547 797 1
538 798 1
529 800 1
520 802 1
510 805 1
502 806 1
493 809 1
483 810 1
472 812 1
461 814 1
451 814 1
441 814 1
431 813 1
420 811 1
409 811 1
398 808 1
387 807 1
376 804 1
364 802 1
352 799 1
337 794 1
324 791 1
311 788 1
300 785 1
289 783 1
279 781 1
268 781 1
259 780 1
251 780 1
243 780 1
238 781 1
232 781 1
228 782 1
224 783 1
220 784 1
217 786 1
213 787 1
210 789 1
205 791 1
199 796 1
194 798 1
189 803 1
185 806 1
182 810 1
177 815 1
173 820 1
168 827 1
164 834 1
160 841 1
157 848 1
155 855 1
153 864 1
151 873 1
151 887 1
150 902 1
151 919 1
153 936 1
155 951 1
157 965 1
160 976 1
162 986 1
165 994 1
166 1002 1
168 1011 1
170 1020 1
172 1031 1
175 1040 1
178 1049 1
181 1058 1
185 1068 1
189 1080 1
196 1093 1
203 1107 1
210 1117 1
216 1128 1
224 1139 1
232 1150 1
241 1162 1
249 1172 1
256 1181 1
263 1189 1
271 1195 1
277 1201 1
285 1208 1
292 1213 1
298 1218 1
305 1222 1
310 1225 1
318 1230 1
325 1234 1
334 1238 1
345 1242 1
356 1245 1
367 1248 1
377 1250 1
389 1251 1
400 1251 1
413 1250 1
425 1248 1
438 1246 1
449 1244 1
461 1242 1
472 1240 1
484 1238 1
495 1237 1
506 1234 1
518 1233 1
532 1230 1
549 1227 1
565 1222 1
580 1217 1
596 1212 1
611 1206 1
625 1200 1
636 1195 1
646 1189 1
655 1185 1
666 1179 1
679 1174 1
691 1170 1
702 1167 1
713 1162 1
723 1158 1
735 1153 1
747 1149 1
759 1144 1
770 1138 1
780 1134 1
791 1128 1
802 1123 1
811 1118 1
820 1113 1
830 1109 1
839 1104 1
849 1100 1
858 1097 1
867 1094 1
876 1091 1
885 1087 1
892 1084 1
899 1081 1
907 1078 1
915 1073 1
923 1070 1
933 1065 1
941 1061 1
948 1057 1
956 1052 1
963 1048 1
969 1044 1
976 1039 1
982 1036 1
985 1032 1
988 1029 1
992 1026 1
997 1021 1
1001 1014 1
1005 1006 1
1009 996 1
1011 988 1
1013 980 1
1014 973 1
1015 967 1
1016 962 1
1017 957 1
1017 951 1
1017 946 1
1016 939 1
1015 934 1
1015 928 1
1014 922 1
1014 915 1
1012 909 1
1009 903 1
1007 895 1
1005 886 1
1001 878 1
998 871 1
994 863 1
991 855 1
987 847 1
982 840 1
979 832 1
973 824 1
967 813 1
959 801 1
950 787 1
940 776 1
930 766 1
921 757 1
912 749 1
903 743 1
896 737 1
887 731 1
876 724 1
865 718 1
852 713 1
841 707 1
831 704 1
820 701 1
811 698 1
800 697 1
789 695 1
779 695 1
768 695 1
754 695 1
741 697 1
724 701 1
706 706 1
684 712 1
664 717 1
645 722 1
627 727 1
610 731 1
593 736 1
577 741 1
563 746 1
548 752 1
533 758 1
518 765 1
505 770 1
494 774 1
481 778 1
466 783 1
451 787 1
436 791 1
422 794 1
405 798 1
386 801 1
371 804 1
356 808 1
342 810 1
328 811 1
316 812 1
306 813 1
297 815 1
290 816 1
283 818 1
276 820 1
271 822 1
266 824 1
261 826 1
256 828 1
250 832 1
243 837 1
235 843 1
228 849 1
221 855 1
214 862 1
208 870 1
203 877 1
199 884 1
194 890 1
191 896 1
190 900 1
188 904 1
188 909 1
188 914 1
188 923 1
188 933 1
188 946 1
190 958 1
192 970 1
193 982 1
198 996 1
203 1014 1
210 1031 1
219 1048 1
227 1063 1
235 1077 1
241 1092 1
249 1106 1
258 1119 1
267 1133 1
276 1145 1
285 1157 1
294 1169 1
301 1180 1
308 1188 1
315 1196 1
321 1203 1
327 1209 1
334 1216 1
342 1224 1
351 1231 1
357 1237 1
364 1242 1
370 1245 1
376 1250 1
383 1253 1
391 1256 1
402 1259 1
414 1262 1
425 1264 1
438 1266 1
450 1266 1
462 1265 1
476 1262 1
489 1259 1
503 1255 1
517 1250 1
532 1245 1
547 1239 1
561 1234 1
573 1229 1
584 1223 1
597 1216 1
609 1207 1
622 1199 1
633 1192 1
643 1185 1
651 1180 1
662 1175 1
674 1170 1
686 1164 1
697 1158 1
710 1152 1
720 1144 1
732 1138 1
746 1130 1
759 1122 1
773 1115 1
785 1109 1
796 1105 1
807 1100 1
820 1097 1
832 1093 1
845 1090 1
859 1086 1
872 1083 1
884 1080 1
896 1077 1
907 1073 1
919 1068 1
930 1065 1
938 1061 1
944 1058 1
950 1054 1
955 1051 1
959 1046 1
963 1043 1
967 1039 1
970 1035 1
974 1030 1
978 1023 1
981 1013 1
985 1001 1
990 988 1
991 977 1
993 968 1
994 958 1
994 950 1
992 940 1
990 929 1
987 919 1
984 910 1
981 903 1
977 897 1
974 891 1
969 884 1
964 876 1
960 869 1
956 861 1
953 852 1
951 845 1
948 839 1
946 833 1
943 829 1
942 824 1
940 821 1
938 816 1
935 810 1
930 802 1
926 795 1
919 786 1
913 777 1
907 771 1
901 763 1
897 759 1
890 753 1
884 747 1
877 744 1
869 739 1
859 733 1
849 729 1
838 724 1
827 721 1
816 718 1
806 716 1
795 713 1
784 712 1
770 710 1
754 711 1
739 711 1
725 713 1
711 715 1
695 718 1
677 721 1
659 724 1
641 728 1
623 731 1
605 735 1
586 740 1
570 743 1
555 748 1
541 752 1
529 755 1
518 758 1
507 761 1
495 763 1
484 765 1
475 767 1
466 768 1
459 771 1
451 772 1
443 775 1
432 779 1
420 783 1
407 786 1
395 790 1
384 794 1
374 797 1
365 801 1
355 806 1
345 812 1
335 818 1
326 824 1
316 830 1
308 836 1
301 841 1
294 844 1
288 849 1
282 854 1
276 858 1
271 863 1
266 869 1
262 874 1
257 880 1
253 887 1
247 895 1
242 903 1
238 912 1
232 921 1
227 933 1
223 946 1
219 959 1
216 970 1
213 982 1
210 994 1
209 1007 1
207 1023 1
206 1036 1
208 1049 1
211 1066 1
215 1083 1
218 1100 1
222 1116 1
227 1132 1
230 1145 1
234 1156 1
238 1166 1
242 1174 1
248 1181 1
255 1188 1
265 1196 1
277 1203 1
289 1210 1
302 1217 1
315 1225 1
329 1231 1
343 1239 1
357 1246 1
369 1253 1
384 1259 1
401 1264 1
418 1269 1
433 1272 1
446 1275 1
460 1276 1
476 1276 1
489 1276 1
501 1276 1
514 1273 1
524 1272 1
536 1270 1
548 1269 1
560 1267 1
572 1265 1
586 1262 1
598 1260 1
612 1257 1
626 1254 1
638 1252 1
651 1249 1
665 1246 1
681 1243 1
694 1241 1
706 1239 1
718 1237 1
731 1235 1
745 1234 1
759 1232 1
771 1232 1
782 1232 1
795 1229 1
808 1228 1
822 1225 1
836 1222 1
849 1218 1
859 1212 1
869 1207 1
876 1202 1
882 1196 1
890 1190 1
896 1183 1
903 1177 1
911 1169 1
917 1160 1
924 1149 1
931 1138 1
936 1128 1
942 1118 1
948 1108 1
955 1097 1
959 1086 1
963 1075 1
967 1065 1
971 1056 1
974 1048 1
978 1041 1
980 1035 1
983 1027 1
986 1020 1
989 1009 1
994 997 1
997 987 1
1001 978 1
1003 970 1
1004 965 1
1006 959 1
1007 952 1
1009 944 1
1011 933 1
1013 924 1
1014 916 1
1015 908 1
1016 901 1
1017 896 1
1017 890 1
1016 880 1
1016 870 1
1014 856 1
1012 845 1
1011 836 1
1008 827 1
1003 818 1
997 809 1
991 800 1
985 790 1
979 782 1
970 773 1
962 765 1
952 759 1
944 753 1
936 748 1
927 742 1
918 736 1
910 731 1
900 726 1
891 721 1
880 716 1
871 710 1
863 707 1
855 702 1
845 697 1
836 694 1
828 689 1
819 687 1
811 684 1
801 680 1
790 677 1
779 674 1
767 671 1
754 668 1
742 666 1
731 663 1
718 661 1
706 658 1
695 656 1
683 653 1
671 650 1
659 647 1
648 645 1
639 643 1
628 641 1
619 640 1
610 638 1
598 639 1
587 640 1
575 643 1
561 648 1
544 654 1
526 663 1
508 673 1
490 686 1
472 697 1
456 707 1
442 716 1
427 727 1
412 737 1
395 750 1
383 762 1
371 772 1
362 779 1
353 785 1
346 790 1
338 796 1
331 802 1
324 808 1
316 814 1
308 820 1
300 825 1
292 831 1
285 836 1
280 840 1
273 845 1
266 849 1
260 853 1
254 857 1
249 860 1
243 863 1
238 866 1
234 868 1
229 871 1
224 875 1
220 878 1
214 883 1
209 887 1
204 890 1
200 893 1
197 896 1
194 898 1
191 900 1
188 902 1
186 904 1
183 906 1
182 907 1
179 909 1
178 911 1
175 913 1
174 914 1
172 916 1
171 917 1
171 920 1
169 924 1
167 929 1
164 939 1
163 949 1
161 963 1
161 980 1
161 998 1
161 1017 1
164 1038 1
167 1056 1
172 1075 1
177 1091 1
183 1106 1
190 1118 1
200 1130 1
208 1140 1
218 1150 1
229 1160 1
243 1170 1
257 1181 1
270 1189 1
283 1195 1
294 1200 1
304 1203 1
315 1206 1
325 1208 1
337 1210 1
348 1211 1
361 1212 1
375 1213 1
389 1213 1
404 1214 1
420 1214 1
435 1214 1
451 1214 1
469 1214 1
484 1214 1
497 1215 1
507 1215 1
517 1213 1
526 1212 1
535 1211 1
543 1211 1
553 1210 1
561 1210 1
571 1208 1
584 1206 1
601 1204 1
616 1201 1
628 1197 1
638 1194 1
648 1191 1
658 1188 1
670 1183 1
683 1178 1
694 1172 1
705 1168 1
717 1162 1
729 1154 1
744 1145 1
759 1132 1
773 1122 1
786 1113 1
795 1105 1
805 1099 1
813 1093 1
820 1090 1
825 1086 1
830 1083 1
832 1082 1
834 1080 1
836 1079 1
837 1080 1
837 1080 1
838 1080 1
838 1080 1
838 1080 1
839 1080 1
839 1080 1
841 1080 1
844 1082 1
845 1085 1
849 1089 1
852 1094 1
855 1101 1
857 1110 1
860 1119 1
862 1130 1
864 1144 1
866 1157 1
868 1168 1
869 1178 1
869 1185 1
869 1193 1
870 1201 1
870 1209 1
870 1216 1
871 1224 1
871 1229 1
872 1234 1
872 1236 1
873 1240 1
875 1242 1
875 1243 1
878 1245 1
882 1245 1
886 1245 1
894 1242 1
902 1239 1
911 1233 1
922 1225 1
932 1214 1
941 1205 1
948 1197 1
953 1190 1
957 1182 1
961 1176 1
964 1169 1
966 1159 1
968 1148 1
969 1137 1
970 1127 1
971 1115 1
971 1102 1
972 1088 1
972 1075 1
972 1063 1
973 1051 1
974 1041 1
975 1030 1
977 1019 1
979 1008 1
980 997 1
980 989 1
981 982 1
982 974 1
983 968 1
984 962 1
984 955 1
985 949 1
985 942 1
985 938 1
984 932 1
983 925 1
981 918 1
981 908 1
979 896 1
979 882 1
979 867 1
978 852 1
978 838 1
977 826 1
974 812 1
971 797 1
967 783 1
963 770 1
956 756 1
950 743 1
942 731 1
933 719 1
916 702 1
908 695 1
903 691 1
898 688 1
894 686 1
891 685 1
889 685 1
884 684 1
881 683 1
878 683 1
873 682 1
866 682 1
858 682 1
845 682 1
828 682 1
808 682 1
788 682 1
768 682 1
749 681 1
730 679 1
715 678 1
701 677 1
687 676 1
674 675 1
663 675 1
654 674 1
646 674 1
638 673 1
632 673 1
624 673 1
618 673 1
609 673 1
599 673 1
589 671 1
576 672 1
564 672 1
551 671 1
539 669 1
523 668 1
506 666 1
492 665 1
480 663 1
469 661 1
459 662 1
449 661 1
440 660 1
430 660 1
423 660 1
416 660 1
408 660 1
400 660 1
394 660 1
385 660 1
373 661 1
360 662 1
346 664 1
331 667 1
315 669 1
300 671 1
288 673 1
278 674 1
269 677 1
261 679 1
253 682 1
244 686 1
236 689 1
230 694 1
224 698 1
218 702 1
211 711 1
201 725 1
189 746 1
178 772 1
169 802 1
162 830 1
159 859 1
159 884 1
161 905 1
164 924 1
168 940 1
174 955 1
177 968 1
181 978 1
184 987 1
188 998 1
192 1012 1
198 1027 1
206 1044 1
215 1061 1
225 1080 1
236 1099 1
245 1115 1
257 1133 1
271 1152 1
284 1170 1
296 1187 1
308 1201 1
319 1213 1
331 1226 1
344 1240 1
358 1253 1
373 1265 1
390 1275 1
408 1283 1
426 1292 1
442 1297 1
459 1303 1
478 1307 1
498 1310 1
520 1312 1
544 1313 1
571 1311 1
596 1308 1
618 1305 1
639 1300 1
657 1297 1
672 1293 1
685 1290 1
696 1284 1
708 1277 1
720 1266 1
734 1253 1
749 1239 1
764 1222 1
779 1206 1
792 1192 1
802 1180 1
811 1169 1
817 1160 1
824 1154 1
830 1148 1
834 1145 1
837 1140 1
842 1138 1
847 1133 1
852 1129 1
857 1125 1
864 1121 1
872 1116 1
881 1112 1
889 1108 1
899 1105 1
908 1101 1
917 1098 1
926 1095 1
936 1090 1
946 1085 1
955 1080 1
963 1075 1
969 1069 1
974 1062 1
980 1056 1
985 1050 1
988 1045 1
993 1039 1
996 1033 1
998 1027 1
1001 1019 1
1003 1009 1
1005 997 1
1006 984 1
1008 970 1
1008 955 1
1009 939 1
1009 925 1
1010 909 1
1011 894 1
1011 879 1
1012 865 1
1011 854 1
1011 843 1
1009 833 1
1007 821 1
1004 807 1
999 792 1
992 776 1
987 765 1
980 751 1
974 741 1
969 732 1
962 723 1
949 707 1
943 701 1
937 695 1
924 686 1
917 682 1
910 678 1
900 674 1
890 670 1
882 668 1
873 665 1
865 664 1
858 662 1
849 660 1
841 658 1
832 658 1
823 656 1
813 654 1
805 654 1
799 654 1
794 654 1
788 654 1
783 654 1
776 654 1
768 654 1
757 654 1
744 654 1
731 654 1
719 654 1
707 654 1
696 654 1
686 653 1
677 651 1
669 651 1
663 651 1
657 650 1
651 650 1
645 650 1
640 650 1
636 650 1
631 650 1
626 650 1
620 650 1
613 650 1
606 650 1
600 650 1
592 649 1
586 649 1
578 649 1
569 649 1
559 649 1
546 650 1
532 651 1
518 652 1
504 655 1
490 656 1
475 658 1
461 659 1
446 661 1
421 666 1
409 670 1
396 676 1
383 684 1
371 691 1
361 699 1
353 705 1
347 710 1
340 714 1
334 718 1
328 723 1
324 726 1
319 729 1
315 731 1
311 734 1
304 738 1
297 742 1
290 748 1
281 756 1
273 761 1
265 767 1
259 772 1
254 775 1
249 778 1
244 781 1
240 784 1
234 788 1
229 791 1
223 797 1
217 805 1
209 813 1
201 823 1
194 833 1
188 843 1
183 855 1
178 870 1
174 888 1
171 908 1
169 931 1
169 953 1
169 974 1
166 991 1
164 1006 1
162 1020 1
160 1031 1
160 1043 1
160 1056 1
161 1072 1
164 1092 1
167 1112 1
175 1134 1
185 1157 1
194 1179 1
207 1200 1
223 1221 1
240 1240 1
257 1256 1
276 1271 1
295 1282 1
318 1293 1
342 1301 1
368 1307 1
395 1311 1
418 1313 1
439 1313 1
458 1311 1
474 1309 1
490 1307 1
502 1304 1
511 1302 1
521 1299 1
534 1294 1
549 1289 1
566 1281 1
586 1274 1
605 1264 1
625 1255 1
643 1247 1
662 1241 1
679 1235 1
695 1230 1
709 1225 1
724 1223 1
737 1218 1
752 1215 1
766 1212 1
778 1208 1
789 1204 1
800 1198 1
811 1193 1
824 1188 1
835 1182 1
846 1178 1
856 1174 1
866 1170 1
877 1167 1
888 1162 1
898 1158 1
906 1152 1
916 1147 1
925 1140 1
934 1132 1
943 1123 1
949 1116 1
956 1107 1
961 1097 1
967 1084 1
973 1070 1
979 1054 1
983 1038 1
987 1023 1
990 1007 1
992 990 1
995 976 1
996 960 1
997 946 1
998 930 1
998 916 1
999 902 1
1000 887 1
998 873 1
998 859 1
995 848 1
992 840 1
989 834 1
985 827 1
981 822 1
976 814 1
972 807 1
967 802 1
962 797 1
959 793 1
955 791 1
952 788 1
950 787 1
947 785 1
944 785 1
941 783 1
938 781 1
934 780 1
930 778 1
926 777 1
922 774 1
916 773 1
911 770 1
905 769 1
897 767 1
889 764 1
878 761 1
865 757 1
850 751 1
832 744 1
813 735 1
793 724 1
770 708 1
748 693 1
727 680 1
708 668 1
685 654 1
662 641 1
641 629 1
622 621 1
605 613 1
590 608 1
577 605 1
568 602 1
560 600 1
551 598 1
542 598 1
534 596 1
525 597 1
516 598 1
507 600 1
497 603 1
486 609 1
472 617 1
457 624 1
442 632 1
429 638 1
418 643 1
406 648 1
395 653 1
385 657 1
376 661 1
367 666 1
360 670 1
352 675 1
343 680 1
335 684 1
325 691 1
314 697 1
304 702 1
296 706 1
287 710 1
279 713 1
272 718 1
264 721 1
255 727 1
243 737 1
233 746 1
223 758 1
212 772 1
201 787 1
189 806 1
178 828 1
168 852 1
160 880 1
156 907 1
153 933 1
151 956 1
152 974 1
150 991 1
150 1007 1
148 1023 1
149 1036 1
151 1050 1
155 1068 1
161 1087 1
172 1109 1
185 1132 1
200 1156 1
217 1177 1
232 1195 1
247 1210 1
263 1225 1
280 1240 1
297 1253 1
314 1266 1
331 1277 1
352 1285 1
374 1293 1
395 1300 1
416 1304 1
437 1307 1
457 1308 1
478 1309 1
500 1307 1
521 1304 1
547 1300 1
572 1297 1
596 1294 1
617 1291 1
639 1286 1
660 1281 1
684 1274 1
714 1264 1
730 1258 1
720 1262 0
