659 932 1
659 932 1
659 932 1
659 932 1
659 932 1
659 932 1
659 932 1
659 932 1
659 932 1
658 932 1
657 932 1
657 932 1
655 932 1
652 932 1
648 932 1
644 932 1
639 933 1
634 933 1
630 932 1
625 932 1
620 929 1
616 929 1
612 927 1
608 926 1
605 924 1
602 922 1
599 920 1
596 917 1
593 915 1
591 912 1
589 909 1
587 904 1
588 902 1
587 899 1
587 897 1
587 894 1
588 892 1
590 889 1
591 887 1
593 885 1
595 883 1
597 882 1
600 881 1
604 879 1
607 880 1
610 879 1
613 879 1
616 879 1
619 879 1
621 879 1
624 880 1
626 880 1
628 881 1
630 882 1
632 883 1
634 884 1
635 884 1
637 886 1
638 887 1
640 888 1
641 890 1
642 892 1
642 894 1
643 896 1
644 900 1
646 903 1
648 909 1
649 913 1
651 917 1
651 922 1
653 927 1
654 933 1
655 939 1
655 942 1
655 947 1
655 949 1
655 953 1
653 956 1
654 959 1
652 961 1
652 963 1
652 966 1
651 967 1
649 970 1
649 971 1
647 974 1
647 975 1
645 977 1
642 979 1
639 981 1
636 984 1
632 986 1
628 988 1
621 990 1
616 992 1
609 993 1
603 995 1
596 996 1
589 998 1
582 998 1
577 998 1
571 996 1
566 996 1
562 994 1
558 994 1
554 991 1
549 989 1
544 986 1
540 983 1
535 979 1
528 974 1
523 970 1
517 964 1
511 958 1
503 949 1
497 941 1
489 931 1
483 920 1
477 909 1
474 899 1
469 891 1
467 884 1
465 876 1
462 869 1
462 862 1
462 855 1
462 848 1
462 842 1
463 837 1
463 833 1
463 830 1
463 825 1
464 823 1
464 818 1
465 813 1
465 808 1
466 802 1
467 797 1
468 792 1
469 786 1
471 782 1
474 777 1
477 774 1
480 770 1
485 765 1
491 761 1
497 758 1
503 756 1
510 755 1
517 753 1
526 754 1
535 754 1
545 755 1
558 756 1
571 758 1
586 760 1
602 764 1
615 767 1
627 769 1
633 770 1
639 771 1
644 772 1
647 773 1
650 774 1
655 775 1
657 776 1
661 777 1
664 779 1
667 780 1
669 781 1
671 781 1
674 783 1
676 783 1
678 785 1
680 786 1
683 788 1
686 790 1
687 791 1
689 793 1
690 794 1
692 797 1
693 798 1
695 801 1
696 805 1
698 808 1
698 813 1
699 817 1
700 821 1
700 824 1
700 827 1
700 831 1
700 834 1
699 837 1
699 840 1
698 844 1
698 847 1
697 849 1
697 853 1
695 855 1
696 856 1
696 859 1
695 862 1
695 865 1
694 870 1
694 876 1
694 882 1
694 888 1
695 896 1
695 905 1
696 913 1
697 921 1
698 931 1
699 939 1
700 946 1
701 951 1
701 956 1
701 958 1
701 960 1
701 962 1
701 963 1
699 963 1
700 964 1
700 964 1
700 964 1
700 964 1
700 964 1
700 964 1
700 964 1
699 965 1
696 967 1
695 969 1
693 972 1
691 975 1
689 978 1
687 981 1
685 983 1
684 986 1
682 988 1
680 990 1
678 992 1
676 995 1
674 996 1
672 999 1
669 1001 1
666 1003 1
663 1005 1
660 1007 1
658 1008 1
653 1010 1
650 1012 1
647 1013 1
643 1015 1
640 1017 1
636 1019 1
632 1020 1
628 1022 1
622 1023 1
617 1026 1
610 1027 1
604 1028 1
595 1030 1
589 1031 1
582 1032 1
575 1033 1
569 1034 1
561 1035 1
555 1036 1
547 1036 1
539 1037 1
532 1036 1
524 1034 1
517 1033 1
513 1033 1
508 1033 1
503 1031 1
499 1029 1
494 1028 1
491 1026 1
488 1024 1
485 1024 1
483 1022 1
483 1020 1
480 1018 1
479 1017 1
477 1012 1
474 1004 1
470 995 1
466 984 1
462 973 1
458 962 1
455 951 1
451 938 1
448 927 1
444 916 1
440 906 1
434 893 1
428 878 1
423 863 1
418 849 1
415 836 1
411 827 1
408 817 1
405 809 1
402 801 1
398 795 1
396 790 1
394 786 1
393 782 1
393 779 1
392 775 1
390 772 1
391 768 1
391 765 1
392 760 1
395 755 1
402 748 1
410 741 1
419 733 1
428 725 1
437 719 1
443 713 1
450 709 1
455 706 1
458 703 1
462 702 1
465 700 1
468 700 1
470 699 1
473 697 1
475 698 1
477 696 1
477 696 1
479 697 1
480 696 1
481 696 1
482 696 1
482 696 1
483 693 1
485 691 1
488 688 1
491 685 1
495 682 1
500 679 1
504 676 1
509 673 1
514 670 1
516 669 1
519 667 1
522 665 1
525 664 1
526 662 1
528 661 1
529 661 1
530 660 1
530 660 1
530 660 1
530 660 1
530 660 1
530 660 1
531 659 1
532 659 1
534 657 1
537 658 1
541 659 1
549 659 1
556 662 1
567 666 1
576 672 1
586 678 1
592 682 1
598 686 1
603 688 1
607 691 1
610 693 1
614 695 1
616 696 1
619 698 1
620 699 1
622 701 1
624 702 1
624 702 1
626 704 1
630 706 1
633 709 1
637 712 1
640 715 1
643 717 1
646 720 1
649 722 1
652 725 1
655 727 1
657 729 1
660 732 1
664 733 1
667 736 1
672 739 1
678 742 1
684 745 1
690 750 1
695 752 1
701 756 1
707 760 1
712 764 1
717 767 1
721 770 1
724 773 1
727 774 1
729 776 1
730 777 1
733 778 1
733 779 1
734 779 1
735 780 1
735 780 1
736 780 1
736 780 1
738 780 1
739 781 1
740 781 1
742 781 1
745 781 1
749 780 1
752 779 1
756 779 1
759 777 1
762 775 1
767 773 1
770 771 1
774 768 1
777 766 1
780 762 1
782 760 1
784 758 1
786 757 1
788 755 1
789 754 1
792 754 1
793 753 1
794 753 1
794 753 1
795 753 1
795 754 1
796 755 1
797 758 1
798 761 1
800 766 1
801 771 1
803 778 1
803 786 1
804 793 1
804 804 1
804 813 1
803 821 1
802 829 1
802 837 1
800 846 1
800 853 1
798 861 1
798 869 1
796 875 1
796 880 1
796 884 1
796 887 1
796 891 1
797 896 1
798 901 1
800 906 1
802 912 1
803 917 1
805 921 1
805 925 1
807 928 1
808 931 1
809 934 1
811 939 1
812 943 1
813 948 1
814 951 1
815 957 1
815 962 1
813 966 1
813 970 1
811 973 1
810 976 1
808 978 1
805 982 1
803 985 1
799 988 1
795 992 1
790 996 1
785 1000 1
781 1004 1
775 1011 1
769 1017 1
764 1024 1
758 1032 1
751 1040 1
744 1047 1
735 1054 1
726 1062 1
716 1071 1
709 1077 1
701 1084 1
694 1090 1
687 1096 1
682 1100 1
676 1103 1
673 1106 1
668 1109 1
665 1111 1
663 1112 1
660 1113 1
658 1114 1
655 1115 1
652 1116 1
647 1116 1
644 1117 1
639 1118 1
631 1119 1
625 1119 1
619 1120 1
615 1120 1
610 1121 1
605 1121 1
601 1121 1
597 1121 1
595 1121 1
592 1121 1
590 1121 1
585 1121 1
581 1121 1
572 1118 1
561 1115 1
548 1111 1
535 1107 1
523 1103 1
512 1099 1
502 1094 1
493 1091 1
487 1088 1
481 1085 1
478 1084 1
475 1082 1
472 1081 1
467 1078 1
458 1073 1
448 1065 1
433 1054 1
418 1043 1
403 1032 1
388 1020 1
371 1009 1
356 998 1
344 989 1
335 981 1
326 974 1
317 967 1
309 961 1
304 956 1
297 951 1
292 945 1
287 940 1
284 936 1
281 931 1
278 927 1
275 922 1
272 918 1
271 915 1
271 912 1
270 909 1
268 905 1
269 900 1
269 895 1
269 890 1
269 885 1
271 879 1
272 875 1
274 871 1
276 866 1
279 861 1
280 855 1
283 851 1
285 844 1
287 838 1
288 831 1
291 822 1
293 812 1
295 802 1
298 792 1
301 782 1
304 774 1
305 767 1
307 760 1
308 753 1
310 747 1
311 741 1
311 737 1
312 732 1
312 729 1
313 725 1
314 721 1
315 716 1
315 710 1
317 705 1
319 700 1
321 695 1
323 691 1
325 687 1
327 683 1
330 678 1
336 674 1
342 667 1
350 660 1
360 653 1
368 647 1
374 643 1
382 638 1
388 633 1
396 630 1
402 627 1
410 625 1
417 623 1
422 621 1
427 619 1
430 618 1
434 616 1
438 614 1
440 614 1
443 612 1
445 612 1
447 612 1
448 610 1
450 610 1
452 608 1
454 606 1
455 606 1
457 604 1
460 602 1
462 602 1
464 600 1
466 600 1
468 598 1
470 598 1
471 596 1
472 596 1
472 596 1
473 595 1
477 595 1
481 592 1
485 592 1
489 590 1
494 590 1
498 590 1
504 590 1
512 590 1
526 591 1
543 594 1
563 598 1
585 603 1
605 608 1
623 613 1
636 616 1
643 619 1
650 621 1
653 622 1
655 623 1
656 623 1
657 623 1
658 623 1
659 623 1
661 624 1
665 625 1
670 627 1
679 628 1
688 631 1
696 633 1
704 635 1
712 638 1
718 640 1
725 644 1
729 645 1
734 647 1
737 648 1
742 651 1
748 654 1
756 658 1
764 665 1
771 671 1
776 677 1
782 682 1
785 687 1
789 694 1
793 698 1
796 702 1
799 707 1
802 712 1
805 717 1
809 725 1
812 734 1
817 743 1
822 752 1
823 758 1
827 765 1
828 768 1
829 771 1
830 775 1
831 778 1
832 781 1
832 785 1
832 788 1
832 791 1
832 794 1
830 801 1
831 807 1
831 814 1
831 823 1
832 832 1
832 842 1
833 854 1
833 865 1
835 875 1
836 883 1
840 891 1
842 897 1
845 904 1
850 910 1
855 918 1
861 927 1
866 935 1
872 945 1
876 952 1
879 958 1
883 963 1
884 967 1
887 971 1
888 974 1
889 976 1
890 979 1
892 982 1
892 985 1
894 988 1
894 991 1
896 994 1
896 998 1
897 1001 1
897 1004 1
896 1008 1
894 1013 1
893 1017 1
891 1021 1
890 1025 1
888 1027 1
887 1030 1
885 1032 1
883 1035 1
882 1036 1
879 1039 1
877 1042 1
874 1045 1
869 1049 1
865 1052 1
860 1057 1
855 1062 1
850 1066 1
845 1071 1
837 1078 1
830 1084 1
822 1090 1
814 1097 1
807 1103 1
796 1110 1
785 1117 1
777 1122 1
770 1128 1
764 1131 1
756 1136 1
749 1139 1
742 1142 1
735 1145 1
729 1147 1
723 1149 1
717 1150 1
711 1152 1
704 1152 1
696 1153 1
686 1153 1
675 1153 1
665 1154 1
657 1154 1
649 1154 1
643 1153 1
637 1153 1
632 1153 1
628 1153 1
623 1153 1
618 1153 1
613 1152 1
608 1152 1
602 1152 1
599 1151 1
594 1149 1
591 1150 1
588 1148 1
584 1148 1
581 1148 1
577 1147 1
574 1147 1
571 1146 1
568 1146 1
564 1146 1
561 1146 1
558 1147 1
554 1147 1
551 1147 1
546 1147 1
541 1147 1
537 1148 1
532 1149 1
530 1150 1
529 1150 1
527 1151 1
527 1151 1
527 1151 1
527 1151 1
527 1151 1
527 1152 1
527 1152 1
527 1152 1
527 1152 1
526 1153 1
526 1154 1
526 1155 1
525 1156 1
525 1157 1
525 1157 1
525 1158 1
525 1160 1
526 1163 1
525 1168 1
523 1173 1
521 1179 1
518 1184 1
514 1190 1
510 1194 1
506 1197 1
502 1200 1
497 1203 1
493 1204 1
488 1206 1
484 1206 1
481 1206 1
477 1206 1
472 1206 1
468 1203 1
464 1203 1
460 1201 1
457 1200 1
454 1198 1
450 1196 1
447 1194 1
443 1192 1
440 1190 1
435 1188 1
432 1186 1
427 1183 1
423 1181 1
420 1178 1
417 1177 1
413 1174 1
410 1173 1
407 1170 1
401 1168 1
396 1165 1
392 1162 1
386 1159 1
381 1154 1
377 1152 1
371 1148 1
367 1144 1
361 1140 1
354 1133 1
346 1125 1
336 1116 1
329 1107 1
319 1099 1
310 1090 1
301 1081 1
294 1074 1
286 1067 1
280 1060 1
274 1054 1
269 1048 1
264 1042 1
260 1039 1
257 1034 1
252 1029 1
247 1020 1
240 1009 1
233 993 1
226 976 1
222 961 1
218 947 1
216 936 1
216 927 1
216 919 1
217 912 1
218 905 1
220 899 1
223 891 1
227 882 1
232 869 1
236 856 1
239 842 1
242 827 1
245 812 1
247 795 1
250 779 1
252 767 1
254 756 1
257 746 1
259 737 1
261 727 1
264 717 1
267 707 1
271 697 1
275 687 1
281 674 1
286 661 1
289 647 1
294 635 1
299 622 1
303 610 1
308 597 1
313 586 1
316 575 1
321 563 1
326 553 1
330 544 1
336 535 1
343 528 1
350 521 1
358 516 1
366 512 1
373 508 1
382 506 1
393 504 1
405 504 1
419 504 1
432 504 1
444 505 1
458 505 1
470 506 1
480 506 1
489 507 1
496 508 1
502 509 1
507 511 1
513 512 1
520 515 1
532 519 1
548 525 1
563 532 1
579 540 1
598 549 1
618 557 1
637 564 1
655 570 1
673 576 1
689 582 1
704 587 1
715 591 1
723 595 1
730 599 1
738 604 1
745 609 1
751 612 1
756 616 1
761 619 1
765 622 1
769 625 1
773 628 1
775 630 1
778 633 1
781 635 1
784 638 1
787 641 1
790 644 1
792 647 1
795 650 1
800 656 1
806 662 1
811 670 1
818 679 1
824 685 1
828 692 1
831 697 1
833 700 1
836 704 1
838 707 1
840 710 1
843 714 1
844 717 1
847 720 1
848 723 1
850 726 1
851 729 1
853 731 1
855 736 1
856 739 1
858 743 1
860 749 1
863 757 1
867 766 1
870 776 1
873 784 1
876 791 1
877 797 1
879 802 1
881 808 1
883 813 1
884 819 1
885 824 1
887 830 1
888 836 1
889 840 1
890 847 1
891 854 1
892 865 1
894 877 1
897 891 1
899 904 1
901 918 1
903 931 1
905 941 1
906 951 1
907 957 1
907 961 1
907 966 1
907 969 1
907 972 1
907 974 1
906 977 1
906 979 1
905 983 1
905 986 1
903 992 1
901 998 1
900 1005 1
898 1013 1
896 1021 1
894 1029 1
892 1036 1
890 1044 1
888 1051 1
887 1058 1
885 1064 1
884 1072 1
881 1081 1
879 1092 1
876 1102 1
872 1111 1
869 1119 1
865 1125 1
861 1131 1
857 1135 1
852 1141 1
847 1146 1
843 1150 1
838 1156 1
831 1164 1
824 1171 1
816 1178 1
810 1183 1
804 1188 1
798 1193 1
791 1196 1
784 1200 1
778 1203 1
774 1206 1
770 1209 1
765 1212 1
760 1215 1
754 1219 1
748 1223 1
742 1227 1
738 1230 1
735 1233 1
732 1235 1
728 1239 1
721 1244 1
713 1250 1
705 1257 1
699 1261 1
693 1266 1
688 1269 1
685 1272 1
682 1274 1
678 1277 1
673 1280 1
668 1282 1
663 1285 1
660 1289 1
654 1291 1
649 1294 1
643 1297 1
637 1300 1
629 1303 1
620 1306 1
609 1309 1
597 1312 1
586 1314 1
576 1317 1
567 1321 1
558 1323 1
547 1326 1
534 1329 1
523 1331 1
511 1334 1
500 1335 1
487 1336 1
474 1335 1
460 1333 1
447 1331 1
434 1328 1
419 1323 1
402 1318 1
386 1310 1
373 1305 1
362 1299 1
353 1295 1
344 1289 1
335 1283 1
326 1275 1
314 1267 1
304 1259 1
294 1251 1
286 1245 1
280 1237 1
274 1232 1
266 1223 1
258 1213 1
251 1203 1
242 1193 1
234 1182 1
226 1173 1
220 1162 1
212 1152 1
207 1142 1
201 1130 1
195 1120 1
189 1110 1
185 1098 1
180 1087 1
177 1074 1
174 1061 1
170 1049 1
167 1038 1
164 1028 1
161 1017 1
158 1005 1
154 992 1
151 979 1
148 965 1
145 950 1
142 934 1
139 919 1
136 908 1
133 897 1
131 888 1
130 878 1
128 867 1
129 855 1
129 843 1
129 830 1
127 815 1
127 798 1
127 778 1
128 758 1
129 739 1
130 719 1
130 702 1
130 686 1
130 672 1
131 659 1
133 645 1
136 631 1
141 618 1
146 604 1
152 591 1
157 578 1
164 566 1
172 555 1
180 545 1
187 537 1
193 530 1
200 523 1
208 515 1
217 508 1
225 501 1
233 494 1
242 487 1
252 481 1
263 474 1
275 467 1
284 461 1
294 456 1
301 453 1
312 448 1
322 445 1
333 443 1
344 441 1
356 440 1
368 440 1
381 439 1
397 440 1
412 440 1
425 442 1
441 445 1
455 448 1
470 454 1
483 459 1
494 464 1
504 467 1
511 471 1
521 475 1
532 481 1
546 488 1
559 494 1
572 501 1
586 507 1
603 515 1
621 524 1
645 533 1
667 543 1
687 553 1
701 560 1
714 566 1
724 569 1
735 574 1
748 577 1
759 580 1
769 584 1
778 587 1
789 590 1
798 594 1
807 598 1
815 602 1
823 605 1
830 609 1
836 614 1
844 618 1
851 623 1
856 630 1
860 635 1
865 640 1
868 646 1
872 650 1
876 658 1
881 665 1
885 675 1
890 686 1
896 700 1
902 716 1
909 733 1
916 753 1
924 771 1
929 787 1
932 803 1
936 817 1
939 830 1
943 843 1
947 856 1
950 865 1
952 873 1
954 881 1
955 889 1
956 898 1
956 908 1
957 918 1
957 933 1
957 948 1
957 964 1
955 979 1
954 995 1
954 1011 1
952 1026 1
951 1039 1
951 1050 1
949 1057 1
949 1063 1
946 1070 1
945 1076 1
943 1082 1
942 1088 1
939 1096 1
934 1105 1
928 1115 1
922 1125 1
914 1134 1
907 1147 1
899 1160 1
891 1172 1
883 1184 1
874 1195 1
865 1206 1
856 1215 1
847 1224 1
840 1231 1
834 1238 1
826 1245 1
818 1250 1
807 1255 1
796 1260 1
785 1264 1
777 1268 1
772 1270 1
767 1273 1
765 1274 1
762 1277 1
756 1280 1
751 1283 1
745 1286 1
736 1291 1
726 1297 1
716 1304 1
706 1312 1
699 1319 1
691 1327 1
683 1333 1
673 1340 1
661 1348 1
644 1359 1
623 1373 1
596 1388 1
567 1403 1
538 1412 1
513 1420 1
493 1424 1
473 1427 1
453 1429 1
433 1431 1
415 1433 1
398 1433 1
382 1431 1
367 1428 1
353 1424 1
339 1418 1
325 1413 1
314 1406 1
302 1398 1
291 1389 1
280 1380 1
267 1368 1
252 1353 1
234 1336 1
215 1318 1
195 1299 1
175 1278 1
158 1254 1
142 1233 1
130 1209 1
120 1190 1
109 1166 1
98 1135 1
85 1096 1
90 1110 0
