292 688 1
292 688 1
292 688 1
292 688 1
292 688 1
292 688 1
292 688 1
292 688 1
292 688 1
292 688 1
292 688 1
292 688 1
291 687 1
289 687 1
289 687 1
286 685 1
283 686 1
279 686 1
276 685 1
273 685 1
270 685 1
267 686 1
264 686 1
261 686 1
259 687 1
255 688 1
253 689 1
250 690 1
248 692 1
245 693 1
242 695 1
239 696 1
236 698 1
232 699 1
229 702 1
226 703 1
223 705 1
220 708 1
218 709 1
216 712 1
214 714 1
212 717 1
210 720 1
208 723 1
208 727 1
206 730 1
206 734 1
204 739 1
205 742 1
205 747 1
205 751 1
206 755 1
207 759 1
208 763 1
211 766 1
213 770 1
216 773 1
220 777 1
225 782 1
230 785 1
235 790 1
241 794 1
247 797 1
253 800 1
260 803 1
268 806 1
275 809 1
282 812 1
289 814 1
295 816 1
301 818 1
307 820 1
313 821 1
320 823 1
326 826 1
332 828 1
338 830 1
344 831 1
349 832 1
356 833 1
362 835 1
367 836 1
372 838 1
375 838 1
380 840 1
384 841 1
387 842 1
391 844 1
394 844 1
397 846 1
400 847 1
403 849 1
405 849 1
407 851 1
408 851 1
410 852 1
410 853 1
411 854 1
412 855 1
412 855 1
413 856 1
414 857 1
415 858 1
415 858 1
416 859 1
417 860 1
418 861 1
419 862 1
421 864 1
422 866 1
423 867 1
425 869 1
425 871 1
427 874 1
427 877 1
428 879 1
428 880 1
429 882 1
429 882 1
429 883 1
429 883 1
429 883 1
429 883 1
429 883 1
429 883 1
428 883 1
428 884 1
427 884 1
427 884 1
425 884 1
425 884 1
422 885 1
419 885 1
414 886 1
411 886 1
407 886 1
403 886 1
399 886 1
395 886 1
392 887 1
388 887 1
383 887 1
380 888 1
375 888 1
372 888 1
369 889 1
364 889 1
360 890 1
355 890 1
351 890 1
347 891 1
342 891 1
337 892 1
334 892 1
329 893 1
325 893 1
320 894 1
316 895 1
312 895 1
307 896 1
303 896 1
299 897 1
294 897 1
290 897 1
285 898 1
280 898 1
277 898 1
274 899 1
269 899 1
265 899 1
262 900 1
259 900 1
256 900 1
254 900 1
251 900 1
249 901 1
247 901 1
246 900 1
244 900 1
244 900 1
241 900 1
238 900 1
232 899 1
228 899 1
225 897 1
221 898 1
218 896 1
214 897 1
211 895 1
207 895 1
204 895 1
200 894 1
197 894 1
193 891 1
190 891 1
187 891 1
185 890 1
182 888 1
181 889 1
179 887 1
179 887 1
177 887 1
176 886 1
174 884 1
171 882 1
168 882 1
164 880 1
160 879 1
157 877 1
154 877 1
151 875 1
149 874 1
146 872 1
144 870 1
142 868 1
142 867 1
140 867 1
141 865 1
141 865 1
141 865 1
141 865 1
142 866 1
145 865 1
149 863 1
155 863 1
161 863 1
167 862 1
173 862 1
179 863 1
183 863 1
187 863 1
189 863 1
192 863 1
194 863 1
196 864 1
198 864 1
201 862 1
203 863 1
205 861 1
207 861 1
210 859 1
212 858 1
214 856 1
216 854 1
218 853 1
220 850 1
221 849 1
224 846 1
226 844 1
228 841 1
231 839 1
236 836 1
239 832 1
242 830 1
244 827 1
247 824 1
250 822 1
252 820 1
255 818 1
258 817 1
260 814 1
263 813 1
268 810 1
272 807 1
276 806 1
280 803 1
284 802 1
288 800 1
291 799 1
295 797 1
298 796 1
303 793 1
306 792 1
311 790 1
316 788 1
320 786 1
325 784 1
330 782 1
333 780 1
338 778 1
341 776 1
344 775 1
347 773 1
349 771 1
350 770 1
351 768 1
351 766 1
351 764 1
351 762 1
349 762 1
350 761 1
350 761 1
350 760 1
348 758 1
347 756 1
346 755 1
344 752 1
343 751 1
340 748 1
339 747 1
337 745 1
335 744 1
333 742 1
332 741 1
330 739 1
327 738 1
325 737 1
322 735 1
320 734 1
318 732 1
314 730 1
311 727 1
306 725 1
301 722 1
296 719 1
288 716 1
281 710 1
270 702 1
260 695 1
248 687 1
236 681 1
224 671 1
217 666 1
222 670 0
605 681 1
605 681 1
605 681 1
605 681 1
605 681 1
605 681 1
605 681 1
605 681 1
605 681 1
605 681 1
605 681 1
605 681 1
605 681 1
603 679 1
603 679 1
600 680 1
594 681 1
590 682 1
583 685 1
577 688 1
572 690 1
567 692 1
564 695 1
561 696 1
558 698 1
554 699 1
551 701 1
548 704 1
546 705 1
544 707 1
542 708 1
540 710 1
539 712 1
537 714 1
536 715 1
536 718 1
534 720 1
534 722 1
533 724 1
533 727 1
533 730 1
533 734 1
534 736 1
534 738 1
534 741 1
535 743 1
536 745 1
536 747 1
537 749 1
538 751 1
540 753 1
540 754 1
542 756 1
545 758 1
547 759 1
549 761 1
552 762 1
555 764 1
558 765 1
561 767 1
565 769 1
568 771 1
573 774 1
576 775 1
579 777 1
582 778 1
585 780 1
589 781 1
593 783 1
598 785 1
603 787 1
608 789 1
614 791 1
620 794 1
625 795 1
630 797 1
635 798 1
639 800 1
642 801 1
645 802 1
648 803 1
651 804 1
653 805 1
655 806 1
657 806 1
661 807 1
664 808 1
667 809 1
672 811 1
677 812 1
681 813 1
686 813 1
691 814 1
693 815 1
696 815 1
699 816 1
703 817 1
706 817 1
709 818 1
711 818 1
712 819 1
714 819 1
715 819 1
716 820 1
716 820 1
718 821 1
719 822 1
719 822 1
721 822 1
721 823 1
722 823 1
723 824 1
724 824 1
725 825 1
726 825 1
727 825 1
728 826 1
729 827 1
730 827 1
731 828 1
731 829 1
732 829 1
733 830 1
734 831 1
735 831 1
736 832 1
737 833 1
737 833 1
738 834 1
739 834 1
740 835 1
740 836 1
741 836 1
741 837 1
742 838 1
743 838 1
743 839 1
744 841 1
745 841 1
745 844 1
746 846 1
746 848 1
746 851 1
746 854 1
745 855 1
745 857 1
743 858 1
743 858 1
742 859 1
742 859 1
740 860 1
740 860 1
738 861 1
738 861 1
735 861 1
733 862 1
730 863 1
726 864 1
723 864 1
719 865 1
715 866 1
710 867 1
704 868 1
698 869 1
691 870 1
685 872 1
679 873 1
672 875 1
665 876 1
660 877 1
654 879 1
650 880 1
646 881 1
642 882 1
639 883 1
635 883 1
632 884 1
629 885 1
626 886 1
623 886 1
621 886 1
618 887 1
617 887 1
615 887 1
614 888 1
614 888 1
612 888 1
610 888 1
608 888 1
607 888 1
604 889 1
601 889 1
597 889 1
593 889 1
589 889 1
586 888 1
583 888 1
580 888 1
577 888 1
574 888 1
571 888 1
568 886 1
565 887 1
562 887 1
558 887 1
555 887 1
550 886 1
545 886 1
541 885 1
536 885 1
532 884 1
527 884 1
523 882 1
520 883 1
517 881 1
514 882 1
511 880 1
509 881 1
506 881 1
505 880 1
503 880 1
502 879 1
502 879 1
501 878 1
499 878 1
499 878 1
498 877 1
498 877 1
498 877 1
497 875 1
497 875 1
495 876 1
494 875 1
494 875 1
493 875 1
494 874 1
494 874 1
493 874 1
492 873 1
492 873 1
492 873 1
491 872 1
491 872 1
490 871 1
490 871 1
488 869 1
488 869 1
487 870 1
488 869 1
486 868 1
484 868 1
484 867 1
482 865 1
482 865 1
480 865 1
480 864 1
478 862 1
478 862 1
476 862 1
475 860 1
474 860 1
474 858 1
473 858 1
471 858 1
471 857 1
471 855 1
471 855 1
471 855 1
471 855 1
471 855 1
471 855 1
471 855 1
471 855 1
471 855 1
471 855 1
472 856 1
474 854 1
475 855 1
479 855 1
484 855 1
490 855 1
495 853 1
501 854 1
507 852 1
514 852 1
521 850 1
530 847 1
539 842 1
547 837 1
554 832 1
561 827 1
567 823 1
572 818 1
578 813 1
582 809 1
587 804 1
590 801 1
593 798 1
596 795 1
599 793 1
602 791 1
606 789 1
609 790 1
612 789 1
615 788 1
618 786 1
621 786 1
624 786 1
628 785 1
631 783 1
633 783 1
635 783 1
637 781 1
638 782 1
639 780 1
640 781 1
641 781 1
642 780 1
643 780 1
644 779 1
645 779 1
646 779 1
648 777 1
650 778 1
654 778 1
658 777 1
664 777 1
669 775 1
675 776 1
680 776 1
686 776 1
692 774 1
696 775 1
699 775 1
703 774 1
706 772 1
708 770 1
709 769 1
710 767 1
710 765 1
711 762 1
710 760 1
710 758 1
709 756 1
707 753 1
707 750 1
705 748 1
702 745 1
700 742 1
697 739 1
694 736 1
691 733 1
686 728 1
683 725 1
678 720 1
673 717 1
669 711 1
665 707 1
660 703 1
656 700 1
653 698 1
651 696 1
649 694 1
647 693 1
645 691 1
642 689 1
642 689 1
640 689 1
640 689 1
641 688 1
640 688 1
640 688 1
639 687 1
639 687 1
637 687 1
638 686 1
636 686 1
636 686 1
635 685 1
634 684 1
632 682 1
632 682 1
630 682 1
630 681 1
628 679 1
628 680 1
628 680 1
628 678 1
627 679 1
625 679 1
625 678 1
623 676 1
622 676 1
620 676 1
618 675 1
616 674 1
613 672 1
609 672 1
606 670 1
604 670 1
601 670 1
599 669 1
596 669 1
594 668 1
590 667 1
586 667 1
583 666 1
578 666 1
572 665 1
564 665 1
552 663 1
537 660 1
520 654 1
514 652 1
520 654 0
929 700 1
929 700 1
929 700 1
929 700 1
929 700 1
929 700 1
929 700 1
929 700 1
929 700 1
929 700 1
929 700 1
929 700 1
929 700 1
929 700 1
929 700 1
929 700 1
929 700 1
929 700 1
929 700 1
928 700 1
926 700 1
926 700 1
924 700 1
922 700 1
919 702 1
916 702 1
913 704 1
908 706 1
905 707 1
902 709 1
900 710 1
898 712 1
895 713 1
892 715 1
888 717 1
883 720 1
878 724 1
873 727 1
868 729 1
865 732 1
861 734 1
858 736 1
855 738 1
853 739 1
851 741 1
850 743 1
847 745 1
845 747 1
844 748 1
844 750 1
843 751 1
843 751 1
843 751 1
843 751 1
843 751 1
843 751 1
843 751 1
843 751 1
844 753 1
844 754 1
846 757 1
847 759 1
849 761 1
851 763 1
853 765 1
855 767 1
859 771 1
861 773 1
864 776 1
868 778 1
871 780 1
874 783 1
877 784 1
880 786 1
882 787 1
885 789 1
886 790 1
889 792 1
891 793 1
893 794 1
895 795 1
897 796 1
899 797 1
901 798 1
903 799 1
903 799 1
904 799 1
904 799 1
905 800 1
906 800 1
907 801 1
909 802 1
910 802 1
911 803 1
912 803 1
914 803 1
915 804 1
916 805 1
917 805 1
918 806 1
920 806 1
921 806 1
922 807 1
923 807 1
925 808 1
926 808 1
928 809 1
929 810 1
932 811 1
936 812 1
939 813 1
944 814 1
949 816 1
955 818 1
959 819 1
963 821 1
966 821 1
969 823 1
971 823 1
974 824 1
976 825 1
978 826 1
980 826 1
984 827 1
984 827 1
984 828 1
984 828 1
984 828 1
984 828 1
984 828 1
984 828 1
984 828 1
984 828 1
984 828 1
984 828 1
984 828 1
984 828 1
984 828 1
984 828 1
984 828 1
984 828 1
984 828 1
984 828 1
984 828 1
984 828 1
984 828 1
984 828 1
984 828 1
984 828 1
984 828 1
984 828 1
984 828 1
984 828 1
984 828 1
984 828 1
984 828 1
984 828 1
984 828 1
984 828 1
984 828 1
984 828 1
984 828 1
984 828 1
984 828 1
984 828 1
984 828 1
984 828 1
984 828 1
984 828 1
984 828 1
983 828 1
983 828 1
981 828 1
981 828 1
982 829 1
981 829 1
981 829 1
979 830 1
977 831 1
977 832 1
975 833 1
975 834 1
974 834 1
974 834 1
973 834 1
971 835 1
971 836 1
971 837 1
970 837 1
968 838 1
967 839 1
968 840 1
967 841 1
965 841 1
965 842 1
964 843 1
962 844 1
961 844 1
958 846 1
955 846 1
952 848 1
948 849 1
945 850 1
942 851 1
940 851 1
938 852 1
937 852 1
935 853 1
934 854 1
932 855 1
931 855 1
929 856 1
926 856 1
922 857 1
918 858 1
913 858 1
908 859 1
904 859 1
899 859 1
894 859 1
891 859 1
887 860 1
883 860 1
878 860 1
873 860 1
869 860 1
866 860 1
861 859 1
858 859 1
855 859 1
851 858 1
848 858 1
846 858 1
843 856 1
841 857 1
838 857 1
837 857 1
835 857 1
831 855 1
824 856 1
817 854 1
809 853 1
800 853 1
793 851 1
787 849 1
783 848 1
780 848 1
777 846 1
775 846 1
771 845 1
769 844 1
767 842 1
765 842 1
762 840 1
761 840 1
761 838 1
760 839 1
760 839 1
760 839 1
760 839 1
760 839 1
760 839 1
760 839 1
760 839 1
760 839 1
760 839 1
760 839 1
760 839 1
760 839 1
761 839 1
763 839 1
763 839 1
765 838 1
766 836 1
768 834 1
770 832 1
772 827 1
773 825 1
774 820 1
775 817 1
775 815 1
776 812 1
776 810 1
777 808 1
778 806 1
779 803 1
779 802 1
780 800 1
782 797 1
782 796 1
784 794 1
784 793 1
786 790 1
787 789 1
788 787 1
789 785 1
792 782 1
794 780 1
796 777 1
801 774 1
804 772 1
809 770 1
815 768 1
821 766 1
828 765 1
834 765 1
838 763 1
841 764 1
844 764 1
847 764 1
851 764 1
854 764 1
855 765 1
858 765 1
862 765 1
866 765 1
870 766 1
876 766 1
883 767 1
890 766 1
897 766 1
903 764 1
909 763 1
913 763 1
917 761 1
919 761 1
922 759 1
924 758 1
927 757 1
932 754 1
939 749 1
946 745 1
952 739 1
959 734 1
964 728 1
969 723 1
972 717 1
975 712 1
976 708 1
978 703 1
978 699 1
978 695 1
976 692 1
977 689 1
975 686 1
974 683 1
972 680 1
971 677 1
968 673 1
966 670 1
965 667 1
963 664 1
962 662 1
960 660 1
960 659 1
958 657 1
958 657 1
958 657 1
958 657 1
958 657 1
958 657 1
958 657 1
958 657 1
958 657 1
958 657 1
958 658 1
956 658 1
957 656 1
957 656 1
956 657 1
956 657 1
956 657 1
956 657 1
956 657 1
955 657 1
952 657 1
949 657 1
946 657 1
943 657 1
938 658 1
933 659 1
928 661 1
920 663 1
913 666 1
908 668 1
900 672 1
894 677 1
888 681 1
882 684 1
883 684 0
22 261 1
22 261 1
22 261 1
22 261 1
22 261 1
22 261 1
22 261 1
22 261 1
22 261 1
22 261 1
22 261 1
22 261 1
22 261 1
22 261 1
22 261 1
22 261 0
