977 407 1
977 407 1
977 407 1
977 407 1
977 407 1
977 407 1
977 407 1
977 407 1
977 407 1
977 407 1
977 407 1
977 407 1
977 407 1
977 407 1
977 407 1
977 407 1
977 407 1
977 407 1
977 407 1
977 407 1
977 407 1
977 407 1
977 407 1
977 407 1
977 407 1
977 407 1
977 407 1
977 407 1
977 408 1
978 409 1
979 410 1
979 411 1
980 412 1
980 413 1
981 415 1
981 416 1
982 418 1
983 420 1
984 423 1
984 425 1
985 430 1
986 433 1
986 437 1
987 442 1
988 447 1
988 451 1
988 455 1
988 460 1
988 464 1
988 469 1
988 474 1
987 477 1
987 482 1
986 486 1
986 489 1
985 492 1
985 495 1
984 497 1
982 499 1
981 502 1
982 503 1
982 503 1
981 504 1
981 506 1
980 507 1
980 509 1
979 512 1
977 517 1
976 522 1
977 528 1
977 534 1
977 541 1
977 548 1
977 553 1
978 559 1
978 564 1
979 569 1
979 575 1
980 579 1
980 582 1
980 585 1
980 588 1
980 589 1
981 591 1
981 593 1
982 594 1
982 595 1
983 596 1
983 597 1
984 598 1
985 599 1
986 601 1
988 605 1
989 608 1
990 612 1
991 615 1
992 618 1
993 621 1
994 624 1
995 628 1
996 631 1
997 635 1
998 640 1
999 645 1
1000 648 1
1001 653 1
1001 657 1
1002 660 1
1002 662 1
1003 664 1
1003 665 1
1004 666 1
1004 667 1
1004 668 1
1004 669 1
1004 669 1
1004 670 1
1004 671 1
1004 672 1
1002 673 1
1002 673 1
1001 674 1
1001 674 1
1000 675 1
1000 676 1
1000 676 1
999 676 1
997 677 1
997 677 1
995 678 1
994 679 1
992 679 1
989 680 1
985 681 1
979 683 1
975 684 1
970 686 1
964 688 1
956 691 1
949 697 1
943 701 1
937 705 1
931 708 1
927 711 1
922 712 1
917 714 1
914 715 1
911 715 1
908 716 1
906 716 1
904 716 1
904 716 1
904 716 1
904 716 1
904 716 1
904 716 1
904 716 1
904 716 1
904 716 1
904 716 1
904 716 1
904 716 1
904 716 1
904 716 1
904 716 1
904 716 1
904 716 1
904 716 1
902 713 1
901 709 1
898 702 1
892 691 1
884 683 1
879 676 1
873 669 1
870 664 1
865 659 1
862 654 1
859 651 1
854 645 1
851 641 1
848 637 1
846 635 1
844 632 1
843 631 1
841 628 1
841 627 1
841 627 1
841 627 1
841 626 1
841 626 1
841 626 1
841 624 1
841 623 1
842 623 1
843 620 1
844 617 1
844 615 1
846 612 1
847 609 1
848 607 1
849 605 1
850 603 1
852 601 1
853 601 1
855 599 1
856 599 1
857 599 1
857 599 1
858 598 1
858 598 1
859 598 1
860 599 1
862 599 1
865 601 1
869 604 1
875 609 1
881 617 1
887 626 1
895 641 1
899 656 1
905 675 1
909 692 1
912 710 1
913 727 1
914 744 1
914 760 1
912 776 1
910 794 1
905 814 1
899 835 1
892 858 1
884 882 1
875 904 1
864 924 1
855 943 1
859 936 0
693 466 1
693 466 1
693 466 1
693 466 1
693 466 1
693 466 1
693 466 1
693 466 1
693 466 1
693 466 1
693 466 1
692 465 1
692 465 1
692 465 1
691 463 1
691 463 1
691 463 1
691 463 1
691 463 1
691 463 1
691 463 1
691 463 1
691 463 1
691 463 1
691 463 1
691 463 1
691 463 1
691 463 1
691 463 1
691 463 1
692 467 1
694 474 1
699 482 1
703 492 1
707 503 1
712 514 1
716 524 1
720 532 1
722 539 1
725 545 1
726 548 1
728 551 1
730 555 1
730 558 1
732 561 1
733 563 1
734 565 1
735 567 1
737 569 1
737 571 1
739 573 1
740 575 1
742 577 1
743 580 1
744 581 1
746 584 1
748 586 1
750 588 1
751 591 1
754 594 1
755 596 1
757 599 1
758 601 1
759 603 1
760 605 1
761 606 1
762 608 1
763 609 1
764 611 1
765 612 1
766 614 1
767 615 1
769 618 1
770 622 1
772 627 1
773 631 1
774 635 1
775 638 1
775 639 1
776 641 1
776 642 1
776 643 1
776 643 1
776 644 1
776 644 1
776 644 1
776 644 1
776 644 1
776 644 1
776 644 1
775 644 1
775 644 1
774 645 1
772 645 1
770 647 1
768 650 1
766 655 1
763 661 1
759 668 1
756 673 1
754 679 1
751 682 1
750 686 1
748 689 1
748 692 1
747 694 1
745 696 1
745 696 1
745 697 1
744 697 1
742 698 1
742 698 1
742 699 1
741 699 1
740 700 1
738 700 1
738 700 1
736 701 1
735 701 1
735 701 1
733 701 1
731 701 1
729 699 1
726 700 1
722 698 1
718 699 1
715 699 1
713 699 1
711 699 1
711 699 1
711 699 1
711 699 1
711 699 1
711 699 1
711 699 1
711 700 1
711 701 1
712 702 1
712 702 1
713 704 1
713 705 1
714 708 1
715 714 1
716 721 1
718 729 1
718 737 1
720 744 1
721 750 1
723 756 1
725 761 1
725 766 1
727 771 1
727 776 1
729 781 1
730 786 1
731 789 1
731 792 1
732 795 1
732 798 1
733 799 1
733 799 1
733 799 1
733 799 1
733 799 1
733 799 1
733 799 1
731 800 1
731 800 1
727 801 1
722 802 1
716 803 1
709 803 1
702 804 1
695 804 1
687 805 1
676 805 1
665 803 1
655 803 1
646 803 1
637 801 1
629 799 1
622 798 1
615 795 1
609 791 1
604 786 1
600 782 1
598 779 1
596 776 1
596 774 1
596 771 1
596 770 1
594 768 1
595 767 1
595 765 1
595 765 1
595 763 1
595 763 1
595 761 1
595 759 1
595 759 1
595 757 1
595 756 1
596 756 1
596 754 1
596 754 1
596 752 1
597 752 1
598 751 1
598 749 1
600 749 1
603 747 1
609 747 1
618 746 1
628 746 1
634 746 1
642 747 1
651 754 1
659 765 1
669 782 1
679 806 1
687 832 1
693 857 1
696 881 1
695 905 1
690 933 1
680 965 1
666 1001 1
648 1042 1
650 1039 0
477 459 1
477 459 1
477 459 1
477 459 1
477 459 1
477 459 1
477 459 1
477 459 1
477 459 1
477 459 1
477 459 1
477 459 1
477 459 1
477 459 1
477 459 1
477 459 1
477 459 1
477 459 1
477 459 1
477 459 1
477 459 1
477 459 1
477 459 1
477 459 1
477 459 1
477 459 1
477 459 1
477 459 1
477 459 1
477 459 1
477 459 1
478 460 1
480 461 1
482 463 1
484 465 1
488 469 1
491 472 1
494 476 1
498 482 1
503 488 1
507 495 1
512 503 1
515 510 1
519 520 1
524 529 1
527 538 1
529 544 1
531 549 1
532 552 1
533 555 1
534 557 1
535 559 1
535 560 1
535 561 1
535 561 1
535 562 1
535 562 1
535 562 1
535 562 1
535 562 1
535 562 1
535 562 1
535 562 1
535 562 1
535 562 1
534 563 1
532 564 1
531 566 1
529 569 1
528 573 1
526 579 1
524 585 1
522 593 1
520 601 1
521 607 1
519 613 1
520 618 1
521 624 1
521 630 1
522 636 1
522 642 1
523 648 1
524 657 1
525 665 1
526 673 1
527 679 1
527 685 1
527 689 1
528 692 1
527 695 1
527 698 1
526 701 1
526 704 1
525 709 1
523 714 1
521 720 1
521 729 1
519 738 1
519 748 1
519 757 1
519 765 1
519 773 1
520 781 1
520 788 1
521 794 1
522 799 1
523 803 1
523 808 1
524 811 1
525 816 1
525 822 1
526 828 1
526 832 1
527 836 1
527 839 1
527 842 1
526 844 1
524 847 1
524 849 1
521 851 1
517 853 1
511 854 1
504 856 1
494 857 1
484 858 1
464 859 1
452 859 1
443 858 1
435 856 1
428 855 1
420 853 1
413 851 1
409 849 1
405 847 1
402 846 1
399 844 1
398 843 1
396 841 1
396 839 1
396 836 1
396 831 1
396 827 1
396 821 1
397 813 1
397 805 1
397 798 1
398 792 1
399 788 1
400 785 1
400 781 1
401 780 1
401 778 1
402 779 1
403 779 1
409 780 1
419 787 1
432 801 1
444 816 1
454 837 1
462 865 1
466 898 1
460 940 1
448 987 1
425 1042 1
398 1102 1
405 1088 0
323 501 1
323 501 1
323 501 1
323 501 1
323 501 1
323 501 1
323 501 1
323 501 1
323 501 1
323 501 1
323 501 1
323 501 1
323 501 1
323 501 1
323 501 1
323 501 1
322 500 1
322 500 1
321 500 1
319 500 1
319 500 1
318 500 1
317 499 1
314 499 1
313 499 1
310 498 1
307 498 1
305 498 1
304 498 1
301 498 1
300 499 1
297 500 1
296 501 1
294 503 1
292 506 1
290 511 1
290 516 1
290 524 1
290 532 1
292 540 1
293 548 1
294 553 1
295 557 1
297 560 1
299 564 1
299 566 1
301 568 1
301 570 1
303 572 1
304 575 1
307 579 1
309 584 1
312 590 1
313 593 1
316 598 1
318 602 1
320 605 1
322 608 1
322 611 1
324 613 1
325 615 1
326 617 1
326 619 1
327 621 1
327 623 1
328 625 1
328 627 1
328 628 1
328 628 1
327 628 1
327 629 1
327 629 1
326 629 1
326 629 1
326 629 1
325 630 1
323 631 1
320 634 1
319 635 1
317 638 1
316 641 1
314 644 1
314 650 1
312 657 1
313 665 1
313 671 1
313 679 1
313 685 1
313 689 1
313 693 1
314 696 1
314 699 1
315 702 1
316 704 1
316 707 1
317 708 1
317 710 1
318 711 1
318 711 1
319 712 1
319 713 1
320 714 1
320 714 1
320 715 1
320 715 1
320 715 1
320 715 1
320 715 1
320 715 1
320 715 1
320 715 1
320 715 1
320 715 1
320 715 1
320 717 1
320 722 1
321 730 1
322 741 1
323 751 1
326 761 1
328 768 1
330 774 1
331 778 1
332 781 1
332 783 1
333 785 1
333 786 1
333 786 1
333 786 1
333 787 1
333 787 1
333 787 1
333 787 1
333 787 1
333 788 1
333 789 1
333 791 1
333 794 1
333 799 1
333 805 1
334 808 1
334 812 1
335 814 1
335 817 1
335 818 1
336 819 1
336 820 1
336 820 1
336 820 1
336 820 1
336 820 1
336 820 1
336 820 1
336 820 1
334 821 1
334 821 1
335 822 1
335 823 1
335 826 1
335 829 1
335 834 1
336 836 1
336 840 1
336 843 1
337 844 1
337 846 1
336 847 1
336 847 1
336 847 1
336 847 1
336 847 1
336 849 1
336 849 1
336 851 1
336 852 1
336 853 1
336 853 1
336 854 1
336 855 1
336 856 1
336 857 1
337 857 1
337 859 1
338 860 1
339 862 1
339 863 1
340 864 1
340 865 1
340 866 1
340 867 1
340 867 1
340 867 1
340 867 1
340 867 1
340 867 1
340 867 1
340 867 1
340 867 1
340 867 1
340 867 1
339 867 1
337 867 1
335 867 1
334 867 1
332 867 1
329 867 1
325 867 1
320 867 1
317 867 1
313 866 1
310 866 1
306 866 1
303 866 1
301 866 1
296 866 1
294 866 1
292 866 1
289 866 1
289 866 1
289 866 1
289 866 1
289 866 1
289 866 1
289 866 1
289 866 1
289 866 1
289 866 1
289 866 1
289 866 1
289 866 1
289 866 1
289 866 1
289 866 1
289 866 1
287 866 1
288 865 1
286 865 1
286 865 1
285 865 1
285 865 1
285 865 1
283 863 1
283 863 1
283 864 1
283 864 1
283 864 1
282 864 1
282 864 1
282 864 1
282 864 1
282 864 1
282 864 1
281 863 1
281 863 1
280 862 1
280 862 1
278 862 1
278 862 1
279 861 1
279 861 1
279 861 0
279 861 1
279 861 1
279 861 1
279 861 1
279 861 1
279 861 1
279 861 1
279 861 1
279 861 1
279 861 1
279 861 1
279 861 1
279 861 1
279 861 1
277 861 1
278 860 1
276 858 1
275 857 1
273 855 1
272 854 1
271 853 1
271 853 1
269 853 1
269 852 1
269 850 1
267 851 1
267 851 1
267 851 1
265 851 1
265 851 1
265 851 1
264 851 1
264 851 1
263 850 1
260 850 1
256 848 1
250 848 1
245 846 1
240 847 1
236 846 1
232 846 1
228 846 1
225 846 1
222 846 1
220 846 1
217 846 1
216 846 1
216 846 1
216 846 1
216 846 1
216 846 1
216 846 1
216 846 1
216 846 1
213 840 1
209 832 1
190 819 1
190 819 1
177 810 0
171 806 1
160 797 1
153 792 1
147 788 1
145 786 1
141 784 1
140 783 1
140 783 1
138 781 1
138 782 1
136 780 1
136 780 1
136 780 1
135 779 1
136 778 1
134 775 1
136 771 1
136 767 1
138 763 1
139 758 1
141 757 1
143 753 0
149 746 1
159 737 1
175 728 1
191 719 1
202 716 1
209 714 1
213 715 1
216 716 1
218 717 1
221 720 1
227 734 1
233 757 1
238 790 1
240 834 1
238 882 1
232 936 1
223 990 1
205 1051 1
198 1076 1
204 1056 0
