76 1418 1
76 1418 1
76 1418 1
76 1418 1
76 1418 1
76 1418 1
76 1417 1
76 1417 1
76 1415 1
77 1414 1
79 1411 1
81 1407 1
85 1404 1
88 1397 1
91 1391 1
94 1385 1
97 1378 1
100 1372 1
102 1365 1
105 1355 1
107 1348 1
110 1340 1
112 1334 1
116 1327 1
118 1322 1
120 1319 1
122 1315 1
123 1311 1
125 1308 1
126 1304 1
128 1301 1
129 1297 1
131 1294 1
131 1290 1
133 1287 1
135 1281 1
135 1276 1
136 1271 1
137 1266 1
137 1263 1
138 1259 1
138 1255 1
138 1251 1
139 1246 1
139 1242 1
140 1238 1
140 1234 1
140 1230 1
141 1227 1
141 1223 1
141 1220 1
141 1216 1
141 1211 1
141 1209 1
142 1206 1
142 1201 1
142 1199 1
142 1196 1
142 1193 1
142 1190 1
142 1187 1
142 1184 1
142 1181 1
142 1179 1
142 1177 1
142 1175 1
142 1173 1
142 1172 1
142 1170 1
142 1169 1
142 1166 1
142 1162 1
142 1158 1
142 1153 1
142 1148 1
142 1144 1
142 1139 1
142 1135 1
142 1132 1
140 1127 1
141 1124 1
141 1121 1
141 1118 1
141 1116 1
141 1113 1
141 1110 1
141 1107 1
141 1102 1
141 1097 1
141 1092 1
142 1086 1
142 1081 1
143 1075 1
143 1071 1
144 1066 1
144 1063 1
145 1060 1
145 1057 1
145 1054 1
145 1052 1
146 1051 1
146 1049 1
146 1048 1
147 1046 1
148 1044 1
149 1041 1
149 1034 1
151 1028 1
151 1022 1
153 1014 1
153 1007 1
155 999 1
155 993 1
155 985 1
156 979 1
156 974 1
156 967 1
156 963 1
156 957 1
156 951 1
154 947 1
155 943 1
155 938 1
154 935 1
152 932 1
153 930 1
153 928 1
151 925 1
151 924 1
151 922 1
151 921 1
150 921 1
148 919 1
149 919 1
147 917 1
147 917 1
147 916 1
147 916 1
146 914 1
146 914 1
145 913 1
145 913 1
144 910 1
144 910 1
143 910 1
143 910 1
143 908 1
141 907 1
142 907 1
140 905 1
141 904 1
140 902 1
140 900 1
139 897 1
139 894 1
139 890 1
139 886 1
139 882 1
139 878 1
139 873 1
140 869 1
140 867 1
140 863 1
141 861 1
141 859 1
141 856 1
142 854 1
142 853 1
142 852 1
143 852 1
143 851 0
143 850 1
143 849 1
144 847 1
145 845 1
147 841 1
148 836 1
149 830 1
152 825 1
155 820 1
156 818 1
156 818 1
160 811 1
163 807 1
164 804 1
166 800 1
167 798 1
168 794 1
169 791 1
169 788 1
170 785 1
171 782 1
171 779 1
171 777 1
172 774 1
172 771 1
172 770 1
172 767 1
172 764 1
172 762 1
172 761 1
171 760 1
171 758 1
171 757 1
170 757 1
170 755 1
170 754 1
169 754 1
167 752 1
167 752 1
167 751 1
165 751 1
166 749 1
165 749 1
163 747 1
162 746 1
161 746 1
159 744 1
158 744 1
157 743 1
154 743 1
152 742 1
150 741 1
147 741 1
146 741 1
144 741 1
144 741 1
144 741 1
144 741 1
144 741 0
144 741 1
144 741 1
144 741 1
144 741 1
144 741 1
144 741 1
144 741 1
144 741 1
144 741 1
144 741 1
144 741 1
144 741 1
144 741 1
144 741 1
144 741 1
144 741 1
144 741 1
144 743 1
143 744 1
143 746 1
142 749 1
140 752 1
139 756 1
138 760 1
136 764 1
135 768 1
132 771 1
129 774 1
125 778 1
122 781 1
120 784 1
117 786 1
114 789 1
111 792 1
109 794 1
107 796 1
105 798 1
105 799 1
105 800 1
104 801 1
102 802 1
102 802 1
102 803 1
102 804 1
101 805 1
101 806 1
100 807 1
98 809 1
99 811 1
98 817 1
96 822 1
96 828 1
96 834 1
95 839 1
95 845 1
95 849 1
95 853 1
95 858 1
95 864 1
97 874 1
98 883 1
101 895 1
104 903 1
108 913 1
112 922 1
115 930 1
119 939 1
122 946 1
125 953 1
127 957 1
129 960 1
129 962 1
130 964 1
130 966 1
131 967 1
131 968 1
131 968 1
132 970 1
133 970 1
134 973 1
134 977 1
136 982 1
137 986 1
139 993 1
141 998 1
142 1003 1
143 1008 1
144 1012 1
145 1015 1
145 1018 1
146 1021 1
146 1023 1
146 1025 1
146 1025 1
146 1025 1
146 1025 1
146 1025 1
146 1026 1
146 1026 1
145 1026 1
145 1027 1
145 1027 1
144 1027 1
144 1029 1
143 1029 1
141 1031 1
140 1033 1
139 1034 1
138 1036 1
138 1037 1
136 1039 1
136 1040 1
134 1042 1
134 1043 1
132 1045 1
130 1047 1
130 1049 1
128 1053 1
127 1058 1
125 1063 1
124 1070 1
122 1078 1
122 1086 1
120 1094 1
120 1102 1
118 1110 1
119 1117 1
119 1123 1
119 1129 1
119 1134 1
120 1141 1
121 1147 1
122 1153 1
123 1160 1
126 1168 1
131 1175 1
135 1182 1
140 1188 1
145 1193 1
151 1198 1
154 1203 1
157 1206 1
160 1210 1
165 1213 1
169 1219 1
173 1224 1
177 1229 1
181 1234 1
185 1241 1
188 1246 1
191 1250 1
194 1254 1
197 1257 1
200 1262 1
202 1265 1
204 1268 1
204 1271 1
205 1274 1
206 1278 1
207 1282 1
209 1289 1
212 1295 1
215 1301 1
217 1309 1
221 1315 1
223 1321 1
225 1326 1
226 1330 1
227 1334 1
228 1337 1
230 1339 1
232 1343 1
232 1344 1
234 1347 1
235 1348 1
237 1350 1
239 1352 1
241 1354 1
242 1355 1
244 1356 1
245 1358 1
246 1358 1
246 1358 1
246 1358 1
246 1358 1
246 1358 1
246 1358 1
246 1358 1
246 1358 1
246 1358 1
246 1358 1
246 1358 1
246 1358 1
246 1358 1
246 1358 1
246 1358 1
246 1354 1
244 1351 1
244 1344 1
242 1336 1
240 1326 1
239 1314 1
239 1299 1
237 1284 1
235 1270 1
233 1259 1
231 1248 1
231 1236 1
229 1224 1
228 1212 1
226 1201 1
223 1190 1
220 1180 1
218 1169 1
216 1161 1
214 1153 1
212 1146 1
211 1140 1
210 1134 1
210 1131 1
208 1126 1
209 1123 1
209 1119 1
209 1116 1
210 1111 1
210 1109 1
210 1104 1
211 1100 1
211 1094 1
212 1086 1
213 1078 1
214 1072 1
215 1064 1
216 1060 1
217 1055 1
219 1052 1
219 1049 1
221 1046 1
224 1042 1
225 1040 1
228 1038 1
229 1037 1
230 1035 1
231 1036 1
231 1034 1
231 1034 1
232 1034 1
232 1033 1
232 1033 1
233 1034 1
233 1033 1
234 1031 1
235 1031 1
236 1029 1
237 1028 1
238 1026 1
240 1024 1
241 1022 1
243 1020 1
244 1017 1
246 1014 1
247 1011 1
249 1006 1
251 1002 1
253 997 1
256 990 1
259 986 1
261 980 1
263 974 1
266 969 1
268 963 1
271 956 1
273 949 1
276 943 1
279 935 1
281 927 1
285 917 1
288 907 1
291 896 1
293 884 1
295 874 1
298 867 1
298 861 1
299 856 1
299 852 1
299 848 1
299 844 1
298 841 1
296 837 1
296 833 1
295 830 1
292 824 1
290 818 1
287 811 1
283 801 1
278 791 1
273 781 1
269 772 1
265 765 1
263 758 1
261 754 1
258 751 1
256 747 1
254 744 1
253 742 1
252 741 1
250 739 1
250 739 1
250 737 1
250 737 1
250 737 1
250 737 1
250 737 1
250 737 1
250 737 1
250 737 1
248 738 1
248 738 1
248 737 1
248 737 1
248 737 1
246 737 1
245 736 1
243 736 1
242 736 1
242 736 1
240 736 1
239 736 1
237 736 1
236 736 1
234 736 1
233 736 1
231 736 1
228 737 1
226 738 1
224 739 1
223 740 1
221 742 1
219 744 1
218 745 1
217 746 1
215 748 1
213 751 1
212 752 1
211 754 1
208 757 1
207 759 1
205 761 1
205 763 1
203 766 1
202 768 1
200 770 1
199 772 1
198 774 1
196 777 1
195 780 1
193 783 1
191 787 1
191 792 1
189 796 1
188 802 1
186 806 1
185 810 1
185 814 1
185 819 1
183 825 1
183 827 1
183 827 1
183 838 1
183 847 1
183 850 1
184 857 0
184 858 1
186 870 1
188 881 1
191 889 1
193 896 1
195 901 1
198 906 1
199 909 1
200 911 1
201 914 1
201 915 1
202 916 1
202 916 1
202 916 1
202 916 1
202 917 1
203 918 1
204 920 1
205 923 1
206 925 1
208 928 1
211 932 1
214 935 1
218 940 1
223 946 1
227 951 1
230 955 1
233 959 1
236 962 1
238 965 1
240 968 1
243 971 1
246 974 1
248 977 1
250 979 1
252 982 1
254 984 1
256 986 1
259 989 1
260 991 1
262 994 1
264 997 1
266 1001 1
268 1005 1
270 1009 1
272 1015 1
272 1021 1
274 1025 1
274 1031 1
274 1036 1
274 1039 1
274 1043 1
274 1046 1
274 1048 1
274 1051 1
273 1053 1
271 1056 1
272 1059 1
270 1062 1
269 1067 1
267 1072 1
265 1079 1
265 1086 1
263 1095 1
263 1103 1
263 1110 1
262 1116 1
262 1121 1
262 1126 1
262 1131 1
262 1134 1
262 1137 1
262 1142 1
262 1145 1
262 1149 1
263 1152 1
263 1154 1
263 1157 1
264 1160 1
264 1163 1
266 1168 1
266 1174 1
268 1179 1
270 1185 1
271 1191 1
273 1198 1
275 1209 1
277 1219 1
279 1233 1
281 1244 1
282 1253 1
283 1262 1
285 1268 1
285 1275 1
287 1281 1
288 1286 1
290 1291 1
291 1296 1
293 1301 1
293 1304 1
295 1307 1
297 1311 1
298 1314 1
300 1316 1
301 1318 1
302 1321 1
303 1322 1
305 1325 1
306 1326 1
308 1329 1
309 1330 1
311 1334 1
313 1335 1
314 1336 1
316 1339 1
317 1340 1
319 1342 1
319 1343 1
320 1343 1
320 1343 1
320 1344 1
320 1344 1
321 1344 1
321 1344 1
321 1344 1
321 1344 1
321 1344 1
321 1344 1
321 1344 1
321 1344 1
321 1344 1
321 1344 1
321 1344 1
321 1344 1
321 1341 1
321 1337 1
321 1332 1
321 1327 1
321 1319 1
321 1311 1
321 1302 1
322 1293 1
324 1284 1
326 1277 1
327 1271 1
329 1266 1
330 1265 1
332 1262 1
333 1259 1
334 1257 1
335 1255 1
336 1254 1
336 1252 1
337 1252 1
337 1252 1
337 1252 1
337 1250 1
337 1250 1
338 1247 1
339 1244 1
339 1239 1
339 1233 1
339 1225 1
339 1215 1
338 1205 1
336 1196 1
335 1184 1
335 1172 1
333 1157 1
332 1142 1
332 1130 1
331 1118 1
331 1109 1
330 1100 1
330 1092 1
330 1084 1
330 1077 1
330 1069 1
330 1061 1
332 1055 1
332 1049 1
333 1043 1
334 1038 1
336 1032 1
339 1025 1
341 1018 1
344 1010 1
346 1003 1
349 995 1
351 989 1
353 983 1
355 979 1
357 976 1
359 971 1
360 968 1
361 965 1
362 963 1
363 961 1
364 959 1
365 957 1
367 954 1
368 953 1
370 951 1
371 950 1
373 947 1
374 945 1
377 942 1
380 938 1
383 932 1
386 925 1
389 919 1
392 910 1
392 904 1
394 897 1
394 890 1
394 882 1
394 874 1
394 867 1
394 861 1
394 855 1
392 850 1
393 847 1
393 843 1
392 839 1
392 836 1
391 832 1
389 827 1
388 823 1
386 818 1
385 813 1
382 807 1
379 801 1
377 797 1
375 793 1
373 789 1
371 786 1
370 784 1
368 782 1
366 780 1
364 778 1
362 776 1
361 775 1
359 773 1
357 773 1
355 771 1
355 772 1
355 772 1
354 772 1
354 772 1
354 772 1
354 772 1
354 772 1
354 772 1
354 772 1
353 772 1
351 774 1
350 778 1
349 781 1
347 787 1
345 796 1
342 805 1
340 817 1
338 826 1
336 834 1
334 842 1
332 850 1
332 858 1
330 865 1
330 870 1
330 874 1
330 878 1
330 881 1
330 885 1
330 889 1
330 894 1
330 899 1
331 904 1
331 911 1
332 915 1
333 923 1
334 931 1
334 939 1
336 949 1
338 958 1
339 966 1
341 973 1
342 978 1
343 983 1
343 987 1
344 993 1
344 997 1
346 1003 1
347 1009 1
347 1015 1
349 1020 1
349 1026 1
351 1032 1
352 1039 1
353 1046 1
354 1054 1
356 1062 1
356 1070 1
358 1081 1
359 1091 1
359 1100 1
361 1107 1
361 1114 1
363 1121 1
363 1125 1
365 1130 1
365 1133 1
367 1138 1
368 1143 1
369 1148 1
371 1153 1
372 1159 1
375 1165 1
376 1170 1
378 1175 1
379 1180 1
381 1187 1
383 1191 1
384 1194 1
386 1198 1
387 1202 1
389 1205 1
389 1208 1
390 1211 1
390 1213 1
390 1215 1
390 1216 1
390 1216 1
390 1216 1
390 1216 1
388 1216 1
389 1217 1
389 1217 1
389 1217 1
387 1218 1
388 1220 1
387 1221 1
387 1224 1
387 1226 1
387 1229 1
387 1234 1
387 1237 1
388 1242 1
389 1247 1
390 1252 1
392 1257 1
394 1262 1
394 1265 1
395 1268 1
396 1271 1
397 1274 1
398 1276 1
399 1279 1
399 1281 1
401 1283 1
403 1286 1
404 1287 1
406 1289 1
407 1291 1
409 1293 1
410 1294 1
412 1295 1
413 1296 1
414 1297 1
414 1297 1
414 1297 1
415 1298 1
416 1298 1
417 1299 1
417 1299 1
418 1299 1
418 1299 1
418 1299 1
418 1299 1
419 1299 1
419 1299 1
419 1299 1
420 1299 1
420 1299 1
420 1299 1
421 1299 1
421 1299 1
421 1299 1
422 1299 1
422 1299 1
422 1299 1
423 1299 1
423 1299 1
423 1297 1
424 1298 1
424 1298 1
424 1298 1
426 1296 1
427 1294 1
429 1290 1
431 1284 1
434 1275 1
437 1266 1
442 1256 1
445 1245 1
448 1234 1
453 1222 1
456 1211 1
459 1202 1
460 1193 1
462 1186 1
463 1178 1
464 1170 1
465 1160 1
465 1149 1
465 1139 1
464 1129 1
464 1121 1
462 1113 1
462 1105 1
460 1098 1
460 1090 1
458 1081 1
456 1073 1
454 1064 1
454 1057 1
452 1049 1
451 1039 1
451 1027 1
450 1013 1
450 1000 1
450 989 1
452 980 1
453 975 1
456 969 1
458 964 1
460 960 1
462 955 1
464 949 1
467 945 1
468 941 1
470 938 1
471 933 1
473 928 1
475 921 1
476 913 1
478 904 1
478 893 1
476 880 1
476 867 1
476 854 1
475 843 1
473 832 1
471 819 1
469 807 1
464 794 1
461 783 1
457 775 1
455 769 1
452 765 1
451 762 1
449 760 1
449 760 1
449 758 1
449 758 1
449 758 1
449 758 1
449 758 1
449 758 1
449 758 1
449 758 1
449 758 1
449 758 1
449 758 1
448 760 1
445 762 1
443 767 1
440 773 1
437 781 1
434 788 1
432 799 1
429 809 1
428 820 1
426 830 1
425 837 1
423 844 1
423 851 1
422 856 1
422 862 1
421 870 1
422 880 1
422 893 1
424 906 1
425 921 1
427 937 1
428 948 1
429 958 1
430 964 1
431 969 1
431 973 1
432 975 1
432 978 1
433 980 1
433 983 1
434 985 1
435 987 1
435 990 1
436 993 1
436 998 1
437 1005 1
439 1013 1
441 1022 1
444 1033 1
446 1042 1
451 1051 1
453 1060 1
457 1071 1
460 1082 1
462 1094 1
465 1105 1
467 1112 1
469 1120 1
470 1125 1
471 1130 1
472 1134 1
473 1139 1
475 1144 1
477 1149 1
480 1156 1
482 1162 1
485 1168 1
486 1175 1
489 1181 1
490 1187 1
491 1193 1
493 1198 1
493 1202 1
495 1207 1
495 1211 1
497 1216 1
498 1222 1
500 1228 1
501 1234 1
503 1239 1
504 1244 1
506 1249 1
507 1253 1
508 1256 1
510 1259 1
510 1261 1
511 1263 1
512 1265 1
513 1267 1
514 1268 1
515 1270 1
516 1271 1
517 1271 1
517 1272 1
517 1272 1
517 1272 1
517 1272 1
517 1270 1
518 1269 1
520 1265 1
522 1262 1
523 1258 1
525 1254 1
527 1249 1
529 1241 1
530 1234 1
531 1224 1
532 1214 1
533 1203 1
533 1193 1
531 1184 1
529 1174 1
527 1164 1
525 1153 1
522 1143 1
519 1133 1
518 1125 1
516 1117 1
517 1113 1
515 1108 1
516 1101 1
517 1094 1
518 1085 1
518 1073 1
520 1061 1
523 1048 1
526 1037 1
530 1025 1
536 1014 1
540 1001 1
545 992 1
549 982 1
552 976 1
554 971 1
555 968 1
557 966 1
557 964 1
559 961 1
559 959 1
561 954 1
563 949 1
564 941 1
565 930 1
565 917 1
565 902 1
563 884 1
560 864 1
558 845 1
556 828 1
554 814 1
555 803 1
555 794 1
555 787 1
556 781 1
557 776 1
557 773 1
558 770 1
558 767 1
559 764 1
559 761 1
559 759 1
558 756 1
558 753 1
556 750 1
554 747 1
554 745 1
552 743 1
552 740 1
551 740 1
551 740 1
551 740 1
550 739 1
550 739 1
550 739 1
550 739 1
550 739 1
550 739 1
550 739 1
550 739 1
550 739 1
550 739 1
550 739 1
550 739 1
550 739 1
550 739 1
550 739 1
550 739 1
547 740 1
545 741 1
543 743 1
541 744 1
538 746 1
535 748 1
532 751 1
526 757 1
523 762 1
520 767 1
517 772 1
513 775 1
510 780 1
507 783 1
504 786 1
502 789 1
499 792 1
498 793 1
496 796 1
496 797 1
494 800 1
494 805 1
494 810 1
494 818 1
497 824 1
501 833 1
504 839 1
508 844 1
513 850 1
517 855 1
520 859 1
523 862 1
525 865 1
529 867 1
531 870 1
533 872 1
535 875 1
537 877 1
539 879 1
541 881 1
543 884 1
544 885 1
545 887 1
547 890 1
548 893 1
550 897 1
550 902 1
552 905 1
552 909 1
553 914 1
553 918 1
553 925 1
554 931 1
555 940 1
557 947 1
557 955 1
559 964 1
559 971 1
561 979 1
561 986 1
562 993 1
562 1001 1
563 1009 1
564 1018 1
565 1026 1
566 1036 1
567 1043 1
567 1051 1
569 1059 1
569 1067 1
570 1079 1
571 1089 1
573 1101 1
573 1109 1
575 1116 1
576 1123 1
577 1130 1
578 1135 1
580 1142 1
582 1148 1
584 1156 1
587 1164 1
589 1172 1
592 1178 1
594 1183 1
596 1188 1
598 1192 1
598 1195 1
601 1200 1
602 1207 1
605 1213 1
607 1219 1
609 1226 1
612 1232 1
616 1238 1
619 1243 1
621 1248 1
623 1251 1
625 1255 1
627 1258 1
628 1260 1
630 1262 1
632 1265 1
633 1266 1
635 1268 1
636 1269 1
637 1270 1
637 1270 1
638 1270 1
638 1270 1
638 1270 1
638 1270 1
638 1270 1
638 1270 1
638 1270 1
638 1270 1
638 1270 1
638 1270 1
639 1267 1
640 1264 1
641 1257 1
643 1247 1
647 1233 1
651 1216 1
655 1199 1
658 1183 1
661 1166 1
663 1148 1
665 1131 1
665 1117 1
663 1103 1
661 1088 1
658 1073 1
655 1059 1
654 1048 1
652 1037 1
651 1028 1
648 1020 1
648 1011 1
646 1002 1
646 992 1
646 984 1
646 977 1
648 971 1
650 963 1
651 958 1
653 952 1
655 949 1
657 944 1
659 941 1
660 938 1
662 936 1
663 934 1
665 931 1
666 928 1
669 923 1
670 915 1
674 903 1
675 885 1
676 865 1
678 842 1
680 818 1
683 795 1
684 777 1
686 762 1
686 747 1
685 733 1
683 720 1
682 708 1
680 700 1
679 694 1
677 690 1
676 687 1
674 684 1
671 681 1
669 679 1
666 676 1
664 675 1
662 673 1
661 673 1
659 671 1
659 671 1
659 672 1
659 672 1
659 672 1
659 672 1
659 672 1
659 672 1
656 673 1
654 674 1
651 679 1
647 685 1
643 691 1
638 698 1
634 705 1
630 714 1
624 727 1
619 741 1
615 755 1
612 766 1
610 777 1
608 788 1
608 799 1
607 813 1
607 825 1
607 837 1
608 847 1
609 858 1
611 871 1
613 883 1
616 895 1
618 904 1
620 911 1
622 916 1
622 921 1
624 924 1
625 929 1
626 933 1
628 936 1
628 939 1
630 942 1
631 944 1
632 947 1
633 949 1
635 951 1
637 954 1
638 956 1
639 958 1
640 960 1
642 962 1
642 964 1
644 967 1
644 969 1
646 973 1
648 977 1
649 982 1
651 987 1
654 995 1
657 1005 1
659 1015 1
662 1026 1
664 1034 1
666 1042 1
668 1049 1
670 1055 1
672 1060 1
673 1066 1
675 1072 1
677 1077 1
679 1082 1
680 1088 1
684 1095 1
687 1101 1
689 1108 1
692 1114 1
694 1121 1
697 1127 1
699 1133 1
702 1141 1
706 1148 1
709 1154 1
712 1161 1
715 1168 1
719 1176 1
721 1181 1
723 1186 1
724 1188 1
726 1191 1
727 1193 1
728 1197 1
729 1199 1
730 1200 1
731 1203 1
731 1203 1
732 1204 1
732 1205 1
732 1205 1
732 1205 1
732 1206 1
732 1206 1
732 1206 1
732 1206 1
732 1206 1
732 1206 1
732 1206 1
732 1206 1
732 1206 1
732 1206 1
732 1206 1
732 1206 1
732 1206 1
732 1206 1
732 1206 1
732 1206 1
732 1206 1
732 1206 1
733 1204 1
735 1201 1
737 1198 1
740 1194 1
745 1189 1
749 1182 1
755 1173 1
760 1164 1
764 1150 1
767 1138 1
769 1128 1
770 1119 1
768 1109 1
768 1101 1
766 1091 1
764 1084 1
762 1078 1
762 1072 1
760 1068 1
759 1065 1
760 1062 1
760 1060 1
759 1057 1
759 1055 1
759 1051 1
759 1046 1
758 1042 1
756 1036 1
754 1025 1
753 1014 1
751 1000 1
751 989 1
751 978 1
751 970 1
751 962 1
751 955 1
751 950 1
751 944 1
751 941 1
751 937 1
750 933 1
750 930 1
750 926 1
748 923 1
749 921 1
749 918 1
747 915 1
748 913 1
748 909 1
747 906 1
747 903 1
747 901 1
747 896 1
748 894 1
749 891 1
750 886 1
750 882 1
752 878 1
753 874 1
756 868 1
758 862 1
761 856 1
765 848 1
770 839 1
774 827 1
779 812 1
784 797 1
787 781 1
790 766 1
791 750 1
789 731 1
785 714 1
780 700 1
774 689 1
770 680 1
765 672 1
761 665 1
758 658 1
755 653 1
752 650 1
750 646 1
748 643 1
745 640 1
744 638 1
742 636 1
742 636 1
740 636 1
741 635 1
741 635 1
740 635 1
740 633 1
739 634 1
739 634 1
738 632 1
738 632 1
737 633 1
736 632 1
734 632 1
732 633 1
729 634 1
723 639 1
719 645 1
714 652 1
709 664 1
705 677 1
702 688 1
699 697 1
697 704 1
695 711 1
693 716 1
693 721 1
693 727 1
691 733 1
691 740 1
689 746 1
687 752 1
686 760 1
686 766 1
686 774 1
685 785 1
685 795 1
684 808 1
684 822 1
684 834 1
685 846 1
686 861 1
687 875 1
690 890 1
691 900 1
693 911 1
695 922 1
698 932 1
701 944 1
704 955 1
707 964 1
709 971 1
712 979 1
714 986 1
717 993 1
720 1000 1
722 1008 1
724 1014 1
726 1022 1
729 1030 1
730 1038 1
732 1044 1
733 1051 1
734 1057 1
735 1062 1
736 1067 1
737 1073 1
737 1078 1
739 1083 1
739 1087 1
740 1092 1
741 1095 1
742 1098 1
742 1101 1
743 1104 1
744 1107 1
744 1109 1
745 1111 1
745 1113 1
746 1116 1
747 1118 1
749 1121 1
750 1125 1
752 1128 1
755 1134 1
759 1139 1
762 1145 1
767 1151 1
772 1159 1
778 1167 1
783 1174 1
786 1180 1
789 1186 1
793 1191 1
794 1195 1
796 1199 1
798 1202 1
800 1205 1
801 1207 1
802 1210 1
803 1211 1
804 1213 1
805 1215 1
805 1215 1
805 1215 1
805 1215 1
805 1215 1
805 1215 1
805 1215 1
805 1215 1
805 1215 1
805 1213 1
806 1209 1
806 1204 1
807 1197 1
808 1190 1
809 1182 1
811 1172 1
812 1161 1
814 1150 1
816 1141 1
818 1133 1
821 1126 1
824 1119 1
827 1111 1
829 1103 1
832 1096 1
833 1091 1
835 1086 1
836 1083 1
836 1080 1
837 1078 1
837 1075 1
838 1071 1
838 1067 1
836 1061 1
837 1056 1
835 1050 1
834 1041 1
831 1030 1
826 1013 1
822 994 1
818 974 1
816 956 1
814 941 1
813 926 1
813 913 1
812 902 1
812 891 1
812 883 1
812 875 1
812 868 1
813 861 1
815 854 1
816 850 1
818 845 1
819 841 1
821 838 1
824 833 1
827 829 1
830 825 1
834 821 1
838 817 1
842 814 1
846 811 1
850 808 1
853 805 1
858 801 1
860 798 1
864 793 1
867 787 1
871 780 1
875 773 1
878 767 1
881 760 1
883 752 1
886 743 1
887 733 1
889 723 1
889 712 1
889 703 1
888 691 1
886 679 1
883 665 1
880 653 1
876 643 1
873 636 1
870 631 1
868 628 1
866 625 1
864 624 1
863 623 1
863 623 1
863 623 1
863 623 1
863 623 1
861 623 1
859 624 1
855 628 1
849 633 1
843 638 1
837 646 1
831 656 1
824 668 1
817 680 1
811 692 1
805 703 1
799 716 1
795 731 1
792 745 1
789 759 1
787 772 1
784 788 1
784 806 1
784 823 1
785 843 1
788 863 1
793 888 1
798 914 1
805 943 1
813 969 1
823 994 1
832 1017 1
842 1037 1
850 1057 1
859 1075 1
867 1095 1
876 1114 1
885 1131 1
896 1147 1
909 1165 1
924 1180 1
941 1196 1
957 1208 1
972 1218 1
969 1216 0
