671 921 1
671 921 1
671 921 1
671 921 1
671 921 1
671 921 1
670 921 1
668 922 1
665 925 1
661 930 1
653 936 1
645 943 1
636 950 1
630 954 1
624 958 1
619 959 1
614 961 1
610 962 1
604 961 1
600 959 1
598 958 1
595 958 1
592 956 1
590 955 1
588 952 1
587 950 1
587 945 1
585 940 1
586 936 1
586 929 1
588 923 1
590 918 1
593 913 1
595 911 1
597 907 1
599 904 1
601 903 1
604 901 1
605 902 1
607 902 1
611 904 1
614 908 1
617 914 1
620 923 1
622 935 1
623 949 1
620 964 1
614 980 1
607 998 1
596 1016 1
585 1034 1
571 1050 1
552 1070 1
538 1083 1
529 1088 1
520 1092 1
513 1093 1
506 1094 1
494 1092 1
486 1087 1
478 1075 1
471 1058 1
466 1036 1
464 1012 1
465 986 1
469 962 1
477 940 1
486 921 1
498 900 1
512 878 1
529 860 1
547 842 1
561 831 1
575 824 1
586 819 1
594 817 1
600 815 1
606 816 1
610 818 1
616 821 1
623 829 1
630 839 1
638 853 1
646 870 1
652 889 1
655 910 1
656 933 1
653 956 1
644 984 1
633 1011 1
617 1039 1
599 1066 1
581 1091 1
562 1109 1
545 1125 1
532 1133 1
519 1138 1
507 1141 1
497 1139 1
487 1132 1
477 1121 1
465 1097 1
456 1072 1
450 1039 1
446 1004 1
447 970 1
458 936 1
471 905 1
493 874 1
518 847 1
544 824 1
570 810 1
593 801 1
610 796 1
623 796 1
634 797 1
642 804 1
650 817 1
653 838 1
652 867 1
647 905 1
631 949 1
613 995 1
591 1038 1
569 1075 1
546 1107 1
526 1128 1
509 1144 1
494 1154 1
479 1157 1
466 1158 1
452 1149 1
438 1134 1
423 1112 1
409 1077 1
399 1041 1
397 1000 1
401 956 1
414 915 1
437 880 1
463 849 1
492 828 1
520 813 1
546 805 1
564 802 1
581 802 1
593 806 1
604 814 1
612 825 1
618 844 1
621 868 1
619 900 1
613 935 1
604 973 1
587 1010 1
567 1050 1
546 1085 1
520 1121 1
496 1154 1
474 1178 1
454 1196 1
437 1208 1
423 1210 1
410 1211 1
401 1199 1
392 1179 1
385 1149 1
386 1098 1
396 1044 1
417 987 1
444 930 1
473 881 1
504 847 1
534 820 1
556 806 1
576 797 1
593 793 1
605 794 1
616 800 1
625 812 1
632 830 1
636 856 1
632 896 1
621 940 1
601 990 1
575 1039 1
546 1086 1
512 1126 1
479 1164 1
453 1189 1
430 1205 1
412 1214 1
397 1215 1
383 1208 1
372 1191 1
363 1165 1
359 1129 1
365 1077 1
377 1021 1
400 960 1
428 903 1
462 853 1
499 819 1
537 792 1
566 777 1
591 768 1
612 767 1
627 771 1
639 779 1
648 790 1
654 806 1
657 826 1
652 857 1
641 894 1
623 935 1
597 985 1
570 1032 1
541 1076 1
513 1116 1
488 1151 1
463 1175 1
443 1195 1
426 1201 1
412 1204 1
400 1198 1
389 1179 1
379 1153 1
378 1109 1
381 1058 1
395 1002 1
416 945 1
441 896 1
472 858 1
505 825 1
538 805 1
564 793 1
588 786 1
607 784 1
621 784 1
633 788 1
640 798 1
647 813 1
650 841 1
646 876 1
636 921 1
615 970 1
590 1022 1
561 1069 1
529 1113 1
501 1151 1
474 1179 1
452 1198 1
434 1205 1
416 1205 1
401 1199 1
387 1178 1
374 1150 1
367 1115 1
369 1066 1
379 1014 1
398 959 1
422 906 1
453 859 1
489 828 1
526 804 1
557 794 1
588 788 1
614 787 1
633 794 1
650 803 1
662 817 1
671 834 1
676 858 1
672 892 1
662 932 1
642 977 1
617 1023 1
588 1066 1
555 1107 1
522 1147 1
491 1179 1
466 1201 1
444 1215 1
428 1220 1
415 1219 1
402 1209 1
391 1179 1
384 1143 1
386 1093 1
397 1039 1
414 983 1
442 924 1
473 872 1
506 831 1
539 801 1
565 782 1
587 772 1
604 767 1
618 772 1
630 780 1
641 794 1
648 814 1
650 844 1
643 884 1
628 931 1
604 981 1
568 1037 1
528 1089 1
486 1134 1
446 1171 1
413 1196 1
385 1207 1
363 1212 1
349 1202 1
337 1185 1
330 1159 1
334 1114 1
345 1065 1
371 1008 1
402 949 1
436 899 1
475 856 1
515 821 1
550 802 1
578 790 1
597 787 1
613 790 1
626 796 1
635 809 1
643 826 1
647 849 1
644 882 1
635 921 1
620 963 1
599 1007 1
576 1049 1
548 1090 1
519 1127 1
492 1160 1
469 1184 1
450 1199 1
436 1203 1
423 1202 1
411 1189 1
400 1168 1
393 1135 1
394 1090 1
401 1043 1
415 995 1
435 944 1
458 899 1
486 863 1
517 834 1
544 817 1
566 807 1
582 805 1
594 806 1
604 810 1
613 817 1
622 828 1
631 844 1
635 867 1
637 896 1
634 929 1
620 969 1
603 1010 1
580 1048 1
554 1087 1
527 1120 1
500 1150 1
476 1174 1
459 1188 1
444 1197 1
432 1203 1
422 1198 1
412 1187 1
404 1162 1
399 1129 1
401 1088 1
411 1041 1
427 994 1
448 953 1
471 918 1
498 885 1
528 861 1
558 843 1
581 837 1
599 836 1
614 840 1
624 850 1
633 864 1
637 884 1
638 908 1
633 938 1
619 974 1
599 1014 1
576 1052 1
544 1089 1
514 1121 1
486 1148 1
459 1170 1
440 1184 1
427 1191 1
417 1193 1
411 1188 1
405 1177 1
401 1154 1
402 1112 1
409 1064 1
423 1012 1
441 962 1
462 915 1
489 876 1
517 842 1
542 820 1
563 806 1
578 801 1
588 801 1
596 803 1
606 809 1
614 821 1
622 837 1
627 864 1
629 894 1
624 930 1
612 968 1
594 1008 1
572 1042 1
548 1074 1
523 1104 1
494 1127 1
469 1145 1
447 1156 1
428 1162 1
412 1162 1
402 1151 1
393 1133 1
391 1100 1
394 1061 1
405 1015 1
424 969 1
448 922 1
480 877 1
516 835 1
549 804 1
573 788 1
592 778 1
604 776 1
611 776 1
617 781 1
623 795 1
626 815 1
627 844 1
621 882 1
610 921 1
592 960 1
572 999 1
548 1037 1
524 1069 1
499 1097 1
476 1118 1
455 1135 1
439 1145 1
426 1150 1
416 1153 1
406 1149 1
399 1142 1
394 1130 1
392 1103 1
393 1070 1
402 1031 1
416 989 1
434 949 1
456 916 1
480 885 1
509 859 1
540 837 1
568 822 1
587 816 1
605 812 1
617 814 1
627 818 1
637 827 1
643 843 1
646 865 1
642 898 1
633 935 1
618 974 1
595 1014 1
569 1050 1
540 1087 1
505 1123 1
474 1153 1
451 1172 1
430 1186 1
415 1191 1
402 1186 1
391 1176 1
383 1155 1
378 1127 1
377 1094 1
383 1050 1
395 1005 1
412 962 1
431 921 1
454 887 1
479 860 1
503 837 1
529 823 1
550 812 1
569 807 1
581 805 1
591 806 1
599 808 1
605 814 1
610 824 1
614 845 1
613 871 1
607 905 1
596 943 1
581 980 1
559 1019 1
537 1053 1
515 1082 1
493 1107 1
471 1125 1
450 1136 1
432 1142 1
417 1145 1
402 1138 1
389 1126 1
382 1104 1
379 1076 1
383 1041 1
400 991 1
424 945 1
454 903 1
489 865 1
522 836 1
552 820 1
576 808 1
591 805 1
603 805 1
613 805 1
619 809 1
625 815 1
629 829 1
632 848 1
630 875 1
619 913 1
604 954 1
583 994 1
559 1032 1
535 1064 1
512 1089 1
491 1112 1
473 1127 1
457 1140 1
444 1148 1
433 1151 1
424 1153 1
418 1151 1
412 1141 1
406 1123 1
405 1089 1
409 1050 1
422 1003 1
444 958 1
470 917 1
501 883 1
535 854 1
565 833 1
587 825 1
605 822 1
617 823 1
627 827 1
634 834 1
639 847 1
641 866 1
639 890 1
627 933 1
612 977 1
587 1024 1
559 1068 1
528 1107 1
495 1139 1
466 1161 1
445 1173 1
427 1179 1
416 1179 1
407 1173 1
400 1160 1
396 1133 1
398 1094 1
409 1043 1
431 988 1
457 936 1
488 892 1
522 852 1
557 822 1
585 806 1
611 795 1
629 792 1
644 792 1
657 794 1
666 801 1
673 812 1
676 834 1
673 865 1
660 908 1
632 958 1
599 1014 1
563 1064 1
525 1111 1
489 1150 1
461 1175 1
437 1193 1
420 1200 1
406 1201 1
394 1193 1
385 1175 1
380 1148 1
379 1111 1
390 1055 1
408 996 1
437 935 1
471 878 1
510 831 1
552 799 1
586 776 1
611 768 1
632 764 1
648 766 1
657 774 1
664 786 1
667 807 1
664 835 1
656 870 1
634 911 1
607 954 1
576 991 1
542 1026 1
510 1056 1
477 1076 1
446 1092 1
422 1102 1
400 1107 1
382 1108 1
370 1100 1
360 1088 1
355 1065 1
354 1037 1
361 1000 1
379 960 1
402 923 1
431 888 1
462 857 1
496 833 1
529 818 1
556 808 1
577 806 1
593 808 1
604 812 1
612 823 1
618 839 1
620 867 1
615 902 1
604 943 1
584 991 1
560 1039 1
535 1081 1
506 1118 1
479 1149 1
456 1170 1
435 1187 1
418 1199 1
404 1201 1
393 1199 1
384 1187 1
377 1163 1
376 1128 1
386 1077 1
399 1022 1
423 969 1
450 920 1
481 877 1
514 846 1
544 821 1
565 809 1
581 802 1
592 800 1
597 801 1
601 804 1
605 811 1
608 830 1
610 855 1
604 890 1
593 927 1
578 967 1
559 1005 1
537 1046 1
517 1079 1
497 1109 1
480 1134 1
465 1152 1
451 1166 1
440 1175 1
431 1182 1
424 1184 1
417 1179 1
410 1170 1
405 1147 1
401 1115 1
403 1073 1
412 1025 1
427 981 1
447 943 1
470 910 1
495 882 1
519 861 1
542 844 1
561 834 1
573 828 1
581 826 1
587 827 1
592 831 1
596 840 1
597 860 1
595 885 1
587 918 1
576 953 1
559 991 1
538 1034 1
514 1076 1
489 1114 1
467 1147 1
444 1175 1
428 1191 1
414 1203 1
406 1207 1
400 1209 1
396 1204 1
393 1185 1
393 1155 1
397 1113 1
413 1052 1
434 997 1
462 949 1
493 904 1
526 868 1
559 840 1
586 821 1
605 814 1
619 810 1
630 811 1
638 818 1
645 828 1
647 848 1
645 874 1
638 904 1
623 943 1
605 985 1
582 1027 1
557 1069 1
531 1106 1
507 1138 1
485 1163 1
470 1180 1
459 1191 1
451 1198 1
446 1197 1
441 1194 1
439 1181 1
437 1160 1
439 1130 1
448 1078 1
462 1023 1
485 970 1
514 919 1
546 871 1
579 838 1
607 814 1
628 801 1
643 794 1
655 792 1
662 792 1
668 797 1
672 806 1
676 822 1
677 843 1
671 878 1
661 916 1
642 956 1
620 997 1
597 1036 1
570 1072 1
542 1105 1
518 1131 1
496 1152 1
478 1169 1
465 1177 1
454 1181 1
447 1180 1
441 1175 1
436 1161 1
433 1125 1
433 1082 1
440 1031 1
452 984 1
466 939 1
486 902 1
507 869 1
526 844 1
543 826 1
554 817 1
559 813 1
563 810 1
566 812 1
567 820 1
567 833 1
560 860 1
551 890 1
537 924 1
520 961 1
500 1004 1
479 1044 1
459 1082 1
441 1113 1
422 1137 1
405 1157 1
390 1168 1
377 1173 1
367 1168 1
359 1158 1
352 1137 1
353 1097 1
362 1052 1
379 1004 1
408 954 1
437 913 1
469 881 1
501 854 1
532 833 1
557 822 1
578 816 1
593 817 1
605 821 1
616 828 1
622 840 1
625 857 1
622 882 1
613 911 1
599 948 1
578 988 1
556 1027 1
534 1063 1
514 1095 1
492 1129 1
476 1157 1
461 1181 1
449 1199 1
440 1211 1
433 1220 1
428 1223 1
424 1225 1
420 1222 1
415 1206 1
411 1179 1
411 1135 1
415 1084 1
425 1030 1
441 983 1
459 942 1
478 912 1
497 888 1
515 870 1
531 861 1
544 855 1
553 852 1
561 853 1
568 854 1
573 859 1
579 868 1
585 880 1
588 903 1
588 929 1
581 963 1
571 1000 1
558 1038 1
537 1077 1
517 1110 1
496 1139 1
477 1163 1
459 1182 1
446 1193 1
436 1202 1
428 1205 1
422 1206 1
417 1204 1
412 1192 1
409 1172 1
411 1133 1
418 1085 1
429 1031 1
449 981 1
470 936 1
492 899 1
516 868 1
538 841 1
560 826 1
579 813 1
593 808 1
604 805 1
612 807 1
618 811 1
625 819 1
629 834 1
632 855 1
630 881 1
623 910 1
613 943 1
598 976 1
581 1011 1
559 1047 1
535 1081 1
511 1113 1
488 1140 1
466 1163 1
445 1181 1
428 1191 1
412 1197 1
399 1198 1
388 1192 1
378 1182 1
372 1163 1
367 1141 1
366 1113 1
370 1077 1
377 1040 1
389 1006 1
402 971 1
421 940 1
441 912 1
465 887 1
489 866 1
513 848 1
536 834 1
552 827 1
565 823 1
573 823 1
581 824 1
586 826 1
592 833 1
597 843 1
603 855 1
607 876 1
612 899 1
612 925 1
609 953 1
605 980 1
597 1009 1
586 1037 1
573 1062 1
559 1086 1
546 1107 1
530 1124 1
514 1141 1
500 1154 1
488 1164 1
473 1174 1
461 1178 1
450 1181 1
439 1179 1
429 1175 1
418 1167 1
408 1150 1
400 1128 1
394 1103 1
395 1066 1
401 1031 1
414 995 1
429 961 1
446 933 1
468 905 1
491 882 1
512 866 1
534 853 1
554 844 1
569 840 1
583 838 1
591 838 1
598 841 1
605 845 1
610 852 1
616 863 1
621 879 1
624 899 1
622 925 1
615 953 1
606 984 1
588 1015 1
569 1047 1
547 1078 1
523 1104 1
501 1126 1
478 1143 1
459 1156 1
443 1166 1
432 1169 1
422 1171 1
414 1165 1
407 1156 1
402 1139 1
400 1111 1
401 1074 1
409 1031 1
421 989 1
437 949 1
457 914 1
479 884 1
501 858 1
528 836 1
551 820 1
571 811 1
589 805 1
605 801 1
616 802 1
626 804 1
637 811 1
645 821 1
654 833 1
658 852 1
661 873 1
659 897 1
653 926 1
645 957 1
629 990 1
613 1021 1
595 1051 1
576 1078 1
557 1103 1
536 1121 1
515 1138 1
494 1152 1
473 1162 1
454 1169 1
438 1169 1
424 1167 1
412 1160 1
397 1144 1
387 1126 1
380 1097 1
377 1065 1
378 1033 1
388 992 1
404 951 1
419 922 1
450 883 1
477 857 1
505 835 1
532 818 1
553 808 1
572 802 1
584 800 1
594 800 1
602 802 1
607 809 1
612 820 1
618 835 1
619 859 1
621 885 1
618 915 1
614 945 1
607 975 1
596 1010 1
585 1042 1
569 1071 1
554 1098 1
539 1121 1
521 1140 1
506 1155 1
489 1167 1
472 1175 1
457 1181 1
439 1180 1
422 1174 1
408 1158 1
395 1135 1
386 1106 1
385 1062 1
390 1017 1
407 972 1
430 928 1
456 891 1
487 860 1
521 833 1
553 814 1
580 802 1
602 794 1
617 793 1
629 794 1
637 799 1
646 809 1
653 823 1
657 847 1
659 874 1
657 904 1
650 938 1
640 973 1
625 1010 1
610 1045 1
593 1077 1
572 1109 1
552 1135 1
529 1155 1
505 1174 1
483 1187 1
459 1196 1
436 1201 1
414 1197 1
394 1188 1
373 1169 1
356 1138 1
343 1105 1
337 1066 1
337 1030 1
342 993 1
355 960 1
370 926 1
390 899 1
412 873 1
436 850 1
459 834 1
481 821 1
500 811 1
517 805 1
533 800 1
544 799 1
555 799 1
564 800 1
573 805 1
582 812 1
590 823 1
597 837 1
604 855 1
606 878 1
607 903 1
602 933 1
595 964 1
584 998 1
566 1036 1
545 1075 1
522 1109 1
499 1139 1
474 1166 1
452 1181 1
432 1193 1
415 1201 1
402 1201 1
391 1199 1
381 1190 1
373 1177 1
366 1155 1
365 1126 1
367 1089 1
374 1051 1
393 1001 1
414 955 1
443 912 1
474 873 1
508 842 1
544 818 1
577 798 1
605 787 1
629 780 1
647 778 1
660 780 1
671 784 1
679 794 1
685 809 1
689 829 1
688 858 1
682 890 1
668 928 1
649 964 1
625 1002 1
598 1035 1
570 1065 1
539 1094 1
509 1118 1
478 1137 1
452 1150 1
428 1157 1
409 1160 1
393 1159 1
379 1155 1
368 1144 1
357 1127 1
351 1101 1
348 1070 1
350 1035 1
361 997 1
376 961 1
396 924 1
422 885 1
449 850 1
477 820 1
504 793 1
527 772 1
545 759 1
560 751 1
571 747 1
581 745 1
588 744 1
595 747 1
601 751 1
608 761 1
615 770 1
622 785 1
627 804 1
631 827 1
632 855 1
629 885 1
625 916 1
614 951 1
602 985 1
582 1020 1
559 1054 1
534 1086 1
502 1113 1
473 1135 1
442 1150 1
414 1159 1
391 1164 1
372 1163 1
355 1157 1
342 1143 1
332 1122 1
325 1093 1
327 1053 1
334 1013 1
348 967 1
368 922 1
392 879 1
425 839 1
461 801 1
499 768 1
538 743 1
570 723 1
592 713 1
609 707 1
623 705 1
631 706 1
638 710 1
644 720 1
649 734 1
651 753 1
649 784 1
642 817 1
628 856 1
610 897 1
588 943 1
560 987 1
529 1031 1
495 1075 1
461 1113 1
428 1144 1
401 1162 1
378 1174 1
362 1177 1
346 1174 1
334 1167 1
320 1148 1
309 1121 1
302 1089 1
301 1047 1
302 1009 1
313 968 1
328 928 1
346 890 1
369 856 1
392 825 1
416 801 1
439 780 1
460 764 1
478 751 1
496 743 1
512 737 1
526 732 1
537 731 1
548 732 1
560 736 1
571 746 1
582 759 1
593 778 1
604 803 1
611 832 1
615 865 1
613 901 1
608 940 1
590 988 1
568 1032 1
542 1070 1
515 1101 1
490 1126 1
464 1140 1
440 1150 1
419 1154 1
399 1153 1
384 1151 1
368 1141 1
354 1127 1
344 1107 1
337 1082 1
335 1051 1
340 1015 1
351 976 1
368 933 1
395 886 1
423 844 1
456 807 1
490 774 1
524 748 1
559 727 1
591 711 1
615 703 1
633 698 1
650 697 1
663 701 1
673 707 1
681 717 1
690 731 1
695 751 1
695 780 1
690 813 1
679 851 1
662 892 1
640 933 1
611 974 1
579 1014 1
545 1049 1
511 1079 1
479 1105 1
442 1121 1
408 1132 1
380 1133 1
354 1127 1
333 1117 1
318 1098 1
308 1077 1
306 1049 1
309 1016 1
320 971 1
342 924 1
369 875 1
404 831 1
437 795 1
470 764 1
500 742 1
528 724 1
552 710 1
573 700 1
589 695 1
601 694 1
610 695 1
618 699 1
623 708 1
629 724 1
632 750 1
633 782 1
627 821 1
614 874 1
594 926 1
567 979 1
536 1031 1
504 1078 1
472 1118 1
439 1152 1
409 1172 1
379 1184 1
354 1187 1
328 1178 1
308 1166 1
292 1142 1
282 1115 1
277 1078 1
282 1033 1
294 986 1
316 935 1
344 887 1
379 843 1
415 808 1
452 779 1
483 758 1
509 744 1
532 736 1
546 733 1
557 730 1
565 731 1
571 734 1
575 741 1
577 756 1
578 777 1
573 804 1
564 837 1
552 872 1
537 915 1
519 958 1
501 1001 1
483 1043 1
464 1083 1
444 1116 1
425 1143 1
406 1161 1
389 1173 1
374 1177 1
360 1172 1
348 1162 1
338 1144 1
330 1112 1
328 1076 1
335 1032 1
348 986 1
368 942 1
398 899 1
431 862 1
464 834 1
497 810 1
526 794 1
552 783 1
571 778 1
583 777 1
592 778 1
601 782 1
606 790 1
611 803 1
612 822 1
611 846 1
606 875 1
596 908 1
584 944 1
567 982 1
551 1020 1
532 1057 1
515 1089 1
496 1121 1
479 1142 1
462 1160 1
448 1174 1
432 1181 1
418 1186 1
406 1182 1
395 1173 1
382 1157 1
375 1123 1
371 1083 1
376 1036 1
386 991 1
403 946 1
428 904 1
457 863 1
488 831 1
517 804 1
543 784 1
564 772 1
583 764 1
597 760 1
607 758 1
615 760 1
620 765 1
624 772 1
626 786 1
625 807 1
621 837 1
608 877 1
593 922 1
572 967 1
550 1010 1
527 1050 1
503 1086 1
480 1116 1
459 1137 1
440 1150 1
424 1158 1
411 1156 1
400 1149 1
391 1134 1
384 1102 1
379 1066 1
385 1024 1
394 982 1
408 940 1
433 895 1
460 856 1
490 826 1
521 799 1
551 778 1
575 767 1
597 760 1
613 758 1
626 759 1
637 763 1
645 772 1
650 781 1
655 799 1
656 821 1
650 851 1
637 889 1
619 932 1
598 976 1
573 1022 1
548 1061 1
522 1097 1
498 1126 1
476 1151 1
457 1170 1
442 1184 1
430 1192 1
421 1196 1
414 1194 1
408 1188 1
403 1174 1
399 1150 1
399 1104 1
403 1052 1
418 1000 1
436 955 1
458 916 1
487 885 1
514 859 1
538 843 1
560 832 1
579 825 1
593 825 1
605 827 1
616 833 1
625 842 1
633 856 1
637 876 1
639 899 1
635 931 1
626 964 1
615 998 1
595 1031 1
571 1063 1
545 1094 1
518 1122 1
491 1146 1
467 1164 1
446 1180 1
430 1188 1
417 1193 1
406 1194 1
399 1188 1
392 1179 1
389 1154 1
389 1118 1
393 1069 1
407 1013 1
427 962 1
451 919 1
477 882 1
502 852 1
525 833 1
543 819 1
555 811 1
565 805 1
572 803 1
576 802 1
580 802 1
584 803 1
589 808 1
594 815 1
599 832 1
604 854 1
605 884 1
600 919 1
590 957 1
569 1002 1
544 1047 1
516 1089 1
483 1125 1
451 1154 1
421 1174 1
394 1187 1
374 1193 1
357 1189 1
343 1179 1
333 1158 1
325 1132 1
322 1096 1
324 1058 1
332 1019 1
349 979 1
370 941 1
399 902 1
430 872 1
463 847 1
495 828 1
525 815 1
552 807 1
572 804 1
589 804 1
602 806 1
613 812 1
622 820 1
630 833 1
636 850 1
638 874 1
636 902 1
629 933 1
616 967 1
601 999 1
582 1030 1
557 1056 1
533 1081 1
506 1101 1
482 1117 1
460 1128 1
442 1130 1
425 1129 1
413 1122 1
401 1109 1
393 1089 1
390 1062 1
391 1031 1
400 991 1
415 950 1
435 909 1
462 873 1
489 842 1
516 820 1
544 801 1
570 787 1
591 779 1
610 775 1
624 776 1
636 780 1
646 786 1
653 797 1
658 813 1
657 839 1
652 870 1
641 906 1
620 947 1
595 988 1
567 1026 1
535 1062 1
503 1094 1
474 1118 1
448 1135 1
425 1146 1
406 1148 1
391 1147 1
379 1138 1
369 1125 1
361 1104 1
360 1072 1
363 1035 1
377 990 1
397 944 1
423 901 1
454 865 1
483 835 1
512 817 1
539 802 1
564 793 1
583 789 1
602 787 1
615 790 1
626 795 1
636 805 1
641 824 1
643 850 1
636 883 1
624 921 1
607 963 1
582 1009 1
555 1052 1
529 1090 1
505 1120 1
486 1142 1
470 1154 1
456 1160 1
446 1162 1
439 1159 1
430 1149 1
424 1127 1
420 1096 1
419 1060 1
426 1009 1
439 961 1
462 913 1
488 871 1
517 837 1
547 811 1
577 791 1
600 781 1
620 776 1
635 776 1
647 780 1
655 786 1
661 799 1
666 817 1
665 842 1
661 871 1
650 904 1
632 942 1
610 978 1
585 1014 1
556 1050 1
527 1083 1
498 1115 1
471 1143 1
445 1165 1
421 1183 1
404 1191 1
388 1194 1
377 1189 1
366 1175 1
358 1153 1
354 1120 1
355 1082 1
375 991 1
397 946 1
420 905 1
447 873 1
476 845 1
508 825 1
537 810 1
564 803 1
588 800 1
609 800 1
628 807 1
642 817 1
652 832 1
657 852 1
657 879 1
652 912 1
623 992 1
599 1030 1
573 1066 1
546 1095 1
520 1118 1
497 1133 1
475 1141 1
456 1144 1
441 1142 1
428 1134 1
417 1120 1
409 1101 1
406 1044 1
414 1009 1
426 971 1
444 933 1
466 895 1
493 860 1
521 830 1
550 804 1
577 783 1
600 768 1
620 758 1
638 753 1
664 752 1
674 758 1
682 768 1
690 785 1
695 808 1
696 836 1
690 868 1
677 904 1
655 941 1
628 978 1
595 1015 1
523 1079 1
490 1102 1
465 1114 1
442 1120 1
427 1117 1
414 1109 1
405 1092 1
399 1068 1
399 1036 1
404 998 1
434 910 1
457 871 1
482 837 1
511 811 1
540 790 1
567 775 1
592 766 1
612 761 1
628 761 1
641 764 1
652 771 1
667 794 1
672 813 1
671 839 1
667 872 1
657 912 1
641 955 1
622 996 1
599 1034 1
574 1064 1
549 1086 1
525 1101 1
504 1110 1
509 1109 0
