679 931 1
679 931 1
679 931 1
679 931 1
679 931 1
679 931 1
679 931 1
679 931 1
679 931 1
679 931 1
677 931 1
677 931 1
675 931 1
672 932 1
668 933 1
665 933 1
663 934 1
660 933 1
656 933 1
653 930 1
650 927 1
648 923 1
646 919 1
646 915 1
645 911 1
646 906 1
648 902 1
650 899 1
654 896 1
657 894 1
660 892 1
663 890 1
667 890 1
670 890 1
673 890 1
676 892 1
680 895 1
685 900 1
689 906 1
693 912 1
695 917 1
697 923 1
697 929 1
697 935 1
695 942 1
692 949 1
688 957 1
681 964 1
673 971 1
665 978 1
655 981 1
646 984 1
638 986 1
630 987 1
623 987 1
617 985 1
610 982 1
604 978 1
599 974 1
594 969 1
589 962 1
585 954 1
581 944 1
581 932 1
581 920 1
583 909 1
588 899 1
595 888 1
605 878 1
618 869 1
631 861 1
644 855 1
659 851 1
670 850 1
681 848 1
690 849 1
700 852 1
710 854 1
717 860 1
726 865 1
734 874 1
743 885 1
749 896 1
756 907 1
760 919 1
764 933 1
765 947 1
765 963 1
761 977 1
756 993 1
748 1007 1
737 1023 1
724 1036 1
709 1047 1
693 1057 1
677 1064 1
661 1067 1
645 1070 1
624 1070 1
609 1068 1
597 1066 1
586 1057 1
576 1050 1
568 1042 1
562 1034 1
555 1026 1
549 1014 1
543 1003 1
538 992 1
534 980 1
532 969 1
530 957 1
528 944 1
529 934 1
530 923 1
531 911 1
535 899 1
541 887 1
546 877 1
554 866 1
562 855 1
574 844 1
586 834 1
600 825 1
614 818 1
627 812 1
642 808 1
658 805 1
673 804 1
690 805 1
707 807 1
724 811 1
738 816 1
750 822 1
761 829 1
771 838 1
781 848 1
788 858 1
796 871 1
802 884 1
808 899 1
814 915 1
819 932 1
823 950 1
826 966 1
829 982 1
831 995 1
832 1009 1
833 1023 1
832 1036 1
829 1048 1
825 1059 1
820 1071 1
813 1082 1
803 1094 1
792 1103 1
779 1113 1
764 1120 1
749 1127 1
733 1131 1
718 1135 1
703 1138 1
687 1139 1
669 1141 1
652 1141 1
636 1139 1
618 1138 1
601 1135 1
585 1130 1
571 1124 1
556 1117 1
545 1110 1
534 1101 1
524 1091 1
514 1076 1
505 1062 1
499 1048 1
494 1030 1
488 1012 1
486 994 1
484 975 1
483 959 1
484 943 1
487 929 1
489 914 1
493 902 1
495 891 1
500 880 1
504 869 1
510 860 1
516 850 1
523 839 1
532 829 1
541 818 1
551 806 1
561 795 1
572 785 1
582 776 1
591 768 1
601 761 1
612 756 1
624 750 1
639 745 1
654 741 1
669 739 1
685 737 1
700 738 1
715 738 1
732 740 1
746 744 1
760 748 1
775 756 1
786 763 1
798 770 1
807 777 1
816 785 1
827 796 1
836 806 1
846 817 1
854 831 1
863 845 1
871 859 1
877 873 1
882 887 1
886 902 1
889 916 1
891 932 1
892 948 1
894 964 1
894 977 1
894 990 1
892 1001 1
890 1011 1
888 1021 1
886 1029 1
884 1037 1
881 1045 1
878 1051 1
875 1056 1
873 1063 1
868 1070 1
864 1078 1
859 1086 1
854 1096 1
846 1107 1
837 1117 1
827 1127 1
818 1135 1
807 1145 1
796 1154 1
786 1163 1
776 1171 1
767 1178 1
759 1184 1
752 1188 1
746 1192 1
741 1194 1
735 1197 1
729 1200 1
722 1201 1
713 1202 1
703 1204 1
690 1204 1
676 1205 1
660 1205 1
641 1204 1
622 1202 1
604 1200 1
586 1196 1
569 1192 1
553 1186 1
538 1181 1
524 1174 1
509 1166 1
494 1156 1
482 1145 1
472 1134 1
463 1125 1
454 1114 1
449 1105 1
443 1096 1
438 1086 1
434 1076 1
431 1067 1
426 1056 1
424 1046 1
422 1036 1
420 1026 1
419 1016 1
417 1005 1
417 995 1
415 983 1
416 973 1
416 965 1
417 954 1
418 943 1
419 932 1
421 919 1
423 907 1
425 894 1
428 884 1
430 872 1
433 862 1
436 853 1
439 844 1
442 837 1
444 828 1
449 819 1
452 812 1
457 801 1
463 791 1
469 781 1
474 772 1
480 762 1
486 754 1
492 744 1
499 735 1
508 724 1
515 714 1
525 704 1
532 695 1
540 688 1
549 681 1
559 673 1
570 664 1
583 657 1
596 650 1
610 643 1
622 637 1
635 632 1
647 628 1
659 625 1
670 624 1
679 623 1
687 623 1
696 623 1
703 624 1
713 625 1
721 626 1
729 628 1
737 630 1
745 633 1
752 634 1
760 637 1
766 640 1
771 642 1
777 646 1
782 648 1
789 652 1
796 658 1
803 662 1
811 668 1
819 673 1
826 680 1
833 685 1
839 692 1
845 698 1
850 703 1
857 710 1
864 717 1
869 724 1
876 732 1
881 738 1
888 747 1
894 756 1
900 762 1
905 770 1
911 776 1
916 783 1
921 789 1
925 795 1
930 802 1
935 809 1
940 816 1
944 823 1
948 830 1
952 837 1
957 844 1
960 850 1
964 857 1
967 863 1
970 869 1
973 875 1
976 882 1
979 888 1
982 895 1
984 901 1
986 907 1
988 913 1
990 919 1
991 926 1
993 933 1
995 940 1
996 947 1
998 954 1
998 962 1
999 968 1
1000 975 1
1000 982 1
1000 989 1
1000 996 1
1000 1003 1
1000 1011 1
999 1017 1
999 1023 1
997 1030 1
997 1037 1
995 1043 1
994 1050 1
991 1056 1
990 1062 1
989 1069 1
986 1076 1
984 1085 1
981 1094 1
980 1102 1
977 1109 1
974 1116 1
971 1122 1
968 1129 1
966 1135 1
962 1142 1
959 1148 1
955 1155 1
952 1163 1
948 1170 1
944 1177 1
938 1184 1
934 1189 1
929 1195 1
925 1199 1
920 1204 1
916 1210 1
911 1215 1
905 1220 1
898 1226 1
891 1232 1
884 1239 1
876 1245 1
867 1251 1
859 1258 1
849 1263 1
839 1267 1
830 1272 1
821 1275 1
812 1278 1
805 1281 1
797 1284 1
790 1287 1
781 1288 1
773 1290 1
764 1291 1
756 1293 1
746 1294 1
737 1295 1
727 1296 1
714 1297 1
702 1298 1
688 1298 1
676 1298 1
662 1298 1
648 1297 1
637 1297 1
625 1297 1
616 1296 1
607 1294 1
599 1293 1
591 1291 1
581 1288 1
570 1283 1
558 1279 1
548 1274 1
536 1268 1
525 1261 1
514 1255 1
504 1248 1
494 1243 1
486 1237 1
478 1231 1
470 1225 1
463 1218 1
456 1211 1
448 1202 1
441 1194 1
434 1186 1
428 1177 1
421 1167 1
412 1156 1
404 1143 1
396 1133 1
389 1121 1
382 1113 1
378 1104 1
372 1095 1
367 1087 1
362 1078 1
358 1068 1
354 1059 1
350 1050 1
347 1040 1
344 1031 1
341 1021 1
339 1010 1
336 997 1
334 982 1
333 966 1
333 950 1
333 935 1
333 919 1
334 906 1
337 893 1
338 879 1
341 866 1
346 853 1
350 840 1
354 828 1
359 815 1
365 803 1
369 791 1
374 779 1
379 769 1
385 759 1
391 749 1
398 739 1
405 728 1
414 714 1
422 701 1
431 688 1
442 676 1
453 663 1
464 651 1
474 638 1
487 625 1
499 614 1
512 602 1
527 591 1
540 579 1
554 568 1
568 559 1
582 550 1
595 544 1
607 539 1
619 533 1
632 530 1
644 527 1
658 525 1
670 523 1
684 521 1
697 522 1
713 522 1
727 522 1
744 525 1
758 526 1
771 528 1
784 530 1
796 532 1
809 535 1
819 537 1
828 540 1
837 543 1
846 546 1
854 549 1
862 553 1
869 556 1
876 559 1
882 563 1
889 568 1
896 572 1
903 578 1
912 583 1
920 591 1
928 598 1
935 605 1
943 613 1
948 620 1
954 627 1
959 634 1
965 641 1
970 648 1
974 655 1
980 662 1
983 671 1
989 680 1
993 688 1
997 697 1
1000 703 1
1003 711 1
1006 721 1
1009 732 1
1012 743 1
1015 755 1
1019 767 1
1021 779 1
1024 791 1
1027 803 1
1028 814 1
1030 826 1
1031 835 1
1031 843 1
1033 851 1
1033 858 1
1034 866 1
1035 873 1
1035 881 1
1036 890 1
1036 898 1
1036 907 1
1036 915 1
1036 924 1
1036 933 1
1036 943 1
1036 951 1
1037 960 1
1037 968 1
1035 975 1
1036 981 1
1036 989 1
1036 996 1
1037 1003 1
1037 1011 1
1036 1019 1
1036 1028 1
1036 1036 1
1035 1045 1
1035 1053 1
1035 1061 1
1035 1069 1
1035 1077 1
1035 1087 1
1035 1095 1
1035 1103 1
1035 1110 1
1035 1117 1
1035 1121 1
1033 1126 1
1034 1132 1
1034 1140 1
1034 1148 1
1033 1158 1
1033 1168 1
1032 1178 1
1030 1187 1
1029 1195 1
1029 1204 1
1027 1213 1
1025 1222 1
1023 1232 1
1022 1242 1
1020 1248 1
1017 1255 1
1014 1262 1
1009 1269 1
1005 1276 1
999 1285 1
992 1293 1
984 1302 1
976 1310 1
969 1318 1
960 1326 1
952 1333 1
944 1340 1
935 1345 1
928 1351 1
921 1355 1
914 1360 1
907 1364 1
900 1368 1
894 1372 1
887 1376 1
880 1379 1
873 1384 1
866 1386 1
860 1390 1
853 1393 1
846 1394 1
839 1397 1
829 1400 1
819 1403 1
808 1404 1
793 1406 1
781 1408 1
766 1409 1
754 1411 1
740 1412 1
727 1412 1
713 1412 1
701 1411 1
687 1411 1
676 1409 1
665 1408 1
654 1406 1
643 1404 1
633 1403 1
621 1400 1
611 1397 1
599 1393 1
589 1391 1
574 1387 1
560 1383 1
547 1378 1
533 1374 1
518 1370 1
502 1366 1
486 1360 1
471 1355 1
456 1349 1
442 1342 1
429 1335 1
416 1327 1
408 1320 1
399 1313 1
391 1306 1
383 1298 1
374 1287 1
365 1276 1
357 1264 1
347 1251 1
338 1239 1
330 1226 1
320 1214 1
312 1201 1
305 1189 1
297 1177 1
290 1164 1
283 1151 1
276 1135 1
270 1121 1
266 1108 1
262 1094 1
258 1078 1
254 1062 1
251 1048 1
248 1034 1
245 1020 1
243 1007 1
242 993 1
240 979 1
239 966 1
238 956 1
239 962 0
