178 1129 1
181 1119 1
188 1100 1
199 1070 1
212 1036 1
229 992 1
247 945 1
280 857 1
292 823 1
305 781 1
309 754 1
313 737 1
311 729 1
308 725 1
296 726 1
275 730 1
234 769 1
204 806 1
190 834 1
184 855 1
189 871 1
209 884 1
247 895 1
299 904 1
339 913 1
361 926 1
359 953 1
335 997 1
281 1059 1
221 1124 1
166 1181 1
139 1208 1
124 1222 1
118 1228 1
119 1227 1
119 1225 1
120 1223 1
122 1219 1
122 1220 0
486 1073 1
486 1071 1
486 1061 1
489 1038 1
496 1000 1
506 944 1
519 888 1
540 808 1
559 743 1
569 701 1
572 681 1
574 670 1
573 666 1
571 666 1
567 667 1
546 683 1
525 709 1
510 737 1
506 759 1
510 777 1
533 793 1
569 807 1
608 821 1
628 832 1
636 849 1
607 894 1
548 961 1
475 1034 1
418 1091 1
375 1134 1
359 1152 1
352 1161 1
351 1163 1
355 1163 1
354 1163 0
755 918 1
759 895 1
768 848 1
782 787 1
797 720 1
813 630 1
818 584 1
817 565 1
812 552 1
804 548 1
781 558 1
751 579 1
723 611 1
705 641 1
701 666 1
717 685 1
750 704 1
804 718 1
874 726 1
921 735 1
931 743 1
930 758 1
902 792 1
845 848 1
765 916 1
699 970 1
656 1006 1
634 1025 1
631 1029 1
629 1032 1
631 1030 0
