962 584 1
962 584 1
962 584 1
962 584 1
963 585 1
966 590 1
971 599 1
977 609 1
983 627 1
990 646 1
993 666 1
997 692 1
1000 716 1
1000 737 1
997 770 1
990 787 1
975 805 1
957 823 1
931 839 1
904 852 1
878 862 1
857 865 1
840 868 1
832 868 1
828 867 1
825 867 1
823 865 1
824 862 1
825 858 1
831 855 1
842 851 1
853 850 1
865 850 1
876 851 1
883 853 1
890 861 1
896 873 1
897 895 1
895 920 1
888 949 1
873 978 1
855 1007 1
834 1029 1
814 1046 1
799 1055 1
806 1051 0
649 704 1
649 704 1
649 705 1
650 707 1
655 718 1
663 732 1
675 749 1
688 768 1
702 786 1
716 805 1
728 822 1
736 840 1
741 869 1
738 890 1
724 914 1
706 937 1
685 958 1
668 971 1
654 978 1
644 984 1
636 985 1
630 986 1
628 984 1
626 980 1
629 975 1
633 969 1
640 963 1
647 958 1
654 955 1
661 956 1
668 958 1
675 965 1
680 976 1
683 992 1
680 1015 1
661 1052 1
634 1092 1
598 1130 1
563 1162 1
565 1161 0
392 819 1
392 819 1
392 819 1
392 819 1
393 822 1
397 829 1
404 840 1
414 854 1
428 874 1
445 895 1
459 915 1
474 934 1
487 952 1
498 972 1
500 982 1
500 996 1
490 1012 1
476 1030 1
451 1047 1
424 1061 1
398 1071 1
382 1073 1
371 1075 1
363 1073 1
358 1070 1
356 1065 1
359 1057 1
364 1049 1
371 1042 1
383 1038 1
394 1036 1
406 1041 1
416 1049 1
425 1064 1
430 1085 1
431 1111 1
421 1147 1
404 1180 1
383 1216 1
357 1242 1
346 1254 1
355 1245 0
200 975 1
200 976 1
202 983 1
209 997 1
219 1013 1
234 1032 1
247 1049 1
262 1066 1
275 1081 1
288 1096 1
299 1110 1
306 1120 1
311 1128 1
312 1147 1
302 1163 1
284 1183 1
257 1205 1
230 1221 1
206 1234 1
189 1239 1
175 1243 1
165 1243 1
157 1240 1
152 1233 1
151 1223 1
152 1211 1
156 1199 1
162 1190 1
169 1182 1
178 1179 1
186 1176 1
195 1178 1
202 1182 1
209 1189 1
213 1206 1
212 1232 1
198 1277 1
173 1335 1
141 1400 1
104 1465 1
72 1524 1
80 1511 0
