57 1237 1
57 1237 1
57 1237 1
57 1237 1
57 1237 1
57 1237 1
57 1237 1
57 1237 1
57 1237 1
57 1233 1
57 1229 1
58 1221 1
61 1212 1
63 1201 1
65 1190 1
67 1178 1
70 1165 1
75 1150 1
79 1134 1
85 1120 1
92 1106 1
101 1090 1
114 1063 1
119 1048 1
124 1036 1
128 1022 1
132 1011 1
134 999 1
136 988 1
137 977 1
139 965 1
139 952 1
138 938 1
138 926 1
136 915 1
134 903 1
132 892 1
129 883 1
126 874 1
124 868 1
120 863 1
117 858 1
115 855 1
113 853 1
112 851 1
112 851 1
110 849 1
110 849 1
110 850 1
108 850 1
108 850 1
108 850 1
106 851 1
106 852 1
104 859 1
105 872 1
108 888 1
112 907 1
114 927 1
117 944 1
121 959 1
123 972 1
126 988 1
128 1003 1
129 1016 1
129 1027 1
129 1034 1
129 1043 1
129 1052 1
129 1061 1
129 1073 1
129 1084 1
129 1094 1
129 1102 1
130 1110 1
130 1117 1
131 1127 1
133 1135 1
135 1146 1
139 1157 1
143 1168 1
146 1178 1
149 1186 1
152 1191 1
154 1196 1
155 1200 1
156 1201 1
158 1204 1
158 1205 1
160 1207 1
161 1208 1
161 1208 1
163 1209 1
166 1207 1
170 1203 1
175 1197 1
183 1185 1
192 1171 1
201 1152 1
211 1128 1
219 1105 1
226 1082 1
232 1060 1
236 1041 1
241 1023 1
244 1006 1
248 992 1
250 979 1
252 967 1
254 955 1
255 944 1
256 934 1
256 926 1
256 916 1
255 908 1
253 901 1
252 896 1
252 891 1
250 886 1
249 884 1
247 882 1
248 880 1
247 880 1
245 880 1
246 879 1
246 879 1
244 880 1
242 883 1
238 888 1
235 897 1
232 906 1
229 918 1
226 931 1
223 945 1
221 960 1
220 975 1
218 989 1
218 1004 1
218 1019 1
219 1032 1
219 1044 1
221 1055 1
222 1066 1
225 1076 1
228 1088 1
230 1099 1
233 1109 1
235 1117 1
238 1124 1
242 1133 1
245 1142 1
248 1152 1
253 1161 1
256 1169 1
260 1178 1
262 1183 1
265 1187 1
267 1192 1
269 1195 1
270 1196 1
271 1198 1
273 1200 1
273 1201 1
275 1201 1
276 1201 1
280 1197 1
285 1190 1
294 1179 1
306 1156 1
321 1131 1
335 1104 1
347 1076 1
356 1053 1
362 1032 1
368 1013 1
370 997 1
372 982 1
373 967 1
374 953 1
374 939 1
373 924 1
372 910 1
370 897 1
368 888 1
366 879 1
364 873 1
363 869 1
361 864 1
361 862 1
359 860 1
360 859 1
360 859 1
360 859 1
360 859 1
360 859 1
360 859 1
360 859 1
359 859 1
357 861 1
355 864 1
353 869 1
350 877 1
346 886 1
343 897 1
339 909 1
337 921 1
335 937 1
333 952 1
333 967 1
334 981 1
335 995 1
336 1010 1
339 1025 1
343 1037 1
346 1048 1
350 1060 1
354 1072 1
359 1085 1
364 1098 1
370 1111 1
376 1123 1
381 1135 1
387 1146 1
394 1157 1
399 1166 1
403 1173 1
406 1179 1
409 1183 1
410 1187 1
413 1189 1
414 1191 1
414 1192 1
416 1194 1
418 1195 1
420 1196 1
422 1196 1
426 1192 1
432 1186 1
439 1176 1
448 1163 1
458 1146 1
467 1128 1
475 1110 1
481 1090 1
486 1070 1
490 1051 1
492 1031 1
494 1012 1
495 992 1
495 972 1
495 953 1
492 934 1
490 917 1
489 902 1
487 890 1
484 880 1
483 874 1
481 869 1
480 865 1
479 863 1
479 860 1
478 860 1
476 858 1
476 858 1
476 858 1
476 858 1
476 858 1
476 858 1
476 858 1
476 858 1
476 858 1
475 861 1
474 863 1
472 869 1
470 878 1
467 888 1
466 899 1
464 912 1
462 928 1
461 943 1
459 959 1
460 974 1
460 987 1
460 1003 1
460 1016 1
461 1030 1
462 1042 1
463 1052 1
466 1062 1
469 1072 1
472 1082 1
475 1091 1
477 1100 1
480 1108 1
483 1116 1
486 1124 1
490 1131 1
493 1139 1
496 1147 1
500 1156 1
505 1165 1
507 1172 1
510 1179 1
513 1184 1
515 1188 1
517 1192 1
518 1194 1
519 1197 1
521 1200 1
522 1201 1
523 1203 1
525 1204 1
527 1205 1
529 1204 1
532 1203 1
536 1199 1
542 1192 1
550 1179 1
558 1163 1
568 1144 1
574 1125 1
580 1107 1
583 1091 1
585 1076 1
585 1062 1
584 1050 1
582 1036 1
581 1019 1
580 1002 1
578 984 1
576 965 1
574 947 1
573 933 1
571 919 1
568 908 1
567 901 1
567 894 1
565 890 1
564 887 1
564 884 1
563 883 1
563 883 1
563 883 1
563 883 1
563 883 1
563 883 1
563 883 1
563 883 1
563 883 1
562 886 1
560 891 1
559 896 1
557 906 1
555 916 1
554 931 1
552 946 1
553 963 1
553 979 1
554 994 1
555 1009 1
558 1023 1
560 1035 1
563 1044 1
566 1054 1
569 1061 1
571 1069 1
576 1078 1
579 1087 1
582 1095 1
586 1104 1
588 1111 1
591 1120 1
595 1126 1
598 1133 1
602 1143 1
604 1151 1
607 1160 1
609 1167 1
612 1174 1
613 1180 1
614 1183 1
616 1186 1
617 1189 1
618 1191 1
618 1193 1
619 1194 1
620 1196 1
621 1197 1
623 1197 1
625 1195 1
633 1188 1
641 1179 1
654 1160 1
667 1140 1
678 1116 1
689 1090 1
696 1065 1
701 1044 1
706 1021 1
707 1001 1
709 980 1
709 959 1
707 939 1
706 919 1
703 901 1
701 885 1
699 873 1
698 862 1
697 853 1
695 847 1
694 843 1
694 839 1
692 838 1
692 837 1
692 837 1
692 837 1
692 837 1
692 837 1
692 837 1
690 838 1
688 840 1
687 843 1
684 849 1
681 856 1
679 866 1
676 879 1
674 894 1
673 907 1
672 924 1
672 939 1
673 954 1
676 967 1
678 979 1
681 988 1
683 997 1
686 1007 1
688 1018 1
691 1028 1
694 1038 1
697 1047 1
698 1056 1
701 1066 1
704 1077 1
706 1089 1
709 1100 1
710 1112 1
711 1121 1
713 1130 1
714 1138 1
716 1145 1
717 1154 1
718 1160 1
719 1166 1
720 1171 1
721 1175 1
721 1178 1
722 1180 1
723 1183 1
723 1183 1
724 1185 1
725 1186 1
727 1184 1
730 1183 1
736 1176 1
746 1166 1
758 1148 1
771 1127 1
783 1103 1
794 1076 1
804 1050 1
811 1024 1
817 1000 1
821 978 1
823 958 1
825 938 1
826 919 1
827 902 1
825 885 1
824 872 1
822 861 1
820 851 1
818 844 1
815 837 1
813 832 1
810 828 1
808 826 1
807 824 1
805 822 1
805 822 1
805 822 1
805 822 1
804 823 1
802 824 1
800 827 1
797 831 1
795 836 1
792 844 1
789 850 1
788 860 1
785 871 1
783 885 1
782 900 1
782 915 1
782 928 1
782 943 1
784 957 1
785 970 1
787 984 1
787 996 1
789 1011 1
791 1024 1
793 1036 1
795 1048 1
797 1059 1
800 1072 1
803 1085 1
806 1097 1
809 1108 1
811 1118 1
813 1125 1
815 1130 1
816 1134 1
818 1139 1
819 1141 1
820 1144 1
822 1147 1
822 1148 1
823 1150 1
824 1151 1
824 1151 1
825 1151 1
828 1150 1
833 1147 1
839 1143 1
848 1132 1
860 1119 1
870 1103 1
880 1085 1
890 1064 1
899 1041 1
908 1018 1
914 995 1
919 975 1
923 952 1
926 931 1
928 910 1
929 889 1
930 869 1
930 851 1
929 835 1
927 823 1
925 811 1
923 802 1
921 794 1
919 789 1
917 785 1
917 783 1
915 781 1
915 781 1
915 781 1
915 781 1
915 781 1
915 781 1
913 782 1
912 785 1
908 790 1
906 797 1
901 808 1
896 821 1
893 835 1
890 852 1
888 870 1
888 890 1
889 911 1
890 933 1
893 955 1
896 978 1
899 998 1
902 1019 1
906 1036 1
912 1054 1
917 1066 1
924 1077 1
932 1087 1
943 1096 1
954 1105 1
965 1112 1
976 1119 1
986 1125 1
994 1128 1
1003 1132 1
1010 1134 1
1016 1136 1
1019 1137 1
1017 1137 0
