819 510 1
819 510 1
819 510 1
819 510 1
818 510 1
815 511 1
808 515 1
796 523 1
779 534 1
760 547 1
740 560 1
720 573 1
699 584 1
680 595 1
648 613 1
626 625 1
603 639 1
582 652 1
561 665 1
542 680 1
523 696 1
505 712 1
487 729 1
470 746 1
452 765 1
436 784 1
420 803 1
405 822 1
390 843 1
371 866 1
350 891 1
330 916 1
313 939 1
295 961 1
277 982 1
259 1006 1
243 1028 1
225 1053 1
210 1077 1
194 1103 1
181 1132 1
169 1161 1
158 1192 1
148 1224 1
140 1260 1
133 1296 1
127 1332 1
123 1371 1
122 1407 1
123 1441 1
126 1470 1
133 1500 1
144 1528 1
159 1551 1
174 1570 1
196 1590 1
219 1606 1
244 1618 1
270 1625 1
301 1629 1
334 1628 1
370 1620 1
406 1607 1
444 1588 1
482 1567 1
520 1540 1
553 1511 1
582 1485 1
606 1461 1
627 1435 1
649 1405 1
672 1371 1
688 1339 1
701 1308 1
710 1275 1
719 1244 1
728 1213 1
737 1189 1
747 1168 1
755 1146 1
767 1120 1
782 1094 1
798 1068 1
814 1044 1
831 1019 1
848 992 1
863 966 1
880 937 1
896 908 1
913 876 1
928 843 1
942 808 1
955 773 1
965 740 1
972 709 1
977 679 1
981 649 1
983 618 1
984 585 1
984 550 1
984 516 1
980 489 1
977 466 1
972 451 1
967 439 1
962 431 1
956 426 1
949 423 1
940 421 1
926 420 1
908 424 1
886 432 1
861 443 1
833 456 1
806 471 1
778 487 1
751 502 1
722 518 1
692 535 1
661 552 1
631 570 1
596 589 1
562 608 1
528 627 1
495 646 1
462 666 1
430 687 1
400 709 1
372 732 1
346 758 1
322 784 1
301 811 1
279 844 1
259 879 1
244 914 1
231 948 1
217 981 1
203 1014 1
190 1048 1
176 1081 1
163 1114 1
149 1147 1
136 1178 1
124 1210 1
113 1241 1
104 1270 1
97 1300 1
93 1328 1
91 1356 1
91 1384 1
91 1409 1
94 1432 1
101 1454 1
111 1478 1
125 1502 1
141 1524 1
162 1541 1
185 1554 1
210 1561 1
238 1564 1
272 1560 1
306 1550 1
342 1536 1
375 1520 1
411 1500 1
446 1476 1
483 1449 1
519 1416 1
557 1373 1
596 1328 1
633 1284 1
666 1242 1
695 1202 1
721 1164 1
746 1125 1
768 1092 1
784 1062 1
796 1036 1
807 1008 1
816 980 1
824 950 1
832 922 1
837 899 1
843 878 1
850 858 1
856 836 1
865 810 1
876 781 1
888 749 1
901 718 1
914 688 1
927 659 1
940 632 1
953 604 1
964 577 1
973 553 1
980 533 1
984 514 1
988 497 1
988 481 1
986 464 1
981 444 1
973 426 1
959 409 1
943 396 1
923 387 1
902 382 1
877 384 1
848 391 1
815 405 1
779 424 1
745 447 1
714 473 1
686 500 1
658 529 1
630 560 1
599 592 1
568 624 1
535 656 1
501 685 1
468 713 1
434 740 1
399 768 1
361 798 1
325 830 1
291 862 1
259 894 1
230 929 1
207 963 1
188 1000 1
169 1040 1
151 1079 1
136 1119 1
124 1159 1
116 1198 1
108 1240 1
101 1282 1
97 1322 1
97 1363 1
97 1398 1
102 1430 1
108 1457 1
116 1484 1
128 1509 1
146 1534 1
165 1556 1
192 1573 1
218 1585 1
248 1593 1
280 1595 1
315 1590 1
353 1581 1
395 1560 1
436 1534 1
477 1507 1
514 1477 1
551 1447 1
587 1411 1
619 1372 1
650 1334 1
677 1291 1
702 1249 1
725 1210 1
744 1173 1
760 1138 1
777 1106 1
792 1076 1
808 1045 1
825 1012 1
841 979 1
857 945 1
872 915 1
887 886 1
902 854 1
916 822 1
932 788 1
944 752 1
956 718 1
966 683 1
973 649 1
981 615 1
985 582 1
987 550 1
985 521 1
981 494 1
973 470 1
963 448 1
949 428 1
933 410 1
915 397 1
893 389 1
866 385 1
836 387 1
804 395 1
769 410 1
733 428 1
699 450 1
666 473 1
634 498 1
598 525 1
563 555 1
528 585 1
491 615 1
456 643 1
424 669 1
391 696 1
357 723 1
325 750 1
295 776 1
268 801 1
245 824 1
224 848 1
204 873 1
185 903 1
167 934 1
149 970 1
133 1007 1
120 1043 1
111 1078 1
103 1110 1
97 1141 1
91 1174 1
88 1208 1
85 1242 1
83 1278 1
83 1312 1
85 1344 1
88 1373 1
96 1401 1
105 1429 1
117 1456 1
130 1479 1
145 1500 1
161 1520 1
180 1535 1
200 1547 1
223 1554 1
248 1556 1
275 1554 1
307 1545 1
339 1532 1
372 1517 1
406 1499 1
438 1480 1
470 1457 1
501 1429 1
533 1397 1
561 1363 1
589 1332 1
612 1304 1
634 1278 1
656 1251 1
678 1221 1
700 1189 1
721 1157 1
743 1125 1
765 1093 1
786 1063 1
804 1033 1
821 1006 1
841 972 1
858 941 1
874 910 1
891 878 1
907 848 1
922 817 1
934 789 1
946 760 1
956 730 1
965 694 1
973 656 1
978 617 1
981 582 1
982 552 1
980 524 1
976 498 1
970 473 1
962 450 1
954 434 1
944 422 1
932 413 1
918 409 1
903 407 1
885 409 1
861 416 1
833 426 1
800 439 1
765 454 1
731 471 1
698 487 1
665 503 1
634 517 1
600 532 1
566 546 1
531 561 1
499 573 1
468 587 1
437 602 1
408 617 1
383 633 1
356 650 1
329 667 1
301 687 1
274 708 1
245 733 1
217 759 1
192 783 1
168 807 1
145 831 1
125 860 1
104 892 1
86 927 1
75 966 1
69 1005 1
65 1044 1
64 1082 1
62 1115 1
61 1145 1
62 1178 1
62 1214 1
63 1251 1
67 1288 1
72 1322 1
79 1352 1
87 1382 1
99 1410 1
112 1436 1
125 1459 1
140 1481 1
156 1503 1
172 1526 1
190 1544 1
207 1560 1
226 1571 1
246 1580 1
268 1586 1
295 1588 1
325 1586 1
359 1577 1
395 1560 1
432 1538 1
468 1514 1
503 1490 1
536 1466 1
569 1441 1
602 1413 1
637 1384 1
671 1351 1
706 1318 1
733 1288 1
760 1258 1
784 1229 1
806 1199 1
825 1170 1
843 1143 1
859 1113 1
874 1080 1
889 1048 1
901 1013 1
911 978 1
918 941 1
924 901 1
927 862 1
932 822 1
936 783 1
938 748 1
943 718 1
948 687 1
953 656 1
958 624 1
964 589 1
971 556 1
976 524 1
979 496 1
981 471 1
983 448 1
983 423 1
983 400 1
980 380 1
975 361 1
967 346 1
956 334 1
943 324 1
927 318 1
907 317 1
880 319 1
845 329 1
810 343 1
776 364 1
741 386 1
704 411 1
667 436 1
630 461 1
596 485 1
562 508 1
528 533 1
496 557 1
461 581 1
427 608 1
395 633 1
362 662 1
331 689 1
302 718 1
274 746 1
248 774 1
226 802 1
209 825 1
194 852 1
181 881 1
170 917 1
160 956 1
150 996 1
139 1033 1
128 1065 1
118 1096 1
110 1125 1
102 1154 1
96 1188 1
91 1225 1
88 1262 1
87 1299 1
87 1334 1
88 1365 1
91 1393 1
96 1419 1
104 1441 1
114 1465 1
128 1490 1
148 1519 1
171 1546 1
197 1572 1
222 1593 1
248 1610 1
272 1622 1
296 1630 1
321 1635 1
347 1636 1
375 1633 1
406 1622 1
436 1609 1
466 1595 1
494 1576 1
522 1554 1
551 1529 1
579 1503 1
607 1476 1
636 1445 1
664 1412 1
691 1378 1
715 1346 1
738 1312 1
760 1276 1
782 1242 1
804 1209 1
822 1180 1
839 1154 1
853 1130 1
866 1109 1
878 1087 1
890 1064 1
903 1042 1
914 1021 1
923 1001 1
933 980 1
941 960 1
949 938 1
957 915 1
963 884 1
970 849 1
978 814 1
984 778 1
990 747 1
995 713 1
999 676 1
1004 639 1
1007 602 1
1008 572 1
1010 547 1
1010 528 1
1011 510 1
1012 492 1
1012 471 1
1012 447 1
1009 421 1
1007 394 1
1004 368 1
1000 344 1
995 323 1
990 305 1
985 291 1
978 278 1
969 267 1
958 257 1
944 248 1
926 242 1
904 239 1
878 239 1
848 243 1
817 250 1
782 263 1
749 277 1
713 299 1
679 320 1
645 343 1
614 367 1
584 392 1
554 417 1
524 442 1
497 465 1
469 489 1
442 512 1
416 536 1
391 561 1
366 587 1
341 613 1
317 643 1
291 673 1
267 707 1
244 741 1
223 776 1
205 808 1
187 841 1
172 877 1
156 916 1
143 959 1
132 1006 1
120 1049 1
107 1089 1
97 1120 1
89 1148 1
83 1177 1
77 1208 1
74 1239 1
71 1270 1
71 1300 1
74 1332 1
78 1362 1
84 1393 1
92 1421 1
102 1448 1
114 1476 1
129 1507 1
145 1536 1
160 1561 1
176 1583 1
192 1603 1
210 1617 1
230 1629 1
251 1636 1
274 1641 1
298 1644 1
324 1644 1
350 1639 1
378 1631 1
404 1617 1
430 1601 1
456 1584 1
483 1561 1
510 1536 1
538 1505 1
566 1477 1
593 1450 1
619 1424 1
643 1400 1
667 1376 1
690 1353 1
711 1330 1
731 1310 1
748 1289 1
765 1267 1
782 1243 1
801 1216 1
819 1191 1
833 1169 1
846 1148 1
858 1129 1
868 1110 1
878 1090 1
888 1069 1
899 1048 1
907 1025 1
915 1002 1
923 979 1
931 956 1
940 933 1
949 910 1
957 887 1
966 864 1
974 842 1
983 818 1
993 795 1
1000 772 1
1007 746 1
1012 719 1
1017 691 1
1020 662 1
1023 639 1
1024 624 1
1024 614 1
1025 607 1
1025 600 1
1025 592 1
1024 580 1
1020 562 1
1014 538 1
1006 505 1
998 465 1
990 419 1
981 372 1
971 328 1
963 295 1
952 268 1
942 247 1
933 232 1
923 218 1
912 210 1
901 204 1
888 200 1
872 200 1
850 203 1
822 213 1
789 229 1
755 251 1
719 276 1
683 303 1
645 333 1
608 365 1
572 398 1
537 430 1
505 460 1
474 492 1
445 522 1
415 554 1
388 586 1
363 616 1
338 647 1
314 678 1
293 711 1
275 745 1
257 779 1
242 811 1
229 844 1
217 879 1
209 917 1
202 954 1
194 989 1
186 1019 1
176 1045 1
165 1071 1
155 1094 1
145 1115 1
135 1137 1
128 1160 1
123 1186 1
120 1219 1
119 1253 1
121 1289 1
126 1328 1
132 1363 1
139 1395 1
147 1422 1
156 1449 1
170 1474 1
189 1501 1
210 1527 1
234 1550 1
262 1573 1
292 1594 1
324 1610 1
355 1621 1
387 1626 1
419 1627 1
450 1619 1
484 1605 1
518 1587 1
552 1560 1
586 1529 1
617 1497 1
645 1460 1
672 1419 1
699 1366 1
724 1315 1
745 1269 1
762 1234 1
776 1203 1
788 1175 1
798 1151 1
809 1127 1
821 1102 1
832 1074 1
842 1047 1
854 1021 1
864 995 1
874 969 1
886 939 1
898 906 1
910 874 1
922 842 1
934 810 1
945 782 1
956 756 1
966 727 1
978 697 1
989 666 1
997 637 1
1006 606 1
1012 578 1
1016 554 1
1019 532 1
1021 508 1
1022 484 1
1024 456 1
1024 428 1
1024 401 1
1024 376 1
1020 356 1
1017 337 1
1011 321 1
1004 305 1
995 291 1
982 278 1
969 268 1
954 261 1
937 257 1
918 254 1
895 255 1
870 258 1
843 266 1
816 278 1
792 291 1
763 311 1
735 333 1
709 357 1
684 380 1
659 406 1
631 436 1
600 467 1
571 499 1
543 529 1
517 560 1
490 591 1
462 624 1
431 660 1
401 696 1
373 733 1
347 767 1
323 799 1
301 832 1
278 867 1
256 901 1
238 932 1
224 961 1
212 989 1
200 1017 1
190 1044 1
180 1072 1
173 1098 1
167 1123 1
162 1151 1
158 1180 1
154 1210 1
152 1242 1
151 1275 1
149 1309 1
148 1343 1
149 1375 1
150 1406 1
152 1437 1
156 1467 1
162 1495 1
170 1524 1
178 1549 1
189 1570 1
202 1589 1
218 1606 1
236 1618 1
255 1626 1
281 1630 1
309 1627 1
340 1616 1
376 1597 1
409 1572 1
444 1542 1
475 1511 1
505 1478 1
533 1446 1
559 1412 1
587 1375 1
615 1333 1
645 1290 1
673 1250 1
700 1214 1
725 1182 1
745 1155 1
764 1129 1
784 1101 1
804 1069 1
825 1037 1
845 1003 1
861 973 1
877 941 1
889 910 1
902 876 1
915 840 1
925 806 1
934 771 1
943 736 1
951 703 1
958 671 1
964 642 1
970 610 1
974 578 1
979 548 1
982 518 1
986 490 1
988 463 1
989 437 1
989 412 1
986 386 1
983 363 1
979 347 1
974 332 1
968 324 1
958 315 1
946 310 1
928 308 1
908 309 1
882 316 1
850 327 1
815 341 1
778 360 1
740 381 1
703 402 1
666 422 1
631 442 1
599 459 1
568 478 1
536 499 1
503 521 1
470 544 1
438 569 1
411 593 1
385 619 1
361 646 1
338 679 1
314 712 1
297 747 1
279 781 1
263 817 1
248 854 1
235 891 1
225 929 1
216 968 1
206 1008 1
199 1044 1
191 1081 1
185 1111 1
182 1138 1
180 1163 1
181 1186 1
183 1205 1
186 1225 1
191 1245 1
198 1266 1
208 1289 1
220 1314 1
234 1340 1
252 1366 1
269 1389 1
285 1410 1
302 1426 1
322 1444 1
339 1457 1
359 1469 1
379 1477 1
402 1481 1
430 1480 1
461 1474 1
491 1462 1
519 1446 1
547 1425 1
576 1397 1
605 1363 1
635 1322 1
666 1276 1
695 1227 1
722 1181 1
746 1135 1
769 1099 1
789 1065 1
808 1031 1
828 994 1
845 957 1
860 921 1
874 887 1
885 858 1
893 830 1
902 802 1
910 771 1
918 740 1
926 706 1
930 673 1
933 640 1
935 611 1
936 592 1
934 576 1
932 564 1
929 554 1
926 546 1
920 540 1
913 534 1
904 529 1
890 525 1
873 525 1
847 529 1
817 537 1
785 550 1
755 564 1
724 578 1
693 593 1
659 609 1
622 627 1
584 646 1
550 667 1
514 691 1
479 714 1
446 738 1
415 762 1
385 787 1
358 813 1
331 839 1
306 864 1
281 892 1
260 919 1
241 947 1
224 975 1
210 1002 1
194 1031 1
178 1059 1
164 1088 1
151 1114 1
139 1141 1
128 1169 1
118 1200 1
110 1235 1
103 1274 1
99 1311 1
95 1351 1
93 1389 1
93 1420 1
93 1446 1
96 1466 1
101 1489 1
112 1513 1
124 1538 1
141 1560 1
161 1579 1
183 1595 1
207 1607 1
235 1612 1
265 1607 1
297 1596 1
334 1570 1
371 1536 1
408 1497 1
444 1458 1
479 1420 1
511 1386 1
546 1347 1
584 1304 1
622 1259 1
657 1216 1
688 1177 1
719 1139 1
749 1101 1
774 1066 1
800 1030 1
825 995 1
848 959 1
873 921 1
895 883 1
914 848 1
932 816 1
948 788 1
961 762 1
975 734 1
988 703 1
997 671 1
1005 639 1
1010 608 1
1013 579 1
1015 552 1
1015 529 1
1013 506 1
1011 488 1
1005 472 1
998 461 1
988 453 1
976 446 1
960 444 1
941 445 1
919 450 1
900 455 1
877 466 1
856 476 1
836 487 1
816 500 1
797 510 1
776 523 1
755 537 1
731 550 1
706 562 1
678 576 1
650 589 1
621 604 1
592 620 1
563 637 1
535 655 1
508 674 1
479 696 1
451 719 1
427 741 1
403 763 1
383 786 1
365 808 1
347 828 1
332 849 1
318 870 1
304 892 1
290 913 1
278 935 1
265 959 1
252 983 1
242 1007 1
231 1032 1
220 1057 1
208 1084 1
197 1113 1
187 1144 1
178 1174 1
170 1203 1
166 1231 1
162 1260 1
160 1283 1
160 1307 1
160 1328 1
163 1347 1
166 1367 1
173 1386 1
180 1404 1
190 1423 1
200 1440 1
212 1456 1
226 1470 1
240 1483 1
256 1495 1
271 1504 1
289 1510 1
306 1513 1
328 1510 1
352 1503 1
377 1488 1
404 1470 1
431 1451 1
458 1427 1
485 1399 1
518 1360 1
549 1322 1
580 1285 1
609 1251 1
639 1217 1
665 1187 1
692 1157 1
719 1126 1
743 1095 1
765 1065 1
788 1035 1
808 1007 1
826 979 1
840 953 1
854 929 1
866 906 1
877 880 1
888 854 1
897 826 1
906 798 1
913 773 1
920 749 1
927 726 1
933 704 1
942 680 1
949 656 1
955 633 1
959 613 1
961 595 1
962 577 1
960 563 1
957 546 1
951 529 1
944 512 1
935 494 1
925 478 1
914 463 1
900 448 1
885 436 1
869 427 1
851 419 1
829 415 1
804 413 1
778 414 1
743 419 1
710 428 1
674 441 1
639 454 1
604 468 1
571 482 1
538 495 1
509 507 1
482 517 1
456 528 1
429 540 1
404 552 1
379 565 1
355 576 1
335 587 1
316 596 1
302 605 1
294 610 1
288 614 1
284 615 1
283 616 1
281 617 1
282 614 1
286 607 1
293 598 1
304 585 1
314 572 1
322 564 1
328 557 1
332 553 1
334 551 1
336 549 1
337 549 1
337 549 1
337 549 1
336 552 1
333 558 1
326 570 1
319 585 1
309 604 1
296 628 1
283 654 1
270 684 1
257 714 1
246 744 1
236 773 1
227 800 1
216 826 1
207 852 1
198 877 1
192 902 1
186 928 1
179 955 1
172 987 1
164 1018 1
155 1047 1
145 1073 1
136 1097 1
129 1120 1
123 1141 1
119 1162 1
116 1183 1
115 1202 1
115 1222 1
116 1245 1
118 1268 1
121 1293 1
125 1317 1
130 1341 1
136 1365 1
144 1386 1
153 1408 1
163 1427 1
176 1447 1
190 1466 1
206 1486 1
225 1505 1
245 1525 1
266 1542 1
288 1554 1
314 1564 1
339 1569 1
365 1572 1
396 1564 1
426 1551 1
459 1528 1
492 1502 1
523 1476 1
552 1450 1
581 1424 1
611 1391 1
642 1355 1
673 1315 1
698 1277 1
722 1242 1
743 1210 1
763 1180 1
779 1154 1
796 1124 1
812 1097 1
826 1070 1
842 1043 1
856 1017 1
872 991 1
888 966 1
902 944 1
916 922 1
931 901 1
946 879 1
961 856 1
974 834 1
987 810 1
997 786 1
1006 761 1
1012 736 1
1017 709 1
1020 677 1
1024 646 1
1026 614 1
1028 583 1
1030 551 1
1032 520 1
1033 490 1
1034 460 1
1034 432 1
1033 403 1
1033 375 1
1030 353 1
1027 333 1
1023 318 1
1018 306 1
1013 296 1
1006 289 1
999 283 1
989 277 1
974 272 1
955 269 1
934 268 1
908 269 1
880 272 1
849 276 1
816 283 1
781 291 1
747 299 1
712 309 1
681 318 1
644 332 1
609 347 1
575 365 1
541 383 1
509 403 1
475 423 1
444 444 1
416 466 1
387 488 1
361 512 1
337 534 1
315 559 1
297 582 1
278 609 1
259 639 1
241 669 1
223 701 1
205 733 1
189 765 1
176 796 1
164 823 1
152 850 1
143 878 1
133 909 1
125 941 1
118 976 1
112 1011 1
107 1043 1
101 1070 1
94 1093 1
90 1114 1
85 1134 1
82 1156 1
80 1181 1
78 1213 1
77 1246 1
75 1280 1
75 1308 1
73 1332 1
75 1352 1
78 1371 1
82 1388 1
91 1409 1
101 1431 1
116 1454 1
132 1476 1
149 1497 1
170 1518 1
191 1536 1
213 1550 1
235 1560 1
255 1568 1
276 1574 1
299 1577 1
325 1579 1
354 1577 1
384 1572 1
419 1556 1
454 1537 1
490 1512 1
526 1486 1
562 1458 1
596 1430 1
633 1398 1
673 1361 1
711 1322 1
748 1281 1
781 1238 1
812 1197 1
835 1163 1
858 1132 1
877 1101 1
894 1071 1
911 1037 1
928 1004 1
944 970 1
957 939 1
970 906 1
980 874 1
989 844 1
993 814 1
996 787 1
998 763 1
1000 739 1
1000 711 1
1002 681 1
1003 646 1
1005 611 1
1007 572 1
1008 535 1
1008 498 1
1006 464 1
1004 435 1
1000 407 1
996 384 1
989 361 1
979 343 1
966 328 1
949 315 1
930 305 1
902 297 1
875 291 1
839 291 1
800 295 1
758 303 1
715 318 1
672 332 1
632 349 1
592 367 1
556 386 1
518 408 1
483 429 1
454 449 1
425 470 1
399 491 1
376 511 1
356 531 1
340 551 1
322 572 1
308 592 1
295 617 1
283 642 1
271 666 1
257 696 1
245 724 1
235 752 1
226 778 1
216 803 1
207 827 1
199 852 1
192 879 1
185 907 1
178 939 1
168 974 1
158 1009 1
147 1041 1
137 1070 1
127 1099 1
122 1123 1
118 1147 1
116 1172 1
114 1195 1
116 1217 1
119 1240 1
123 1260 1
126 1278 1
132 1297 1
137 1316 1
145 1335 1
153 1356 1
163 1377 1
173 1396 1
184 1413 1
196 1430 1
209 1445 1
221 1460 1
234 1473 1
245 1484 1
258 1496 1
270 1508 1
284 1519 1
295 1530 1
305 1539 1
313 1544 1
320 1550 1
327 1553 1
332 1555 1
338 1558 1
345 1560 1
351 1561 1
360 1562 1
373 1559 1
388 1552 1
407 1541 1
428 1527 1
452 1511 1
476 1494 1
500 1476 1
522 1457 1
542 1439 1
564 1417 1
586 1395 1
608 1372 1
629 1349 1
646 1328 1
661 1309 1
675 1289 1
690 1269 1
704 1248 1
717 1227 1
729 1209 1
738 1194 1
745 1182 1
751 1171 1
757 1161 1
762 1148 1
769 1134 1
774 1122 1
781 1108 1
787 1097 1
794 1086 1
801 1074 1
808 1063 1
817 1049 1
827 1035 1
840 1019 1
852 1003 1
862 990 1
870 981 1
876 972 1
882 965 1
888 957 1
893 948 1
899 938 1
904 927 1
912 906 1
915 895 1
920 882 1
923 868 1
927 852 1
931 837 1
935 821 1
938 807 1
942 794 1
946 782 1
950 770 1
955 760 1
959 750 1
964 739 1
968 726 1
973 714 1
983 684 1
987 666 1
991 647 1
995 627 1
997 608 1
999 591 1
1001 576 1
1003 562 1
1004 551 1
1004 541 1
1006 520 1
1007 509 1
1007 500 1
1007 491 1
1006 481 1
1004 469 1
1002 455 1
999 440 1
996 425 1
990 408 1
984 391 1
979 374 1
972 359 1
966 345 1
959 333 1
952 322 1
945 314 1
939 307 1
933 303 1
926 299 1
918 296 1
898 295 1
884 295 1
869 298 1
853 303 1
835 310 1
816 319 1
797 329 1
775 339 1
757 349 1
738 360 1
721 370 1
705 381 1
690 390 1
677 399 1
664 408 1
650 418 1
635 425 1
620 433 1
603 442 1
587 451 1
571 462 1
555 473 1
537 486 1
498 518 1
478 535 1
458 554 1
440 571 1
422 588 1
405 606 1
388 623 1
371 640 1
353 660 1
334 680 1
317 698 1
299 718 1
282 735 1
265 754 1
249 772 1
232 791 1
217 809 1
202 825 1
190 842 1
177 859 1
164 878 1
151 900 1
138 926 1
127 954 1
119 987 1
114 1019 1
108 1048 1
103 1074 1
97 1097 1
93 1118 1
92 1140 1
92 1166 1
94 1193 1
102 1252 1
108 1285 1
115 1314 1
122 1344 1
130 1372 1
138 1395 1
146 1416 1
154 1436 1
163 1454 1
176 1472 1
189 1490 1
205 1509 1
221 1529 1
239 1544 1
257 1558 1
277 1569 1
297 1577 1
317 1583 1
340 1585 1
365 1584 1
394 1575 1
428 1558 1
463 1535 1
499 1507 1
532 1479 1
560 1455 1
587 1428 1
643 1365 1
671 1330 1
697 1295 1
723 1261 1
746 1229 1
766 1199 1
785 1171 1
804 1144 1
841 1089 1
859 1063 1
876 1038 1
894 1009 1
915 975 1
938 935 1
952 913 1
952 913 0
