623 998 1
623 998 1
623 998 1
623 998 1
623 998 1
623 998 1
623 998 1
621 998 1
621 998 1
618 999 1
615 1000 1
612 1002 1
610 1003 1
607 1004 1
605 1005 1
603 1006 1
600 1007 1
599 1007 1
597 1007 1
595 1005 1
594 1005 1
592 1002 1
591 1001 1
590 999 1
588 997 1
587 996 1
587 994 1
587 991 1
586 989 1
586 986 1
587 985 1
587 983 1
588 980 1
589 979 1
591 976 1
592 975 1
595 974 1
599 971 1
606 970 1
613 970 1
620 968 1
626 970 1
633 971 1
640 972 1
645 974 1
651 977 1
657 981 1
662 985 1
666 989 1
669 995 1
672 1000 1
675 1006 1
677 1013 1
680 1022 1
680 1030 1
681 1038 1
679 1047 1
675 1058 1
673 1069 1
666 1081 1
662 1092 1
657 1101 1
654 1106 1
651 1112 1
648 1116 1
644 1119 1
640 1122 1
633 1122 1
625 1122 1
615 1118 1
603 1114 1
590 1107 1
577 1099 1
564 1090 1
555 1082 1
546 1074 1
540 1068 1
534 1060 1
529 1052 1
525 1045 1
522 1035 1
519 1027 1
518 1017 1
518 1007 1
518 999 1
520 990 1
524 980 1
528 971 1
537 960 1
544 950 1
551 941 1
558 934 1
565 927 1
572 920 1
579 913 1
588 905 1
596 898 1
605 891 1
613 885 1
622 880 1
628 876 1
635 872 1
642 870 1
650 867 1
658 864 1
665 862 1
673 860 1
678 861 1
686 860 1
691 860 1
698 861 1
704 862 1
711 864 1
718 869 1
724 875 1
731 881 1
737 890 1
743 900 1
747 909 1
752 918 1
756 928 1
759 939 1
763 949 1
765 959 1
768 968 1
771 978 1
772 987 1
774 995 1
775 1005 1
776 1014 1
776 1024 1
776 1030 1
776 1038 1
776 1045 1
776 1051 1
774 1058 1
775 1063 1
775 1069 1
775 1075 1
774 1081 1
774 1088 1
774 1093 1
772 1099 1
773 1106 1
771 1110 1
769 1114 1
767 1120 1
763 1126 1
759 1133 1
753 1140 1
747 1147 1
739 1153 1
730 1160 1
720 1166 1
709 1171 1
698 1175 1
687 1180 1
678 1183 1
668 1184 1
659 1186 1
649 1188 1
640 1189 1
630 1190 1
620 1191 1
610 1191 1
600 1191 1
591 1190 1
581 1190 1
573 1188 1
564 1188 1
556 1188 1
549 1185 1
540 1182 1
531 1178 1
522 1175 1
513 1170 1
506 1166 1
498 1161 1
491 1157 1
482 1151 1
475 1145 1
467 1140 1
461 1133 1
454 1126 1
449 1120 1
445 1113 1
441 1105 1
438 1097 1
435 1089 1
432 1082 1
430 1073 1
431 1066 1
431 1055 1
432 1045 1
435 1038 1
435 1029 1
437 1022 1
439 1016 1
442 1009 1
443 1002 1
446 994 1
450 986 1
453 977 1
455 969 1
458 959 1
464 948 1
468 938 1
474 929 1
478 919 1
484 911 1
490 901 1
497 893 1
504 885 1
512 877 1
520 870 1
528 864 1
536 858 1
544 854 1
553 849 1
561 845 1
569 841 1
578 837 1
586 835 1
593 833 1
600 830 1
610 827 1
621 823 1
630 821 1
639 818 1
649 815 1
658 814 1
669 813 1
681 811 1
696 812 1
710 812 1
723 813 1
734 814 1
743 817 1
752 819 1
761 823 1
771 827 1
782 833 1
793 840 1
800 848 1
807 855 1
812 862 1
816 867 1
819 873 1
823 880 1
825 892 1
827 905 1
828 918 1
828 931 1
826 943 1
827 954 1
828 962 1
828 970 1
829 977 1
830 982 1
831 989 1
833 997 1
834 1006 1
836 1016 1
837 1026 1
838 1035 1
839 1042 1
840 1049 1
841 1056 1
842 1061 1
844 1070 1
847 1078 1
850 1086 1
853 1094 1
854 1101 1
857 1109 1
859 1114 1
861 1121 1
862 1127 1
864 1133 1
864 1142 1
861 1153 1
856 1168 1
847 1185 1
839 1200 1
829 1211 1
820 1221 1
812 1228 1
805 1234 1
798 1239 1
791 1243 1
782 1247 1
774 1251 1
765 1254 1
756 1257 1
744 1260 1
733 1263 1
721 1265 1
709 1267 1
699 1269 1
688 1270 1
678 1272 1
669 1273 1
657 1274 1
644 1276 1
632 1277 1
620 1279 1
610 1282 1
598 1282 1
587 1285 1
578 1285 1
569 1286 1
562 1286 1
555 1286 1
548 1284 1
540 1284 1
531 1282 1
523 1280 1
512 1278 1
502 1275 1
494 1271 1
487 1268 1
482 1266 1
474 1262 1
468 1258 1
460 1252 1
452 1246 1
445 1241 1
437 1235 1
432 1230 1
425 1224 1
419 1219 1
413 1213 1
407 1206 1
401 1199 1
396 1191 1
391 1183 1
387 1176 1
383 1168 1
378 1161 1
374 1154 1
370 1147 1
366 1139 1
362 1133 1
358 1125 1
353 1118 1
350 1110 1
346 1103 1
344 1095 1
342 1087 1
340 1080 1
338 1071 1
336 1064 1
335 1056 1
334 1048 1
332 1040 1
332 1033 1
332 1024 1
332 1016 1
332 1010 1
333 1003 1
334 996 1
336 989 1
338 982 1
340 975 1
343 968 1
345 961 1
348 955 1
351 950 1
354 943 1
358 937 1
362 931 1
365 924 1
369 918 1
373 911 1
379 903 1
386 893 1
392 884 1
399 877 1
405 869 1
409 862 1
415 855 1
419 849 1
425 842 1
429 835 1
435 829 1
441 823 1
445 817 1
452 810 1
457 805 1
464 798 1
470 792 1
477 788 1
484 782 1
494 777 1
507 770 1
522 763 1
535 755 1
546 749 1
556 745 1
563 741 1
570 738 1
576 735 1
583 733 1
590 731 1
596 728 1
602 725 1
609 724 1
618 722 1
627 719 1
635 718 1
643 716 1
650 717 1
655 715 1
659 713 1
665 713 1
672 713 1
680 711 1
689 711 1
697 711 1
705 710 1
713 710 1
719 708 1
727 709 1
735 709 1
743 708 1
752 709 1
760 709 1
768 711 1
775 712 1
783 715 1
793 719 1
803 725 1
814 730 1
822 735 1
831 741 1
839 747 1
848 753 1
856 760 1
863 767 1
870 775 1
876 782 1
882 788 1
887 794 1
891 801 1
897 809 1
902 817 1
908 827 1
911 837 1
917 847 1
921 856 1
926 867 1
931 878 1
936 893 1
939 907 1
940 917 1
941 927 1
941 937 1
939 946 1
937 954 1
936 963 1
934 973 1
933 982 1
933 995 1
931 1006 1
930 1018 1
930 1029 1
930 1039 1
932 1047 1
935 1056 1
940 1067 1
946 1079 1
950 1090 1
956 1099 1
960 1107 1
962 1112 1
965 1117 1
968 1121 1
970 1126 1
973 1132 1
975 1139 1
977 1148 1
978 1159 1
977 1173 1
975 1187 1
973 1199 1
969 1213 1
966 1226 1
962 1237 1
960 1247 1
957 1256 1
954 1262 1
951 1266 1
950 1269 1
947 1272 1
940 1278 1
926 1288 1
905 1300 1
879 1314 1
853 1325 1
832 1334 1
819 1339 1
809 1343 1
802 1346 1
796 1347 1
790 1350 1
783 1354 1
776 1358 1
766 1362 1
756 1369 1
743 1376 1
728 1385 1
713 1393 1
700 1400 1
688 1405 1
678 1410 1
670 1412 1
662 1414 1
657 1415 1
649 1415 1
643 1415 1
638 1414 1
633 1414 1
628 1412 1
620 1411 1
612 1409 1
603 1406 1
593 1403 1
583 1401 1
572 1398 1
560 1392 1
546 1388 1
532 1383 1
521 1379 1
512 1376 1
503 1374 1
497 1372 1
489 1371 1
480 1369 1
469 1367 1
457 1365 1
447 1364 1
437 1363 1
430 1361 1
422 1360 1
415 1358 1
405 1357 1
395 1355 1
385 1352 1
377 1350 1
372 1348 1
366 1345 1
362 1341 1
356 1336 1
348 1328 1
339 1317 1
332 1307 1
326 1300 1
322 1294 1
320 1290 1
317 1286 1
314 1282 1
309 1275 1
303 1267 1
295 1259 1
287 1249 1
278 1240 1
270 1232 1
263 1222 1
256 1214 1
249 1203 1
244 1190 1
238 1176 1
234 1164 1
231 1154 1
229 1145 1
226 1137 1
225 1130 1
224 1120 1
222 1110 1
223 1098 1
223 1085 1
223 1070 1
223 1056 1
223 1043 1
224 1034 1
225 1025 1
226 1017 1
228 1008 1
230 1000 1
231 994 1
233 988 1
234 983 1
234 978 1
239 971 1
248 956 1
260 941 1
271 926 1
278 916 1
284 908 1
287 903 1
289 899 1
291 897 1
293 894 1
295 890 1
298 884 1
302 878 1
306 870 1
311 862 1
316 852 1
322 843 1
329 833 1
336 820 1
348 808 1
359 793 1
371 778 1
383 763 1
392 751 1
400 742 1
408 733 1
413 726 1
419 720 1
426 712 1
436 704 1
447 692 1
457 683 1
467 675 1
475 668 1
482 663 1
489 658 1
496 654 1
503 649 1
511 645 1
519 641 1
528 636 1
535 630 1
543 626 1
548 622 1
554 617 1
559 615 1
562 612 1
566 611 1
567 609 1
570 607 1
573 605 1
575 602 1
578 601 1
580 598 1
586 595 1
592 592 1
605 588 1
624 586 1
646 585 1
666 585 1
684 588 1
700 593 1
712 597 1
727 602 1
742 607 1
763 614 1
783 621 1
803 628 1
818 636 1
830 643 1
841 650 1
849 656 1
859 663 1
867 670 1
876 678 1
886 686 1
894 697 1
902 707 1
910 716 1
919 726 1
925 734 1
934 743 1
941 752 1
948 762 1
955 772 1
962 781 1
967 791 1
971 801 1
977 813 1
980 827 1
984 841 1
986 856 1
988 872 1
990 887 1
992 900 1
993 912 1
993 925 1
995 938 1
995 952 1
996 963 1
996 973 1
996 981 1
996 988 1
996 997 1
996 1006 1
997 1017 1
998 1027 1
999 1036 1
1000 1046 1
1001 1056 1
1003 1069 1
1006 1085 1
1007 1100 1
1009 1117 1
1011 1134 1
1012 1150 1
1012 1166 1
1013 1180 1
1013 1190 1
1014 1200 1
1014 1211 1
1014 1221 1
1014 1232 1
1013 1242 1
1010 1253 1
1008 1264 1
1003 1279 1
996 1295 1
989 1310 1
982 1322 1
974 1333 1
964 1344 1
950 1358 1
935 1372 1
916 1387 1
900 1401 1
887 1410 1
875 1418 1
864 1425 1
853 1430 1
840 1436 1
827 1442 1
814 1447 1
803 1452 1
791 1458 1
780 1462 1
769 1467 1
757 1470 1
748 1474 1
738 1477 1
728 1479 1
717 1483 1
705 1486 1
692 1488 1
678 1491 1
661 1493 1
642 1496 1
626 1499 1
612 1502 1
600 1505 1
591 1506 1
583 1508 1
574 1510 1
567 1513 1
558 1516 1
548 1519 1
539 1524 1
531 1528 1
522 1533 1
513 1537 1
505 1540 1
496 1543 1
486 1546 1
475 1546 1
462 1545 1
446 1542 1
426 1535 1
400 1526 1
374 1514 1
352 1502 1
335 1492 1
324 1485 1
316 1481 1
310 1476 1
301 1471 1
290 1463 1
278 1452 1
264 1439 1
253 1430 1
244 1420 1
234 1410 1
223 1396 1
208 1377 1
193 1357 1
182 1334 1
171 1315 1
163 1299 1
157 1286 1
151 1271 1
144 1253 1
138 1232 1
132 1211 1
129 1194 1
126 1176 1
125 1160 1
126 1139 1
128 1119 1
133 1099 1
140 1080 1
140 1081 0
