182 1392 1
182 1389 1
183 1387 1
185 1381 1
188 1376 1
191 1369 1
196 1360 1
202 1349 1
211 1330 1
223 1310 1
235 1287 1
250 1262 1
264 1242 1
282 1215 1
293 1199 1
307 1181 1
319 1163 1
331 1147 1
342 1133 1
351 1119 1
358 1109 1
363 1099 1
367 1092 1
371 1083 1
374 1075 1
377 1066 1
380 1055 1
382 1044 1
383 1033 1
384 1023 1
384 1013 1
384 1004 1
382 996 1
381 988 1
380 980 1
377 973 1
373 969 1
367 964 1
358 959 1
341 955 1
326 956 1
307 957 1
282 965 1
259 977 1
237 997 1
218 1016 1
201 1036 1
191 1053 1
182 1067 1
178 1077 1
174 1088 1
170 1099 1
169 1110 1
166 1122 1
167 1133 1
167 1141 1
169 1150 1
173 1157 1
177 1163 1
181 1169 1
190 1174 1
199 1180 1
211 1184 1
224 1188 1
236 1191 1
247 1192 1
257 1195 1
268 1197 1
280 1200 1
292 1203 1
306 1206 1
318 1209 1
328 1212 1
338 1216 1
351 1218 1
362 1224 1
375 1228 1
386 1234 1
396 1239 1
404 1243 1
412 1248 1
419 1254 1
427 1259 1
435 1266 1
442 1273 1
448 1280 1
452 1287 1
455 1293 1
458 1299 1
459 1304 1
459 1309 1
459 1313 1
459 1319 1
454 1326 1
452 1332 1
444 1340 1
435 1349 1
423 1357 1
406 1365 1
388 1372 1
372 1377 1
355 1382 1
340 1386 1
323 1389 1
306 1390 1
280 1391 1
253 1392 1
231 1390 1
214 1390 1
201 1388 1
193 1387 1
187 1385 1
181 1382 1
175 1377 1
171 1373 1
168 1369 1
165 1364 1
164 1360 1
164 1355 1
164 1348 1
171 1333 1
187 1311 1
186 1314 0
596 1339 1
596 1339 1
596 1339 1
596 1339 1
596 1337 1
596 1337 1
598 1333 1
602 1326 1
607 1317 1
614 1304 1
623 1288 1
634 1272 1
645 1254 1
657 1234 1
670 1215 1
680 1197 1
698 1168 1
708 1150 1
720 1127 1
730 1106 1
739 1087 1
744 1072 1
752 1053 1
758 1033 1
765 1010 1
770 994 1
773 983 1
775 974 1
776 969 1
776 964 1
776 961 1
776 958 1
775 956 1
774 954 1
772 952 1
764 952 1
743 953 1
705 961 1
661 980 1
622 1001 1
601 1018 1
586 1031 1
575 1041 1
568 1051 1
564 1059 1
562 1068 1
562 1076 1
564 1084 1
572 1094 1
581 1104 1
595 1115 1
610 1126 1
628 1137 1
647 1146 1
665 1155 1
679 1163 1
692 1169 1
703 1174 1
716 1181 1
729 1187 1
743 1194 1
758 1201 1
771 1208 1
782 1214 1
792 1220 1
803 1226 1
811 1234 1
820 1243 1
826 1252 1
831 1260 1
835 1270 1
834 1285 1
829 1302 1
819 1323 1
806 1341 1
794 1358 1
782 1371 1
771 1382 1
761 1390 1
749 1398 1
735 1403 1
717 1410 1
701 1414 1
689 1417 1
679 1419 1
672 1420 1
667 1419 1
661 1417 1
657 1415 1
654 1412 1
650 1409 1
647 1405 1
643 1399 1
637 1388 1
627 1371 1
618 1349 1
607 1328 1
600 1311 1
595 1300 1
592 1292 1
591 1284 1
595 1272 1
603 1253 1
618 1225 1
627 1207 1
622 1218 0
909 1246 1
909 1245 1
909 1243 1
909 1242 1
909 1240 1
910 1237 1
911 1234 1
912 1231 1
913 1227 1
915 1220 1
918 1213 1
922 1202 1
929 1187 1
936 1171 1
943 1151 1
949 1129 1
956 1112 1
962 1091 1
972 1060 1
974 1047 1
977 1033 1
980 1018 1
982 1002 1
984 991 1
985 982 1
985 976 1
986 971 1
985 967 1
985 962 1
984 960 1
982 958 1
981 956 1
973 956 1
958 958 1
933 965 1
908 979 1
887 994 1
872 1010 1
864 1021 1
860 1027 1
858 1033 1
859 1042 1
861 1049 1
872 1058 1
885 1069 1
901 1080 1
920 1090 1
934 1098 1
947 1105 1
955 1111 1
964 1117 1
974 1124 1
982 1132 1
990 1141 1
997 1150 1
1002 1160 1
1007 1171 1
1010 1183 1
1013 1195 1
1014 1211 1
1012 1229 1
1010 1247 1
1005 1262 1
1001 1276 1
996 1286 1
992 1294 1
990 1299 1
986 1304 1
984 1307 1
981 1311 1
978 1313 1
976 1316 1
972 1317 1
969 1319 1
965 1320 1
962 1322 1
958 1322 1
952 1320 1
947 1318 1
943 1317 1
939 1315 1
937 1314 1
935 1314 1
933 1312 1
931 1311 1
929 1309 1
928 1308 1
927 1308 1
927 1306 1
926 1307 1
926 1305 1
924 1303 1
920 1292 1
915 1275 1
908 1255 1
901 1231 1
895 1211 1
889 1195 1
882 1176 1
875 1154 1
869 1125 1
865 1098 1
866 1105 0
