959 456 1
958 456 1
958 456 1
958 458 1
956 459 1
957 461 1
957 463 1
957 465 1
957 467 1
957 470 1
958 472 1
959 477 1
960 482 1
961 487 1
963 493 1
965 501 1
967 511 1
970 521 1
972 532 1
974 541 1
976 552 1
979 562 1
981 573 1
983 587 1
984 600 1
986 614 1
986 625 1
987 636 1
987 646 1
987 657 1
988 667 1
989 677 1
989 688 1
989 698 1
990 709 1
990 719 1
990 730 1
990 742 1
990 753 1
990 763 1
990 772 1
990 780 1
991 787 1
991 794 1
991 799 1
992 805 1
992 809 1
993 813 1
993 817 1
993 820 1
994 824 1
993 828 1
993 834 1
990 845 1
984 855 1
972 867 1
961 877 1
952 883 1
945 889 1
937 895 1
928 899 1
918 902 1
907 905 1
895 907 1
882 909 1
871 909 1
858 907 1
846 907 1
835 905 1
825 904 1
817 901 1
810 897 1
802 891 1
797 883 1
793 877 1
789 871 1
786 865 1
784 857 1
784 852 1
782 847 1
783 844 1
783 839 1
784 836 1
784 833 1
785 831 1
787 827 1
797 820 1
812 816 1
830 813 1
850 812 1
864 812 1
874 812 1
882 813 1
889 814 1
897 815 1
905 818 1
913 825 1
921 835 1
927 845 1
930 854 1
934 876 1
933 893 1
930 912 1
926 931 1
921 950 1
915 967 1
908 986 1
896 1008 1
882 1037 1
860 1081 1
837 1126 1
817 1167 1
804 1197 1
790 1228 1
793 1223 0
699 546 1
699 547 1
702 552 1
705 559 1
707 567 1
710 574 1
713 581 1
715 590 1
717 597 1
720 606 1
723 614 1
726 624 1
728 631 1
729 641 1
730 651 1
730 661 1
728 673 1
728 687 1
728 701 1
726 725 1
726 740 1
724 757 1
722 772 1
722 785 1
721 795 1
719 807 1
719 819 1
719 832 1
718 844 1
716 856 1
717 868 1
717 882 1
719 895 1
720 907 1
723 920 1
728 933 1
735 946 1
742 959 1
747 970 1
750 978 1
754 986 1
755 991 1
755 995 1
755 1000 1
753 1008 1
746 1018 1
735 1028 1
724 1036 1
711 1043 1
697 1047 1
686 1051 1
675 1052 1
665 1053 1
645 1051 1
630 1048 1
616 1040 1
606 1034 1
597 1026 1
589 1018 1
581 1009 1
575 1000 1
569 990 1
566 983 1
564 976 1
564 969 1
565 963 1
565 956 1
570 945 1
582 939 1
593 934 1
602 931 1
611 930 1
619 930 1
628 930 1
635 932 1
647 936 1
655 949 1
660 967 1
664 988 1
666 1017 1
662 1052 1
658 1090 1
650 1130 1
640 1171 1
632 1197 1
636 1185 0
460 586 1
460 586 1
460 586 1
458 586 1
457 588 1
457 592 1
455 599 1
453 610 1
451 625 1
451 646 1
449 669 1
450 695 1
451 719 1
454 742 1
458 773 1
461 796 1
466 817 1
472 840 1
477 863 1
482 885 1
487 902 1
490 917 1
493 931 1
496 943 1
499 956 1
501 969 1
504 983 1
505 995 1
506 1005 1
504 1015 1
502 1029 1
495 1044 1
486 1056 1
477 1065 1
468 1073 1
462 1079 1
444 1090 1
429 1096 1
417 1100 1
406 1102 1
396 1104 1
385 1105 1
362 1106 1
352 1105 1
343 1103 1
332 1102 1
324 1100 1
316 1097 1
311 1091 1
306 1083 1
304 1068 1
304 1052 1
308 1038 1
313 1028 1
316 1023 1
319 1018 1
329 1014 1
338 1016 1
349 1019 1
365 1036 1
383 1059 1
396 1090 1
406 1121 1
407 1153 1
406 1185 1
398 1223 1
390 1260 1
393 1248 0
177 692 1
177 692 1
177 692 1
177 692 1
177 692 1
177 694 1
177 697 1
177 701 1
177 708 1
177 717 1
176 727 1
174 738 1
173 748 1
171 759 1
171 768 1
169 777 1
169 785 1
169 795 1
169 805 1
169 818 1
169 832 1
171 850 1
174 880 1
178 898 1
181 919 1
184 935 1
188 949 1
189 962 1
189 974 1
190 988 1
190 1001 1
191 1012 1
192 1022 1
194 1035 1
195 1047 1
199 1061 1
205 1072 1
210 1082 1
217 1091 1
223 1100 1
230 1108 1
235 1115 1
240 1122 1
244 1130 1
249 1138 1
253 1145 1
255 1151 1
258 1157 1
258 1164 1
257 1172 1
255 1186 1
246 1199 1
234 1211 1
222 1222 1
206 1231 1
191 1236 1
177 1241 1
167 1243 1
159 1244 1
151 1244 1
144 1244 1
129 1236 1
118 1225 1
109 1210 1
104 1199 1
101 1191 1
100 1185 1
100 1179 1
100 1173 1
102 1169 1
110 1162 1
120 1159 1
131 1160 1
144 1163 1
157 1171 1
170 1183 1
180 1198 1
187 1220 1
190 1252 1
189 1296 1
184 1345 1
177 1397 1
171 1441 1
165 1464 1
168 1452 0
