113 1590 1
113 1588 1
113 1586 1
113 1582 1
113 1576 1
113 1570 1
113 1563 1
113 1555 1
113 1548 1
113 1537 1
113 1525 1
113 1513 1
113 1502 1
113 1490 1
113 1478 1
113 1465 1
113 1454 1
113 1443 1
112 1432 1
112 1419 1
112 1407 1
112 1394 1
112 1383 1
110 1372 1
111 1361 1
111 1350 1
111 1337 1
111 1325 1
111 1314 1
112 1304 1
112 1296 1
112 1286 1
113 1275 1
113 1255 1
114 1240 1
115 1229 1
115 1219 1
118 1208 1
120 1197 1
123 1188 1
125 1175 1
130 1163 1
135 1151 1
140 1138 1
145 1127 1
149 1118 1
151 1109 1
154 1102 1
157 1095 1
160 1087 1
163 1079 1
166 1071 1
167 1064 1
169 1054 1
170 1044 1
172 1034 1
173 1025 1
174 1017 1
175 1007 1
176 998 1
177 987 1
177 978 1
178 969 1
178 958 1
178 949 1
178 939 1
178 928 1
178 918 1
176 908 1
177 896 1
177 887 1
177 878 1
177 870 1
177 862 1
177 855 1
177 848 1
177 840 1
177 832 1
175 825 1
176 818 1
176 811 1
176 804 1
176 795 1
176 787 1
176 780 1
177 773 1
177 767 1
177 762 1
177 758 1
177 753 1
176 749 1
176 746 1
176 744 1
176 741 1
175 740 1
175 739 1
175 739 1
175 739 1
175 739 1
175 739 1
175 739 1
175 739 1
175 739 1
175 739 1
173 740 1
171 741 1
170 741 1
168 743 1
165 745 1
160 748 1
155 754 1
149 762 1
143 769 1
138 777 1
134 786 1
132 795 1
130 804 1
130 811 1
128 822 1
128 841 1
126 855 1
126 870 1
125 883 1
123 894 1
123 908 1
121 922 1
119 936 1
117 949 1
116 964 1
116 979 1
114 994 1
114 1008 1
113 1019 1
112 1032 1
110 1046 1
111 1058 1
111 1071 1
110 1079 1
110 1086 1
109 1093 1
108 1101 1
108 1108 1
107 1115 1
107 1124 1
107 1131 1
107 1139 1
107 1147 1
107 1155 1
107 1163 1
107 1173 1
108 1185 1
108 1199 1
109 1211 1
109 1221 1
110 1230 1
111 1240 1
112 1249 1
113 1260 1
113 1270 1
114 1281 1
114 1289 1
116 1297 1
116 1305 1
118 1313 1
119 1322 1
123 1332 1
125 1340 1
127 1349 1
130 1358 1
132 1365 1
135 1372 1
137 1379 1
140 1385 1
143 1393 1
146 1400 1
148 1407 1
151 1414 1
153 1421 1
156 1428 1
159 1434 1
161 1440 1
165 1447 1
167 1452 1
169 1458 1
172 1464 1
174 1471 1
177 1477 1
179 1483 1
182 1489 1
185 1494 1
187 1498 1
190 1504 1
191 1509 1
194 1514 1
195 1520 1
198 1525 1
200 1530 1
204 1535 1
207 1540 1
209 1543 1
211 1546 1
212 1548 1
215 1549 1
216 1550 1
218 1550 1
220 1549 1
223 1547 1
225 1543 1
229 1537 1
233 1527 1
237 1516 1
240 1505 1
243 1498 1
245 1490 1
248 1477 1
249 1463 1
253 1442 1
256 1422 1
259 1405 1
261 1388 1
264 1373 1
266 1355 1
268 1337 1
270 1317 1
270 1300 1
270 1283 1
269 1265 1
269 1249 1
268 1233 1
266 1217 1
265 1204 1
263 1193 1
262 1185 1
262 1177 1
262 1170 1
262 1158 1
263 1146 1
264 1133 1
266 1118 1
267 1105 1
270 1090 1
274 1074 1
278 1057 1
281 1039 1
284 1022 1
286 1008 1
287 993 1
289 979 1
291 965 1
291 951 1
293 937 1
293 923 1
294 910 1
293 900 1
293 889 1
292 879 1
290 870 1
289 859 1
289 849 1
287 839 1
287 831 1
285 824 1
285 818 1
283 813 1
281 807 1
280 803 1
278 799 1
276 795 1
273 791 1
271 788 1
268 785 1
266 784 1
264 781 1
262 779 1
260 779 1
258 779 1
256 779 1
253 780 1
248 783 1
243 788 1
238 794 1
234 801 1
230 807 1
227 812 1
224 820 1
221 827 1
219 837 1
217 845 1
215 853 1
215 861 1
214 870 1
215 882 1
215 895 1
215 910 1
215 925 1
216 940 1
216 955 1
216 970 1
216 982 1
216 992 1
216 1002 1
216 1009 1
214 1015 1
215 1022 1
215 1028 1
213 1034 1
213 1042 1
209 1052 1
208 1062 1
206 1074 1
204 1088 1
202 1105 1
200 1125 1
198 1145 1
198 1162 1
198 1179 1
198 1193 1
198 1206 1
199 1218 1
200 1229 1
201 1241 1
202 1253 1
204 1264 1
207 1275 1
208 1285 1
211 1294 1
213 1304 1
216 1316 1
220 1333 1
225 1349 1
228 1369 1
231 1389 1
235 1408 1
238 1424 1
240 1438 1
241 1450 1
243 1463 1
244 1474 1
246 1483 1
246 1487 1
247 1492 1
247 1495 1
248 1496 1
248 1497 1
248 1497 1
249 1499 1
249 1500 1
251 1503 1
253 1505 1
257 1508 1
260 1511 1
262 1512 1
265 1515 1
268 1516 1
271 1519 1
274 1520 1
277 1522 1
283 1524 1
288 1524 1
294 1525 1
303 1521 1
312 1517 1
322 1508 1
332 1498 1
340 1487 1
348 1475 1
356 1459 1
362 1441 1
369 1421 1
374 1403 1
377 1387 1
379 1374 1
381 1364 1
381 1353 1
383 1342 1
385 1325 1
386 1311 1
388 1298 1
389 1290 1
389 1283 1
388 1275 1
386 1264 1
384 1251 1
381 1223 1
382 1205 1
383 1188 1
384 1172 1
385 1158 1
385 1149 1
386 1143 1
387 1136 1
388 1130 1
389 1124 1
390 1114 1
392 1103 1
393 1093 1
395 1081 1
397 1072 1
399 1061 1
402 1051 1
403 1043 1
405 1036 1
406 1028 1
408 1022 1
408 1016 1
410 1008 1
411 1001 1
412 996 1
413 989 1
413 984 1
414 977 1
415 972 1
415 967 1
415 965 1
415 962 1
416 957 1
416 953 1
416 947 1
416 941 1
416 936 1
416 929 1
416 924 1
416 920 1
416 916 1
416 913 1
416 911 1
416 908 1
416 904 1
416 900 1
416 892 1
416 884 1
416 877 1
416 871 1
416 866 1
415 862 1
415 858 1
415 856 1
413 853 1
414 851 1
414 848 1
412 845 1
412 843 1
410 841 1
410 840 1
408 838 1
408 837 1
408 837 1
408 836 1
406 836 1
406 836 1
406 835 1
406 835 1
406 835 1
405 835 1
405 835 1
402 836 1
398 837 1
392 842 1
381 850 1
372 857 1
363 865 1
356 871 1
347 879 1
342 884 1
338 888 1
335 891 1
332 894 1
328 900 1
324 910 1
318 922 1
312 934 1
307 945 1
303 953 1
300 959 1
299 962 1
297 965 1
295 967 1
295 969 1
295 972 1
294 977 1
292 981 1
292 986 1
291 991 1
290 995 1
290 999 1
290 1003 1
290 1007 1
290 1011 1
291 1016 1
291 1022 1
292 1030 1
293 1038 1
294 1048 1
295 1057 1
296 1065 1
296 1073 1
297 1081 1
298 1089 1
299 1096 1
300 1106 1
300 1117 1
301 1127 1
302 1136 1
303 1145 1
304 1152 1
305 1160 1
306 1168 1
307 1176 1
308 1184 1
309 1192 1
311 1201 1
312 1208 1
313 1216 1
314 1223 1
315 1230 1
316 1238 1
317 1248 1
318 1258 1
319 1267 1
320 1275 1
321 1281 1
322 1286 1
322 1290 1
323 1294 1
323 1298 1
324 1303 1
326 1309 1
326 1315 1
327 1320 1
328 1328 1
329 1334 1
330 1343 1
331 1351 1
332 1360 1
333 1371 1
335 1383 1
337 1395 1
340 1406 1
342 1414 1
344 1423 1
345 1427 1
347 1431 1
348 1434 1
348 1436 1
348 1438 1
349 1439 1
349 1439 1
349 1441 1
350 1445 1
351 1448 1
353 1452 1
354 1456 1
355 1460 1
356 1464 1
358 1467 1
359 1470 1
361 1473 1
362 1476 1
365 1481 1
368 1484 1
371 1488 1
374 1491 1
377 1493 1
382 1495 1
385 1497 1
389 1498 1
393 1498 1
396 1498 1
398 1496 1
401 1495 1
404 1492 1
409 1486 1
414 1480 1
417 1473 1
420 1468 1
424 1461 1
427 1450 1
432 1437 1
437 1417 1
442 1400 1
444 1386 1
447 1374 1
450 1362 1
454 1348 1
457 1333 1
460 1320 1
462 1310 1
464 1301 1
467 1293 1
469 1283 1
474 1272 1
478 1259 1
482 1248 1
485 1237 1
488 1228 1
491 1217 1
494 1204 1
496 1190 1
499 1177 1
503 1163 1
508 1147 1
514 1129 1
520 1109 1
527 1090 1
531 1074 1
534 1063 1
537 1054 1
540 1045 1
541 1037 1
543 1029 1
544 1021 1
545 1013 1
546 1007 1
547 1001 1
547 994 1
548 985 1
549 974 1
549 964 1
549 955 1
549 946 1
549 937 1
548 924 1
546 911 1
545 898 1
542 887 1
540 879 1
540 872 1
538 867 1
537 863 1
535 860 1
534 858 1
532 856 1
530 853 1
527 853 1
523 853 1
514 855 1
504 858 1
493 863 1
485 866 1
478 870 1
472 873 1
468 876 1
466 877 1
463 879 1
462 881 1
459 883 1
455 887 1
452 893 1
446 902 1
441 913 1
437 921 1
433 929 1
430 936 1
428 942 1
425 950 1
423 957 1
420 967 1
417 979 1
415 990 1
413 999 1
412 1007 1
412 1015 1
411 1023 1
409 1032 1
409 1044 1
409 1056 1
409 1070 1
409 1083 1
409 1094 1
409 1105 1
410 1116 1
409 1125 1
409 1135 1
410 1144 1
410 1152 1
411 1161 1
412 1171 1
413 1182 1
413 1193 1
415 1204 1
416 1214 1
418 1226 1
419 1240 1
421 1255 1
423 1270 1
424 1283 1
426 1294 1
427 1302 1
428 1310 1
429 1319 1
430 1328 1
431 1338 1
432 1348 1
433 1358 1
434 1369 1
435 1379 1
436 1390 1
437 1400 1
437 1408 1
438 1416 1
439 1424 1
440 1431 1
441 1440 1
442 1451 1
443 1463 1
444 1473 1
445 1484 1
445 1491 1
446 1498 1
446 1501 1
446 1504 1
447 1506 1
447 1508 1
447 1509 1
448 1510 1
449 1512 1
451 1514 1
454 1515 1
458 1517 1
464 1517 1
472 1515 1
480 1513 1
487 1511 1
494 1508 1
501 1506 1
509 1501 1
520 1492 1
533 1479 1
546 1464 1
556 1452 1
563 1444 1
568 1439 1
569 1437 1
572 1434 1
576 1426 1
582 1414 1
590 1400 1
595 1387 1
601 1373 1
607 1356 1
615 1334 1
620 1309 1
625 1286 1
630 1264 1
632 1245 1
634 1228 1
636 1212 1
638 1193 1
640 1178 1
643 1163 1
645 1151 1
646 1141 1
648 1129 1
649 1117 1
651 1104 1
652 1094 1
654 1083 1
656 1072 1
658 1058 1
661 1042 1
663 1024 1
666 1007 1
667 992 1
668 981 1
669 970 1
669 962 1
669 956 1
669 950 1
668 942 1
667 938 1
665 933 1
665 931 1
665 927 1
663 922 1
661 916 1
659 908 1
656 900 1
654 893 1
653 889 1
651 886 1
650 884 1
650 882 1
650 882 1
649 881 1
649 881 1
649 881 1
649 881 1
649 881 1
649 881 1
649 881 1
649 881 1
649 881 1
649 881 1
649 881 1
649 881 1
649 881 1
649 881 1
647 882 1
647 882 1
645 882 1
643 882 1
638 884 1
631 889 1
623 895 1
615 902 1
603 913 1
592 924 1
584 934 1
576 943 1
572 948 1
567 953 1
565 957 1
563 960 1
561 964 1
558 970 1
555 978 1
553 988 1
551 996 1
549 1003 1
547 1011 1
545 1020 1
544 1031 1
542 1044 1
541 1059 1
539 1076 1
539 1097 1
537 1117 1
535 1137 1
534 1151 1
534 1162 1
533 1172 1
531 1180 1
532 1187 1
530 1194 1
531 1202 1
529 1209 1
530 1217 1
529 1224 1
529 1230 1
529 1238 1
529 1246 1
529 1253 1
530 1261 1
530 1268 1
532 1276 1
533 1284 1
534 1292 1
536 1302 1
539 1314 1
543 1330 1
546 1348 1
548 1365 1
550 1380 1
551 1390 1
553 1398 1
554 1404 1
555 1407 1
556 1410 1
557 1412 1
557 1415 1
559 1419 1
561 1422 1
562 1425 1
564 1428 1
565 1431 1
567 1434 1
570 1437 1
573 1440 1
576 1445 1
579 1448 1
582 1451 1
585 1454 1
588 1456 1
591 1459 1
594 1462 1
596 1465 1
598 1468 1
602 1474 1
604 1479 1
607 1484 1
610 1489 1
612 1493 1
615 1498 1
617 1503 1
619 1506 1
622 1510 1
624 1513 1
625 1515 1
628 1517 1
631 1518 1
637 1519 1
645 1517 1
654 1514 1
663 1508 1
672 1501 1
681 1490 1
690 1475 1
698 1458 1
706 1437 1
712 1414 1
718 1388 1
725 1365 1
728 1347 1
730 1333 1
733 1322 1
735 1310 1
737 1299 1
741 1284 1
744 1271 1
748 1257 1
750 1244 1
752 1228 1
753 1212 1
755 1195 1
756 1181 1
758 1169 1
758 1158 1
759 1147 1
760 1138 1
761 1129 1
763 1118 1
764 1109 1
764 1102 1
765 1096 1
765 1090 1
765 1082 1
765 1076 1
765 1070 1
765 1066 1
766 1062 1
766 1059 1
766 1056 1
766 1051 1
768 1043 1
769 1037 1
770 1032 1
772 1027 1
773 1021 1
774 1015 1
776 1007 1
778 999 1
780 993 1
782 983 1
784 974 1
785 961 1
787 949 1
787 938 1
788 930 1
789 923 1
787 918 1
788 914 1
786 911 1
786 908 1
784 905 1
782 902 1
781 900 1
779 897 1
777 896 1
775 896 1
773 893 1
771 893 1
769 893 1
767 892 1
765 892 1
765 892 1
765 892 1
765 892 1
762 892 1
760 893 1
757 894 1
754 896 1
751 898 1
747 901 1
740 909 1
731 918 1
722 929 1
714 940 1
708 949 1
703 955 1
700 960 1
699 964 1
697 967 1
696 970 1
694 976 1
691 987 1
687 1000 1
683 1019 1
679 1040 1
675 1059 1
670 1075 1
665 1088 1
663 1096 1
660 1104 1
657 1112 1
655 1121 1
653 1131 1
651 1142 1
649 1153 1
647 1164 1
644 1180 1
641 1195 1
638 1209 1
634 1221 1
633 1231 1
631 1237 1
631 1243 1
631 1246 1
630 1249 1
630 1251 1
629 1254 1
628 1258 1
628 1265 1
627 1275 1
627 1285 1
627 1296 1
627 1306 1
626 1311 1
626 1318 1
626 1321 1
626 1325 1
626 1331 1
626 1339 1
627 1350 1
628 1359 1
629 1367 1
630 1374 1
630 1380 1
631 1385 1
632 1388 1
633 1392 1
633 1396 1
635 1402 1
637 1408 1
639 1416 1
642 1422 1
645 1429 1
648 1435 1
650 1440 1
653 1445 1
656 1450 1
659 1455 1
662 1458 1
665 1462 1
667 1465 1
669 1468 1
671 1472 1
672 1477 1
675 1482 1
677 1487 1
679 1492 1
682 1496 1
683 1499 1
685 1503 1
686 1506 1
687 1508 1
688 1511 1
690 1514 1
691 1518 1
692 1520 1
693 1523 1
694 1524 1
694 1526 1
695 1527 1
695 1527 1
695 1528 1
695 1528 1
695 1528 1
696 1528 1
698 1529 1
702 1529 1
705 1529 1
710 1528 1
715 1526 1
721 1522 1
728 1516 1
736 1506 1
747 1494 1
757 1478 1
767 1461 1
776 1444 1
785 1422 1
793 1403 1
798 1387 1
801 1375 1
803 1365 1
806 1355 1
808 1345 1
811 1333 1
816 1321 1
820 1308 1
824 1294 1
828 1282 1
830 1272 1
832 1262 1
833 1255 1
835 1249 1
837 1239 1
840 1229 1
843 1220 1
846 1211 1
848 1202 1
851 1193 1
854 1181 1
857 1169 1
862 1157 1
864 1147 1
867 1138 1
870 1128 1
872 1116 1
875 1102 1
878 1085 1
880 1068 1
882 1049 1
884 1032 1
885 1019 1
886 1010 1
886 1003 1
886 998 1
886 994 1
886 991 1
886 988 1
886 986 1
886 981 1
886 976 1
887 968 1
888 958 1
889 949 1
890 939 1
891 934 1
892 928 1
892 922 1
893 915 1
894 909 1
894 904 1
894 900 1
894 897 1
892 894 1
892 893 1
890 891 1
889 891 1
889 891 1
888 890 1
886 891 1
882 893 1
873 899 1
864 908 1
856 917 1
848 925 1
843 932 1
839 938 1
835 944 1
830 951 1
826 960 1
817 976 1
809 996 1
799 1020 1
790 1045 1
783 1064 1
779 1078 1
775 1090 1
772 1099 1
769 1106 1
768 1114 1
766 1122 1
764 1131 1
763 1141 1
760 1152 1
759 1163 1
757 1173 1
757 1184 1
755 1194 1
754 1202 1
754 1209 1
751 1217 1
751 1224 1
749 1235 1
749 1251 1
747 1269 1
747 1292 1
745 1314 1
745 1337 1
743 1356 1
744 1372 1
744 1383 1
745 1392 1
745 1396 1
746 1401 1
746 1403 1
747 1406 1
748 1412 1
749 1418 1
751 1424 1
752 1432 1
754 1441 1
754 1454 1
755 1470 1
756 1487 1
755 1500 1
753 1508 1
754 1515 1
754 1519 1
754 1522 1
754 1525 1
754 1526 1
754 1526 1
754 1527 1
754 1527 1
755 1528 1
756 1529 1
759 1531 1
761 1531 1
764 1533 1
772 1533 1
781 1532 1
792 1529 1
801 1527 1
807 1525 1
813 1524 1
818 1524 1
820 1522 1
823 1522 1
828 1519 1
831 1517 1
835 1514 1
841 1509 1
849 1501 1
858 1491 1
869 1477 1
880 1461 1
891 1444 1
901 1425 1
910 1405 1
916 1386 1
922 1370 1
927 1355 1
930 1343 1
933 1331 1
937 1321 1
940 1309 1
943 1297 1
946 1284 1
949 1268 1
951 1255 1
954 1242 1
957 1230 1
960 1221 1
963 1210 1
966 1198 1
969 1187 1
971 1175 1
973 1164 1
974 1154 1
976 1145 1
978 1134 1
979 1124 1
981 1113 1
982 1102 1
983 1088 1
984 1070 1
986 1052 1
986 1035 1
987 1020 1
988 1008 1
987 997 1
987 987 1
986 974 1
986 959 1
985 943 1
983 928 1
983 911 1
981 897 1
979 884 1
979 877 1
977 872 1
977 869 1
975 867 1
974 868 1
972 868 1
968 870 1
960 877 1
948 891 1
933 912 1
918 936 1
906 961 1
896 984 1
890 1005 1
884 1025 1
879 1042 1
876 1060 1
872 1078 1
869 1095 1
867 1113 1
865 1129 1
862 1147 1
859 1169 1
854 1192 1
850 1220 1
847 1248 1
844 1275 1
843 1296 1
843 1315 1
843 1330 1
843 1346 1
843 1362 1
843 1381 1
843 1402 1
844 1425 1
847 1449 1
848 1472 1
851 1491 1
854 1505 1
858 1516 1
864 1526 1
871 1539 1
879 1552 1
888 1564 1
897 1577 1
906 1588 1
919 1601 1
935 1613 1
952 1626 1
969 1638 1
986 1650 1
993 1656 1
988 1652 0
