255 349 1
255 347 1
256 345 1
259 340 1
262 338 1
265 336 1
272 337 1
282 339 1
292 342 1
301 346 1
312 351 1
325 358 1
339 366 1
356 375 1
371 386 1
385 397 1
400 408 1
422 424 1
439 435 1
460 447 1
483 460 1
506 474 1
526 488 1
545 502 1
565 518 1
583 533 1
601 550 1
620 567 1
639 586 1
661 609 1
681 633 1
699 658 1
716 681 1
732 705 1
749 729 1
766 756 1
782 782 1
795 803 1
808 824 1
819 847 1
832 873 1
844 898 1
856 925 1
872 958 1
885 992 1
898 1028 1
910 1065 1
921 1103 1
930 1145 1
938 1186 1
946 1228 1
952 1271 1
958 1312 1
960 1349 1
962 1381 1
962 1407 1
960 1432 1
957 1454 1
952 1473 1
947 1492 1
939 1511 1
930 1531 1
919 1547 1
909 1560 1
901 1568 1
891 1576 1
880 1584 1
867 1592 1
853 1599 1
839 1606 1
824 1613 1
808 1620 1
791 1627 1
777 1632 1
763 1638 1
747 1642 1
732 1647 1
721 1649 1
709 1652 1
698 1655 1
683 1659 1
667 1662 1
650 1667 1
633 1670 1
615 1672 1
596 1673 1
577 1673 1
558 1670 1
541 1666 1
521 1661 1
507 1655 1
494 1649 1
484 1642 1
476 1637 1
469 1631 1
461 1626 1
453 1617 1
445 1608 1
435 1596 1
426 1583 1
416 1568 1
407 1554 1
398 1539 1
389 1525 1
381 1511 1
375 1498 1
371 1487 1
367 1477 1
364 1465 1
361 1451 1
358 1437 1
354 1422 1
353 1409 1
351 1397 1
351 1384 1
350 1368 1
347 1350 1
345 1330 1
340 1306 1
336 1283 1
334 1262 1
331 1239 1
326 1216 1
317 1189 1
308 1161 1
296 1129 1
283 1096 1
271 1063 1
260 1033 1
248 1002 1
239 976 1
229 949 1
218 921 1
205 890 1
195 860 1
185 836 1
180 816 1
175 796 1
172 780 1
169 764 1
163 743 1
160 721 1
158 700 1
156 682 1
154 665 1
152 647 1
153 629 1
153 610 1
156 588 1
160 564 1
163 538 1
167 513 1
170 488 1
172 462 1
173 438 1
175 413 1
173 389 1
174 368 1
174 350 1
175 336 1
178 324 1
182 314 1
187 306 1
194 299 1
203 294 1
217 289 1
235 284 1
257 284 1
280 284 1
302 287 1
325 292 1
349 300 1
372 310 1
394 320 1
413 329 1
432 339 1
450 349 1
467 359 1
484 370 1
499 381 1
515 393 1
531 409 1
553 429 1
577 453 1
601 479 1
625 506 1
647 533 1
668 559 1
690 588 1
709 614 1
724 633 1
738 651 1
749 668 1
759 682 1
767 695 1
775 706 1
781 715 1
788 726 1
794 738 1
803 753 1
812 770 1
823 791 1
833 812 1
844 835 1
855 859 1
868 887 1
876 913 1
884 937 1
890 960 1
895 983 1
900 1007 1
903 1032 1
907 1062 1
910 1095 1
913 1132 1
915 1166 1
917 1195 1
917 1223 1
917 1248 1
915 1275 1
911 1299 1
907 1323 1
903 1345 1
900 1366 1
893 1388 1
887 1410 1
878 1433 1
869 1455 1
860 1481 1
849 1508 1
839 1536 1
829 1564 1
820 1586 1
812 1608 1
801 1626 1
789 1645 1
775 1661 1
761 1673 1
744 1681 1
728 1687 1
711 1692 1
695 1693 1
681 1694 1
667 1692 1
654 1688 1
641 1683 1
630 1677 1
618 1671 1
607 1663 1
594 1654 1
578 1645 1
563 1632 1
546 1619 1
528 1606 1
508 1591 1
485 1575 1
464 1556 1
443 1537 1
425 1521 1
411 1508 1
396 1494 1
382 1481 1
369 1466 1
357 1450 1
348 1433 1
340 1414 1
331 1396 1
321 1377 1
310 1359 1
299 1340 1
286 1317 1
271 1289 1
255 1253 1
231 1206 1
207 1156 1
195 1111 1
187 1071 1
182 1032 1
179 995 1
176 957 1
169 920 1
164 885 1
161 856 1
160 831 1
158 806 1
157 780 1
157 753 1
155 727 1
153 703 1
152 681 1
150 657 1
149 630 1
146 602 1
143 566 1
142 534 1
140 501 1
140 473 1
140 448 1
140 423 1
141 401 1
145 380 1
147 360 1
151 344 1
156 331 1
160 320 1
167 310 1
173 303 1
181 295 1
190 290 1
199 285 1
210 281 1
220 279 1
233 278 1
249 278 1
266 279 1
284 281 1
302 283 1
320 286 1
338 291 1
355 294 1
374 297 1
394 302 1
412 307 1
432 314 1
453 323 1
476 331 1
497 342 1
517 352 1
536 363 1
555 376 1
574 389 1
592 402 1
608 416 1
624 431 1
639 446 1
652 463 1
668 484 1
683 508 1
697 534 1
710 563 1
721 592 1
732 620 1
744 649 1
753 677 1
762 706 1
770 738 1
778 770 1
785 801 1
791 828 1
795 852 1
800 874 1
803 896 1
808 919 1
812 943 1
815 966 1
820 990 1
823 1012 1
827 1031 1
831 1050 1
835 1069 1
840 1089 1
845 1111 1
850 1137 1
856 1163 1
860 1186 1
866 1208 1
871 1230 1
877 1249 1
882 1268 1
887 1285 1
890 1301 1
893 1317 1
894 1333 1
896 1351 1
896 1369 1
894 1386 1
892 1403 1
890 1420 1
887 1440 1
883 1462 1
876 1491 1
865 1523 1
853 1555 1
842 1581 1
832 1602 1
823 1620 1
815 1637 1
806 1653 1
795 1667 1
783 1678 1
771 1686 1
756 1691 1
736 1692 1
711 1687 1
684 1676 1
660 1663 1
639 1651 1
621 1640 1
603 1625 1
586 1612 1
569 1601 1
556 1591 1
543 1582 1
530 1571 1
515 1558 1
499 1546 1
483 1533 1
467 1520 1
452 1505 1
438 1490 1
424 1472 1
410 1450 1
394 1423 1
378 1393 1
362 1360 1
347 1329 1
332 1300 1
318 1277 1
307 1260 1
295 1244 1
284 1230 1
274 1213 1
263 1196 1
253 1173 1
244 1147 1
236 1121 1
229 1098 1
224 1075 1
221 1053 1
218 1027 1
214 995 1
210 961 1
204 927 1
197 893 1
189 863 1
182 833 1
176 802 1
171 770 1
168 738 1
166 708 1
163 678 1
162 651 1
159 624 1
156 595 1
152 564 1
149 534 1
146 506 1
145 483 1
145 461 1
144 440 1
144 420 1
145 398 1
145 380 1
147 365 1
149 356 1
149 351 1
151 346 1
152 344 1
153 342 1
155 340 1
158 341 1
163 341 1
170 341 1
181 341 1
193 341 1
206 341 1
222 341 1
241 339 1
263 336 1
291 333 1
321 330 1
353 329 1
383 328 1
411 328 1
435 329 1
456 332 1
475 336 1
493 343 1
512 351 1
532 363 1
550 376 1
567 389 1
583 405 1
599 421 1
616 438 1
631 457 1
646 476 1
661 494 1
674 513 1
686 532 1
697 551 1
708 572 1
719 594 1
729 616 1
737 637 1
744 655 1
749 671 1
754 687 1
760 701 1
766 717 1
776 734 1
791 759 1
807 784 1
827 810 1
846 838 1
868 866 1
890 897 1
911 924 1
927 949 1
941 971 1
953 990 1
960 1009 1
967 1026 1
972 1044 1
976 1063 1
979 1082 1
979 1106 1
981 1134 1
980 1166 1
978 1200 1
976 1234 1
972 1272 1
968 1306 1
961 1335 1
954 1361 1
946 1386 1
937 1409 1
927 1430 1
917 1450 1
905 1474 1
893 1500 1
882 1532 1
870 1563 1
861 1591 1
851 1615 1
841 1636 1
831 1653 1
818 1670 1
803 1682 1
783 1694 1
759 1704 1
727 1709 1
694 1713 1
662 1714 1
633 1712 1
608 1711 1
590 1709 1
571 1707 1
557 1705 1
542 1702 1
527 1698 1
512 1694 1
495 1689 1
479 1683 1
464 1677 1
448 1670 1
432 1662 1
415 1652 1
394 1639 1
373 1625 1
351 1609 1
329 1587 1
309 1562 1
288 1534 1
269 1507 1
254 1484 1
243 1471 1
235 1459 1
230 1454 1
226 1449 1
224 1447 1
223 1441 1
220 1435 1
218 1427 1
215 1415 1
211 1400 1
205 1381 1
199 1357 1
190 1327 1
182 1295 1
175 1262 1
167 1230 1
159 1201 1
153 1175 1
149 1151 1
148 1129 1
149 1107 1
152 1083 1
156 1057 1
160 1032 1
161 1008 1
162 985 1
163 962 1
162 935 1
162 910 1
162 887 1
162 866 1
162 847 1
161 828 1
161 806 1
158 784 1
155 759 1
151 736 1
146 714 1
142 693 1
137 672 1
132 651 1
127 632 1
122 611 1
116 586 1
111 560 1
106 533 1
103 507 1
100 486 1
98 468 1
99 450 1
100 432 1
103 415 1
107 398 1
114 381 1
121 363 1
132 343 1
146 323 1
162 303 1
179 285 1
200 267 1
229 248 1
260 231 1
291 217 1
321 206 1
349 201 1
378 200 1
409 201 1
441 205 1
474 215 1
506 226 1
536 239 1
564 253 1
590 270 1
613 287 1
637 308 1
658 330 1
677 355 1
695 381 1
711 409 1
724 434 1
738 459 1
750 487 1
762 516 1
773 545 1
783 577 1
793 606 1
800 635 1
810 664 1
819 694 1
828 724 1
837 753 1
845 783 1
853 813 1
859 840 1
869 868 1
879 892 1
886 910 1
893 928 1
900 946 1
906 971 1
911 996 1
916 1026 1
919 1058 1
923 1092 1
924 1128 1
926 1162 1
926 1189 1
924 1215 1
922 1235 1
920 1250 1
918 1262 1
918 1270 1
918 1277 1
917 1285 1
917 1294 1
917 1308 1
916 1325 1
916 1344 1
917 1365 1
917 1387 1
918 1408 1
917 1428 1
914 1449 1
912 1472 1
905 1498 1
898 1522 1
892 1540 1
886 1556 1
881 1567 1
877 1576 1
871 1585 1
864 1595 1
854 1605 1
841 1619 1
826 1635 1
807 1654 1
784 1675 1
759 1697 1
733 1719 1
705 1738 1
680 1754 1
659 1763 1
639 1773 1
625 1779 1
612 1784 1
601 1788 1
593 1789 1
585 1791 1
579 1792 1
572 1792 1
567 1792 1
561 1789 1
554 1785 1
547 1779 1
538 1770 1
527 1757 1
513 1740 1
498 1720 1
481 1698 1
464 1679 1
450 1661 1
437 1649 1
426 1636 1
419 1626 1
411 1617 1
404 1609 1
396 1600 1
389 1588 1
381 1575 1
371 1556 1
363 1539 1
351 1516 1
340 1497 1
329 1479 1
320 1464 1
311 1451 1
306 1441 1
300 1433 1
296 1426 1
293 1420 1
288 1414 1
285 1409 1
281 1404 1
277 1399 1
273 1393 1
266 1385 1
258 1372 1
247 1356 1
236 1339 1
224 1320 1
213 1304 1
206 1290 1
199 1279 1
194 1268 1
190 1259 1
186 1251 1
183 1239 1
180 1227 1
178 1212 1
176 1194 1
174 1176 1
175 1153 1
176 1128 1
177 1101 1
179 1072 1
181 1048 1
184 1027 1
186 1008 1
186 989 1
184 969 1
181 950 1
177 931 1
173 913 1
169 899 1
164 882 1
158 866 1
151 849 1
143 829 1
135 806 1
125 783 1
117 761 1
111 741 1
106 723 1
102 706 1
98 693 1
95 677 1
93 662 1
93 643 1
94 623 1
96 599 1
100 571 1
106 540 1
112 510 1
119 481 1
128 455 1
138 430 1
147 411 1
156 391 1
163 372 1
171 352 1
180 333 1
190 315 1
202 300 1
212 286 1
223 274 1
238 262 1
254 249 1
271 240 1
288 231 1
308 222 1
329 214 1
348 209 1
367 206 1
385 204 1
401 205 1
415 208 1
430 214 1
446 222 1
463 235 1
481 250 1
497 267 1
511 284 1
522 302 1
532 321 1
541 339 1
549 359 1
559 377 1
568 396 1
576 412 1
585 427 1
597 445 1
611 463 1
628 483 1
646 503 1
666 524 1
685 545 1
702 562 1
718 581 1
732 599 1
744 616 1
756 634 1
767 650 1
779 671 1
789 691 1
798 712 1
808 735 1
818 760 1
828 788 1
838 816 1
848 844 1
859 870 1
869 896 1
878 921 1
886 948 1
893 975 1
901 1005 1
906 1032 1
912 1057 1
917 1087 1
922 1116 1
927 1145 1
931 1172 1
934 1197 1
936 1224 1
938 1247 1
938 1267 1
940 1287 1
941 1307 1
942 1325 1
942 1343 1
943 1365 1
943 1387 1
943 1411 1
941 1435 1
939 1459 1
936 1481 1
933 1506 1
928 1534 1
922 1558 1
915 1578 1
909 1592 1
901 1604 1
894 1615 1
887 1625 1
878 1636 1
866 1649 1
852 1663 1
837 1677 1
821 1692 1
805 1708 1
786 1724 1
768 1740 1
748 1755 1
729 1770 1
708 1787 1
687 1802 1
667 1815 1
649 1825 1
632 1832 1
616 1837 1
603 1840 1
590 1842 1
580 1843 1
568 1842 1
558 1839 1
549 1835 1
538 1829 1
528 1824 1
518 1816 1
508 1809 1
499 1802 1
490 1794 1
479 1784 1
466 1771 1
453 1758 1
437 1742 1
422 1726 1
407 1710 1
394 1693 1
381 1676 1
370 1660 1
360 1643 1
350 1628 1
345 1615 1
339 1603 1
335 1589 1
330 1573 1
326 1556 1
322 1539 1
318 1522 1
314 1505 1
310 1489 1
304 1473 1
299 1457 1
293 1441 1
285 1425 1
278 1409 1
271 1395 1
264 1380 1
255 1362 1
247 1343 1
238 1322 1
228 1301 1
219 1279 1
212 1259 1
208 1239 1
204 1219 1
202 1196 1
201 1174 1
201 1152 1
201 1129 1
204 1108 1
206 1083 1
207 1058 1
208 1034 1
207 1010 1
205 986 1
204 960 1
198 930 1
190 897 1
178 863 1
167 834 1
159 812 1
153 795 1
150 781 1
147 768 1
144 755 1
143 738 1
140 720 1
140 703 1
139 689 1
140 675 1
141 663 1
144 649 1
146 634 1
149 619 1
151 605 1
154 588 1
154 567 1
154 546 1
152 527 1
150 510 1
149 496 1
149 484 1
147 474 1
148 464 1
150 456 1
151 446 1
155 434 1
160 420 1
166 407 1
173 391 1
183 375 1
194 355 1
208 334 1
223 314 1
241 293 1
256 274 1
268 259 1
281 245 1
295 235 1
309 226 1
323 220 1
337 217 1
350 215 1
361 216 1
371 218 1
381 221 1
392 227 1
405 234 1
419 243 1
435 254 1
450 265 1
465 275 1
480 285 1
494 295 1
508 305 1
520 313 1
531 322 1
541 330 1
551 337 1
562 346 1
572 354 1
584 363 1
595 373 1
607 385 1
618 397 1
629 408 1
640 419 1
651 431 1
664 445 1
677 463 1
693 481 1
707 501 1
720 520 1
733 539 1
742 553 1
749 568 1
755 581 1
761 595 1
766 610 1
773 627 1
779 645 1
784 665 1
790 685 1
797 703 1
804 722 1
811 740 1
821 760 1
833 782 1
846 804 1
861 825 1
875 846 1
889 864 1
902 882 1
914 900 1
924 916 1
933 932 1
941 948 1
948 964 1
952 980 1
956 998 1
959 1015 1
961 1035 1
963 1056 1
963 1080 1
963 1102 1
960 1125 1
957 1149 1
954 1173 1
951 1198 1
947 1222 1
944 1245 1
942 1268 1
938 1295 1
934 1322 1
930 1351 1
927 1382 1
926 1410 1
927 1433 1
928 1451 1
928 1466 1
930 1481 1
931 1496 1
932 1512 1
932 1528 1
929 1543 1
924 1559 1
919 1574 1
909 1591 1
901 1609 1
891 1626 1
881 1640 1
873 1652 1
862 1665 1
851 1676 1
836 1689 1
820 1701 1
800 1714 1
781 1725 1
763 1733 1
747 1740 1
731 1746 1
716 1751 1
701 1756 1
686 1760 1
671 1762 1
654 1764 1
637 1764 1
621 1761 1
608 1759 1
595 1754 1
583 1750 1
573 1745 1
559 1739 1
548 1732 1
537 1727 1
525 1721 1
512 1713 1
496 1702 1
479 1690 1
465 1679 1
451 1668 1
439 1658 1
426 1644 1
413 1630 1
403 1617 1
391 1602 1
382 1587 1
370 1568 1
360 1549 1
348 1530 1
339 1511 1
330 1491 1
323 1474 1
316 1459 1
311 1447 1
306 1436 1
301 1428 1
297 1420 1
293 1413 1
290 1408 1
285 1402 1
281 1397 1
277 1389 1
270 1380 1
261 1364 1
250 1345 1
238 1323 1
225 1298 1
213 1274 1
203 1252 1
193 1230 1
186 1211 1
181 1193 1
177 1176 1
175 1160 1
173 1143 1
172 1125 1
172 1103 1
172 1081 1
172 1059 1
172 1030 1
169 999 1
163 968 1
157 939 1
150 919 1
146 903 1
143 889 1
141 878 1
139 867 1
137 855 1
133 843 1
130 829 1
128 814 1
126 798 1
126 784 1
124 770 1
125 757 1
124 740 1
124 723 1
122 708 1
123 689 1
124 672 1
125 653 1
128 635 1
129 617 1
131 600 1
131 584 1
131 566 1
129 548 1
128 531 1
125 512 1
122 495 1
118 478 1
115 463 1
111 451 1
109 440 1
108 430 1
107 420 1
107 407 1
108 395 1
112 377 1
118 360 1
127 342 1
137 324 1
149 306 1
163 288 1
180 270 1
200 250 1
220 232 1
240 217 1
261 203 1
278 193 1
297 187 1
313 182 1
327 180 1
342 179 1
357 179 1
373 183 1
392 189 1
412 198 1
431 211 1
450 223 1
468 236 1
487 252 1
506 269 1
528 290 1
548 312 1
565 334 1
582 355 1
594 373 1
605 390 1
616 407 1
628 426 1
642 446 1
656 465 1
670 487 1
685 508 1
698 529 1
715 556 1
731 584 1
750 613 1
767 642 1
783 672 1
797 700 1
811 728 1
821 756 1
831 784 1
839 811 1
846 837 1
851 865 1
856 895 1
859 929 1
864 965 1
866 1007 1
869 1045 1
872 1079 1
873 1108 1
875 1135 1
875 1156 1
873 1176 1
872 1192 1
868 1208 1
863 1223 1
856 1244 1
848 1269 1
838 1297 1
830 1332 1
823 1362 1
819 1391 1
817 1416 1
815 1438 1
813 1458 1
810 1479 1
807 1504 1
803 1530 1
798 1560 1
790 1588 1
783 1613 1
776 1636 1
767 1659 1
760 1678 1
752 1694 1
745 1708 1
736 1718 1
727 1728 1
716 1737 1
703 1744 1
689 1750 1
674 1755 1
658 1758 1
642 1761 1
622 1760 1
604 1756 1
586 1750 1
567 1742 1
549 1734 1
529 1719 1
508 1704 1
490 1684 1
470 1663 1
450 1639 1
433 1616 1
416 1591 1
399 1565 1
384 1541 1
370 1520 1
357 1501 1
345 1483 1
335 1467 1
325 1450 1
313 1431 1
301 1411 1
288 1392 1
277 1371 1
266 1345 1
253 1315 1
240 1284 1
228 1255 1
216 1230 1
206 1206 1
196 1185 1
189 1165 1
183 1147 1
178 1130 1
175 1116 1
171 1100 1
168 1082 1
166 1063 1
164 1041 1
162 1017 1
160 993 1
158 967 1
156 942 1
152 918 1
148 898 1
145 877 1
141 860 1
139 845 1
133 825 1
127 805 1
123 782 1
118 758 1
114 733 1
110 707 1
107 677 1
105 646 1
106 616 1
107 585 1
112 558 1
119 532 1
125 506 1
132 482 1
137 461 1
145 440 1
152 421 1
157 401 1
163 381 1
167 359 1
169 340 1
172 324 1
174 314 1
177 305 1
179 299 1
183 294 1
190 289 1
199 285 1
213 281 1
231 279 1
261 279 1
296 280 1
334 282 1
372 283 1
409 280 1
443 276 1
475 272 1
504 268 1
531 266 1
558 264 1
580 265 1
601 267 1
619 270 1
635 278 1
653 292 1
672 315 1
693 344 1
714 379 1
732 418 1
749 457 1
761 492 1
772 524 1
782 555 1
791 584 1
802 615 1
815 651 1
828 685 1
840 718 1
850 748 1
858 775 1
867 808 1
878 846 1
891 885 1
903 923 1
914 957 1
921 987 1
928 1018 1
935 1049 1
942 1089 1
949 1125 1
954 1160 1
957 1196 1
960 1230 1
956 1264 1
951 1296 1
945 1322 1
938 1348 1
931 1372 1
921 1395 1
913 1418 1
904 1438 1
897 1456 1
890 1473 1
886 1487 1
880 1501 1
874 1517 1
866 1533 1
858 1550 1
846 1565 1
834 1581 1
820 1597 1
802 1614 1
784 1629 1
762 1647 1
742 1663 1
721 1677 1
701 1689 1
683 1700 1
664 1708 1
645 1716 1
629 1723 1
613 1729 1
598 1733 1
582 1737 1
565 1740 1
548 1742 1
530 1740 1
512 1736 1
495 1728 1
478 1715 1
464 1698 1
450 1677 1
438 1650 1
426 1622 1
414 1590 1
401 1557 1
389 1523 1
377 1491 1
366 1456 1
355 1427 1
345 1403 1
334 1378 1
321 1355 1
308 1330 1
296 1305 1
281 1280 1
265 1253 1
249 1229 1
229 1202 1
210 1176 1
195 1149 1
180 1121 1
168 1094 1
162 1066 1
155 1040 1
147 1019 1
139 999 1
134 977 1
128 952 1
123 928 1
121 905 1
119 882 1
118 862 1
118 841 1
116 819 1
116 793 1
114 765 1
113 736 1
111 712 1
109 690 1
109 667 1
109 643 1
107 617 1
108 585 1
110 554 1
115 521 1
120 490 1
129 461 1
136 430 1
145 402 1
152 379 1
159 358 1
166 340 1
174 324 1
179 310 1
185 294 1
189 278 1
195 263 1
201 248 1
208 236 1
214 227 1
221 218 1
231 213 1
243 209 1
261 206 1
279 207 1
300 209 1
319 213 1
339 217 1
359 223 1
379 228 1
399 234 1
419 241 1
443 251 1
468 262 1
494 276 1
519 289 1
543 305 1
563 318 1
581 332 1
598 347 1
614 364 1
632 385 1
649 411 1
667 441 1
683 472 1
698 503 1
710 534 1
720 566 1
731 598 1
744 633 1
757 669 1
770 705 1
782 744 1
797 783 1
811 826 1
825 868 1
839 910 1
853 950 1
863 986 1
870 1019 1
875 1052 1
881 1083 1
885 1117 1
889 1148 1
893 1173 1
896 1196 1
897 1219 1
897 1245 1
895 1273 1
892 1303 1
888 1332 1
884 1360 1
881 1388 1
878 1414 1
873 1440 1
868 1467 1
861 1495 1
855 1522 1
848 1548 1
842 1567 1
836 1583 1
831 1596 1
827 1604 1
821 1611 1
813 1621 1
803 1633 1
790 1645 1
777 1659 1
764 1671 1
751 1683 1
740 1694 1
729 1704 1
720 1711 1
712 1719 1
705 1726 1
697 1733 1
692 1738 1
685 1743 1
678 1747 1
670 1751 1
660 1755 1
650 1757 1
638 1759 1
623 1760 1
609 1760 1
589 1755 1
571 1750 1
553 1743 1
535 1737 1
518 1729 1
501 1721 1
484 1711 1
466 1698 1
449 1685 1
435 1672 1
420 1656 1
406 1641 1
396 1627 1
385 1613 1
375 1595 1
364 1574 1
356 1550 1
348 1526 1
342 1504 1
338 1480 1
334 1458 1
332 1439 1
328 1423 1
325 1411 1
321 1394 1
315 1372 1
308 1347 1
302 1320 1
295 1295 1
289 1276 1
282 1253 1
277 1230 1
271 1200 1
264 1166 1
259 1125 1
255 1082 1
253 1040 1
251 996 1
249 956 1
248 919 1
245 878 1
239 839 1
232 803 1
223 771 1
216 749 1
210 731 1
206 717 1
200 707 1
196 699 1
191 691 1
185 683 1
179 673 1
173 665 1
167 655 1
162 644 1
157 633 1
153 623 1
150 612 1
147 599 1
145 583 1
145 559 1
146 533 1
148 504 1
154 473 1
162 444 1
172 416 1
183 393 1
196 369 1
210 347 1
222 328 1
234 312 1
244 299 1
253 291 1
262 282 1
270 275 1
279 271 1
292 267 1
305 265 1
327 267 1
347 269 1
371 278 1
396 289 1
418 304 1
442 320 1
465 337 1
484 350 1
502 363 1
517 372 1
531 380 1
541 386 1
549 391 1
554 394 1
560 398 1
566 402 1
574 407 1
585 415 1
601 425 1
617 436 1
641 451 1
665 469 1
691 491 1
717 518 1
743 548 1
766 585 1
789 624 1
808 664 1
824 710 1
838 753 1
848 792 1
856 826 1
861 855 1
864 883 1
867 909 1
868 938 1
869 963 1
869 986 1
866 1013 1
864 1042 1
862 1078 1
862 1119 1
863 1159 1
865 1203 1
868 1243 1
874 1285 1
878 1324 1
879 1360 1
880 1392 1
877 1423 1
872 1452 1
867 1483 1
860 1518 1
852 1555 1
844 1593 1
834 1628 1
825 1661 1
818 1689 1
812 1709 1
805 1726 1
801 1739 1
791 1749 1
783 1757 1
770 1764 1
755 1772 1
736 1778 1
715 1783 1
691 1785 1
665 1785 1
640 1781 1
614 1774 1
590 1766 1
563 1755 1
539 1741 1
516 1730 1
495 1717 1
476 1704 1
458 1690 1
439 1676 1
423 1662 1
407 1642 1
390 1619 1
372 1591 1
353 1557 1
335 1522 1
319 1491 1
304 1460 1
292 1429 1
281 1400 1
270 1367 1
261 1337 1
251 1301 1
241 1271 1
233 1241 1
224 1215 1
216 1193 1
208 1172 1
201 1152 1
197 1131 1
193 1107 1
190 1080 1
187 1051 1
185 1024 1
181 992 1
175 960 1
168 929 1
161 891 1
154 859 1
150 827 1
147 797 1
144 772 1
143 749 1
140 727 1
137 704 1
134 682 1
131 660 1
128 638 1
127 618 1
123 596 1
119 574 1
116 549 1
115 525 1
112 501 1
112 478 1
112 456 1
112 433 1
113 413 1
115 395 1
120 378 1
124 362 1
130 345 1
138 326 1
146 307 1
159 290 1
174 273 1
191 261 1
219 249 1
247 240 1
275 236 1
302 233 1
326 234 1
346 235 1
367 239 1
385 243 1
404 249 1
424 258 1
446 269 1
466 281 1
483 294 1
499 305 1
513 318 1
524 329 1
535 341 1
546 353 1
557 368 1
571 385 1
585 405 1
602 428 1
621 455 1
641 484 1
663 514 1
685 546 1
706 576 1
723 601 1
739 625 1
751 645 1
760 662 1
767 677 1
773 689 1
777 700 1
781 711 1
788 731 1
795 753 1
805 783 1
817 819 1
831 859 1
845 904 1
858 946 1
869 977 1
878 1004 1
883 1023 1
886 1035 1
888 1047 1
890 1056 1
892 1067 1
893 1082 1
894 1103 1
896 1132 1
898 1164 1
901 1199 1
902 1235 1
904 1277 1
906 1318 1
906 1359 1
904 1396 1
903 1425 1
902 1449 1
899 1470 1
893 1497 1
887 1528 1
877 1564 1
862 1603 1
846 1641 1
836 1669 1
826 1693 1
818 1708 1
808 1722 1
799 1732 1
784 1742 1
767 1751 1
744 1759 1
719 1767 1
692 1772 1
665 1775 1
641 1777 1
622 1776 1
607 1773 1
593 1771 1
582 1765 1
573 1759 1
562 1751 1
551 1741 1
537 1728 1
520 1711 1
503 1691 1
484 1669 1
464 1646 1
445 1623 1
422 1593 1
398 1559 1
373 1524 1
349 1489 1
328 1456 1
310 1427 1
294 1400 1
282 1377 1
271 1351 1
261 1327 1
253 1297 1
245 1269 1
237 1242 1
230 1218 1
223 1200 1
215 1185 1
208 1171 1
201 1159 1
195 1145 1
190 1132 1
185 1110 1
181 1088 1
177 1063 1
173 1038 1
168 1017 1
163 994 1
156 972 1
149 950 1
143 928 1
136 907 1
132 885 1
127 867 1
124 852 1
121 840 1
120 831 1
118 823 1
115 816 1
113 809 1
110 803 1
109 796 1
107 790 1
105 783 1
104 779 1
103 777 1
104 779 0
