572 1009 1
571 1009 1
570 1011 1
568 1013 1
566 1015 1
563 1019 1
560 1022 1
555 1025 1
550 1027 1
543 1029 1
534 1029 1
525 1029 1
516 1026 1
507 1023 1
500 1019 1
492 1013 1
487 1006 1
480 999 1
475 988 1
471 982 1
468 975 1
466 970 1
467 965 1
467 960 1
468 956 1
471 951 1
475 948 1
479 944 1
484 943 1
490 940 1
496 940 1
503 940 1
514 941 1
523 943 1
532 948 1
541 951 1
548 956 1
555 961 1
562 967 1
571 976 1
576 986 1
583 995 1
587 1005 1
589 1015 1
591 1024 1
591 1032 1
588 1040 1
584 1047 1
580 1052 1
576 1057 1
571 1061 1
566 1065 1
560 1070 1
553 1073 1
543 1075 1
531 1076 1
516 1075 1
501 1069 1
481 1059 1
461 1045 1
443 1032 1
430 1018 1
419 1006 1
404 986 1
395 973 1
387 960 1
379 947 1
372 932 1
366 912 1
362 893 1
361 878 1
362 870 1
363 861 1
365 855 1
368 849 1
372 843 1
376 836 1
381 830 1
385 825 1
391 819 1
398 813 1
404 809 1
409 806 1
415 804 1
420 802 1
426 800 1
434 801 1
444 802 1
457 806 1
474 813 1
491 820 1
507 829 1
522 838 1
536 846 1
547 854 1
557 861 1
566 866 1
574 873 1
584 878 1
592 884 1
601 888 1
608 894 1
616 900 1
623 905 1
630 911 1
637 918 1
645 926 1
655 937 1
664 946 1
672 960 1
681 973 1
687 987 1
692 1001 1
697 1014 1
699 1026 1
701 1037 1
702 1045 1
702 1054 1
700 1061 1
697 1068 1
693 1075 1
689 1084 1
684 1091 1
679 1098 1
672 1105 1
667 1111 1
662 1117 1
654 1122 1
646 1128 1
636 1132 1
626 1136 1
613 1140 1
598 1143 1
581 1145 1
564 1146 1
551 1147 1
538 1147 1
528 1146 1
520 1144 1
510 1141 1
499 1136 1
486 1129 1
472 1119 1
458 1107 1
446 1095 1
435 1081 1
425 1068 1
415 1054 1
407 1041 1
399 1030 1
393 1020 1
386 1012 1
380 1003 1
373 993 1
366 983 1
358 973 1
350 962 1
341 952 1
333 940 1
325 928 1
317 915 1
309 903 1
301 891 1
294 880 1
286 867 1
278 854 1
271 842 1
266 828 1
260 815 1
258 803 1
254 790 1
252 776 1
253 765 1
255 755 1
256 747 1
259 740 1
263 735 1
267 731 1
273 727 1
278 723 1
287 721 1
298 718 1
311 717 1
327 717 1
344 718 1
365 724 1
387 730 1
409 739 1
430 747 1
450 757 1
466 766 1
483 777 1
500 790 1
517 802 1
533 814 1
548 826 1
560 836 1
571 845 1
581 853 1
591 860 1
599 867 1
606 872 1
613 878 1
618 880 1
624 885 1
629 887 1
635 890 1
641 894 1
645 897 1
649 901 1
656 906 1
663 912 1
671 920 1
680 930 1
689 939 1
697 951 1
706 962 1
714 976 1
724 989 1
733 1003 1
741 1015 1
748 1028 1
752 1039 1
757 1053 1
761 1066 1
763 1077 1
765 1087 1
765 1097 1
764 1107 1
761 1117 1
757 1128 1
751 1138 1
745 1146 1
738 1152 1
732 1157 1
724 1162 1
714 1167 1
703 1171 1
691 1173 1
676 1175 1
656 1173 1
632 1170 1
604 1164 1
577 1157 1
554 1152 1
533 1147 1
511 1144 1
490 1141 1
471 1139 1
454 1137 1
442 1136 1
434 1136 1
427 1134 1
417 1131 1
404 1125 1
389 1117 1
371 1105 1
359 1097 1
348 1087 1
338 1077 1
328 1067 1
320 1055 1
312 1044 1
304 1034 1
296 1024 1
289 1014 1
280 1002 1
272 990 1
264 978 1
257 967 1
250 954 1
245 942 1
238 928 1
233 913 1
226 898 1
221 884 1
213 869 1
206 855 1
201 843 1
196 833 1
192 823 1
189 812 1
186 800 1
184 792 1
184 784 1
182 779 1
183 775 1
183 771 1
183 768 1
183 765 1
184 763 1
185 757 1
188 751 1
193 742 1
198 734 1
204 724 1
210 715 1
216 705 1
225 698 1
235 687 1
246 677 1
257 669 1
269 662 1
281 655 1
306 650 1
338 645 1
380 645 1
420 648 1
454 652 1
480 661 1
502 668 1
518 674 1
532 681 1
545 685 1
557 691 1
571 698 1
588 706 1
605 717 1
620 728 1
637 739 1
652 752 1
667 764 1
681 778 1
693 792 1
706 806 1
717 819 1
726 832 1
736 846 1
744 860 1
752 874 1
761 889 1
768 903 1
774 918 1
781 934 1
788 952 1
794 968 1
801 986 1
805 1004 1
810 1019 1
812 1035 1
814 1049 1
815 1061 1
815 1072 1
813 1083 1
810 1094 1
806 1103 1
802 1115 1
796 1124 1
790 1134 1
784 1142 1
777 1149 1
770 1156 1
762 1163 1
754 1170 1
745 1176 1
736 1183 1
725 1189 1
709 1194 1
694 1198 1
679 1202 1
665 1205 1
652 1207 1
641 1208 1
629 1211 1
615 1213 1
600 1216 1
582 1217 1
567 1219 1
554 1220 1
546 1221 1
537 1222 1
530 1222 1
520 1223 1
508 1223 1
493 1222 1
476 1219 1
463 1217 1
450 1212 1
439 1205 1
429 1199 1
419 1189 1
411 1181 1
403 1171 1
395 1160 1
387 1151 1
378 1140 1
369 1130 1
362 1120 1
354 1109 1
344 1099 1
334 1086 1
324 1072 1
316 1061 1
308 1051 1
301 1040 1
293 1030 1
285 1019 1
277 1008 1
268 997 1
260 986 1
253 976 1
246 966 1
242 959 1
237 951 1
232 942 1
228 936 1
224 929 1
221 922 1
219 916 1
214 909 1
210 900 1
206 892 1
202 882 1
197 873 1
194 864 1
191 858 1
188 851 1
186 846 1
184 839 1
181 830 1
177 817 1
173 801 1
168 785 1
163 765 1
157 745 1
155 730 1
152 717 1
151 708 1
152 699 1
152 691 1
153 681 1
155 670 1
159 658 1
164 643 1
171 629 1
178 618 1
186 608 1
195 599 1
206 592 1
219 585 1
233 578 1
248 571 1
262 565 1
277 561 1
292 558 1
313 555 1
339 554 1
367 554 1
393 554 1
419 554 1
440 555 1
462 558 1
488 563 1
514 569 1
537 574 1
557 578 1
575 584 1
593 591 1
611 599 1
630 608 1
650 617 1
669 628 1
687 641 1
705 654 1
724 668 1
740 683 1
754 699 1
767 716 1
779 732 1
792 751 1
804 768 1
815 787 1
825 807 1
834 825 1
843 845 1
849 864 1
854 883 1
860 901 1
865 920 1
869 939 1
873 956 1
875 978 1
878 1000 1
879 1020 1
880 1043 1
878 1065 1
874 1088 1
870 1111 1
865 1131 1
860 1150 1
853 1166 1
847 1180 1
839 1192 1
831 1202 1
822 1211 1
812 1218 1
801 1225 1
789 1232 1
772 1236 1
751 1239 1
725 1239 1
698 1237 1
670 1233 1
646 1228 1
622 1224 1
601 1220 1
578 1214 1
552 1207 1
528 1200 1
509 1195 1
495 1190 1
485 1186 1
476 1184 1
463 1181 1
445 1176 1
420 1170 1
398 1165 1
379 1160 1
365 1158 1
354 1155 1
345 1154 1
335 1151 1
325 1148 1
315 1144 1
306 1140 1
298 1135 1
289 1128 1
279 1120 1
271 1113 1
261 1104 1
253 1095 1
244 1085 1
236 1076 1
230 1066 1
222 1056 1
215 1046 1
209 1036 1
201 1023 1
193 1008 1
185 994 1
181 983 1
177 973 1
172 962 1
169 955 1
165 945 1
162 937 1
159 929 1
156 919 1
151 907 1
147 896 1
143 887 1
141 880 1
138 874 1
136 868 1
133 863 1
129 855 1
125 847 1
120 837 1
117 829 1
114 819 1
110 809 1
108 795 1
103 779 1
98 752 1
90 712 1
83 661 1
76 605 1
72 565 1
73 545 1
74 533 1
75 528 1
75 526 1
77 524 1
77 524 1
77 524 1
78 524 1
82 520 1
89 515 1
102 508 1
123 497 1
142 488 1
160 481 1
177 475 1
195 470 1
219 465 1
248 459 1
278 454 1
305 450 1
330 448 1
357 448 1
387 451 1
421 458 1
457 465 1
486 470 1
510 475 1
532 479 1
551 482 1
572 485 1
591 487 1
612 488 1
628 490 1
642 493 1
657 494 1
673 497 1
694 505 1
718 515 1
740 526 1
765 539 1
789 555 1
811 574 1
831 594 1
848 614 1
864 634 1
877 653 1
889 676 1
902 701 1
913 728 1
924 757 1
936 785 1
943 815 1
951 842 1
956 865 1
960 886 1
962 904 1
963 923 1
964 941 1
964 961 1
962 980 1
960 998 1
956 1018 1
952 1037 1
945 1059 1
938 1079 1
931 1099 1
925 1118 1
918 1137 1
910 1155 1
902 1172 1
892 1190 1
881 1207 1
870 1224 1
858 1241 1
845 1258 1
833 1274 1
822 1286 1
811 1297 1
801 1307 1
791 1316 1
779 1325 1
766 1334 1
754 1342 1
742 1349 1
729 1354 1
717 1358 1
701 1360 1
681 1361 1
656 1357 1
630 1351 1
602 1344 1
575 1336 1
550 1327 1
528 1320 1
507 1313 1
487 1304 1
467 1297 1
446 1287 1
427 1278 1
408 1269 1
388 1259 1
370 1250 1
350 1240 1
327 1227 1
304 1213 1
283 1200 1
264 1189 1
246 1179 1
227 1168 1
209 1158 1
191 1147 1
175 1135 1
160 1124 1
150 1115 1
141 1107 1
133 1100 1
125 1089 1
117 1075 1
109 1060 1
103 1046 1
98 1033 1
93 1019 1
87 1006 1
83 992 1
78 977 1
74 961 1
70 941 1
68 923 1
64 905 1
62 895 1
64 902 0
