94 1253 1
94 1253 1
94 1253 1
94 1253 1
94 1251 1
94 1251 1
96 1247 1
100 1241 1
107 1232 1
115 1220 1
126 1206 1
139 1189 1
153 1173 1
166 1159 1
179 1146 1
192 1133 1
207 1115 1
220 1103 1
229 1093 1
235 1087 1
241 1081 1
246 1076 1
250 1071 1
256 1064 1
258 1057 1
263 1050 1
263 1041 1
264 1026 1
264 1016 1
257 1001 1
247 985 1
237 971 1
228 961 1
221 953 1
215 949 1
209 945 1
204 942 1
193 940 1
185 941 1
178 947 1
172 954 1
165 963 1
158 973 1
153 983 1
146 994 1
142 1007 1
138 1019 1
135 1031 1
134 1041 1
134 1049 1
137 1057 1
143 1065 1
152 1074 1
166 1086 1
187 1096 1
206 1105 1
220 1111 1
232 1116 1
241 1121 1
249 1125 1
257 1131 1
267 1140 1
277 1150 1
287 1160 1
294 1171 1
300 1182 1
304 1194 1
306 1206 1
307 1217 1
304 1229 1
301 1241 1
296 1252 1
288 1261 1
280 1269 1
271 1273 1
261 1278 1
251 1280 1
243 1281 1
234 1282 1
224 1279 1
210 1274 1
195 1267 1
174 1255 1
152 1242 1
134 1229 1
117 1214 1
103 1201 1
93 1190 1
85 1180 1
78 1171 1
81 1175 0
325 1288 1
325 1288 1
325 1286 1
325 1286 1
326 1285 1
328 1284 1
331 1281 1
337 1276 1
344 1269 1
352 1261 1
365 1247 1
380 1232 1
398 1212 1
418 1190 1
436 1169 1
457 1145 1
469 1131 1
475 1124 1
480 1116 1
484 1106 1
490 1097 1
493 1087 1
495 1079 1
497 1070 1
499 1062 1
498 1049 1
495 1034 1
484 1017 1
472 1001 1
461 990 1
453 983 1
446 978 1
439 974 1
427 968 1
413 961 1
399 957 1
386 954 1
376 952 1
368 953 1
362 955 1
356 957 1
351 959 1
346 962 1
343 965 1
340 968 1
339 971 1
339 977 1
344 986 1
350 997 1
359 1009 1
371 1021 1
383 1033 1
395 1043 1
406 1052 1
418 1062 1
430 1072 1
440 1080 1
450 1087 1
461 1095 1
473 1103 1
482 1110 1
492 1118 1
502 1127 1
510 1135 1
517 1143 1
521 1149 1
525 1158 1
528 1166 1
531 1174 1
531 1185 1
529 1194 1
527 1203 1
522 1212 1
513 1220 1
502 1226 1
491 1231 1
479 1235 1
468 1239 1
454 1241 1
439 1242 1
422 1240 1
401 1238 1
382 1234 1
364 1228 1
346 1220 1
324 1206 1
306 1191 1
315 1198 0
589 1281 1
589 1276 1
592 1268 1
597 1257 1
606 1240 1
615 1222 1
627 1200 1
640 1171 1
653 1142 1
673 1096 1
690 1058 1
703 1033 1
710 1015 1
716 997 1
721 978 1
723 962 1
724 947 1
722 934 1
718 920 1
708 906 1
692 890 1
674 877 1
658 870 1
643 867 1
631 870 1
617 877 1
604 886 1
592 896 1
579 907 1
568 919 1
562 930 1
556 942 1
552 953 1
552 966 1
554 979 1
557 995 1
567 1010 1
582 1025 1
597 1038 1
611 1049 1
624 1059 1
636 1069 1
651 1080 1
667 1090 1
682 1100 1
693 1109 1
702 1118 1
708 1124 1
719 1140 1
725 1152 1
729 1163 1
732 1176 1
733 1190 1
732 1206 1
728 1221 1
720 1235 1
711 1248 1
700 1261 1
687 1270 1
674 1276 1
660 1279 1
645 1278 1
629 1274 1
605 1260 1
579 1241 1
556 1220 1
538 1200 1
524 1181 1
514 1163 1
506 1147 1
499 1131 1
493 1114 1
487 1100 1
479 1081 1
469 1059 1
471 1062 0
