1010 347 1
1010 347 1
1010 347 1
1010 347 1
1010 347 1
1010 347 1
1010 347 1
1010 347 1
1008 347 1
1008 347 1
1006 349 1
1004 350 1
1000 354 1
995 357 1
991 362 1
987 366 1
982 370 1
979 375 1
976 380 1
974 387 1
972 397 1
973 411 1
973 428 1
975 447 1
978 470 1
981 491 1
982 510 1
986 540 1
988 558 1
989 575 1
989 591 1
990 606 1
989 621 1
989 632 1
988 642 1
986 651 1
985 660 1
984 667 1
982 674 1
981 679 1
978 685 1
976 690 1
972 696 1
968 703 1
965 708 1
962 716 1
959 723 1
955 734 1
951 743 1
944 765 1
942 776 1
940 790 1
940 806 1
941 822 1
942 841 1
946 858 1
952 873 1
956 886 1
960 897 1
962 907 1
966 919 1
970 931 1
972 938 1
974 945 1
975 949 1
975 952 1
975 955 1
975 958 1
975 959 1
975 961 1
974 962 1
974 963 1
971 964 1
960 964 1
951 964 1
943 962 1
936 960 1
928 959 1
910 950 1
894 938 1
876 923 1
862 909 1
852 900 1
845 892 1
838 885 1
824 868 1
815 856 1
806 842 1
800 832 1
795 823 1
791 815 1
787 796 1
787 780 1
789 762 1
798 740 1
809 721 1
816 712 1
820 705 1
823 702 1
825 699 1
826 697 1
827 697 1
828 698 1
829 699 1
830 703 1
830 715 1
831 730 1
833 746 1
837 761 1
841 773 1
843 786 1
848 795 1
852 807 1
860 829 1
866 844 1
870 858 1
874 869 1
877 880 1
881 891 1
883 904 1
886 917 1
888 929 1
889 940 1
889 949 1
888 958 1
886 968 1
881 984 1
872 995 1
861 1007 1
849 1017 1
837 1027 1
824 1036 1
810 1045 1
794 1053 1
779 1060 1
771 1063 1
777 1061 0
659 377 1
659 377 1
659 377 1
657 377 1
657 377 1
658 380 1
659 384 1
662 394 1
669 406 1
680 422 1
691 437 1
701 452 1
711 463 1
718 474 1
726 484 1
732 493 1
736 501 1
741 511 1
744 519 1
747 529 1
750 538 1
752 558 1
752 569 1
752 583 1
750 599 1
748 616 1
746 633 1
740 650 1
734 665 1
731 677 1
726 687 1
724 695 1
721 704 1
718 712 1
716 723 1
713 734 1
711 745 1
708 759 1
705 772 1
702 784 1
699 794 1
697 804 1
694 811 1
691 820 1
688 829 1
685 840 1
683 851 1
681 865 1
679 882 1
680 899 1
680 919 1
681 935 1
681 945 1
683 953 1
684 960 1
684 964 1
685 969 1
686 973 1
686 976 1
687 980 1
687 983 1
687 986 1
686 989 1
686 992 1
683 994 1
679 996 1
673 997 1
665 994 1
653 989 1
640 981 1
625 969 1
613 957 1
604 945 1
596 934 1
591 923 1
585 913 1
582 903 1
578 896 1
576 889 1
574 882 1
573 875 1
571 869 1
571 862 1
571 855 1
571 848 1
571 844 1
571 841 1
571 838 1
571 835 1
571 833 1
571 831 1
571 829 1
572 826 1
573 822 1
574 818 1
577 811 1
581 804 1
585 797 1
588 791 1
590 787 1
592 784 1
595 782 1
597 782 1
601 782 1
608 784 1
616 791 1
627 799 1
636 807 1
644 816 1
651 825 1
654 834 1
658 846 1
661 858 1
661 876 1
659 895 1
655 916 1
649 939 1
640 962 1
630 983 1
618 1002 1
605 1022 1
591 1040 1
576 1058 1
558 1078 1
538 1098 1
517 1120 1
495 1140 1
475 1158 1
481 1153 0
433 438 1
433 438 1
433 438 1
433 438 1
433 438 1
433 438 1
433 438 1
432 438 1
432 438 1
429 440 1
426 443 1
421 448 1
414 454 1
407 459 1
401 466 1
395 472 1
389 479 1
384 484 1
379 490 1
374 498 1
370 507 1
368 517 1
366 531 1
364 544 1
365 556 1
366 567 1
367 578 1
368 588 1
373 606 1
381 620 1
390 635 1
399 648 1
404 658 1
410 666 1
416 675 1
422 686 1
429 696 1
435 705 1
441 713 1
445 720 1
449 726 1
453 733 1
457 740 1
462 750 1
466 759 1
470 770 1
473 780 1
474 788 1
477 795 1
478 800 1
479 806 1
480 810 1
481 813 1
481 816 1
482 817 1
482 818 1
482 819 1
482 819 1
482 819 1
482 819 1
482 819 1
482 819 1
482 819 1
482 819 1
482 819 1
482 819 1
482 819 1
482 819 1
482 819 1
482 819 1
482 819 1
482 819 1
482 819 1
482 820 1
484 823 1
487 828 1
491 835 1
496 844 1
500 851 1
504 859 1
507 865 1
510 872 1
511 878 1
513 884 1
514 889 1
514 895 1
514 899 1
514 903 1
512 909 1
511 913 1
509 917 1
507 921 1
503 924 1
499 928 1
492 932 1
486 934 1
479 936 1
472 937 1
465 937 1
459 934 1
451 930 1
444 925 1
437 918 1
431 912 1
427 907 1
422 900 1
420 895 1
415 888 1
411 883 1
407 876 1
404 868 1
399 861 1
396 853 1
392 845 1
389 839 1
385 833 1
382 827 1
378 821 1
373 815 1
369 810 1
366 805 1
363 802 1
362 799 1
360 797 1
359 796 1
360 796 1
360 796 1
360 796 1
360 794 1
361 795 1
367 794 1
372 795 1
380 795 1
386 796 1
392 797 1
399 799 1
403 801 1
407 804 1
411 806 1
416 811 1
420 817 1
424 825 1
428 833 1
431 846 1
433 862 1
434 879 1
432 899 1
429 924 1
423 951 1
416 979 1
406 1005 1
397 1031 1
387 1057 1
371 1085 1
366 1097 1
371 1087 0
306 507 1
306 507 1
306 507 1
306 507 1
306 507 1
306 507 1
304 507 1
303 508 1
301 514 1
297 520 1
293 528 1
289 538 1
286 548 1
283 560 1
280 572 1
277 586 1
277 603 1
277 620 1
279 636 1
283 651 1
287 666 1
291 679 1
295 690 1
300 703 1
306 720 1
312 735 1
315 746 1
318 755 1
321 764 1
324 774 1
329 793 1
332 809 1
333 827 1
334 845 1
334 862 1
332 877 1
333 888 1
331 897 1
329 905 1
328 914 1
326 924 1
325 935 1
324 942 1
324 951 1
322 956 1
321 960 1
319 965 1
319 969 1
317 973 1
316 977 1
315 979 1
315 982 1
314 984 1
312 986 1
312 986 1
311 987 1
309 987 1
303 985 1
295 983 1
287 979 1
277 970 1
270 963 1
264 955 1
257 947 1
250 939 1
244 928 1
239 920 1
234 910 1
224 890 1
218 876 1
213 863 1
209 846 1
205 821 1
204 790 1
204 769 1
204 759 1
204 752 1
204 748 1
204 745 1
204 743 1
204 742 1
204 740 1
204 740 1
204 740 1
204 740 1
204 740 1
206 743 1
208 747 1
222 765 1
235 784 1
246 804 1
255 823 1
261 842 1
264 860 1
267 878 1
267 899 1
267 921 1
264 945 1
254 977 1
240 1014 1
224 1053 1
203 1091 1
184 1122 1
171 1143 1
177 1134 0
