136 1438 1
135 1435 1
135 1433 1
135 1428 1
133 1423 1
132 1413 1
129 1402 1
126 1388 1
122 1373 1
117 1357 1
111 1338 1
106 1320 1
102 1305 1
100 1288 1
97 1262 1
97 1249 1
97 1234 1
95 1221 1
96 1204 1
96 1189 1
97 1174 1
98 1155 1
100 1133 1
108 1108 1
115 1078 1
124 1047 1
133 1015 1
140 983 1
147 952 1
155 923 1
165 894 1
175 869 1
186 848 1
196 833 1
208 817 1
216 804 1
221 795 1
227 787 1
231 779 1
235 772 1
237 765 1
239 759 1
242 751 1
243 743 1
243 734 1
243 726 1
243 715 1
241 704 1
242 692 1
240 679 1
237 666 1
231 654 1
226 642 1
221 632 1
214 621 1
207 610 1
201 599 1
194 588 1
187 578 1
180 568 1
174 560 1
169 552 1
162 545 1
155 537 1
147 529 1
142 524 1
138 521 1
135 518 1
134 517 1
133 516 1
131 516 1
130 516 1
128 517 1
125 523 1
121 532 1
117 545 1
112 564 1
108 585 1
104 608 1
101 633 1
100 658 1
101 679 1
102 699 1
103 715 1
105 731 1
107 748 1
112 763 1
116 778 1
122 791 1
129 805 1
136 817 1
143 833 1
151 849 1
161 867 1
170 890 1
177 914 1
184 933 1
187 953 1
189 970 1
190 989 1
190 1009 1
190 1032 1
190 1054 1
190 1074 1
190 1096 1
190 1115 1
189 1138 1
189 1159 1
187 1182 1
188 1203 1
186 1226 1
186 1246 1
184 1263 1
184 1279 1
183 1292 1
181 1302 1
181 1309 1
181 1317 1
181 1323 1
180 1327 1
180 1331 1
179 1336 1
179 1340 1
179 1345 1
180 1353 1
180 1361 1
181 1372 1
182 1383 1
182 1394 1
183 1403 1
185 1412 1
185 1419 1
186 1425 1
186 1429 1
186 1431 1
186 1434 1
186 1435 1
186 1436 1
187 1436 1
189 1432 1
192 1426 1
196 1417 1
203 1404 1
210 1390 1
217 1372 1
226 1354 1
234 1334 1
241 1318 1
247 1303 1
250 1292 1
254 1282 1
258 1271 1
263 1255 1
272 1233 1
283 1205 1
297 1171 1
311 1140 1
321 1115 1
329 1092 1
335 1071 1
338 1055 1
341 1040 1
343 1026 1
345 1015 1
346 1005 1
344 992 1
341 979 1
336 962 1
329 944 1
321 924 1
311 901 1
303 876 1
294 850 1
286 821 1
281 792 1
278 764 1
276 739 1
277 717 1
278 697 1
279 678 1
280 664 1
281 651 1
280 638 1
278 628 1
277 617 1
275 608 1
272 598 1
268 587 1
263 574 1
259 562 1
255 551 1
251 541 1
249 535 1
247 530 1
245 527 1
245 525 1
245 523 1
245 522 1
245 522 1
245 522 1
245 522 1
244 523 1
244 524 1
242 528 1
240 535 1
238 547 1
235 561 1
232 578 1
228 599 1
225 621 1
223 645 1
223 670 1
223 693 1
225 717 1
229 741 1
232 763 1
237 784 1
241 803 1
247 823 1
252 842 1
258 862 1
265 881 1
272 900 1
276 918 1
281 936 1
285 950 1
289 969 1
294 988 1
299 1012 1
303 1038 1
309 1066 1
312 1094 1
317 1122 1
320 1151 1
323 1179 1
324 1207 1
324 1233 1
324 1257 1
322 1275 1
319 1293 1
318 1308 1
315 1319 1
313 1329 1
311 1334 1
311 1339 1
309 1343 1
309 1344 1
309 1347 1
308 1348 1
308 1349 1
308 1349 1
308 1349 1
310 1351 1
315 1354 1
321 1356 1
328 1357 1
334 1359 1
340 1361 1
343 1362 1
348 1364 1
349 1364 1
352 1365 1
354 1366 1
356 1367 1
358 1368 1
359 1368 1
361 1368 1
363 1369 1
364 1369 1
367 1368 1
370 1365 1
375 1362 1
379 1358 1
385 1350 1
390 1340 1
397 1326 1
403 1310 1
409 1295 1
413 1280 1
417 1266 1
420 1253 1
421 1239 1
420 1223 1
419 1207 1
417 1191 1
414 1177 1
412 1164 1
408 1150 1
404 1133 1
399 1113 1
393 1092 1
388 1070 1
383 1051 1
378 1031 1
375 1013 1
373 996 1
371 983 1
370 972 1
367 962 1
366 953 1
363 945 1
361 935 1
358 925 1
354 915 1
349 903 1
344 891 1
340 878 1
335 864 1
329 851 1
325 834 1
321 816 1
317 798 1
315 779 1
312 760 1
311 743 1
309 729 1
310 719 1
310 712 1
310 706 1
311 703 1
311 698 1
312 691 1
314 681 1
317 669 1
321 656 1
326 643 1
332 631 1
337 622 1
341 615 1
345 610 1
347 605 1
350 602 1
351 600 1
354 597 1
355 596 1
356 595 1
358 593 1
360 592 1
362 590 1
363 589 1
364 589 1
365 587 1
366 588 1
366 586 1
366 586 1
366 586 1
366 586 1
366 586 1
366 586 1
366 586 1
366 586 1
366 586 1
366 586 1
364 586 1
361 584 1
359 583 1
353 584 1
347 584 1
340 585 1
332 587 1
323 590 1
313 593 1
304 598 1
299 605 1
293 613 1
289 626 1
289 643 1
290 661 1
292 679 1
295 696 1
296 711 1
299 724 1
302 735 1
306 747 1
311 759 1
315 773 1
320 785 1
324 798 1
329 811 1
335 826 1
340 841 1
346 860 1
351 880 1
357 901 1
363 923 1
368 945 1
374 968 1
378 992 1
384 1014 1
386 1040 1
389 1062 1
391 1084 1
393 1105 1
394 1125 1
394 1147 1
396 1169 1
396 1191 1
397 1212 1
397 1229 1
398 1246 1
399 1261 1
400 1277 1
402 1291 1
403 1304 1
405 1313 1
408 1322 1
411 1331 1
415 1340 1
419 1347 1
424 1354 1
429 1361 1
435 1368 1
439 1372 1
446 1377 1
458 1383 1
473 1389 1
487 1395 1
498 1398 1
505 1401 1
509 1402 1
512 1403 1
515 1404 1
515 1403 1
517 1401 1
518 1397 1
521 1389 1
525 1375 1
527 1354 1
530 1331 1
529 1306 1
526 1279 1
522 1253 1
516 1224 1
511 1196 1
506 1171 1
501 1146 1
496 1121 1
493 1093 1
489 1064 1
487 1036 1
482 1010 1
479 986 1
477 967 1
475 949 1
473 929 1
472 905 1
470 882 1
470 859 1
470 838 1
470 819 1
470 799 1
470 777 1
469 754 1
469 732 1
467 712 1
468 696 1
466 683 1
466 674 1
466 665 1
464 660 1
463 652 1
463 646 1
460 639 1
457 631 1
455 621 1
451 611 1
448 601 1
445 592 1
440 582 1
433 571 1
424 553 1
412 536 1
403 525 1
396 516 1
392 512 1
390 509 1
388 507 1
387 507 1
387 505 1
387 505 1
387 505 1
387 505 1
387 505 1
385 509 1
383 514 1
381 523 1
377 534 1
373 548 1
369 566 1
366 586 1
363 608 1
361 630 1
362 650 1
363 671 1
365 690 1
368 709 1
372 726 1
375 743 1
379 760 1
383 776 1
388 793 1
395 811 1
403 832 1
413 854 1
422 878 1
433 905 1
444 932 1
454 958 1
463 985 1
472 1010 1
479 1032 1
484 1053 1
488 1071 1
490 1085 1
493 1097 1
494 1111 1
497 1124 1
500 1139 1
502 1154 1
505 1171 1
509 1192 1
512 1214 1
518 1236 1
522 1259 1
526 1282 1
530 1303 1
532 1323 1
535 1342 1
536 1355 1
538 1366 1
539 1376 1
540 1386 1
542 1397 1
544 1406 1
546 1416 1
547 1424 1
548 1430 1
550 1434 1
551 1438 1
552 1441 1
552 1442 1
553 1443 1
554 1445 1
555 1446 1
557 1446 1
560 1444 1
564 1442 1
569 1438 1
573 1433 1
581 1421 1
590 1407 1
597 1390 1
604 1375 1
610 1360 1
613 1342 1
616 1322 1
617 1296 1
619 1269 1
619 1245 1
619 1223 1
617 1202 1
615 1179 1
610 1150 1
603 1118 1
594 1092 1
587 1068 1
582 1047 1
577 1029 1
573 1011 1
570 992 1
566 972 1
563 949 1
562 930 1
559 910 1
558 894 1
558 879 1
556 866 1
558 849 1
558 832 1
559 812 1
560 793 1
561 774 1
563 759 1
566 747 1
568 735 1
571 724 1
574 711 1
575 696 1
578 680 1
579 666 1
581 652 1
581 636 1
579 618 1
576 597 1
573 581 1
569 566 1
567 553 1
564 544 1
561 535 1
555 527 1
548 517 1
541 509 1
535 503 1
531 499 1
527 495 1
525 492 1
523 491 1
521 490 1
518 488 1
517 488 1
516 488 1
514 488 1
512 493 1
509 501 1
507 513 1
505 536 1
503 563 1
503 598 1
503 635 1
504 671 1
505 699 1
506 724 1
506 743 1
507 760 1
507 775 1
507 789 1
509 800 1
510 812 1
513 825 1
515 841 1
520 860 1
526 883 1
533 910 1
541 941 1
549 970 1
558 998 1
565 1025 1
572 1049 1
579 1072 1
584 1093 1
592 1115 1
601 1134 1
611 1155 1
623 1172 1
634 1190 1
643 1204 1
652 1217 1
657 1224 1
662 1231 1
664 1236 1
667 1241 1
670 1245 1
673 1252 1
676 1259 1
677 1267 1
679 1276 1
680 1286 1
680 1295 1
678 1304 1
677 1314 1
675 1324 1
672 1336 1
669 1346 1
666 1354 1
665 1361 1
664 1364 1
664 1367 1
663 1370 1
663 1372 1
661 1372 1
662 1373 1
662 1373 1
662 1373 1
662 1373 1
663 1371 1
665 1368 1
669 1360 1
674 1347 1
680 1329 1
687 1307 1
691 1277 1
695 1246 1
696 1212 1
697 1182 1
697 1155 1
696 1130 1
693 1101 1
691 1069 1
686 1028 1
683 992 1
681 963 1
679 937 1
678 916 1
678 895 1
678 876 1
678 862 1
679 851 1
679 843 1
680 839 1
681 832 1
681 823 1
682 809 1
683 793 1
687 770 1
690 747 1
696 729 1
701 709 1
705 691 1
709 675 1
712 663 1
714 654 1
716 648 1
717 644 1
717 642 1
718 639 1
718 639 1
718 639 1
718 639 1
717 636 1
715 632 1
712 619 1
705 602 1
695 579 1
684 555 1
671 530 1
660 510 1
649 490 1
641 475 1
634 464 1
629 457 1
626 451 1
623 447 1
620 444 1
619 441 1
617 439 1
616 439 1
616 438 1
616 438 1
616 438 1
616 438 1
616 438 1
614 438 1
611 439 1
609 442 1
606 447 1
604 459 1
604 477 1
606 500 1
611 526 1
617 553 1
624 578 1
628 600 1
634 623 1
641 644 1
648 667 1
656 689 1
664 709 1
671 728 1
676 744 1
681 759 1
685 773 1
689 787 1
693 802 1
697 821 1
702 842 1
706 863 1
710 885 1
714 906 1
718 929 1
721 953 1
724 979 1
726 1002 1
729 1027 1
731 1051 1
733 1071 1
736 1092 1
740 1109 1
744 1127 1
748 1144 1
751 1158 1
754 1172 1
757 1183 1
759 1194 1
762 1204 1
764 1214 1
766 1223 1
769 1231 1
771 1238 1
773 1245 1
775 1252 1
777 1260 1
779 1269 1
781 1278 1
782 1285 1
783 1290 1
784 1296 1
785 1300 1
786 1305 1
786 1309 1
787 1314 1
788 1318 1
788 1321 1
789 1325 1
789 1327 1
789 1330 1
789 1334 1
790 1336 1
790 1339 1
790 1340 1
790 1342 1
790 1344 1
790 1344 1
790 1345 1
790 1345 1
790 1346 1
790 1346 1
791 1346 1
791 1346 1
791 1347 1
791 1347 1
792 1347 1
793 1347 1
794 1347 1
795 1346 1
796 1345 1
802 1344 1
804 1343 1
809 1341 1
811 1339 1
814 1336 1
818 1334 1
820 1331 1
822 1328 1
825 1325 1
828 1321 1
831 1318 1
833 1314 1
836 1308 1
840 1302 1
844 1293 1
848 1285 1
853 1272 1
857 1260 1
861 1244 1
866 1224 1
868 1202 1
872 1176 1
874 1152 1
875 1126 1
875 1100 1
875 1075 1
873 1057 1
871 1040 1
869 1028 1
866 1011 1
862 992 1
856 973 1
851 959 1
847 948 1
845 940 1
843 932 1
840 923 1
837 910 1
835 895 1
831 880 1
829 865 1
827 847 1
823 824 1
820 801 1
815 780 1
811 760 1
809 744 1
805 728 1
802 712 1
799 694 1
796 676 1
795 657 1
794 638 1
792 621 1
791 604 1
788 590 1
787 576 1
784 563 1
781 548 1
776 532 1
769 514 1
761 497 1
752 483 1
745 472 1
740 464 1
734 458 1
730 454 1
725 450 1
721 446 1
716 444 1
711 442 1
709 441 1
705 442 1
701 444 1
698 449 1
694 456 1
693 466 1
692 480 1
693 497 1
694 516 1
698 539 1
701 565 1
707 590 1
712 617 1
719 642 1
726 666 1
733 688 1
739 710 1
745 731 1
751 751 1
754 771 1
757 789 1
761 804 1
764 818 1
767 834 1
769 851 1
773 869 1
779 892 1
786 918 1
793 944 1
802 970 1
809 996 1
814 1018 1
820 1038 1
823 1055 1
826 1068 1
829 1080 1
832 1088 1
834 1097 1
836 1105 1
838 1114 1
841 1121 1
843 1130 1
845 1139 1
847 1147 1
849 1156 1
851 1164 1
853 1171 1
856 1177 1
857 1182 1
859 1189 1
861 1194 1
862 1198 1
863 1202 1
865 1207 1
865 1210 1
866 1213 1
867 1216 1
867 1218 1
868 1220 1
868 1222 1
869 1224 1
869 1227 1
869 1227 1
870 1229 1
870 1229 1
870 1230 1
870 1230 1
870 1230 1
870 1231 1
870 1231 1
870 1231 1
870 1232 1
870 1232 1
870 1232 1
871 1232 1
871 1233 1
871 1233 1
871 1233 1
871 1234 1
871 1234 1
872 1235 1
872 1237 1
873 1237 1
873 1239 1
874 1240 1
874 1241 1
875 1242 1
875 1243 1
876 1244 1
876 1245 1
877 1246 1
877 1246 1
877 1247 1
877 1247 1
877 1247 1
877 1248 1
878 1248 1
878 1248 1
878 1249 1
878 1249 1
878 1249 1
878 1249 1
878 1250 1
878 1250 1
878 1250 1
878 1250 1
879 1251 1
879 1251 1
879 1251 1
879 1252 1
879 1252 1
880 1254 1
880 1256 1
882 1260 1
883 1264 1
884 1267 1
886 1271 1
886 1275 1
888 1279 1
888 1281 1
889 1285 1
890 1288 1
890 1290 1
891 1291 1
892 1294 1
892 1295 1
894 1298 1
894 1300 1
895 1301 1
897 1303 1
898 1304 1
900 1306 1
901 1307 1
902 1308 1
905 1309 1
907 1310 1
909 1311 1
911 1312 1
913 1312 1
916 1312 1
920 1311 1
924 1309 1
929 1307 1
935 1300 1
942 1293 1
947 1283 1
954 1270 1
959 1255 1
965 1240 1
969 1226 1
972 1215 1
975 1204 1
977 1192 1
979 1174 1
981 1155 1
982 1136 1
982 1117 1
982 1100 1
979 1084 1
974 1062 1
967 1034 1
956 999 1
947 968 1
942 947 1
937 931 1
934 916 1
930 900 1
927 881 1
923 864 1
921 849 1
920 835 1
919 820 1
920 805 1
920 785 1
922 765 1
927 743 1
932 722 1
938 700 1
945 682 1
952 662 1
958 642 1
965 623 1
970 602 1
974 582 1
977 558 1
979 536 1
978 516 1
974 495 1
969 476 1
958 454 1
946 435 1
933 419 1
921 405 1
910 394 1
900 385 1
893 378 1
888 374 1
884 371 1
882 370 1
881 370 1
879 370 1
879 374 1
879 384 1
881 401 1
885 428 1
892 457 1
899 488 1
908 518 1
915 548 1
923 579 1
932 610 1
941 643 1
951 676 1
960 709 1
969 745 1
978 783 1
986 820 1
990 859 1
995 894 1
996 928 1
997 963 1
996 996 1
995 1028 1
995 1057 1
994 1080 1
994 1100 1
994 1119 1
994 1136 1
994 1151 1
994 1166 1
994 1181 1
994 1198 1
992 1218 1
989 1241 1
985 1267 1
981 1295 1
974 1325 1
967 1354 1
964 1366 1
967 1356 0
