532 497 1
532 497 1
532 497 1
532 497 1
532 497 1
532 497 1
532 497 1
532 497 1
532 497 1
530 497 1
527 499 1
522 503 1
507 513 1
488 525 1
468 540 1
450 554 1
432 568 1
418 581 1
405 596 1
386 618 1
378 630 1
370 639 1
361 650 1
354 662 1
347 678 1
342 693 1
335 707 1
328 722 1
321 736 1
318 750 1
312 764 1
308 779 1
303 792 1
300 808 1
296 824 1
291 841 1
286 861 1
282 882 1
279 905 1
277 930 1
271 956 1
265 982 1
260 1004 1
254 1027 1
249 1047 1
245 1067 1
239 1087 1
229 1109 1
221 1130 1
216 1151 1
210 1171 1
204 1188 1
199 1201 1
194 1215 1
189 1227 1
185 1239 1
185 1255 1
185 1271 1
185 1292 1
186 1311 1
188 1330 1
189 1353 1
191 1377 1
196 1398 1
201 1418 1
208 1437 1
215 1455 1
222 1469 1
228 1483 1
235 1497 1
243 1512 1
250 1524 1
255 1534 1
262 1542 1
270 1548 1
278 1554 1
287 1560 1
297 1564 1
305 1568 1
311 1571 1
318 1572 1
325 1575 1
334 1576 1
344 1576 1
356 1575 1
372 1573 1
391 1571 1
412 1564 1
433 1556 1
454 1546 1
472 1537 1
487 1528 1
500 1518 1
510 1510 1
517 1501 1
523 1490 1
528 1479 1
535 1468 1
544 1454 1
554 1438 1
561 1420 1
569 1402 1
577 1382 1
583 1361 1
590 1342 1
595 1323 1
604 1303 1
614 1282 1
623 1261 1
632 1240 1
642 1220 1
653 1199 1
661 1182 1
669 1165 1
677 1150 1
685 1133 1
693 1116 1
701 1098 1
710 1077 1
719 1056 1
727 1037 1
733 1015 1
739 993 1
745 970 1
749 946 1
752 923 1
753 902 1
754 881 1
754 862 1
755 842 1
758 823 1
762 805 1
762 786 1
761 769 1
759 752 1
755 732 1
752 711 1
748 689 1
746 663 1
744 638 1
745 613 1
744 591 1
744 570 1
744 551 1
743 531 1
743 513 1
743 495 1
742 479 1
743 464 1
741 449 1
740 433 1
735 413 1
728 392 1
716 366 1
705 344 1
698 327 1
692 313 1
685 303 1
681 294 1
674 289 1
666 282 1
657 279 1
642 274 1
627 271 1
612 270 1
598 272 1
592 274 1
571 285 1
556 297 1
540 310 1
529 324 1
516 338 1
502 355 1
494 375 1
485 395 1
477 417 1
467 436 1
458 455 1
451 472 1
443 489 1
434 507 1
428 523 1
420 541 1
413 557 1
407 571 1
401 587 1
397 603 1
391 623 1
384 643 1
373 666 1
364 688 1
353 710 1
341 734 1
329 756 1
317 777 1
308 796 1
299 813 1
291 829 1
284 845 1
276 867 1
267 889 1
257 917 1
246 944 1
236 968 1
225 994 1
216 1011 1
206 1029 1
199 1045 1
190 1058 1
183 1071 1
176 1084 1
168 1102 1
161 1119 1
157 1137 1
154 1158 1
151 1177 1
151 1195 1
152 1213 1
153 1230 1
154 1246 1
156 1263 1
160 1282 1
167 1302 1
173 1322 1
180 1344 1
186 1364 1
193 1383 1
199 1395 1
206 1409 1
213 1420 1
220 1432 1
228 1443 1
238 1456 1
249 1469 1
262 1483 1
276 1498 1
289 1513 1
301 1525 1
311 1536 1
320 1542 1
329 1549 1
340 1553 1
354 1557 1
368 1560 1
383 1561 1
402 1558 1
422 1552 1
442 1544 1
462 1531 1
482 1517 1
497 1505 1
509 1490 1
520 1478 1
529 1464 1
539 1449 1
550 1430 1
560 1412 1
570 1392 1
578 1372 1
583 1351 1
588 1331 1
592 1311 1
594 1290 1
596 1270 1
597 1247 1
597 1224 1
600 1202 1
604 1182 1
608 1161 1
614 1143 1
619 1124 1
629 1101 1
639 1077 1
650 1054 1
658 1028 1
668 1003 1
677 982 1
694 959 1
707 938 1
720 916 1
731 891 1
738 867 1
744 843 1
748 818 1
751 797 1
752 773 1
751 743 1
751 711 1
753 680 1
754 654 1
757 631 1
761 613 1
767 597 1
772 579 1
778 565 1
784 551 1
789 537 1
793 524 1
796 510 1
798 500 1
799 489 1
801 479 1
802 467 1
801 446 1
797 422 1
792 397 1
787 376 1
781 357 1
776 342 1
769 329 1
762 316 1
756 305 1
746 294 1
737 285 1
727 278 1
715 272 1
703 266 1
687 263 1
673 263 1
658 263 1
647 266 1
635 271 1
621 279 1
610 287 1
594 301 1
581 315 1
570 334 1
558 353 1
547 373 1
536 392 1
524 409 1
513 425 1
503 440 1
494 455 1
486 473 1
476 493 1
466 515 1
456 540 1
447 562 1
439 581 1
432 599 1
423 613 1
413 629 1
403 645 1
393 660 1
383 676 1
374 690 1
365 704 1
356 719 1
347 735 1
335 753 1
322 771 1
311 787 1
296 806 1
283 826 1
272 847 1
261 876 1
252 902 1
242 928 1
233 954 1
225 978 1
218 1001 1
210 1026 1
203 1047 1
199 1068 1
194 1088 1
189 1108 1
181 1130 1
174 1154 1
169 1179 1
167 1201 1
167 1223 1
167 1243 1
165 1264 1
162 1286 1
163 1309 1
164 1332 1
166 1355 1
169 1374 1
169 1391 1
171 1405 1
172 1418 1
172 1430 1
174 1441 1
180 1465 1
184 1479 1
190 1494 1
198 1508 1
206 1521 1
218 1531 1
232 1538 1
247 1542 1
270 1541 1
292 1537 1
315 1533 1
336 1529 1
354 1526 1
367 1524 1
380 1523 1
392 1521 1
405 1522 1
417 1520 1
428 1518 1
437 1516 1
443 1511 1
451 1504 1
459 1498 1
472 1484 1
487 1471 1
501 1457 1
515 1442 1
525 1426 1
536 1411 1
545 1393 1
554 1376 1
562 1359 1
567 1335 1
573 1313 1
578 1294 1
585 1269 1
593 1246 1
601 1223 1
607 1204 1
613 1185 1
618 1169 1
625 1152 1
631 1136 1
642 1118 1
652 1101 1
661 1080 1
675 1060 1
686 1038 1
696 1015 1
704 995 1
712 975 1
720 957 1
730 936 1
740 915 1
751 891 1
761 864 1
769 839 1
778 813 1
784 793 1
791 773 1
797 755 1
801 733 1
804 712 1
805 692 1
806 675 1
807 659 1
807 647 1
807 634 1
808 620 1
808 603 1
806 578 1
803 556 1
800 536 1
799 518 1
797 502 1
791 484 1
782 464 1
773 443 1
764 425 1
757 410 1
751 398 1
747 389 1
743 380 1
741 372 1
737 362 1
733 351 1
731 341 1
728 332 1
723 322 1
718 311 1
709 298 1
701 287 1
691 275 1
683 266 1
672 258 1
659 250 1
645 245 1
633 242 1
621 243 1
605 248 1
588 257 1
573 271 1
556 291 1
542 311 1
531 332 1
518 353 1
508 372 1
501 390 1
491 406 1
482 421 1
473 434 1
464 445 1
456 454 1
450 462 1
445 468 1
439 475 1
435 481 1
431 486 1
427 492 1
423 498 1
419 508 1
417 520 1
412 535 1
408 552 1
402 574 1
391 595 1
380 614 1
370 628 1
360 639 1
352 647 1
344 655 1
340 661 1
335 667 1
331 671 1
330 676 1
328 681 1
329 689 1
328 698 1
325 709 1
323 723 1
316 737 1
311 750 1
306 762 1
301 773 1
296 785 1
291 796 1
285 807 1
281 817 1
277 826 1
275 834 1
272 843 1
269 852 1
265 860 1
262 868 1
259 875 1
257 882 1
255 888 1
255 894 1
253 902 1
252 910 1
250 921 1
247 934 1
242 947 1
235 961 1
228 972 1
222 981 1
218 987 1
215 991 1
213 995 1
212 997 1
210 1000 1
211 1002 1
210 1007 1
208 1013 1
209 1022 1
206 1031 1
202 1042 1
197 1052 1
188 1067 1
179 1081 1
170 1095 1
163 1105 1
159 1113 1
157 1119 1
155 1125 1
155 1132 1
155 1137 1
156 1146 1
159 1155 1
160 1166 1
161 1176 1
159 1185 1
157 1194 1
152 1204 1
146 1214 1
143 1225 1
140 1234 1
138 1244 1
138 1251 1
137 1259 1
138 1266 1
139 1275 1
142 1284 1
144 1293 1
146 1303 1
148 1312 1
148 1320 1
149 1326 1
150 1332 1
151 1337 1
152 1343 1
154 1350 1
156 1358 1
159 1366 1
161 1374 1
162 1382 1
163 1389 1
164 1394 1
164 1400 1
164 1403 1
164 1407 1
165 1412 1
165 1416 1
168 1423 1
171 1430 1
175 1439 1
180 1449 1
187 1459 1
195 1468 1
206 1476 1
218 1484 1
228 1490 1
234 1494 1
240 1497 1
244 1500 1
250 1503 1
252 1505 1
255 1507 1
258 1509 1
260 1510 1
263 1512 1
269 1514 1
277 1517 1
286 1521 1
298 1525 1
311 1530 1
324 1534 1
338 1538 1
349 1541 1
359 1545 1
365 1547 1
370 1549 1
374 1551 1
377 1552 1
380 1553 1
381 1553 1
383 1554 1
386 1552 1
391 1551 1
397 1549 1
404 1546 1
413 1540 1
420 1536 1
425 1534 1
429 1532 1
432 1530 1
434 1529 1
436 1528 1
438 1526 1
439 1525 1
441 1525 1
443 1523 1
446 1521 1
450 1518 1
454 1513 1
461 1508 1
469 1500 1
476 1493 1
484 1487 1
489 1482 1
494 1477 1
500 1473 1
503 1469 1
506 1466 1
507 1464 1
508 1463 1
509 1461 1
509 1461 1
509 1461 1
509 1459 1
509 1459 1
509 1459 1
510 1458 1
510 1456 1
512 1454 1
514 1452 1
515 1450 1
517 1448 1
518 1446 1
520 1443 1
522 1440 1
522 1439 1
523 1437 1
525 1435 1
525 1433 1
526 1433 1
527 1431 1
527 1431 1
527 1431 1
527 1431 1
527 1431 1
528 1430 1
528 1430 1
528 1428 1
528 1426 1
528 1425 1
528 1424 1
528 1422 1
529 1421 1
529 1420 1
529 1418 1
529 1417 1
530 1416 1
530 1413 1
530 1412 1
531 1409 1
531 1407 1
531 1405 1
531 1404 1
531 1404 1
532 1403 1
532 1403 1
532 1403 1
532 1402 1
532 1402 1
533 1401 1
534 1399 1
535 1399 1
536 1397 1
537 1396 1
538 1395 1
540 1393 1
542 1392 1
544 1390 1
545 1389 1
546 1388 1
547 1386 1
548 1387 1
548 1387 1
552 1384 1
554 1382 1
559 1379 1
564 1374 1
569 1369 1
574 1361 1
579 1352 1
584 1341 1
588 1331 1
591 1322 1
593 1309 1
595 1296 1
597 1280 1
599 1265 1
600 1248 1
603 1231 1
605 1213 1
607 1199 1
609 1186 1
610 1177 1
611 1171 1
611 1166 1
611 1162 1
610 1160 1
611 1156 1
611 1152 1
616 1143 1
624 1132 1
635 1120 1
647 1102 1
656 1089 1
664 1078 1
667 1069 1
669 1061 1
671 1056 1
671 1050 1
672 1044 1
673 1040 1
674 1036 1
677 1029 1
682 1022 1
689 1011 1
695 999 1
701 986 1
707 974 1
711 965 1
713 957 1
716 950 1
718 945 1
719 940 1
722 936 1
723 932 1
725 929 1
727 926 1
728 924 1
729 922 1
730 919 1
731 918 1
731 914 1
733 911 1
734 907 1
735 904 1
736 900 1
737 896 1
737 892 1
738 888 1
738 884 1
739 879 1
740 874 1
741 870 1
741 863 1
742 856 1
743 848 1
743 840 1
745 831 1
746 820 1
747 810 1
750 799 1
753 791 1
756 784 1
759 777 1
761 772 1
762 768 1
763 764 1
763 762 1
763 760 1
763 759 1
763 759 1
761 757 1
762 756 1
763 753 1
765 750 1
767 745 1
772 740 1
775 735 1
777 730 1
779 726 1
781 722 1
782 720 1
783 715 1
784 712 1
784 708 1
785 704 1
786 701 1
787 697 1
787 695 1
787 693 1
785 692 1
785 690 1
785 687 1
785 685 1
787 678 1
791 670 1
797 657 1
801 644 1
805 634 1
808 625 1
808 620 1
806 615 1
805 610 1
805 603 1
805 595 1
805 585 1
805 574 1
805 563 1
805 555 1
806 547 1
806 541 1
806 536 1
806 530 1
807 524 1
807 516 1
807 507 1
808 498 1
808 492 1
808 484 1
808 480 1
807 472 1
807 465 1
807 458 1
805 450 1
803 443 1
804 436 1
802 428 1
800 422 1
799 415 1
798 408 1
798 401 1
796 395 1
795 387 1
792 379 1
790 373 1
786 365 1
782 359 1
779 354 1
778 349 1
775 343 1
774 339 1
771 333 1
769 328 1
766 324 1
763 319 1
759 315 1
757 311 1
754 307 1
752 302 1
749 298 1
747 294 1
745 292 1
739 288 1
733 284 1
725 282 1
715 276 1
708 273 1
701 269 1
695 266 1
686 262 1
676 260 1
658 256 1
640 253 1
622 252 1
606 250 1
595 248 1
588 247 1
583 247 1
579 247 1
577 247 1
574 248 1
571 249 1
569 250 1
567 251 1
564 253 1
561 255 1
558 257 1
552 261 1
541 269 1
529 277 1
516 287 1
507 292 1
500 297 1
494 301 1
491 305 1
488 307 1
485 309 1
483 312 1
479 315 1
475 319 1
473 323 1
471 325 1
469 328 1
468 331 1
466 334 1
464 336 1
462 341 1
460 346 1
459 348 1
458 353 1
456 357 1
455 361 1
452 368 1
450 375 1
446 383 1
444 393 1
440 401 1
438 408 1
435 412 1
433 416 1
432 418 1
431 421 1
429 424 1
428 427 1
428 429 1
426 432 1
425 435 1
425 436 1
425 438 1
424 440 1
424 443 1
424 447 1
422 453 1
421 460 1
419 468 1
417 475 1
416 480 1
416 484 1
414 489 1
412 494 1
413 499 1
412 506 1
410 515 1
408 523 1
406 532 1
404 539 1
403 544 1
404 548 1
404 552 1
402 554 1
402 559 1
400 564 1
399 569 1
395 576 1
393 582 1
391 588 1
391 591 1
391 593 1
391 595 1
390 597 1
390 599 1
388 600 1
388 603 1
385 607 1
383 610 1
381 614 1
379 617 1
378 619 1
378 621 1
376 623 1
375 624 1
374 625 1
371 628 1
369 630 1
367 633 1
366 634 1
364 637 1
362 640 1
361 642 1
359 645 1
356 649 1
354 656 1
350 664 1
347 673 1
343 683 1
341 689 1
338 695 1
336 700 1
334 705 1
331 710 1
327 717 1
323 726 1
320 732 1
318 739 1
316 743 1
314 747 1
313 750 1
312 752 1
310 755 1
309 758 1
306 761 1
304 765 1
302 769 1
299 772 1
296 776 1
294 779 1
292 784 1
289 791 1
285 799 1
281 809 1
278 819 1
276 828 1
275 836 1
273 844 1
273 852 1
272 862 1
269 873 1
266 885 1
265 894 1
263 904 1
263 909 1
263 915 1
263 919 1
263 922 1
263 926 1
263 931 1
262 938 1
259 947 1
257 954 1
256 960 1
254 965 1
255 969 1
254 974 1
254 978 1
254 983 1
253 990 1
253 996 1
250 1006 1
248 1014 1
246 1021 1
244 1028 1
243 1035 1
241 1040 1
242 1046 1
240 1050 1
238 1057 1
236 1063 1
233 1070 1
230 1077 1
228 1082 1
227 1086 1
225 1090 1
225 1094 1
225 1099 1
223 1106 1
221 1114 1
218 1122 1
214 1130 1
212 1136 1
211 1141 1
209 1145 1
208 1151 1
206 1158 1
204 1166 1
201 1176 1
196 1186 1
194 1194 1
191 1201 1
189 1207 1
188 1211 1
188 1214 1
188 1217 1
186 1221 1
186 1224 1
186 1227 1
184 1232 1
183 1236 1
181 1239 1
182 1243 1
182 1246 1
182 1249 1
180 1253 1
180 1259 1
177 1265 1
176 1272 1
174 1278 1
172 1284 1
173 1291 1
173 1298 1
176 1306 1
177 1315 1
179 1322 1
180 1329 1
180 1336 1
181 1341 1
181 1348 1
182 1354 1
183 1360 1
185 1368 1
187 1377 1
189 1386 1
190 1394 1
189 1400 1
189 1406 1
189 1411 1
189 1415 1
190 1422 1
191 1429 1
191 1435 1
191 1443 1
191 1450 1
191 1456 1
191 1462 1
191 1467 1
192 1473 1
194 1477 1
195 1482 1
197 1488 1
199 1494 1
200 1498 1
200 1503 1
203 1508 1
207 1515 1
216 1524 1
226 1533 1
234 1541 1
240 1546 1
244 1552 1
247 1554 1
249 1556 1
251 1559 1
253 1562 1
259 1565 1
269 1570 1
283 1574 1
297 1578 1
309 1582 1
316 1583 1
321 1586 1
325 1587 1
327 1587 1
329 1589 1
331 1589 1
337 1589 1
345 1590 1
356 1588 1
367 1588 1
377 1586 1
384 1585 1
390 1585 1
395 1583 1
398 1584 1
401 1582 1
403 1583 1
408 1582 1
414 1580 1
418 1579 1
422 1579 1
425 1577 1
426 1578 1
428 1577 1
431 1575 1
434 1576 1
436 1574 1
441 1571 1
449 1566 1
460 1558 1
475 1549 1
489 1539 1
502 1530 1
511 1521 1
519 1514 1
526 1505 1
531 1497 1
535 1492 1
538 1486 1
539 1482 1
541 1478 1
543 1475 1
544 1471 1
546 1468 1
549 1463 1
550 1459 1
552 1453 1
555 1445 1
559 1436 1
562 1424 1
566 1413 1
569 1404 1
570 1395 1
572 1387 1
573 1380 1
575 1372 1
578 1365 1
580 1358 1
582 1351 1
584 1343 1
587 1334 1
592 1324 1
599 1308 1
610 1289 1
623 1270 1
637 1250 1
647 1232 1
655 1214 1
660 1201 1
664 1192 1
666 1185 1
667 1180 1
668 1176 1
669 1171 1
669 1164 1
668 1156 1
668 1145 1
668 1135 1
667 1124 1
665 1111 1
664 1097 1
662 1081 1
660 1066 1
660 1052 1
660 1040 1
660 1028 1
663 1017 1
667 1001 1
673 986 1
682 970 1
691 952 1
703 933 1
717 914 1
731 896 1
743 881 1
751 869 1
756 859 1
759 849 1
761 842 1
763 835 1
763 830 1
764 823 1
764 815 1
765 805 1
764 793 1
764 779 1
762 766 1
762 749 1
760 733 1
761 717 1
760 703 1
761 690 1
761 678 1
763 668 1
766 657 1
770 648 1
773 641 1
776 634 1
779 630 1
780 625 1
782 621 1
783 616 1
783 609 1
783 600 1
781 588 1
780 576 1
777 564 1
775 554 1
774 545 1
772 535 1
772 529 1
772 522 1
770 516 1
770 509 1
770 501 1
770 493 1
771 483 1
772 472 1
772 460 1
772 447 1
772 437 1
772 429 1
771 421 1
771 416 1
771 411 1
771 408 1
769 404 1
770 402 1
769 397 1
767 391 1
765 384 1
762 376 1
757 366 1
752 355 1
746 344 1
736 332 1
729 323 1
721 316 1
714 309 1
707 304 1
701 301 1
695 297 1
690 295 1
684 292 1
677 291 1
671 291 1
663 291 1
653 291 1
644 291 1
635 293 1
626 294 1
615 297 1
605 300 1
596 304 1
585 311 1
575 319 1
563 328 1
552 337 1
542 345 1
533 351 1
524 357 1
518 365 1
513 374 1
508 386 1
504 398 1
498 411 1
494 425 1
490 441 1
486 455 1
481 468 1
476 482 1
469 493 1
463 504 1
458 517 1
454 527 1
451 539 1
450 551 1
450 562 1
452 574 1
453 585 1
455 598 1
457 607 1
458 616 1
458 623 1
458 630 1
457 635 1
455 641 1
454 646 1
450 651 1
444 658 1
433 666 1
417 676 1
402 687 1
387 696 1
374 704 1
361 712 1
351 720 1
342 728 1
331 739 1
321 749 1
313 759 1
306 768 1
299 777 1
294 783 1
288 789 1
283 798 1
278 806 1
274 813 1
272 821 1
268 830 1
264 840 1
259 854 1
251 873 1
245 892 1
239 911 1
233 929 1
226 947 1
222 959 1
217 972 1
215 982 1
211 995 1
208 1007 1
206 1020 1
200 1035 1
195 1047 1
191 1059 1
187 1069 1
184 1078 1
183 1087 1
182 1096 1
183 1104 1
183 1115 1
184 1126 1
186 1138 1
186 1151 1
184 1165 1
181 1179 1
178 1194 1
175 1209 1
174 1223 1
172 1238 1
172 1253 1
170 1268 1
169 1283 1
167 1296 1
168 1310 1
167 1320 1
168 1329 1
169 1337 1
170 1345 1
172 1355 1
174 1366 1
176 1379 1
178 1390 1
181 1401 1
182 1409 1
185 1417 1
188 1428 1
192 1441 1
198 1453 1
205 1467 1
215 1483 1
226 1501 1
237 1515 1
247 1530 1
258 1542 1
268 1551 1
278 1559 1
289 1564 1
298 1567 1
306 1569 1
314 1570 1
326 1569 1
339 1566 1
352 1562 1
368 1555 1
383 1547 1
400 1539 1
414 1532 1
425 1525 1
431 1522 1
437 1517 1
439 1516 1
441 1514 1
444 1512 1
445 1510 1
447 1507 1
451 1502 1
456 1495 1
465 1483 1
476 1471 1
487 1458 1
498 1440 1
509 1420 1
519 1397 1
532 1368 1
544 1338 1
555 1310 1
564 1283 1
573 1256 1
582 1229 1
591 1199 1
599 1171 1
606 1144 1
614 1119 1
620 1099 1
627 1081 1
636 1066 1
646 1053 1
659 1042 1
672 1032 1
687 1021 1
704 1009 1
722 994 1
745 972 1
765 947 1
781 918 1
798 887 1
807 856 1
816 824 1
823 794 1
827 765 1
830 738 1
832 716 1
834 692 1
836 667 1
837 640 1
838 607 1
838 579 1
836 554 1
835 531 1
833 509 1
832 490 1
827 466 1
821 444 1
817 422 1
814 400 1
809 376 1
807 351 1
803 325 1
798 299 1
792 276 1
786 255 1
781 240 1
775 227 1
770 218 1
766 211 1
763 205 1
759 201 1
755 197 1
750 194 1
742 190 1
730 187 1
715 183 1
696 180 1
675 179 1
653 179 1
630 182 1
611 187 1
596 191 1
586 195 1
580 198 1
576 201 1
572 203 1
569 207 1
565 212 1
558 224 1
544 241 1
528 259 1
508 279 1
488 298 1
468 317 1
451 336 1
439 349 1
430 360 1
424 371 1
421 379 1
418 387 1
415 395 1
414 403 1
412 412 1
411 420 1
409 435 1
406 449 1
401 466 1
395 484 1
386 503 1
375 524 1
364 543 1
351 560 1
341 579 1
331 597 1
323 611 1
315 625 1
307 636 1
299 649 1
292 660 1
287 672 1
280 684 1
274 698 1
268 713 1
260 731 1
249 749 1
238 764 1
229 781 1
218 796 1
208 811 1
201 822 1
196 834 1
193 845 1
192 855 1
192 868 1
192 881 1
192 899 1
192 919 1
193 938 1
193 958 1
194 977 1
194 998 1
193 1019 1
191 1039 1
191 1056 1
190 1073 1
188 1087 1
189 1099 1
189 1110 1
190 1118 1
190 1124 1
192 1132 1
194 1141 1
195 1152 1
195 1164 1
195 1177 1
195 1187 1
196 1199 1
196 1212 1
196 1229 1
194 1245 1
193 1263 1
193 1282 1
193 1299 1
193 1316 1
193 1330 1
193 1346 1
194 1363 1
195 1379 1
196 1393 1
197 1404 1
198 1412 1
201 1420 1
204 1427 1
206 1433 1
209 1439 1
212 1444 1
215 1448 1
219 1454 1
224 1459 1
230 1465 1
235 1470 1
240 1476 1
245 1483 1
250 1488 1
255 1495 1
259 1501 1
264 1508 1
271 1514 1
277 1520 1
286 1526 1
295 1531 1
306 1536 1
318 1539 1
333 1540 1
348 1536 1
364 1532 1
381 1522 1
400 1511 1
419 1496 1
436 1480 1
450 1465 1
462 1451 1
474 1438 1
484 1423 1
492 1411 1
498 1398 1
504 1385 1
510 1370 1
516 1354 1
521 1340 1
526 1326 1
531 1307 1
536 1287 1
544 1263 1
552 1239 1
559 1216 1
567 1195 1
575 1175 1
582 1157 1
589 1139 1
596 1125 1
602 1113 1
607 1101 1
611 1092 1
617 1083 1
622 1073 1
630 1063 1
636 1054 1
642 1046 1
648 1038 1
652 1031 1
657 1025 1
661 1017 1
665 1009 1
670 998 1
676 988 1
681 977 1
687 966 1
691 958 1
694 950 1
697 942 1
701 932 1
705 918 1
709 904 1
711 888 1
715 868 1
718 847 1
719 826 1
719 800 1
717 777 1
715 756 1
713 735 1
713 718 1
713 702 1
717 690 1
722 678 1
728 668 1
737 655 1
745 643 1
754 633 1
762 621 1
770 608 1
778 597 1
784 582 1
789 567 1
793 556 1
795 542 1
798 529 1
799 514 1
799 492 1
797 472 1
795 451 1
792 429 1
789 407 1
782 385 1
775 366 1
765 348 1
759 334 1
753 322 1
746 308 1
737 294 1
727 281 1
718 270 1
708 261 1
700 254 1
692 250 1
685 248 1
678 246 1
671 245 1
664 247 1
653 252 1
640 259 1
623 273 1
607 287 1
591 305 1
578 323 1
568 339 1
559 353 1
552 367 1
545 382 1
540 395 1
535 408 1
527 422 1
517 438 1
505 455 1
493 471 1
483 485 1
473 497 1
463 509 1
451 522 1
439 535 1
425 546 1
410 564 1
395 582 1
384 599 1
376 611 1
370 621 1
366 629 1
364 634 1
360 640 1
358 647 1
354 657 1
350 669 1
345 682 1
340 699 1
334 718 1
326 738 1
314 762 1
303 783 1
293 802 1
281 819 1
272 835 1
263 850 1
256 864 1
248 877 1
241 890 1
233 902 1
227 913 1
224 924 1
220 935 1
216 947 1
213 963 1
210 980 1
209 999 1
208 1024 1
205 1049 1
204 1074 1
204 1097 1
205 1116 1
206 1132 1
207 1150 1
209 1166 1
210 1182 1
210 1197 1
211 1212 1
212 1228 1
210 1247 1
208 1268 1
206 1291 1
203 1312 1
199 1329 1
195 1344 1
193 1355 1
190 1365 1
189 1373 1
190 1380 1
191 1388 1
192 1395 1
198 1405 1
205 1414 1
213 1423 1
222 1434 1
233 1446 1
243 1457 1
255 1469 1
267 1481 1
278 1492 1
288 1502 1
296 1511 1
302 1519 1
308 1526 1
312 1530 1
316 1534 1
319 1536 1
323 1536 1
331 1533 1
341 1529 1
355 1519 1
373 1505 1
393 1487 1
415 1466 1
432 1447 1
444 1428 1
453 1414 1
458 1403 1
461 1395 1
464 1389 1
464 1384 1
467 1377 1
468 1371 1
469 1363 1
470 1354 1
473 1345 1
476 1332 1
483 1319 1
492 1302 1
504 1281 1
516 1260 1
529 1239 1
541 1215 1
553 1192 1
568 1163 1
584 1134 1
599 1105 1
612 1080 1
624 1054 1
634 1031 1
644 1010 1
653 991 1
661 972 1
669 956 1
676 941 1
681 927 1
687 912 1
691 894 1
695 874 1
695 848 1
696 820 1
694 791 1
695 767 1
696 744 1
700 720 1
709 695 1
718 672 1
724 650 1
728 634 1
731 619 1
734 607 1
738 591 1
742 575 1
745 560 1
745 546 1
745 534 1
743 523 1
742 510 1
740 498 1
738 480 1
735 457 1
728 430 1
719 402 1
709 376 1
701 356 1
689 338 1
681 327 1
686 334 0
