580 987 1
580 986 1
580 986 1
580 986 1
580 986 1
580 986 1
580 986 1
580 986 1
580 986 1
580 986 1
580 986 1
580 986 1
580 986 1
579 985 1
577 983 1
575 982 1
573 980 1
572 979 1
571 977 1
571 974 1
569 973 1
570 971 1
568 969 1
569 967 1
568 965 1
568 960 1
568 959 1
569 956 1
570 955 1
571 953 1
573 951 1
576 949 1
578 949 1
580 947 1
582 946 1
584 946 1
587 946 1
589 945 1
590 945 1
593 945 1
594 946 1
596 947 1
598 947 1
599 948 1
601 949 1
601 950 1
602 952 1
603 954 1
604 956 1
604 958 1
605 961 1
605 963 1
605 965 1
605 968 1
605 969 1
605 971 1
603 974 1
604 976 1
603 978 1
603 980 1
601 982 1
602 984 1
602 987 1
600 988 1
601 990 1
599 993 1
598 994 1
597 997 1
597 1000 1
595 1001 1
594 1004 1
592 1007 1
590 1009 1
589 1011 1
587 1013 1
586 1014 1
585 1015 1
583 1016 1
581 1017 1
579 1018 1
577 1018 1
575 1018 1
572 1018 1
569 1018 1
568 1016 1
564 1015 1
561 1013 1
560 1012 1
556 1009 1
553 1005 1
550 1001 1
548 997 1
545 993 1
544 989 1
542 985 1
539 982 1
538 978 1
536 975 1
534 972 1
533 968 1
533 965 1
531 962 1
532 959 1
532 956 1
532 953 1
532 951 1
532 947 1
532 944 1
532 940 1
532 937 1
532 933 1
532 929 1
532 924 1
533 918 1
533 914 1
533 909 1
534 905 1
534 900 1
534 895 1
535 891 1
536 887 1
538 883 1
539 879 1
541 875 1
544 871 1
546 869 1
549 865 1
551 862 1
553 860 1
555 857 1
559 854 1
563 852 1
568 849 1
572 846 1
576 844 1
578 842 1
581 840 1
583 839 1
586 838 1
588 838 1
590 836 1
594 837 1
598 837 1
600 835 1
603 836 1
606 836 1
608 836 1
611 836 1
613 836 1
616 836 1
620 837 1
623 838 1
627 838 1
630 839 1
633 840 1
636 841 1
639 841 1
642 843 1
645 844 1
646 844 1
648 846 1
649 846 1
649 847 1
651 849 1
651 852 1
653 855 1
656 861 1
659 866 1
660 871 1
663 875 1
664 881 1
665 883 1
667 886 1
668 889 1
668 892 1
669 895 1
669 898 1
670 900 1
671 903 1
671 906 1
672 909 1
673 911 1
673 914 1
674 917 1
674 919 1
674 921 1
674 924 1
674 926 1
674 930 1
675 934 1
675 938 1
675 941 1
675 946 1
675 950 1
675 955 1
673 960 1
674 964 1
673 969 1
673 974 1
673 978 1
672 983 1
672 987 1
670 991 1
671 994 1
669 998 1
670 1002 1
669 1007 1
669 1012 1
669 1016 1
668 1021 1
668 1026 1
666 1032 1
666 1035 1
664 1041 1
662 1045 1
659 1049 1
655 1055 1
650 1058 1
644 1063 1
639 1067 1
634 1069 1
628 1072 1
623 1074 1
617 1076 1
609 1078 1
604 1079 1
598 1080 1
594 1081 1
592 1082 1
587 1082 1
583 1083 1
578 1083 1
573 1083 1
569 1084 1
565 1084 1
561 1084 1
557 1085 1
553 1085 1
549 1085 1
545 1085 1
541 1086 1
537 1086 1
533 1086 1
529 1086 1
525 1086 1
521 1086 1
517 1086 1
513 1085 1
509 1085 1
505 1084 1
500 1083 1
495 1081 1
490 1079 1
480 1074 1
472 1070 1
463 1063 1
456 1058 1
449 1052 1
445 1048 1
440 1042 1
437 1035 1
433 1031 1
431 1022 1
428 1014 1
426 1008 1
425 1001 1
425 994 1
425 988 1
426 981 1
426 974 1
426 967 1
425 960 1
425 952 1
424 944 1
422 935 1
423 926 1
423 916 1
426 906 1
428 896 1
433 884 1
438 874 1
442 865 1
447 856 1
451 848 1
455 840 1
460 834 1
465 828 1
469 823 1
473 817 1
477 813 1
480 808 1
484 801 1
488 796 1
491 791 1
494 784 1
498 778 1
501 773 1
504 767 1
508 760 1
511 756 1
513 748 1
516 741 1
517 734 1
519 725 1
521 717 1
522 709 1
523 701 1
524 695 1
525 689 1
528 683 1
533 678 1
539 673 1
547 669 1
553 665 1
561 663 1
567 660 1
572 659 1
577 659 1
581 657 1
586 658 1
594 658 1
604 659 1
614 659 1
621 660 1
628 662 1
633 662 1
638 663 1
641 664 1
644 665 1
645 665 1
648 667 1
649 668 1
652 671 1
656 676 1
662 683 1
666 689 1
670 696 1
673 701 1
676 705 1
678 709 1
680 714 1
682 718 1
684 722 1
684 726 1
684 733 1
685 741 1
685 751 1
686 760 1
686 768 1
687 774 1
688 780 1
689 785 1
691 792 1
693 799 1
694 804 1
695 810 1
697 817 1
697 824 1
697 829 1
697 836 1
697 841 1
697 850 1
698 858 1
699 868 1
699 876 1
700 884 1
701 892 1
701 900 1
703 908 1
704 920 1
706 930 1
709 941 1
710 950 1
712 959 1
715 966 1
715 972 1
716 979 1
716 984 1
716 991 1
716 997 1
716 1003 1
716 1010 1
716 1019 1
714 1027 1
714 1035 1
714 1043 1
712 1051 1
710 1059 1
707 1066 1
704 1073 1
698 1080 1
695 1086 1
689 1093 1
685 1100 1
680 1106 1
675 1110 1
668 1114 1
662 1118 1
658 1120 1
653 1124 1
645 1128 1
637 1133 1
627 1139 1
617 1145 1
609 1150 1
602 1154 1
595 1157 1
588 1159 1
581 1161 1
575 1163 1
568 1164 1
562 1166 1
556 1168 1
549 1168 1
543 1169 1
536 1167 1
530 1168 1
525 1167 1
519 1167 1
518 1165 1
515 1165 1
512 1165 1
509 1163 1
506 1162 1
502 1159 1
496 1156 1
488 1152 1
477 1143 1
463 1134 1
451 1126 1
441 1119 1
435 1113 1
430 1110 1
427 1107 1
423 1103 1
421 1100 1
419 1096 1
414 1090 1
407 1081 1
400 1072 1
395 1063 1
389 1055 1
385 1048 1
380 1042 1
376 1035 1
372 1030 1
369 1023 1
365 1016 1
361 1008 1
359 1000 1
357 992 1
356 981 1
357 970 1
359 959 1
362 950 1
363 941 1
365 935 1
365 928 1
365 923 1
366 919 1
366 914 1
366 909 1
369 905 1
370 900 1
374 894 1
377 887 1
380 883 1
382 877 1
385 871 1
386 868 1
388 863 1
390 859 1
391 855 1
392 851 1
394 847 1
395 842 1
396 838 1
398 833 1
400 830 1
402 824 1
404 821 1
405 815 1
408 809 1
409 803 1
412 796 1
415 789 1
416 783 1
418 777 1
422 770 1
426 764 1
430 758 1
436 752 1
440 748 1
443 743 1
446 739 1
447 737 1
449 734 1
451 731 1
452 729 1
456 723 1
461 718 1
468 711 1
474 706 1
479 701 1
485 697 1
491 691 1
496 687 1
502 683 1
506 680 1
510 677 1
516 675 1
523 673 1
532 670 1
543 668 1
553 666 1
560 666 1
566 664 1
571 664 1
575 664 1
578 664 1
580 664 1
583 664 1
586 665 1
588 665 1
592 666 1
598 668 1
605 669 1
614 674 1
623 677 1
632 680 1
640 684 1
645 687 1
651 690 1
655 692 1
657 694 1
660 696 1
662 698 1
664 700 1
667 702 1
669 704 1
674 707 1
679 711 1
686 715 1
693 718 1
699 722 1
704 724 1
708 727 1
711 729 1
713 730 1
715 731 1
718 734 1
720 736 1
723 739 1
726 743 1
730 745 1
732 750 1
735 753 1
738 757 1
740 759 1
742 763 1
745 766 1
747 769 1
750 772 1
754 776 1
755 778 1
757 781 1
758 784 1
760 786 1
763 790 1
766 793 1
766 795 1
769 798 1
770 801 1
771 803 1
773 806 1
774 809 1
775 811 1
777 814 1
778 817 1
781 822 1
782 826 1
784 830 1
786 835 1
788 839 1
789 842 1
791 846 1
792 850 1
793 854 1
795 861 1
796 868 1
798 877 1
800 886 1
802 894 1
803 900 1
804 905 1
804 910 1
804 914 1
804 918 1
804 922 1
804 927 1
804 931 1
804 937 1
803 943 1
803 948 1
801 955 1
801 961 1
801 966 1
801 970 1
800 975 1
800 979 1
800 982 1
800 986 1
800 990 1
800 994 1
800 999 1
798 1005 1
799 1010 1
798 1016 1
798 1022 1
797 1027 1
797 1032 1
795 1036 1
794 1042 1
791 1046 1
789 1050 1
785 1053 1
781 1057 1
779 1061 1
776 1064 1
773 1069 1
771 1074 1
768 1079 1
766 1085 1
765 1090 1
763 1096 1
761 1101 1
760 1106 1
758 1112 1
756 1117 1
755 1121 1
752 1125 1
748 1130 1
744 1136 1
739 1140 1
735 1145 1
731 1151 1
728 1154 1
725 1159 1
721 1163 1
720 1169 1
718 1174 1
716 1180 1
712 1184 1
709 1188 1
705 1192 1
701 1195 1
697 1199 1
693 1203 1
688 1206 1
682 1209 1
675 1213 1
669 1214 1
665 1216 1
660 1217 1
656 1219 1
651 1220 1
646 1221 1
638 1223 1
627 1225 1
616 1227 1
604 1228 1
595 1229 1
587 1229 1
581 1230 1
577 1230 1
574 1231 1
572 1231 1
570 1231 1
566 1231 1
562 1232 1
557 1232 1
550 1233 1
543 1234 1
533 1234 1
524 1234 1
517 1232 1
510 1233 1
504 1232 1
499 1232 1
495 1231 1
491 1231 1
486 1229 1
481 1228 1
474 1227 1
467 1225 1
460 1224 1
452 1221 1
444 1218 1
437 1215 1
428 1210 1
420 1203 1
412 1199 1
407 1195 1
401 1191 1
398 1188 1
395 1186 1
390 1184 1
385 1180 1
380 1178 1
373 1173 1
368 1170 1
363 1167 1
359 1165 1
356 1162 1
352 1158 1
348 1154 1
344 1150 1
338 1144 1
333 1137 1
328 1132 1
323 1125 1
319 1120 1
314 1113 1
310 1108 1
308 1103 1
304 1097 1
300 1092 1
298 1085 1
294 1075 1
291 1064 1
290 1054 1
290 1042 1
291 1031 1
292 1022 1
294 1011 1
296 1002 1
297 992 1
299 984 1
300 976 1
298 969 1
297 958 1
295 948 1
294 936 1
295 922 1
297 909 1
300 897 1
302 886 1
305 876 1
309 864 1
312 853 1
316 845 1
319 838 1
320 833 1
323 829 1
323 825 1
324 823 1
325 820 1
325 817 1
326 813 1
326 810 1
327 803 1
328 795 1
330 786 1
332 777 1
334 769 1
337 759 1
342 749 1
348 739 1
353 728 1
359 719 1
365 711 1
369 704 1
372 699 1
375 694 1
379 690 1
382 686 1
386 681 1
393 676 1
402 668 1
413 660 1
423 652 1
433 644 1
441 637 1
448 632 1
452 627 1
455 623 1
459 619 1
462 616 1
466 613 1
472 609 1
475 604 1
480 599 1
484 595 1
491 590 1
499 585 1
507 581 1
517 577 1
526 573 1
532 571 1
538 568 1
544 566 1
547 566 1
552 566 1
556 566 1
561 565 1
567 565 1
573 565 1
581 565 1
592 568 1
603 570 1
612 573 1
623 577 1
631 581 1
638 585 1
645 589 1
650 593 1
654 595 1
657 598 1
661 600 1
665 602 1
670 606 1
677 608 1
683 613 1
689 616 1
694 620 1
699 622 1
703 626 1
705 628 1
708 631 1
711 634 1
713 636 1
715 637 1
717 640 1
720 641 1
721 643 1
724 646 1
727 650 1
730 653 1
734 658 1
738 664 1
741 669 1
745 676 1
749 682 1
752 691 1
758 699 1
761 708 1
765 715 1
769 722 1
774 729 1
779 736 1
785 744 1
791 751 1
795 756 1
801 762 1
804 765 1
808 769 1
811 774 1
817 777 1
821 781 1
825 783 1
828 787 1
832 792 1
836 796 1
841 803 1
845 810 1
849 817 1
853 824 1
857 831 1
861 838 1
864 845 1
868 853 1
870 860 1
873 867 1
876 875 1
877 885 1
879 893 1
880 903 1
881 910 1
881 921 1
882 933 1
882 948 1
881 960 1
879 971 1
877 982 1
875 989 1
873 997 1
872 1005 1
871 1014 1
869 1022 1
868 1031 1
867 1038 1
865 1045 1
863 1051 1
859 1057 1
856 1064 1
852 1070 1
851 1077 1
848 1083 1
846 1088 1
844 1093 1
842 1099 1
840 1104 1
839 1109 1
837 1115 1
836 1120 1
835 1125 1
832 1131 1
831 1136 1
829 1140 1
827 1144 1
826 1148 1
824 1152 1
823 1156 1
823 1158 1
821 1161 1
822 1165 1
822 1167 1
820 1171 1
821 1175 1
820 1179 1
818 1183 1
819 1189 1
818 1194 1
816 1200 1
817 1206 1
816 1211 1
814 1216 1
812 1222 1
809 1228 1
802 1235 1
796 1243 1
788 1249 1
781 1255 1
775 1259 1
771 1262 1
767 1265 1
764 1268 1
759 1271 1
754 1272 1
749 1276 1
741 1279 1
733 1281 1
725 1284 1
717 1287 1
710 1288 1
702 1289 1
694 1290 1
686 1290 1
679 1290 1
670 1288 1
657 1289 1
646 1287 1
635 1285 1
626 1284 1
616 1283 1
607 1281 1
600 1282 1
591 1281 1
583 1281 1
577 1281 1
569 1281 1
559 1283 1
547 1286 1
532 1287 1
517 1290 1
504 1293 1
491 1295 1
480 1297 1
473 1298 1
467 1299 1
460 1301 1
453 1301 1
445 1302 1
438 1302 1
429 1301 1
422 1301 1
414 1299 1
406 1297 1
398 1294 1
390 1292 1
382 1288 1
375 1284 1
368 1280 1
363 1276 1
356 1272 1
348 1268 1
342 1265 1
334 1262 1
326 1258 1
318 1255 1
310 1251 1
303 1249 1
296 1245 1
290 1242 1
283 1240 1
277 1236 1
271 1232 1
267 1230 1
263 1226 1
259 1222 1
255 1217 1
249 1209 1
244 1201 1
239 1191 1
231 1177 1
225 1163 1
221 1149 1
216 1133 1
213 1122 1
211 1113 1
209 1103 1
207 1093 1
205 1083 1
205 1073 1
203 1065 1
203 1057 1
203 1052 1
203 1045 1
202 1039 1
200 1029 1
201 1019 1
201 1007 1
199 995 1
200 984 1
198 975 1
196 964 1
197 955 1
197 945 1
197 936 1
195 927 1
196 918 1
196 910 1
196 902 1
195 896 1
195 888 1
196 879 1
196 871 1
197 861 1
197 853 1
198 846 1
200 839 1
201 832 1
203 826 1
206 820 1
208 815 1
210 810 1
212 806 1
213 804 1
213 801 1
214 798 1
214 796 1
214 794 1
215 791 1
215 789 1
215 785 1
216 781 1
217 776 1
219 769 1
222 762 1
225 755 1
230 749 1
234 742 1
238 734 1
243 727 1
247 719 1
252 712 1
257 707 1
262 700 1
267 695 1
275 688 1
283 682 1
291 676 1
298 670 1
302 666 1
305 664 1
308 661 1
310 659 1
315 656 1
319 653 1
323 651 1
326 648 1
329 645 1
333 643 1
336 640 1
340 636 1
344 632 1
350 628 1
355 623 1
359 619 1
363 617 1
366 613 1
369 612 1
371 609 1
374 605 1
377 601 1
381 595 1
385 590 1
388 583 1
390 577 1
393 572 1
397 565 1
404 556 1
411 548 1
419 541 1
426 534 1
433 528 1
439 524 1
449 520 1
462 516 1
476 512 1
491 510 1
505 508 1
514 508 1
523 507 1
533 507 1
544 507 1
558 506 1
575 506 1
589 506 1
600 506 1
609 506 1
617 506 1
624 508 1
629 509 1
633 509 1
636 511 1
638 511 1
643 512 1
648 515 1
655 517 1
662 521 1
671 525 1
681 532 1
691 537 1
700 545 1
711 552 1
717 557 1
723 561 1
727 563 1
730 565 1
732 567 1
734 568 1
736 571 1
739 575 1
745 581 1
751 590 1
757 602 1
764 614 1
771 624 1
776 634 1
783 642 1
785 648 1
788 653 1
792 659 1
795 665 1
798 672 1
802 678 1
805 686 1
811 694 1
816 702 1
823 710 1
829 717 1
832 723 1
836 730 1
840 738 1
846 748 1
851 757 1
857 765 1
861 772 1
865 780 1
869 788 1
872 795 1
876 804 1
880 812 1
882 819 1
884 826 1
886 832 1
890 839 1
893 846 1
897 853 1
900 858 1
903 863 1
904 868 1
906 873 1
908 879 1
909 884 1
911 891 1
914 898 1
916 905 1
920 913 1
924 920 1
928 930 1
932 939 1
936 950 1
939 958 1
940 965 1
942 972 1
942 977 1
943 981 1
943 985 1
943 989 1
942 995 1
942 1000 1
942 1007 1
942 1015 1
942 1023 1
942 1031 1
942 1036 1
942 1042 1
942 1046 1
941 1050 1
941 1054 1
940 1058 1
938 1062 1
937 1066 1
937 1070 1
935 1075 1
936 1080 1
934 1086 1
934 1094 1
932 1101 1
933 1109 1
931 1116 1
932 1121 1
931 1127 1
929 1131 1
927 1138 1
921 1146 1
916 1154 1
909 1164 1
904 1172 1
900 1180 1
898 1187 1
896 1193 1
894 1199 1
893 1206 1
892 1216 1
889 1224 1
888 1232 1
885 1240 1
881 1246 1
876 1252 1
871 1256 1
867 1260 1
863 1263 1
860 1265 1
856 1268 1
853 1270 1
850 1272 1
848 1274 1
843 1277 1
839 1281 1
834 1285 1
825 1291 1
815 1299 1
804 1307 1
794 1315 1
784 1323 1
775 1330 1
767 1335 1
760 1340 1
755 1344 1
749 1348 1
742 1352 1
732 1356 1
721 1361 1
708 1366 1
693 1372 1
676 1377 1
660 1381 1
648 1384 1
637 1384 1
628 1385 1
620 1384 1
613 1383 1
606 1381 1
599 1380 1
591 1380 1
581 1378 1
569 1377 1
556 1375 1
543 1374 1
530 1374 1
518 1372 1
507 1373 1
498 1373 1
490 1374 1
481 1375 1
473 1375 1
464 1377 1
453 1377 1
443 1377 1
435 1375 1
425 1374 1
417 1372 1
408 1369 1
397 1368 1
387 1365 1
377 1361 1
368 1359 1
360 1352 1
352 1346 1
342 1339 1
329 1328 1
314 1318 1
302 1311 1
290 1303 1
282 1296 1
277 1292 1
270 1287 1
264 1281 1
258 1277 1
251 1270 1
243 1263 1
234 1257 1
226 1251 1
219 1243 1
211 1235 1
204 1224 1
196 1212 1
189 1200 1
183 1190 1
179 1182 1
177 1176 1
175 1171 1
174 1166 1
173 1162 1
170 1154 1
168 1146 1
162 1135 1
158 1125 1
154 1114 1
150 1102 1
147 1089 1
143 1074 1
141 1062 1
138 1050 1
137 1041 1
136 1030 1
136 1019 1
133 989 1
131 966 1
129 944 1
128 923 1
128 908 1
129 901 1
129 895 1
130 891 1
131 888 1
131 885 1
131 884 1
131 882 1
132 879 1
132 877 1
133 873 1
133 868 1
133 862 1
133 853 1
133 845 1
133 837 1
133 828 1
134 819 1
134 809 1
134 798 1
136 786 1
137 776 1
140 763 1
143 750 1
147 735 1
153 720 1
159 703 1
166 685 1
175 668 1
184 653 1
192 642 1
197 633 1
201 628 1
204 623 1
207 618 1
210 614 1
215 607 1
221 599 1
228 590 1
234 581 1
241 570 1
248 561 1
253 554 1
260 544 1
267 536 1
275 528 1
282 521 1
289 513 1
298 506 1
306 500 1
316 491 1
327 484 1
339 476 1
351 470 1
360 463 1
369 458 1
377 453 1
389 449 1
403 444 1
417 440 1
429 438 1
441 435 1
455 433 1
466 433 1
477 433 1
489 433 1
500 434 1
511 434 1
524 434 1
534 434 1
545 435 1
554 435 1
562 436 1
569 436 1
576 437 1
584 437 1
595 439 1
607 439 1
617 440 1
627 441 1
635 441 1
642 442 1
651 445 1
663 446 1
678 450 1
692 454 1
706 458 1
719 464 1
731 470 1
742 475 1
753 480 1
761 486 1
769 492 1
775 497 1
782 503 1
787 508 1
792 515 1
801 524 1
811 535 1
823 550 1
836 566 1
848 581 1
857 598 1
865 613 1
870 626 1
876 640 1
881 653 1
888 669 1
896 685 1
905 703 1
913 721 1
921 739 1
928 756 1
933 769 1
937 782 1
939 792 1
940 801 1
943 808 1
943 817 1
944 826 1
945 838 1
946 852 1
949 869 1
954 886 1
960 903 1
965 920 1
969 932 1
972 942 1
972 947 1
974 953 1
975 957 1
975 963 1
976 970 1
977 980 1
978 993 1
978 1006 1
979 1021 1
980 1033 1
981 1044 1
981 1054 1
979 1064 1
978 1072 1
978 1080 1
978 1088 1
978 1098 1
979 1110 1
982 1123 1
985 1138 1
988 1152 1
991 1164 1
992 1175 1
993 1183 1
994 1190 1
993 1196 1
991 1201 1
989 1205 1
987 1209 1
986 1212 1
984 1216 1
983 1222 1
981 1230 1
977 1240 1
970 1249 1
965 1256 1
959 1263 1
954 1268 1
947 1274 1
941 1278 1
933 1283 1
925 1289 1
917 1293 1
912 1297 1
906 1302 1
901 1306 1
896 1312 1
891 1317 1
886 1322 1
877 1330 1
866 1338 1
854 1345 1
840 1353 1
827 1360 1
817 1367 1
808 1373 1
799 1378 1
792 1382 1
785 1386 1
779 1391 1
774 1395 1
766 1400 1
759 1404 1
749 1410 1
739 1414 1
728 1420 1
718 1423 1
709 1427 1
698 1431 1
685 1434 1
671 1437 1
656 1440 1
640 1443 1
625 1445 1
610 1446 1
598 1447 1
587 1448 1
578 1448 1
569 1448 1
559 1448 1
548 1448 1
536 1446 1
524 1443 1
510 1442 1
492 1439 1
476 1436 1
460 1435 1
448 1433 1
435 1433 1
422 1431 1
407 1431 1
395 1431 1
383 1431 1
370 1430 1
354 1428 1
339 1427 1
322 1425 1
308 1422 1
294 1420 1
280 1416 1
266 1411 1
254 1407 1
240 1399 1
225 1392 1
211 1383 1
194 1373 1
181 1363 1
170 1353 1
160 1341 1
152 1330 1
145 1320 1
140 1311 1
133 1301 1
122 1287 1
111 1272 1
98 1254 1
89 1236 1
81 1215 1
76 1194 1
76 1172 1
77 1153 1
79 1133 1
86 1107 1
95 1077 1
110 999 1
117 949 1
125 901 1
123 918 0
