130 1155 1
130 1155 1
130 1155 1
130 1155 1
130 1155 1
130 1155 1
130 1155 1
130 1155 1
130 1155 1
130 1153 1
130 1153 1
130 1153 1
130 1151 1
130 1150 1
131 1147 1
132 1145 1
132 1142 1
134 1138 1
135 1135 1
136 1129 1
137 1124 1
138 1120 1
138 1115 1
138 1108 1
138 1100 1
138 1089 1
138 1078 1
138 1067 1
138 1058 1
139 1050 1
139 1043 1
141 1037 1
143 1029 1
147 1021 1
151 1013 1
156 1005 1
161 997 1
166 989 1
171 982 1
175 974 1
179 966 1
183 959 1
185 952 1
189 945 1
192 939 1
194 931 1
197 921 1
200 911 1
204 901 1
207 883 1
209 869 1
210 857 1
211 848 1
211 840 1
211 833 1
210 824 1
208 816 1
207 810 1
206 801 1
203 794 1
199 788 1
194 782 1
187 777 1
183 773 1
176 770 1
170 768 1
163 768 1
158 768 1
151 768 1
144 769 1
135 770 1
127 773 1
118 778 1
111 782 1
105 788 1
102 793 1
99 798 1
97 805 1
96 812 1
94 819 1
96 827 1
97 835 1
99 843 1
100 852 1
106 867 1
113 879 1
118 891 1
124 901 1
129 910 1
134 921 1
141 932 1
147 943 1
154 952 1
161 961 1
167 969 1
173 975 1
176 980 1
180 985 1
182 989 1
187 994 1
191 1000 1
197 1007 1
203 1015 1
208 1023 1
215 1031 1
223 1039 1
230 1046 1
236 1052 1
241 1058 1
245 1063 1
249 1069 1
251 1074 1
253 1080 1
254 1083 1
255 1087 1
253 1092 1
250 1097 1
247 1104 1
245 1109 1
240 1114 1
238 1119 1
233 1124 1
231 1126 1
228 1129 1
227 1130 1
225 1131 1
222 1133 1
220 1134 1
214 1134 1
210 1135 1
206 1133 1
201 1133 1
197 1130 1
193 1129 1
189 1126 1
186 1123 1
184 1119 1
179 1114 1
176 1109 1
172 1102 1
169 1094 1
166 1086 1
164 1079 1
165 1067 1
165 1055 1
166 1046 1
166 1036 1
168 1029 1
169 1023 1
169 1018 1
171 1012 1
172 1011 1
172 1012 0
394 1187 1
394 1186 1
394 1185 1
394 1185 1
394 1185 1
394 1185 1
394 1185 1
394 1185 1
394 1185 1
394 1184 1
394 1183 1
396 1180 1
396 1178 1
397 1174 1
399 1169 1
402 1164 1
405 1155 1
408 1148 1
412 1142 1
414 1135 1
417 1128 1
420 1123 1
423 1118 1
426 1112 1
429 1108 1
430 1100 1
432 1093 1
433 1085 1
434 1079 1
436 1072 1
437 1065 1
439 1060 1
441 1053 1
443 1046 1
444 1040 1
446 1033 1
446 1027 1
447 1019 1
448 1012 1
449 1001 1
450 991 1
451 981 1
452 971 1
454 961 1
455 953 1
456 945 1
459 936 1
461 928 1
466 921 1
470 914 1
472 908 1
477 903 1
481 897 1
485 893 1
488 888 1
491 883 1
493 878 1
495 874 1
497 870 1
498 865 1
499 860 1
501 856 1
501 851 1
502 844 1
502 839 1
502 834 1
502 827 1
502 822 1
502 818 1
501 813 1
499 809 1
498 805 1
498 802 1
498 799 1
496 798 1
496 796 1
494 794 1
493 793 1
491 792 1
486 792 1
479 791 1
470 790 1
461 790 1
451 790 1
439 791 1
428 792 1
420 792 1
414 793 1
406 796 1
398 799 1
393 803 1
387 807 1
383 811 1
379 815 1
376 819 1
373 823 1
372 828 1
369 834 1
369 839 1
368 844 1
368 850 1
367 855 1
365 862 1
366 867 1
366 872 1
366 878 1
366 884 1
367 890 1
369 896 1
370 901 1
371 905 1
372 909 1
373 913 1
374 916 1
377 920 1
379 924 1
384 928 1
389 933 1
394 938 1
398 943 1
402 947 1
406 951 1
411 956 1
414 960 1
418 964 1
419 966 1
422 969 1
423 971 1
425 974 1
428 978 1
430 980 1
434 984 1
437 987 1
439 991 1
443 992 1
446 995 1
448 997 1
451 999 1
454 1002 1
456 1003 1
459 1005 1
462 1007 1
465 1010 1
465 1011 1
467 1014 1
468 1017 1
468 1020 1
471 1024 1
474 1028 1
481 1034 1
487 1038 1
494 1042 1
498 1046 1
502 1050 1
506 1053 1
508 1055 1
511 1058 1
514 1061 1
514 1064 1
515 1068 1
515 1074 1
515 1077 1
515 1080 1
515 1083 1
516 1085 1
516 1087 1
516 1090 1
517 1093 1
518 1097 1
518 1101 1
519 1105 1
520 1110 1
520 1113 1
521 1118 1
521 1122 1
520 1127 1
520 1132 1
518 1136 1
518 1141 1
516 1146 1
515 1151 1
514 1157 1
511 1163 1
509 1168 1
506 1175 1
502 1180 1
500 1185 1
495 1190 1
492 1194 1
490 1196 1
487 1199 1
484 1201 1
482 1202 1
479 1203 1
476 1204 1
474 1205 1
471 1205 1
467 1203 1
463 1202 1
454 1197 1
446 1190 1
437 1180 1
430 1162 1
423 1146 1
419 1132 1
416 1122 1
414 1114 1
415 1116 0
679 1063 1
679 1063 1
679 1063 1
679 1063 1
679 1063 1
678 1062 1
678 1060 1
678 1059 1
678 1057 1
678 1054 1
678 1052 1
678 1050 1
678 1047 1
678 1045 1
678 1042 1
680 1039 1
681 1035 1
685 1031 1
689 1027 1
692 1025 1
694 1021 1
697 1017 1
698 1015 1
700 1011 1
703 1008 1
704 1004 1
706 1001 1
708 998 1
708 996 1
709 993 1
711 990 1
712 988 1
712 985 1
714 982 1
714 980 1
715 976 1
716 973 1
717 971 1
718 965 1
720 958 1
723 950 1
725 941 1
728 932 1
731 923 1
733 915 1
736 907 1
739 901 1
739 896 1
741 892 1
741 888 1
742 884 1
743 881 1
744 877 1
745 873 1
747 869 1
748 865 1
748 862 1
750 859 1
751 857 1
752 855 1
754 852 1
755 850 1
756 847 1
758 843 1
761 840 1
765 838 1
768 835 1
772 832 1
774 830 1
777 827 1
780 824 1
782 822 1
784 820 1
785 819 1
786 817 1
786 817 1
786 816 1
787 816 1
787 814 1
788 813 1
788 811 1
789 810 1
789 806 1
790 802 1
791 797 1
791 793 1
791 789 1
791 787 1
792 785 1
792 782 1
792 781 1
791 780 1
791 778 1
789 779 1
789 777 1
787 775 1
786 776 1
784 772 1
780 769 1
775 767 1
769 764 1
764 761 1
759 759 1
752 757 1
745 755 1
737 756 1
731 755 1
724 755 1
717 753 1
714 754 1
710 755 1
708 755 1
705 756 1
701 757 1
699 758 1
693 762 1
689 766 1
684 772 1
680 777 1
676 782 1
674 789 1
672 794 1
669 800 1
670 806 1
669 811 1
669 815 1
667 819 1
668 821 1
668 825 1
668 828 1
668 830 1
668 833 1
668 836 1
667 838 1
667 840 1
667 843 1
667 844 1
667 846 1
667 847 1
667 848 1
667 850 1
668 851 1
668 852 1
669 854 1
670 857 1
671 861 1
673 865 1
674 868 1
676 871 1
679 874 1
682 878 1
684 880 1
686 882 1
688 884 1
690 886 1
691 887 1
691 887 1
693 888 1
694 888 1
695 889 1
697 890 1
698 890 1
699 891 1
701 892 1
703 892 1
707 892 1
710 893 1
712 894 1
715 894 1
718 895 1
720 895 1
722 896 1
725 897 1
726 897 1
727 898 1
729 899 1
730 900 1
731 901 1
733 902 1
734 903 1
735 904 1
737 905 1
738 906 1
741 908 1
744 911 1
747 914 1
751 917 1
755 921 1
757 925 1
761 928 1
764 932 1
767 936 1
769 939 1
772 943 1
775 947 1
775 950 1
777 953 1
778 957 1
779 960 1
782 963 1
783 967 1
784 970 1
786 974 1
787 977 1
788 980 1
790 984 1
791 987 1
792 989 1
793 992 1
794 994 1
795 996 1
798 999 1
800 1002 1
802 1005 1
805 1008 1
808 1011 1
811 1014 1
812 1016 1
815 1019 1
817 1023 1
819 1025 1
820 1029 1
822 1032 1
823 1033 1
823 1036 1
824 1039 1
824 1041 1
825 1043 1
825 1045 1
825 1047 1
824 1049 1
822 1052 1
823 1053 1
821 1056 1
821 1058 1
819 1060 1
817 1063 1
814 1066 1
812 1070 1
807 1073 1
802 1077 1
797 1081 1
791 1084 1
784 1088 1
778 1092 1
772 1094 1
767 1097 1
763 1100 1
757 1102 1
751 1104 1
744 1106 1
739 1107 1
732 1108 1
727 1109 1
722 1108 1
718 1106 1
714 1105 1
709 1102 1
706 1099 1
702 1091 1
699 1081 1
697 1070 1
695 1059 1
693 1050 1
694 1041 1
696 1033 1
699 1024 1
702 1013 1
706 1002 1
710 991 1
715 981 1
714 984 0
