1021 442 1
1021 442 1
1021 442 1
1021 442 1
1021 442 1
1021 442 1
1021 442 1
1021 442 1
1021 442 1
1021 442 1
1021 442 1
1021 442 1
1019 442 1
1019 442 1
1019 443 1
1019 444 1
1019 445 1
1018 446 1
1018 448 1
1018 449 1
1016 451 1
1016 454 1
1014 458 1
1014 463 1
1012 469 1
1012 474 1
1011 480 1
1009 487 1
1007 494 1
1006 501 1
1003 508 1
1002 515 1
1000 522 1
998 529 1
996 536 1
995 541 1
993 545 1
993 550 1
993 553 1
991 555 1
992 558 1
992 561 1
992 563 1
991 568 1
991 572 1
989 577 1
988 583 1
986 590 1
985 596 1
985 603 1
985 610 1
985 615 1
985 622 1
986 629 1
987 636 1
987 644 1
989 653 1
989 664 1
990 674 1
992 683 1
993 693 1
993 698 1
995 705 1
995 712 1
996 719 1
997 725 1
998 732 1
999 739 1
1000 746 1
1000 753 1
1001 760 1
999 766 1
1000 773 1
998 779 1
996 784 1
995 791 1
992 795 1
988 800 1
983 804 1
977 806 1
969 809 1
962 810 1
953 810 1
945 809 1
938 810 1
929 808 1
921 806 1
914 802 1
907 796 1
901 788 1
897 779 1
893 769 1
887 750 1
889 739 1
889 729 1
890 721 1
890 717 1
890 712 1
891 709 1
891 705 1
892 703 1
893 700 1
894 697 1
897 694 1
899 692 1
903 690 1
906 688 1
908 689 1
912 690 1
916 694 1
918 698 1
923 709 1
929 725 1
933 744 1
934 763 1
935 780 1
935 791 1
935 800 1
935 808 1
935 815 1
936 821 1
937 829 1
938 836 1
939 843 1
941 849 1
942 855 1
943 862 1
945 870 1
946 879 1
947 898 1
948 910 1
946 921 1
946 933 1
944 941 1
943 950 1
942 958 1
940 967 1
940 976 1
940 985 1
938 994 1
937 1006 1
936 1018 1
932 1039 1
924 1051 1
927 1046 0
819 495 1
819 495 1
819 495 1
819 495 1
819 495 1
819 495 1
817 495 1
815 498 1
814 500 1
811 504 1
808 508 1
806 512 1
804 516 1
801 522 1
799 528 1
796 536 1
793 543 1
792 551 1
789 560 1
787 573 1
785 588 1
784 608 1
784 629 1
784 648 1
784 671 1
786 686 1
788 694 1
791 700 1
794 706 1
796 713 1
798 716 1
800 720 1
801 722 1
802 727 1
802 732 1
803 746 1
803 754 1
803 763 1
803 773 1
802 787 1
800 801 1
798 816 1
793 826 1
790 835 1
789 841 1
789 846 1
789 853 1
789 858 1
789 867 1
790 875 1
791 883 1
792 892 1
794 899 1
795 906 1
796 912 1
797 918 1
798 923 1
798 929 1
796 935 1
791 941 1
785 943 1
775 946 1
768 946 1
761 946 1
755 944 1
747 941 1
740 936 1
735 930 1
731 925 1
728 917 1
724 902 1
723 891 1
721 880 1
720 872 1
721 864 1
723 856 1
724 851 1
724 848 1
725 844 1
726 842 1
727 839 1
727 836 1
728 835 1
728 834 1
729 832 1
730 833 1
731 832 1
733 832 1
735 832 1
742 833 1
749 840 1
754 849 1
761 863 1
767 879 1
771 898 1
774 915 1
776 932 1
778 951 1
781 964 1
783 975 1
784 985 1
784 996 1
786 1015 1
786 1028 1
783 1039 1
780 1049 1
776 1057 1
771 1065 1
764 1074 1
751 1094 1
742 1100 1
739 1104 1
742 1101 0
627 536 1
626 536 1
626 536 1
626 536 1
626 536 1
626 536 1
626 536 1
626 536 1
626 536 1
626 536 1
626 536 1
624 539 1
623 543 1
622 549 1
620 555 1
619 562 1
618 569 1
615 578 1
614 587 1
613 599 1
611 611 1
610 622 1
608 631 1
604 641 1
602 652 1
599 663 1
596 674 1
597 685 1
597 702 1
599 712 1
600 720 1
600 729 1
602 738 1
606 756 1
611 767 1
616 780 1
620 794 1
624 807 1
628 818 1
633 832 1
636 845 1
639 855 1
640 865 1
640 874 1
640 883 1
639 891 1
636 898 1
634 904 1
630 909 1
625 914 1
621 918 1
615 922 1
607 926 1
599 930 1
593 932 1
587 935 1
582 936 1
579 936 1
575 937 1
573 937 1
570 937 1
566 937 1
562 935 1
556 933 1
549 927 1
543 921 1
536 911 1
529 900 1
521 888 1
511 873 1
504 862 1
499 853 1
495 846 1
491 840 1
489 833 1
486 827 1
483 821 1
482 816 1
483 812 1
481 808 1
482 804 1
483 801 1
483 797 1
484 793 1
484 791 1
486 788 1
489 787 1
493 786 1
498 786 1
504 787 1
508 788 1
517 793 1
520 803 1
526 815 1
531 828 1
540 841 1
551 857 1
564 873 1
575 889 1
584 897 1
591 905 1
596 913 1
605 930 1
611 942 1
613 953 1
614 966 1
614 979 1
613 992 1
611 1007 1
609 1021 1
601 1039 1
595 1054 1
589 1068 1
579 1081 1
569 1093 1
558 1105 1
544 1116 1
528 1128 1
529 1128 0
398 548 1
398 548 1
398 548 1
397 549 1
395 550 1
394 553 1
391 557 1
389 561 1
387 564 1
385 568 1
384 570 1
383 573 1
383 576 1
383 578 1
383 581 1
384 584 1
385 588 1
387 594 1
389 600 1
390 608 1
390 617 1
391 625 1
391 633 1
391 641 1
392 648 1
392 655 1
392 661 1
392 666 1
393 673 1
393 677 1
395 681 1
396 685 1
397 690 1
398 695 1
399 701 1
399 715 1
400 726 1
401 740 1
401 751 1
402 760 1
402 780 1
402 796 1
403 812 1
403 827 1
403 836 1
404 844 1
404 850 1
404 862 1
404 874 1
404 886 1
404 896 1
404 906 1
404 911 1
404 917 1
404 921 1
403 928 1
401 936 1
400 944 1
396 951 1
387 962 1
379 967 1
368 969 1
351 967 1
336 963 1
322 956 1
311 948 1
303 939 1
297 929 1
291 921 1
286 913 1
282 904 1
278 886 1
279 876 1
279 865 1
279 857 1
279 849 1
279 844 1
280 839 1
280 832 1
280 825 1
281 819 1
282 812 1
282 806 1
283 802 1
283 800 1
283 796 1
285 793 1
286 791 1
288 790 1
292 788 1
296 789 1
299 789 1
302 790 1
303 790 1
305 798 1
306 807 1
304 813 1
305 819 1
305 823 1
305 828 1
305 833 1
308 845 1
311 852 1
315 858 1
318 864 1
321 871 1
324 878 1
327 888 1
331 905 1
333 919 1
335 930 1
336 940 1
337 948 1
337 955 1
338 963 1
338 980 1
338 994 1
336 1010 1
333 1023 1
331 1033 1
328 1042 1
326 1051 1
324 1069 1
320 1085 1
313 1103 1
304 1120 1
295 1134 1
288 1144 1
283 1149 1
282 1153 1
279 1156 1
278 1158 1
278 1160 1
278 1162 1
276 1163 1
276 1163 1
275 1164 1
273 1165 1
259 1163 1
244 1160 1
228 1153 1
213 1150 1
205 1147 1
198 1146 1
194 1146 1
191 1146 1
184 1149 1
184 1158 1
182 1170 1
181 1184 1
180 1195 1
181 1190 0
