120 1416 1
120 1415 1
120 1412 1
120 1410 1
121 1402 1
122 1394 1
124 1384 1
127 1368 1
131 1351 1
137 1332 1
145 1309 1
154 1286 1
161 1264 1
173 1234 1
182 1210 1
187 1190 1
192 1171 1
196 1151 1
198 1130 1
201 1113 1
203 1095 1
204 1076 1
204 1056 1
205 1036 1
206 1016 1
205 996 1
205 978 1
203 959 1
202 943 1
200 931 1
201 922 1
199 914 1
197 908 1
195 901 1
187 896 1
181 892 1
174 888 1
169 885 1
164 881 1
159 879 1
155 876 1
151 872 1
138 862 1
132 855 1
127 848 1
122 842 1
118 836 1
115 827 1
108 809 1
108 796 1
108 785 1
108 776 1
108 767 1
106 759 1
107 752 1
107 744 1
108 738 1
106 734 1
107 732 1
107 730 1
106 730 1
106 730 1
103 730 1
102 731 1
99 733 1
93 741 1
89 753 1
85 763 1
83 773 1
82 780 1
82 789 1
82 799 1
82 815 1
85 832 1
93 849 1
101 866 1
113 892 1
124 915 1
131 930 1
137 942 1
141 950 1
145 958 1
150 966 1
155 976 1
160 985 1
168 1004 1
172 1015 1
176 1027 1
178 1041 1
179 1054 1
181 1068 1
181 1083 1
182 1096 1
183 1111 1
184 1128 1
185 1144 1
188 1161 1
191 1175 1
191 1189 1
191 1203 1
191 1216 1
191 1227 1
191 1236 1
191 1244 1
191 1251 1
191 1258 1
191 1263 1
191 1267 1
191 1271 1
190 1274 1
190 1278 1
190 1282 1
190 1287 1
190 1292 1
190 1299 1
190 1307 1
190 1315 1
190 1321 1
190 1328 1
191 1334 1
191 1338 1
191 1343 1
193 1347 1
195 1351 1
197 1355 1
200 1359 1
205 1361 1
209 1365 1
214 1367 1
220 1368 1
226 1368 1
231 1366 1
237 1364 1
243 1358 1
248 1352 1
255 1344 1
263 1333 1
270 1324 1
275 1314 1
279 1305 1
282 1295 1
286 1286 1
288 1276 1
290 1264 1
293 1250 1
294 1236 1
295 1224 1
294 1212 1
291 1200 1
289 1189 1
286 1178 1
283 1167 1
282 1156 1
281 1149 1
281 1140 1
281 1131 1
282 1119 1
284 1108 1
285 1097 1
286 1085 1
288 1074 1
290 1065 1
291 1055 1
294 1044 1
295 1031 1
296 1015 1
297 1000 1
297 986 1
298 972 1
299 959 1
300 948 1
301 937 1
302 926 1
302 918 1
303 909 1
304 901 1
304 891 1
304 880 1
304 869 1
303 855 1
303 843 1
301 829 1
299 813 1
296 797 1
295 781 1
291 765 1
287 750 1
283 738 1
278 730 1
274 722 1
272 717 1
268 714 1
263 711 1
259 710 1
254 711 1
249 711 1
244 712 1
239 714 1
235 717 1
230 721 1
226 728 1
222 736 1
220 749 1
218 762 1
216 775 1
215 788 1
215 805 1
215 821 1
218 839 1
221 859 1
225 881 1
229 899 1
234 917 1
238 932 1
242 948 1
244 960 1
247 971 1
249 979 1
250 987 1
252 994 1
253 1002 1
256 1010 1
258 1020 1
260 1030 1
261 1039 1
264 1050 1
267 1063 1
270 1079 1
272 1095 1
276 1112 1
279 1129 1
280 1145 1
282 1163 1
285 1179 1
289 1196 1
293 1210 1
296 1223 1
297 1233 1
298 1242 1
300 1249 1
302 1256 1
306 1261 1
310 1265 1
314 1269 1
318 1273 1
321 1276 1
324 1279 1
325 1279 1
327 1281 1
330 1282 1
330 1283 1
332 1285 1
334 1286 1
335 1287 1
338 1289 1
341 1290 1
344 1292 1
345 1292 1
347 1292 1
350 1293 1
352 1293 1
356 1292 1
359 1290 1
360 1289 1
361 1288 1
363 1285 1
364 1281 1
365 1275 1
365 1268 1
365 1259 1
363 1248 1
361 1238 1
360 1227 1
358 1216 1
355 1206 1
353 1193 1
350 1177 1
350 1162 1
350 1144 1
351 1129 1
354 1115 1
357 1103 1
358 1093 1
361 1085 1
364 1078 1
365 1071 1
367 1064 1
370 1060 1
374 1051 1
378 1043 1
382 1036 1
385 1025 1
388 1016 1
392 1007 1
395 996 1
398 986 1
401 975 1
403 964 1
407 950 1
410 934 1
412 918 1
414 902 1
416 886 1
418 871 1
418 854 1
417 833 1
415 810 1
416 786 1
412 761 1
408 741 1
404 723 1
399 712 1
394 702 1
389 694 1
385 691 1
382 688 1
380 686 1
377 686 1
374 686 1
372 687 1
368 692 1
364 697 1
360 704 1
355 716 1
351 729 1
347 744 1
344 758 1
342 771 1
341 785 1
341 799 1
341 812 1
344 824 1
345 836 1
349 850 1
353 864 1
358 883 1
361 903 1
364 922 1
364 946 1
362 964 1
361 983 1
361 999 1
361 1015 1
361 1031 1
363 1046 1
366 1063 1
370 1079 1
375 1096 1
379 1110 1
383 1123 1
387 1135 1
389 1145 1
393 1157 1
397 1169 1
399 1181 1
400 1193 1
403 1205 1
404 1219 1
408 1230 1
411 1240 1
415 1250 1
418 1259 1
421 1269 1
424 1279 1
428 1290 1
431 1302 1
432 1313 1
433 1321 1
434 1329 1
434 1334 1
433 1337 1
433 1341 1
434 1344 1
435 1345 1
437 1347 1
439 1348 1
440 1349 1
442 1349 1
444 1349 1
446 1349 1
447 1349 1
448 1347 1
450 1345 1
451 1343 1
452 1338 1
454 1332 1
455 1325 1
456 1314 1
458 1301 1
459 1288 1
458 1275 1
458 1263 1
458 1253 1
458 1242 1
459 1231 1
460 1222 1
460 1214 1
462 1208 1
463 1201 1
464 1195 1
465 1188 1
466 1185 1
467 1180 1
469 1175 1
470 1170 1
473 1160 1
475 1150 1
476 1141 1
477 1132 1
478 1122 1
478 1113 1
478 1104 1
478 1092 1
476 1080 1
474 1068 1
472 1057 1
470 1049 1
468 1040 1
469 1032 1
469 1024 1
469 1014 1
470 1005 1
471 997 1
473 989 1
474 983 1
476 975 1
478 968 1
480 959 1
483 948 1
487 937 1
491 928 1
495 918 1
499 909 1
503 899 1
506 890 1
510 879 1
512 868 1
515 860 1
517 850 1
519 839 1
520 825 1
521 810 1
521 795 1
521 782 1
519 770 1
517 757 1
513 743 1
508 730 1
504 718 1
497 708 1
492 699 1
487 693 1
482 688 1
478 685 1
474 683 1
472 682 1
469 680 1
468 682 1
465 685 1
462 691 1
458 699 1
455 708 1
452 717 1
450 726 1
450 734 1
450 741 1
452 748 1
455 754 1
459 760 1
467 765 1
474 770 1
480 774 1
485 777 1
491 780 1
497 784 1
502 787 1
508 791 1
513 793 1
519 799 1
525 805 1
532 810 1
538 817 1
546 825 1
554 833 1
562 842 1
568 850 1
573 858 1
577 866 1
580 875 1
581 884 1
582 892 1
582 900 1
580 908 1
578 916 1
576 924 1
573 932 1
571 939 1
568 946 1
566 951 1
564 957 1
561 963 1
558 966 1
556 970 1
553 974 1
551 976 1
550 978 1
547 980 1
546 982 1
544 984 1
543 985 1
542 987 1
541 988 1
539 991 1
539 992 1
537 994 1
536 995 1
536 997 1
536 999 1
534 1001 1
534 1003 1
534 1007 1
532 1011 1
530 1017 1
528 1024 1
527 1031 1
525 1039 1
523 1047 1
522 1056 1
521 1064 1
519 1072 1
518 1081 1
516 1089 1
514 1097 1
512 1105 1
511 1113 1
509 1120 1
508 1127 1
508 1133 1
506 1140 1
506 1146 1
506 1152 1
506 1159 1
504 1165 1
502 1172 1
503 1177 1
503 1184 1
504 1191 1
504 1197 1
504 1205 1
504 1212 1
504 1219 1
504 1225 1
505 1231 1
505 1236 1
505 1241 1
506 1245 1
506 1249 1
507 1253 1
509 1257 1
510 1261 1
511 1266 1
511 1271 1
511 1275 1
511 1279 1
511 1282 1
512 1286 1
513 1288 1
515 1291 1
516 1292 1
516 1293 1
518 1294 1
519 1295 1
522 1295 1
523 1295 1
524 1294 1
527 1292 1
528 1290 1
531 1286 1
534 1281 1
536 1276 1
541 1267 1
544 1258 1
546 1249 1
549 1238 1
552 1224 1
553 1211 1
556 1197 1
558 1183 1
559 1171 1
563 1158 1
566 1146 1
568 1137 1
571 1128 1
574 1119 1
578 1110 1
581 1101 1
584 1091 1
588 1082 1
590 1073 1
592 1065 1
593 1059 1
595 1052 1
598 1044 1
601 1037 1
604 1024 1
607 1011 1
610 999 1
612 986 1
615 975 1
617 965 1
618 957 1
621 949 1
623 942 1
626 934 1
627 926 1
628 918 1
629 908 1
631 899 1
633 889 1
636 878 1
638 869 1
641 860 1
643 852 1
644 845 1
646 839 1
648 832 1
650 823 1
651 813 1
652 802 1
652 789 1
651 776 1
649 762 1
647 749 1
642 735 1
638 723 1
636 711 1
632 703 1
629 696 1
627 689 1
624 685 1
621 682 1
619 680 1
616 679 1
613 677 1
609 678 1
605 679 1
601 681 1
597 684 1
593 689 1
590 694 1
589 701 1
590 712 1
591 724 1
592 740 1
595 763 1
601 787 1
604 808 1
606 829 1
607 847 1
603 866 1
602 883 1
600 898 1
598 909 1
598 920 1
599 930 1
599 938 1
600 945 1
602 953 1
603 960 1
604 967 1
602 974 1
602 982 1
602 991 1
602 1001 1
601 1014 1
601 1025 1
601 1035 1
601 1045 1
601 1054 1
601 1063 1
601 1074 1
602 1087 1
603 1101 1
603 1113 1
605 1124 1
605 1134 1
606 1142 1
608 1150 1
608 1160 1
609 1167 1
611 1172 1
611 1177 1
612 1181 1
612 1185 1
612 1188 1
612 1192 1
612 1196 1
612 1200 1
612 1205 1
612 1211 1
612 1218 1
612 1226 1
610 1234 1
611 1241 1
611 1249 1
612 1256 1
612 1262 1
613 1268 1
614 1273 1
616 1277 1
618 1281 1
619 1285 1
621 1288 1
623 1291 1
624 1293 1
626 1295 1
628 1297 1
629 1298 1
632 1298 1
635 1299 1
639 1299 1
643 1297 1
646 1293 1
650 1289 1
653 1282 1
656 1274 1
657 1267 1
658 1255 1
660 1241 1
660 1227 1
661 1208 1
659 1190 1
658 1174 1
655 1156 1
652 1141 1
651 1131 1
651 1123 1
651 1116 1
651 1113 1
651 1109 1
651 1106 1
651 1103 1
652 1101 1
652 1099 1
652 1096 1
655 1092 1
656 1088 1
659 1081 1
662 1073 1
664 1065 1
668 1055 1
671 1045 1
675 1031 1
678 1016 1
682 1000 1
686 984 1
691 966 1
696 948 1
700 930 1
703 913 1
706 899 1
709 886 1
710 873 1
713 861 1
716 851 1
717 839 1
719 831 1
720 822 1
721 812 1
723 803 1
724 791 1
725 780 1
727 769 1
726 757 1
726 747 1
724 735 1
722 722 1
719 709 1
717 697 1
714 685 1
710 674 1
708 665 1
705 656 1
701 649 1
697 644 1
695 639 1
692 636 1
691 634 1
689 632 1
689 632 1
687 630 1
687 630 1
687 630 1
687 630 1
687 632 1
685 633 1
685 636 1
683 639 1
682 642 1
682 647 1
682 652 1
683 661 1
683 670 1
683 682 1
684 696 1
684 711 1
683 727 1
684 746 1
684 763 1
684 778 1
684 792 1
684 804 1
684 812 1
684 819 1
684 826 1
684 833 1
684 839 1
684 848 1
684 858 1
684 869 1
684 881 1
684 891 1
683 902 1
681 912 1
679 922 1
678 933 1
676 944 1
677 956 1
677 968 1
677 980 1
679 994 1
682 1009 1
685 1025 1
688 1041 1
689 1061 1
691 1081 1
692 1099 1
693 1117 1
695 1132 1
696 1145 1
700 1158 1
706 1170 1
711 1180 1
716 1190 1
717 1198 1
718 1204 1
720 1210 1
722 1215 1
723 1220 1
725 1224 1
726 1228 1
726 1231 1
728 1234 1
730 1235 1
732 1238 1
735 1240 1
738 1241 1
741 1242 1
745 1242 1
749 1242 1
751 1240 1
754 1238 1
756 1234 1
757 1229 1
759 1221 1
760 1208 1
760 1192 1
760 1172 1
760 1150 1
760 1130 1
761 1110 1
762 1090 1
763 1069 1
765 1049 1
767 1031 1
770 1012 1
772 995 1
772 982 1
772 971 1
772 960 1
772 952 1
772 945 1
772 938 1
773 931 1
775 923 1
778 914 1
782 903 1
786 891 1
792 876 1
796 862 1
800 848 1
804 837 1
805 826 1
808 816 1
809 804 1
810 793 1
812 782 1
815 774 1
816 765 1
819 757 1
822 751 1
823 745 1
825 739 1
826 732 1
827 724 1
827 718 1
827 708 1
827 696 1
828 684 1
830 668 1
833 653 1
833 636 1
832 621 1
829 607 1
828 590 1
826 577 1
823 564 1
819 554 1
814 542 1
809 530 1
805 523 1
802 515 1
800 511 1
799 507 1
798 506 1
796 503 1
795 504 1
794 502 1
791 502 1
789 502 1
786 502 1
782 503 1
780 503 1
777 504 1
774 506 1
772 507 1
769 508 1
766 511 1
763 515 1
760 521 1
756 527 1
752 536 1
748 546 1
746 555 1
746 566 1
746 576 1
746 585 1
746 595 1
746 604 1
746 612 1
746 624 1
746 636 1
746 651 1
746 663 1
747 675 1
747 684 1
748 692 1
749 699 1
749 704 1
749 708 1
749 712 1
749 715 1
749 718 1
750 722 1
751 729 1
751 735 1
753 743 1
755 755 1
757 766 1
760 781 1
765 796 1
770 810 1
775 823 1
780 836 1
786 847 1
790 859 1
795 870 1
798 879 1
800 887 1
802 894 1
805 902 1
805 909 1
805 918 1
805 927 1
805 935 1
805 942 1
805 948 1
806 954 1
807 959 1
811 966 1
814 974 1
817 981 1
820 991 1
822 999 1
823 1009 1
824 1017 1
825 1024 1
827 1032 1
828 1040 1
828 1045 1
830 1051 1
831 1055 1
832 1058 1
833 1061 1
834 1062 1
835 1064 1
836 1067 1
837 1068 1
838 1072 1
840 1076 1
843 1080 1
845 1087 1
849 1092 1
852 1099 1
855 1106 1
859 1113 1
862 1119 1
866 1124 1
869 1128 1
871 1132 1
872 1135 1
874 1137 1
875 1139 1
876 1140 1
879 1142 1
881 1144 1
885 1146 1
889 1147 1
892 1148 1
895 1149 1
899 1149 1
902 1148 1
905 1148 1
907 1146 1
909 1146 1
911 1143 1
912 1142 1
913 1138 1
915 1133 1
915 1128 1
915 1121 1
913 1113 1
912 1106 1
910 1094 1
907 1082 1
905 1069 1
902 1053 1
900 1041 1
899 1029 1
898 1016 1
896 1004 1
897 996 1
897 986 1
897 978 1
898 970 1
899 963 1
901 955 1
902 947 1
903 938 1
903 929 1
903 920 1
904 912 1
902 904 1
904 895 1
904 886 1
904 877 1
904 866 1
905 858 1
907 850 1
908 845 1
910 839 1
912 835 1
913 830 1
916 825 1
918 820 1
921 813 1
925 805 1
929 797 1
933 787 1
936 777 1
939 770 1
939 762 1
941 755 1
942 749 1
942 740 1
944 731 1
944 722 1
944 713 1
945 703 1
945 695 1
945 687 1
945 680 1
944 672 1
944 665 1
942 659 1
940 648 1
936 637 1
931 625 1
925 615 1
919 607 1
915 602 1
913 599 1
911 597 1
910 596 1
910 596 1
910 596 1
910 596 1
910 596 1
910 598 1
908 601 1
903 607 1
899 615 1
895 622 1
892 630 1
889 636 1
887 643 1
885 649 1
883 656 1
882 662 1
881 670 1
879 678 1
878 686 1
878 694 1
878 703 1
878 711 1
877 721 1
878 728 1
879 736 1
880 742 1
881 748 1
882 752 1
884 758 1
885 763 1
888 771 1
891 780 1
895 791 1
901 801 1
906 810 1
913 820 1
917 828 1
921 838 1
925 850 1
929 865 1
933 881 1
939 895 1
944 908 1
948 917 1
954 926 1
959 935 1
965 944 1
972 955 1
977 965 1
983 979 1
986 994 1
989 1012 1
990 1032 1
989 1053 1
986 1074 1
985 1094 1
986 1112 1
989 1129 1
991 1145 1
994 1161 1
998 1176 1
1002 1193 1
1006 1211 1
1008 1220 1
1007 1213 0
