693 642 1
693 642 1
693 642 1
693 642 1
693 642 1
693 642 1
693 642 1
691 642 1
688 644 1
682 648 1
673 654 1
660 663 1
642 677 1
623 691 1
605 704 1
588 716 1
572 726 1
549 744 1
533 759 1
520 771 1
507 784 1
493 797 1
478 813 1
463 831 1
447 849 1
429 871 1
410 894 1
389 918 1
369 942 1
348 966 1
332 987 1
315 1008 1
298 1029 1
283 1051 1
265 1077 1
250 1102 1
236 1127 1
225 1151 1
212 1176 1
203 1197 1
193 1219 1
184 1243 1
178 1266 1
172 1292 1
166 1318 1
163 1345 1
161 1373 1
160 1401 1
162 1432 1
167 1460 1
175 1490 1
185 1519 1
194 1543 1
203 1563 1
213 1579 1
223 1593 1
233 1605 1
243 1616 1
255 1626 1
268 1636 1
282 1645 1
299 1656 1
316 1665 1
336 1673 1
360 1679 1
386 1681 1
416 1679 1
449 1675 1
479 1667 1
504 1659 1
527 1650 1
548 1639 1
573 1625 1
598 1608 1
624 1588 1
648 1567 1
669 1545 1
688 1524 1
704 1506 1
720 1487 1
732 1472 1
743 1456 1
753 1439 1
759 1421 1
765 1404 1
768 1385 1
773 1365 1
777 1344 1
781 1322 1
785 1301 1
789 1282 1
795 1258 1
800 1236 1
806 1211 1
813 1187 1
819 1162 1
828 1132 1
836 1107 1
845 1079 1
855 1052 1
865 1021 1
875 990 1
885 957 1
894 923 1
902 889 1
909 859 1
916 823 1
923 785 1
926 748 1
930 712 1
934 680 1
936 650 1
938 623 1
939 597 1
940 571 1
941 545 1
941 518 1
941 490 1
941 465 1
937 442 1
931 422 1
927 407 1
921 392 1
916 380 1
908 369 1
903 360 1
896 354 1
890 349 1
886 348 1
880 347 1
875 348 1
868 349 1
860 352 1
850 354 1
838 361 1
826 367 1
811 376 1
797 386 1
783 396 1
768 406 1
756 415 1
744 424 1
733 432 1
722 440 1
709 452 1
696 465 1
683 479 1
668 494 1
653 511 1
639 528 1
623 545 1
608 563 1
593 579 1
579 594 1
567 610 1
554 627 1
541 644 1
529 662 1
517 680 1
506 698 1
495 714 1
485 730 1
475 746 1
464 760 1
456 775 1
447 788 1
441 798 1
435 808 1
431 815 1
426 822 1
423 828 1
419 834 1
415 839 1
411 846 1
406 853 1
398 866 1
388 879 1
375 896 1
362 911 1
348 928 1
335 944 1
321 960 1
309 973 1
298 985 1
288 996 1
278 1008 1
270 1019 1
259 1034 1
248 1046 1
238 1059 1
230 1070 1
220 1084 1
210 1099 1
200 1115 1
192 1131 1
184 1149 1
176 1166 1
169 1182 1
163 1196 1
158 1211 1
154 1226 1
150 1243 1
146 1261 1
142 1282 1
136 1304 1
132 1328 1
128 1353 1
123 1375 1
118 1396 1
114 1414 1
111 1429 1
107 1442 1
105 1454 1
103 1462 1
101 1471 1
100 1479 1
100 1488 1
100 1505 1
101 1521 1
104 1541 1
109 1563 1
114 1584 1
121 1605 1
129 1624 1
139 1642 1
151 1660 1
165 1675 1
180 1688 1
197 1699 1
216 1707 1
236 1713 1
258 1718 1
282 1719 1
305 1720 1
331 1718 1
358 1713 1
385 1706 1
412 1694 1
437 1682 1
462 1667 1
487 1650 1
510 1632 1
538 1608 1
562 1581 1
585 1552 1
605 1522 1
623 1494 1
639 1467 1
654 1441 1
670 1411 1
685 1379 1
698 1349 1
712 1316 1
723 1288 1
736 1258 1
750 1227 1
764 1196 1
777 1164 1
792 1133 1
806 1104 1
819 1077 1
831 1047 1
843 1011 1
857 972 1
869 929 1
882 891 1
893 858 1
903 830 1
914 805 1
925 778 1
936 750 1
947 725 1
957 700 1
965 678 1
972 661 1
977 642 1
983 622 1
987 600 1
992 575 1
996 551 1
1001 521 1
1004 496 1
1007 477 1
1009 462 1
1010 452 1
1011 443 1
1012 436 1
1012 427 1
1010 417 1
1006 404 1
998 389 1
989 375 1
976 364 1
962 355 1
949 350 1
934 346 1
921 346 1
905 347 1
888 353 1
869 362 1
851 375 1
831 390 1
813 405 1
796 423 1
781 438 1
765 456 1
750 473 1
735 488 1
720 506 1
704 522 1
687 541 1
669 561 1
649 583 1
629 604 1
611 623 1
596 641 1
581 657 1
567 673 1
555 688 1
545 703 1
535 717 1
525 735 1
516 751 1
507 770 1
496 790 1
483 810 1
470 832 1
457 854 1
440 881 1
425 907 1
409 932 1
392 958 1
377 981 1
362 1004 1
346 1028 1
330 1052 1
316 1075 1
301 1099 1
286 1123 1
271 1145 1
256 1166 1
240 1190 1
226 1213 1
209 1239 1
193 1264 1
178 1289 1
163 1316 1
148 1343 1
133 1370 1
120 1394 1
107 1418 1
99 1438 1
92 1456 1
87 1475 1
83 1497 1
78 1518 1
77 1542 1
77 1567 1
77 1589 1
80 1614 1
82 1635 1
86 1657 1
90 1676 1
96 1693 1
102 1709 1
109 1723 1
117 1733 1
126 1742 1
139 1750 1
154 1757 1
173 1762 1
197 1766 1
221 1769 1
246 1767 1
273 1762 1
296 1754 1
322 1743 1
345 1731 1
369 1715 1
394 1694 1
418 1672 1
441 1644 1
464 1616 1
487 1589 1
509 1562 1
530 1535 1
550 1510 1
569 1488 1
585 1469 1
601 1444 1
618 1419 1
637 1390 1
656 1360 1
677 1327 1
698 1293 1
719 1259 1
738 1224 1
757 1190 1
778 1149 1
798 1109 1
815 1071 1
827 1044 1
837 1022 1
846 1000 1
853 979 1
860 957 1
868 936 1
875 915 1
882 894 1
890 875 1
898 857 1
909 834 1
922 810 1
935 784 1
947 760 1
960 735 1
970 711 1
980 687 1
986 664 1
991 638 1
995 618 1
995 598 1
992 583 1
988 570 1
984 559 1
979 546 1
977 535 1
974 522 1
971 510 1
969 498 1
968 488 1
969 481 1
967 471 1
968 460 1
967 451 1
965 441 1
964 435 1
961 428 1
958 422 1
953 416 1
947 410 1
938 405 1
929 400 1
916 398 1
901 397 1
883 399 1
866 403 1
848 410 1
830 418 1
811 431 1
788 446 1
769 463 1
749 483 1
733 502 1
714 524 1
694 548 1
674 570 1
651 596 1
634 616 1
616 635 1
600 653 1
584 670 1
568 689 1
553 707 1
535 729 1
517 752 1
502 776 1
484 801 1
470 824 1
457 848 1
446 871 1
435 896 1
422 921 1
411 946 1
400 967 1
386 995 1
372 1023 1
356 1054 1
341 1082 1
327 1106 1
312 1127 1
297 1148 1
283 1164 1
268 1182 1
254 1196 1
240 1214 1
228 1232 1
215 1253 1
204 1276 1
193 1299 1
183 1321 1
173 1345 1
164 1368 1
155 1391 1
147 1415 1
137 1439 1
129 1464 1
122 1488 1
116 1512 1
111 1538 1
108 1563 1
105 1585 1
105 1608 1
105 1633 1
108 1658 1
111 1683 1
117 1706 1
123 1725 1
130 1741 1
139 1755 1
148 1763 1
160 1770 1
176 1776 1
192 1779 1
210 1779 1
231 1772 1
253 1761 1
275 1744 1
298 1724 1
324 1700 1
344 1674 1
366 1647 1
389 1616 1
411 1584 1
431 1553 1
456 1517 1
478 1488 1
503 1454 1
527 1420 1
553 1387 1
581 1351 1
606 1318 1
635 1279 1
661 1241 1
687 1201 1
716 1160 1
744 1121 1
768 1090 1
793 1062 1
814 1040 1
833 1021 1
850 1002 1
865 985 1
879 968 1
892 948 1
906 925 1
918 901 1
928 879 1
940 853 1
949 829 1
957 805 1
963 784 1
967 764 1
970 743 1
973 722 1
973 698 1
975 676 1
976 655 1
978 635 1
979 614 1
980 590 1
983 566 1
985 540 1
987 518 1
990 496 1
989 479 1
990 461 1
989 444 1
986 429 1
984 416 1
980 407 1
977 400 1
972 396 1
968 392 1
959 389 1
950 387 1
936 387 1
918 386 1
898 388 1
875 390 1
852 394 1
832 400 1
815 408 1
795 417 1
777 428 1
755 447 1
731 469 1
705 497 1
681 526 1
655 556 1
628 588 1
603 617 1
581 643 1
560 668 1
541 693 1
522 718 1
504 742 1
489 764 1
473 791 1
457 817 1
443 842 1
429 867 1
411 894 1
395 917 1
379 939 1
366 958 1
350 978 1
339 995 1
322 1019 1
306 1041 1
287 1071 1
267 1099 1
252 1126 1
236 1152 1
223 1175 1
212 1196 1
201 1217 1
191 1238 1
180 1261 1
169 1285 1
159 1312 1
149 1339 1
139 1367 1
130 1395 1
120 1423 1
110 1452 1
102 1479 1
95 1510 1
91 1534 1
89 1561 1
90 1583 1
94 1604 1
98 1620 1
107 1637 1
117 1654 1
129 1671 1
147 1688 1
163 1701 1
182 1712 1
204 1721 1
224 1726 1
244 1728 1
263 1729 1
284 1726 1
300 1722 1
319 1717 1
336 1707 1
354 1695 1
374 1680 1
393 1663 1
416 1644 1
439 1624 1
464 1604 1
492 1582 1
520 1559 1
549 1536 1
579 1510 1
609 1484 1
636 1460 1
664 1433 1
693 1405 1
722 1371 1
749 1339 1
771 1312 1
794 1283 1
816 1257 1
837 1229 1
857 1199 1
872 1175 1
888 1140 1
901 1106 1
909 1076 1
916 1046 1
919 1017 1
921 990 1
922 967 1
922 944 1
923 921 1
923 895 1
924 870 1
925 846 1
925 822 1
926 798 1
927 774 1
930 749 1
933 721 1
936 694 1
940 666 1
946 641 1
950 614 1
954 582 1
956 549 1
958 513 1
959 478 1
957 449 1
955 426 1
953 410 1
950 396 1
948 386 1
946 377 1
943 365 1
938 355 1
932 346 1
924 333 1
913 320 1
900 307 1
884 295 1
867 284 1
850 277 1
832 272 1
813 270 1
791 273 1
768 277 1
745 283 1
722 290 1
697 298 1
673 306 1
650 314 1
625 323 1
599 333 1
572 342 1
544 354 1
517 366 1
492 382 1
469 401 1
446 424 1
426 452 1
406 484 1
388 520 1
370 557 1
355 592 1
341 626 1
328 656 1
313 690 1
300 717 1
288 744 1
277 771 1
266 795 1
253 819 1
242 843 1
233 865 1
223 889 1
213 916 1
204 942 1
196 967 1
188 996 1
180 1022 1
170 1055 1
163 1087 1
156 1123 1
151 1159 1
146 1198 1
141 1236 1
137 1274 1
131 1312 1
126 1350 1
122 1384 1
121 1416 1
119 1444 1
120 1473 1
122 1503 1
124 1534 1
130 1566 1
137 1600 1
146 1627 1
160 1661 1
172 1688 1
188 1713 1
205 1736 1
221 1751 1
240 1764 1
261 1772 1
287 1775 1
314 1773 1
341 1761 1
369 1744 1
401 1719 1
431 1691 1
460 1662 1
492 1627 1
528 1586 1
564 1544 1
599 1500 1
629 1461 1
655 1426 1
681 1386 1
705 1350 1
728 1311 1
751 1274 1
772 1238 1
792 1200 1
809 1165 1
827 1124 1
842 1085 1
856 1051 1
870 1012 1
882 977 1
892 942 1
898 911 1
902 881 1
903 855 1
905 826 1
905 795 1
906 758 1
906 722 1
906 684 1
906 649 1
906 623 1
907 596 1
907 576 1
907 552 1
906 529 1
905 503 1
901 481 1
897 461 1
889 443 1
881 427 1
872 414 1
864 404 1
855 393 1
847 387 1
836 382 1
824 377 1
811 374 1
796 371 1
779 371 1
760 373 1
740 379 1
714 388 1
688 399 1
662 414 1
636 428 1
613 445 1
585 464 1
556 485 1
528 509 1
502 532 1
479 555 1
460 576 1
444 596 1
432 614 1
420 631 1
410 646 1
401 664 1
394 681 1
388 698 1
384 713 1
380 729 1
377 744 1
373 759 1
368 777 1
359 799 1
347 822 1
335 847 1
321 875 1
308 900 1
291 929 1
274 957 1
258 983 1
243 1009 1
226 1036 1
208 1067 1
190 1098 1
173 1127 1
159 1154 1
145 1179 1
134 1203 1
125 1224 1
115 1248 1
109 1272 1
104 1294 1
100 1318 1
96 1343 1
93 1372 1
92 1401 1
90 1430 1
90 1458 1
88 1487 1
89 1518 1
87 1547 1
87 1573 1
86 1597 1
86 1617 1
86 1633 1
87 1646 1
89 1660 1
92 1673 1
96 1685 1
103 1696 1
111 1707 1
119 1718 1
132 1730 1
145 1740 1
161 1749 1
181 1754 1
202 1760 1
226 1761 1
251 1760 1
276 1756 1
301 1747 1
324 1738 1
347 1727 1
369 1715 1
394 1699 1
419 1680 1
443 1662 1
467 1641 1
490 1619 1
509 1599 1
529 1572 1
548 1542 1
567 1510 1
584 1479 1
598 1451 1
610 1424 1
622 1400 1
633 1377 1
644 1356 1
657 1337 1
671 1318 1
685 1298 1
701 1277 1
718 1256 1
737 1233 1
755 1209 1
775 1186 1
792 1164 1
812 1140 1
829 1117 1
849 1094 1
867 1071 1
883 1048 1
897 1024 1
910 1000 1
922 975 1
933 950 1
942 925 1
951 899 1
959 873 1
964 844 1
968 813 1
969 785 1
968 755 1
967 727 1
964 702 1
961 679 1
958 654 1
954 628 1
950 602 1
946 571 1
942 543 1
938 518 1
934 496 1
932 481 1
928 469 1
925 457 1
920 448 1
915 439 1
907 431 1
895 419 1
883 411 1
868 403 1
852 397 1
832 393 1
808 393 1
783 396 1
756 403 1
730 413 1
700 428 1
672 447 1
646 469 1
623 491 1
599 521 1
580 546 1
562 572 1
547 596 1
533 619 1
522 638 1
511 658 1
502 673 1
492 688 1
482 704 1
470 717 1
457 732 1
446 744 1
434 756 1
423 766 1
414 777 1
403 788 1
393 802 1
384 817 1
373 834 1
362 854 1
349 877 1
337 904 1
322 935 1
308 967 1
296 997 1
285 1026 1
276 1053 1
266 1080 1
255 1106 1
247 1131 1
239 1157 1
234 1180 1
227 1199 1
222 1219 1
216 1242 1
210 1264 1
203 1286 1
196 1307 1
190 1324 1
182 1341 1
176 1354 1
168 1371 1
162 1385 1
158 1398 1
153 1411 1
149 1424 1
145 1438 1
141 1457 1
137 1479 1
134 1506 1
132 1533 1
132 1562 1
132 1590 1
134 1613 1
139 1634 1
144 1651 1
153 1671 1
167 1687 1
182 1703 1
200 1717 1
222 1732 1
246 1747 1
272 1756 1
298 1761 1
322 1762 1
356 1755 1
389 1745 1
422 1728 1
456 1706 1
491 1680 1
526 1650 1
558 1618 1
589 1586 1
620 1551 1
645 1519 1
667 1489 1
686 1459 1
700 1433 1
713 1404 1
725 1374 1
736 1343 1
747 1309 1
757 1277 1
767 1247 1
778 1224 1
788 1201 1
798 1183 1
811 1165 1
823 1148 1
835 1133 1
848 1117 1
862 1101 1
875 1082 1
888 1062 1
901 1039 1
915 1008 1
929 976 1
939 943 1
949 912 1
955 881 1
959 852 1
961 823 1
962 793 1
959 760 1
957 728 1
951 689 1
945 656 1
941 625 1
938 596 1
937 569 1
938 541 1
940 514 1
943 491 1
946 469 1
947 452 1
949 437 1
951 423 1
952 411 1
950 400 1
949 387 1
942 374 1
933 360 1
920 345 1
898 325 1
878 309 1
854 295 1
832 284 1
810 277 1
788 271 1
766 269 1
747 269 1
727 269 1
713 271 1
698 273 1
685 277 1
674 283 1
660 292 1
644 306 1
625 324 1
603 349 1
579 378 1
557 407 1
538 436 1
520 464 1
504 489 1
491 508 1
477 528 1
465 544 1
453 560 1
441 578 1
428 597 1
414 616 1
402 636 1
390 658 1
377 681 1
367 704 1
358 726 1
350 746 1
342 766 1
335 787 1
329 805 1
320 824 1
313 840 1
305 857 1
297 874 1
286 891 1
275 912 1
264 931 1
253 952 1
244 973 1
236 991 1
228 1014 1
221 1035 1
215 1058 1
209 1082 1
205 1105 1
201 1127 1
197 1148 1
193 1170 1
189 1190 1
185 1209 1
181 1228 1
175 1246 1
171 1263 1
166 1282 1
162 1303 1
159 1325 1
156 1345 1
154 1367 1
152 1387 1
153 1406 1
152 1423 1
152 1439 1
150 1452 1
148 1464 1
146 1477 1
143 1495 1
140 1515 1
137 1535 1
135 1556 1
134 1578 1
135 1597 1
138 1617 1
142 1633 1
151 1652 1
161 1668 1
175 1683 1
192 1697 1
212 1709 1
235 1721 1
259 1731 1
284 1737 1
308 1740 1
333 1741 1
360 1737 1
388 1732 1
417 1723 1
449 1709 1
479 1692 1
510 1671 1
543 1645 1
576 1613 1
610 1576 1
643 1536 1
673 1492 1
699 1454 1
724 1415 1
748 1379 1
772 1343 1
793 1307 1
813 1273 1
831 1240 1
848 1208 1
863 1175 1
878 1142 1
889 1111 1
899 1083 1
907 1058 1
914 1036 1
920 1015 1
926 992 1
931 969 1
936 945 1
938 921 1
942 894 1
945 866 1
949 835 1
952 805 1
953 777 1
954 750 1
956 725 1
956 701 1
954 681 1
953 663 1
953 643 1
951 625 1
951 604 1
951 583 1
949 565 1
947 545 1
942 525 1
935 502 1
928 481 1
918 460 1
907 442 1
894 424 1
876 408 1
861 394 1
845 382 1
833 374 1
823 369 1
815 364 1
809 359 1
804 357 1
802 356 1
799 354 1
799 353 1
798 353 1
798 353 1
793 351 1
786 349 1
772 347 1
749 345 1
722 345 1
692 348 1
662 355 1
630 362 1
604 372 1
583 382 1
562 395 1
542 410 1
526 427 1
510 448 1
496 470 1
483 492 1
473 513 1
463 533 1
455 554 1
448 576 1
441 597 1
434 619 1
427 640 1
419 662 1
409 683 1
400 704 1
389 728 1
379 750 1
370 768 1
362 786 1
353 803 1
343 820 1
332 836 1
323 854 1
313 874 1
302 897 1
291 920 1
276 945 1
263 967 1
249 989 1
238 1009 1
230 1027 1
223 1043 1
216 1062 1
208 1078 1
201 1096 1
196 1115 1
192 1135 1
190 1157 1
187 1183 1
185 1213 1
181 1243 1
177 1272 1
171 1301 1
162 1328 1
154 1348 1
146 1367 1
137 1383 1
131 1396 1
124 1405 1
117 1415 1
112 1427 1
108 1438 1
104 1450 1
101 1466 1
98 1486 1
97 1507 1
98 1530 1
99 1552 1
103 1575 1
107 1593 1
112 1606 1
116 1616 1
124 1624 1
132 1631 1
144 1636 1
160 1642 1
178 1647 1
197 1653 1
221 1659 1
240 1664 1
266 1672 1
289 1678 1
312 1687 1
334 1692 1
357 1696 1
381 1699 1
406 1701 1
432 1701 1
461 1696 1
487 1689 1
514 1678 1
540 1666 1
562 1654 1
588 1633 1
611 1613 1
638 1581 1
662 1550 1
689 1515 1
715 1477 1
739 1440 1
761 1402 1
784 1359 1
805 1314 1
822 1270 1
838 1224 1
850 1179 1
862 1132 1
872 1097 1
882 1064 1
890 1038 1
897 1012 1
902 986 1
908 962 1
911 931 1
916 903 1
919 873 1
923 843 1
927 811 1
932 780 1
937 750 1
943 722 1
949 696 1
956 669 1
962 644 1
969 619 1
973 598 1
977 577 1
981 558 1
987 535 1
991 514 1
995 496 1
997 477 1
999 463 1
999 447 1
997 433 1
995 421 1
992 410 1
987 397 1
979 382 1
969 369 1
959 358 1
948 347 1
938 338 1
927 329 1
915 321 1
902 314 1
886 309 1
867 305 1
840 303 1
814 303 1
781 307 1
747 314 1
714 325 1
686 340 1
660 357 1
640 373 1
622 389 1
607 406 1
593 423 1
581 440 1
569 460 1
555 482 1
540 504 1
526 525 1
510 547 1
493 567 1
474 589 1
457 608 1
440 630 1
423 652 1
408 674 1
394 699 1
380 725 1
370 752 1
359 782 1
347 815 1
337 850 1
328 883 1
320 918 1
310 951 1
299 983 1
287 1008 1
274 1031 1
262 1052 1
249 1073 1
238 1092 1
226 1110 1
215 1130 1
206 1150 1
194 1174 1
184 1198 1
174 1222 1
165 1247 1
157 1269 1
149 1296 1
140 1321 1
130 1348 1
120 1375 1
110 1399 1
102 1420 1
95 1439 1
90 1458 1
85 1481 1
82 1504 1
80 1530 1
80 1555 1
82 1578 1
86 1602 1
92 1622 1
101 1645 1
111 1667 1
122 1688 1
131 1704 1
141 1721 1
153 1735 1
166 1748 1
182 1759 1
202 1767 1
225 1773 1
251 1777 1
278 1779 1
308 1777 1
339 1769 1
369 1757 1
400 1741 1
432 1722 1
460 1698 1
490 1667 1
518 1633 1
547 1597 1
574 1559 1
600 1521 1
623 1488 1
647 1455 1
666 1425 1
686 1393 1
703 1362 1
720 1323 1
739 1282 1
756 1243 1
774 1201 1
793 1162 1
811 1116 1
831 1068 1
849 1017 1
864 970 1
876 929 1
885 899 1
892 869 1
898 841 1
906 812 1
913 781 1
920 749 1
928 718 1
935 691 1
940 666 1
946 646 1
951 628 1
955 611 1
957 594 1
960 577 1
961 561 1
962 547 1
960 531 1
958 513 1
955 494 1
949 470 1
942 448 1
935 426 1
927 408 1
918 392 1
906 376 1
895 363 1
883 353 1
871 347 1
859 344 1
845 344 1
830 346 1
814 350 1
795 358 1
775 368 1
757 382 1
736 399 1
714 419 1
692 440 1
672 459 1
654 476 1
635 491 1
619 501 1
602 509 1
585 518 1
570 526 1
550 536 1
532 548 1
512 567 1
490 588 1
466 613 1
445 643 1
425 672 1
411 700 1
397 728 1
386 753 1
377 779 1
368 803 1
360 825 1
351 848 1
343 871 1
333 898 1
324 927 1
315 960 1
306 992 1
299 1025 1
292 1055 1
285 1088 1
278 1117 1
266 1155 1
254 1189 1
240 1222 1
224 1254 1
210 1283 1
193 1310 1
180 1332 1
168 1351 1
156 1370 1
146 1387 1
138 1402 1
131 1417 1
126 1432 1
121 1446 1
119 1464 1
117 1482 1
115 1502 1
116 1522 1
118 1543 1
122 1563 1
127 1584 1
134 1601 1
140 1618 1
149 1636 1
157 1651 1
168 1665 1
179 1676 1
192 1686 1
207 1695 1
224 1700 1
246 1706 1
269 1710 1
297 1711 1
325 1710 1
354 1708 1
384 1700 1
416 1691 1
445 1682 1
478 1668 1
506 1657 1
536 1641 1
569 1621 1
600 1601 1
632 1572 1
663 1542 1
693 1507 1
718 1473 1
742 1435 1
762 1396 1
781 1356 1
797 1312 1
812 1267 1
825 1217 1
835 1168 1
842 1124 1
847 1083 1
852 1049 1
854 1016 1
859 986 1
865 956 1
871 928 1
878 901 1
889 871 1
899 849 1
909 826 1
921 802 1
932 778 1
944 757 1
956 733 1
967 710 1
978 684 1
988 658 1
996 632 1
1003 606 1
1010 583 1
1014 566 1
1017 550 1
1018 538 1
1019 526 1
1018 513 1
1015 499 1
1010 483 1
1000 465 1
982 441 1
964 419 1
943 399 1
923 381 1
905 367 1
886 357 1
867 348 1
848 344 1
829 341 1
807 342 1
781 348 1
756 356 1
728 372 1
699 393 1
673 413 1
649 438 1
626 462 1
608 486 1
591 511 1
576 537 1
559 568 1
542 598 1
524 631 1
504 665 1
484 693 1
464 719 1
446 744 1
427 767 1
409 790 1
391 815 1
374 839 1
359 863 1
346 886 1
336 912 1
327 939 1
319 973 1
314 1004 1
310 1033 1
305 1060 1
300 1085 1
293 1107 1
286 1128 1
276 1148 1
262 1171 1
248 1192 1
233 1214 1
219 1236 1
210 1255 1
197 1278 1
189 1300 1
181 1328 1
176 1356 1
173 1386 1
173 1415 1
173 1443 1
176 1472 1
179 1498 1
183 1523 1
189 1544 1
193 1563 1
201 1582 1
209 1600 1
219 1615 1
231 1628 1
242 1640 1
254 1650 1
268 1660 1
283 1671 1
300 1680 1
320 1688 1
342 1694 1
364 1697 1
390 1695 1
416 1690 1
439 1682 1
462 1671 1
481 1661 1
498 1648 1
517 1632 1
539 1613 1
560 1591 1
581 1566 1
603 1539 1
623 1512 1
642 1486 1
662 1460 1
680 1434 1
700 1404 1
720 1371 1
739 1335 1
758 1295 1
774 1255 1
791 1212 1
805 1164 1
818 1121 1
830 1078 1
843 1037 1
857 993 1
871 953 1
884 916 1
894 881 1
903 848 1
911 813 1
919 777 1
926 742 1
934 707 1
942 674 1
951 642 1
964 595 1
969 576 1
972 559 1
975 543 1
977 527 1
977 512 1
977 495 1
974 476 1
972 458 1
964 432 1
958 411 1
948 389 1
935 368 1
918 345 1
895 321 1
873 301 1
852 287 1
831 277 1
812 270 1
794 269 1
778 270 1
762 273 1
746 280 1
729 291 1
708 310 1
686 332 1
663 357 1
640 385 1
620 409 1
600 434 1
580 459 1
560 487 1
538 518 1
517 551 1
494 586 1
473 621 1
452 657 1
432 693 1
413 729 1
393 765 1
374 799 1
354 832 1
339 855 1
323 877 1
308 896 1
293 915 1
276 934 1
262 954 1
248 975 1
235 999 1
223 1027 1
214 1054 1
206 1085 1
200 1117 1
194 1153 1
190 1187 1
183 1248 1
181 1278 1
181 1307 1
181 1336 1
184 1364 1
189 1389 1
194 1414 1
201 1439 1
207 1464 1
214 1493 1
221 1523 1
227 1555 1
232 1585 1
237 1612 1
242 1638 1
246 1659 1
248 1676 1
250 1688 1
253 1697 1
260 1707 1
260 1707 0
