620 917 1
620 917 1
620 917 1
620 917 1
620 917 1
620 917 1
620 917 1
620 917 1
620 917 1
620 917 1
620 917 1
618 915 1
618 915 1
617 915 1
615 913 1
612 912 1
610 911 1
607 908 1
604 906 1
601 904 1
599 902 1
598 900 1
595 897 1
595 895 1
595 893 1
595 891 1
595 889 1
596 887 1
598 885 1
601 882 1
602 881 1
604 880 1
606 878 1
608 878 1
609 878 1
611 878 1
613 877 1
615 878 1
616 878 1
617 878 1
619 881 1
621 884 1
623 891 1
624 897 1
624 903 1
622 907 1
622 911 1
622 915 1
620 917 1
620 919 1
618 922 1
619 923 1
616 925 1
615 926 1
614 927 1
612 929 1
611 930 1
609 931 1
607 932 1
605 933 1
602 933 1
600 933 1
597 933 1
594 931 1
591 930 1
587 928 1
585 926 1
582 924 1
579 920 1
577 917 1
574 913 1
573 911 1
573 908 1
571 905 1
572 902 1
572 898 1
572 896 1
572 890 1
573 885 1
574 879 1
576 871 1
578 862 1
583 853 1
588 844 1
594 835 1
601 826 1
608 817 1
616 806 1
624 796 1
631 788 1
637 780 1
643 773 1
648 768 1
654 763 1
658 759 1
662 756 1
665 753 1
667 752 1
669 750 1
670 749 1
670 749 1
672 748 1
672 748 1
673 747 1
674 748 1
674 747 1
675 747 1
676 747 1
676 747 1
677 746 1
677 746 1
678 746 1
678 746 1
678 746 1
678 746 1
678 746 1
678 746 1
678 746 1
678 746 1
678 746 1
678 746 1
678 746 1
678 746 1
678 746 1
678 746 1
678 746 1
678 746 1
678 746 1
678 746 1
678 746 1
678 746 1
678 746 1
678 746 1
678 746 1
678 746 1
678 746 1
678 746 1
678 746 1
678 746 1
678 746 1
678 746 1
678 746 1
678 746 1
678 746 1
678 746 1
678 746 1
678 746 1
678 746 1
678 746 1
678 746 1
678 746 1
678 747 1
678 748 1
679 750 1
680 752 1
681 757 1
682 761 1
683 764 1
684 768 1
684 772 1
685 775 1
686 778 1
687 781 1
687 783 1
688 786 1
689 789 1
690 792 1
690 795 1
690 798 1
691 801 1
691 805 1
692 809 1
692 813 1
693 817 1
693 821 1
693 826 1
693 830 1
693 836 1
691 841 1
691 847 1
688 853 1
687 861 1
684 868 1
682 875 1
679 883 1
677 890 1
674 896 1
671 901 1
669 907 1
666 912 1
664 916 1
661 920 1
658 924 1
654 929 1
651 933 1
647 937 1
644 941 1
639 945 1
632 951 1
625 956 1
618 960 1
611 963 1
602 965 1
595 966 1
584 965 1
573 962 1
566 958 1
556 953 1
548 944 1
538 933 1
530 918 1
523 898 1
519 876 1
517 854 1
520 829 1
522 810 1
528 792 1
533 777 1
539 763 1
545 752 1
552 741 1
558 731 1
564 720 1
571 711 1
577 702 1
581 697 1
587 692 1
591 688 1
595 686 1
599 683 1
602 681 1
604 680 1
607 678 1
609 679 1
611 678 1
615 676 1
618 676 1
623 676 1
630 676 1
637 676 1
644 676 1
653 677 1
660 679 1
667 680 1
673 683 1
679 686 1
686 689 1
689 690 1
694 693 1
698 696 1
701 699 1
705 701 1
708 704 1
712 708 1
717 713 1
721 718 1
725 726 1
731 735 1
736 746 1
740 756 1
745 767 1
747 776 1
749 787 1
752 797 1
753 807 1
754 817 1
755 826 1
755 835 1
753 845 1
752 854 1
749 864 1
746 874 1
742 886 1
736 898 1
731 909 1
725 919 1
718 929 1
712 943 1
706 954 1
699 964 1
694 972 1
688 979 1
683 985 1
676 989 1
670 993 1
665 996 1
659 1000 1
655 1003 1
651 1004 1
647 1006 1
642 1007 1
638 1008 1
634 1009 1
629 1009 1
622 1009 1
614 1007 1
604 1005 1
593 1003 1
580 999 1
568 993 1
557 989 1
546 982 1
537 977 1
529 971 1
523 966 1
516 962 1
511 956 1
505 949 1
498 938 1
492 927 1
485 913 1
481 901 1
476 886 1
474 871 1
472 853 1
471 836 1
473 817 1
478 799 1
484 780 1
490 762 1
499 741 1
508 720 1
516 700 1
524 684 1
531 670 1
536 662 1
540 656 1
543 651 1
545 649 1
547 647 1
550 646 1
550 647 1
551 645 1
551 645 1
552 646 1
553 646 1
555 645 1
558 645 1
562 644 1
566 642 1
570 643 1
574 642 1
580 642 1
584 641 1
590 641 1
595 641 1
599 641 1
602 641 1
605 641 1
608 641 1
610 641 1
612 641 1
614 641 1
616 641 1
618 641 1
622 642 1
627 642 1
633 644 1
639 645 1
646 647 1
655 650 1
663 652 1
669 655 1
676 657 1
680 659 1
684 661 1
688 663 1
690 664 1
692 667 1
695 668 1
698 671 1
701 673 1
704 677 1
706 679 1
710 684 1
713 688 1
717 694 1
721 699 1
723 704 1
727 711 1
730 716 1
734 724 1
737 731 1
739 737 1
741 745 1
743 752 1
744 757 1
745 760 1
746 762 1
746 765 1
746 767 1
746 769 1
746 771 1
746 773 1
746 774 1
746 777 1
746 778 1
746 780 1
746 782 1
746 784 1
746 786 1
746 787 1
746 790 1
746 792 1
746 797 1
746 802 1
746 808 1
746 815 1
747 823 1
747 833 1
747 843 1
747 853 1
747 867 1
747 881 1
747 894 1
747 907 1
747 918 1
747 927 1
747 933 1
747 940 1
747 946 1
747 952 1
747 955 1
747 958 1
747 961 1
747 963 1
747 965 1
746 968 1
746 970 1
746 973 1
746 975 1
746 977 1
746 979 1
746 982 1
744 983 1
745 985 1
745 988 1
744 990 1
744 993 1
744 996 1
744 997 1
742 1000 1
743 1003 1
743 1005 1
741 1007 1
741 1009 1
741 1012 1
739 1016 1
737 1019 1
736 1023 1
734 1026 1
732 1029 1
730 1033 1
728 1035 1
726 1037 1
724 1040 1
722 1042 1
720 1044 1
717 1047 1
716 1048 1
714 1049 1
711 1051 1
708 1053 1
705 1055 1
703 1056 1
699 1056 1
695 1058 1
689 1059 1
683 1061 1
677 1061 1
671 1062 1
665 1063 1
660 1063 1
654 1063 1
647 1063 1
642 1062 1
635 1062 1
631 1062 1
625 1060 1
620 1060 1
614 1060 1
608 1058 1
599 1056 1
590 1054 1
579 1052 1
567 1049 1
554 1047 1
541 1044 1
529 1040 1
517 1038 1
507 1034 1
498 1031 1
491 1026 1
483 1021 1
476 1014 1
467 1004 1
460 994 1
453 984 1
448 976 1
444 967 1
440 958 1
437 949 1
435 941 1
433 934 1
432 929 1
432 926 1
432 922 1
432 920 1
432 918 1
432 915 1
432 912 1
430 908 1
431 903 1
429 894 1
427 885 1
426 874 1
424 860 1
423 846 1
423 833 1
423 819 1
423 806 1
424 792 1
426 779 1
428 770 1
431 761 1
432 754 1
434 746 1
437 738 1
439 728 1
442 716 1
444 708 1
448 699 1
450 692 1
452 687 1
454 681 1
456 678 1
458 672 1
461 665 1
463 658 1
466 652 1
471 645 1
474 638 1
477 632 1
481 627 1
483 621 1
486 618 1
488 614 1
490 611 1
492 609 1
493 607 1
495 605 1
496 604 1
498 602 1
500 600 1
502 598 1
506 596 1
509 593 1
514 590 1
520 587 1
526 584 1
531 582 1
537 580 1
542 578 1
547 576 1
553 575 1
560 573 1
567 574 1
574 574 1
581 574 1
588 575 1
596 576 1
604 578 1
610 579 1
619 582 1
626 585 1
634 588 1
642 592 1
650 596 1
657 600 1
663 605 1
670 611 1
676 615 1
682 621 1
688 625 1
693 630 1
697 636 1
703 639 1
710 645 1
715 649 1
721 654 1
726 658 1
732 662 1
737 666 1
743 671 1
747 675 1
752 680 1
755 684 1
758 687 1
760 690 1
762 694 1
765 697 1
766 701 1
768 705 1
770 709 1
771 714 1
774 722 1
776 732 1
778 742 1
781 754 1
783 764 1
785 774 1
787 785 1
789 796 1
791 809 1
792 819 1
794 829 1
795 839 1
795 847 1
796 855 1
796 863 1
796 870 1
796 877 1
796 883 1
797 890 1
798 897 1
801 903 1
802 910 1
806 917 1
811 924 1
816 933 1
821 941 1
825 949 1
828 956 1
831 963 1
833 967 1
835 970 1
836 974 1
836 976 1
837 979 1
837 980 1
837 984 1
837 986 1
836 991 1
834 997 1
832 1003 1
830 1012 1
826 1022 1
824 1032 1
820 1042 1
816 1051 1
811 1061 1
806 1071 1
801 1080 1
797 1089 1
793 1096 1
790 1102 1
787 1107 1
784 1112 1
781 1115 1
779 1117 1
778 1119 1
775 1121 1
774 1122 1
771 1123 1
770 1124 1
769 1125 1
766 1127 1
764 1127 1
759 1129 1
754 1130 1
747 1132 1
739 1135 1
729 1137 1
720 1140 1
710 1141 1
704 1142 1
698 1144 1
693 1145 1
688 1145 1
686 1145 1
683 1145 1
680 1145 1
678 1145 1
676 1145 1
673 1145 1
669 1143 1
665 1143 1
659 1140 1
654 1139 1
648 1137 1
642 1135 1
635 1133 1
628 1131 1
621 1129 1
614 1127 1
607 1126 1
601 1124 1
596 1125 1
591 1123 1
586 1123 1
581 1122 1
576 1122 1
572 1122 1
566 1122 1
559 1122 1
550 1123 1
542 1124 1
534 1125 1
525 1125 1
518 1126 1
511 1126 1
506 1126 1
501 1124 1
495 1123 1
491 1121 1
486 1119 1
479 1114 1
474 1110 1
468 1105 1
461 1099 1
454 1092 1
447 1083 1
439 1075 1
432 1067 1
425 1060 1
420 1053 1
413 1047 1
407 1043 1
404 1038 1
398 1034 1
396 1030 1
392 1028 1
389 1025 1
385 1020 1
381 1015 1
377 1008 1
374 1001 1
370 994 1
367 983 1
363 974 1
362 964 1
361 956 1
361 947 1
360 940 1
360 933 1
360 927 1
361 922 1
361 918 1
361 914 1
361 910 1
361 904 1
361 898 1
361 890 1
361 882 1
361 871 1
361 860 1
361 851 1
361 841 1
359 831 1
359 823 1
357 815 1
356 808 1
355 799 1
353 792 1
352 785 1
350 779 1
349 775 1
349 771 1
349 765 1
349 759 1
347 752 1
348 742 1
348 730 1
349 718 1
350 705 1
352 693 1
354 682 1
355 672 1
358 664 1
360 656 1
363 650 1
366 644 1
369 638 1
375 631 1
381 624 1
389 617 1
399 609 1
408 599 1
419 589 1
426 580 1
433 573 1
438 566 1
444 561 1
449 556 1
454 552 1
459 548 1
466 543 1
470 539 1
475 535 1
482 530 1
490 524 1
498 519 1
506 514 1
514 510 1
522 506 1
530 504 1
538 503 1
545 503 1
554 503 1
564 503 1
574 504 1
586 507 1
597 511 1
608 515 1
618 521 1
628 525 1
637 531 1
646 536 1
654 541 1
663 547 1
670 551 1
676 555 1
684 560 1
692 565 1
699 570 1
709 575 1
717 580 1
727 588 1
737 595 1
746 603 1
756 610 1
766 616 1
774 620 1
781 625 1
786 629 1
793 632 1
799 636 1
804 639 1
809 642 1
813 644 1
816 647 1
820 651 1
825 656 1
831 663 1
836 670 1
842 679 1
848 688 1
851 698 1
856 709 1
858 720 1
860 734 1
862 746 1
863 760 1
863 774 1
863 784 1
863 796 1
863 804 1
864 811 1
864 818 1
866 824 1
867 830 1
868 835 1
871 841 1
871 845 1
874 849 1
877 857 1
881 865 1
885 873 1
889 882 1
892 892 1
896 902 1
899 911 1
900 920 1
902 929 1
905 937 1
906 948 1
908 956 1
910 965 1
911 972 1
912 978 1
913 982 1
914 988 1
914 993 1
914 999 1
914 1006 1
912 1014 1
911 1022 1
909 1030 1
908 1039 1
905 1048 1
904 1055 1
901 1066 1
898 1077 1
895 1091 1
892 1104 1
888 1116 1
886 1126 1
884 1136 1
881 1142 1
878 1150 1
874 1155 1
872 1160 1
868 1164 1
863 1168 1
859 1171 1
853 1174 1
848 1176 1
841 1180 1
834 1183 1
826 1187 1
817 1191 1
805 1195 1
792 1199 1
780 1203 1
769 1206 1
757 1210 1
745 1213 1
736 1215 1
726 1217 1
718 1218 1
710 1220 1
701 1221 1
693 1223 1
685 1223 1
678 1224 1
671 1225 1
665 1225 1
658 1225 1
651 1226 1
644 1225 1
635 1225 1
628 1225 1
619 1225 1
613 1223 1
606 1224 1
599 1222 1
592 1222 1
586 1222 1
582 1222 1
577 1221 1
573 1221 1
568 1220 1
561 1220 1
555 1218 1
547 1218 1
539 1216 1
531 1214 1
524 1211 1
516 1209 1
507 1205 1
500 1200 1
492 1196 1
485 1192 1
478 1188 1
472 1184 1
467 1180 1
460 1175 1
452 1171 1
445 1167 1
437 1162 1
430 1157 1
423 1152 1
414 1145 1
407 1139 1
401 1133 1
396 1129 1
392 1125 1
388 1121 1
385 1118 1
382 1116 1
379 1112 1
375 1109 1
371 1104 1
364 1098 1
356 1090 1
348 1080 1
339 1068 1
330 1057 1
324 1046 1
317 1039 1
311 1031 1
309 1026 1
305 1023 1
303 1020 1
302 1018 1
299 1015 1
298 1013 1
294 1008 1
290 1002 1
285 994 1
277 982 1
269 969 1
259 953 1
251 937 1
244 922 1
239 909 1
234 896 1
233 886 1
230 875 1
231 865 1
230 854 1
230 843 1
231 829 1
233 813 1
234 795 1
239 775 1
244 755 1
251 732 1
261 709 1
268 688 1
275 670 1
282 653 1
288 638 1
292 626 1
295 616 1
299 608 1
303 599 1
307 588 1
312 575 1
317 562 1
324 548 1
330 534 1
337 519 1
343 504 1
348 490 1
355 474 1
362 458 1
370 444 1
378 430 1
386 416 1
396 406 1
404 397 1
412 390 1
420 385 1
427 380 1
433 377 1
440 375 1
446 372 1
453 370 1
461 368 1
467 369 1
476 367 1
486 367 1
499 366 1
513 366 1
526 366 1
539 367 1
555 368 1
571 371 1
585 375 1
598 379 1
611 385 1
622 390 1
634 396 1
645 403 1
656 409 1
667 416 1
679 423 1
688 429 1
699 435 1
709 441 1
718 446 1
726 452 1
735 457 1
744 465 1
753 474 1
765 486 1
775 502 1
787 521 1
800 547 1
809 569 1
819 591 1
828 611 1
835 626 1
843 640 1
849 650 1
856 659 1
860 665 1
864 670 1
867 673 1
870 676 1
872 678 1
874 680 1
875 681 1
876 683 1
878 687 1
881 692 1
884 697 1
888 703 1
892 708 1
896 713 1
903 721 1
910 729 1
915 734 1
920 741 1
925 747 1
931 754 1
936 761 1
941 767 1
946 773 1
951 782 1
955 791 1
961 801 1
963 810 1
967 820 1
970 830 1
972 837 1
973 848 1
975 857 1
976 866 1
978 875 1
978 882 1
979 888 1
979 893 1
980 896 1
980 899 1
980 901 1
980 904 1
980 905 1
980 908 1
980 911 1
978 915 1
977 920 1
974 930 1
970 944 1
966 961 1
960 981 1
955 1002 1
949 1023 1
945 1042 1
941 1057 1
940 1073 1
938 1085 1
938 1095 1
937 1104 1
937 1111 1
938 1118 1
938 1124 1
938 1131 1
938 1138 1
938 1148 1
936 1159 1
935 1171 1
931 1185 1
927 1200 1
921 1217 1
915 1236 1
907 1255 1
898 1273 1
885 1292 1
872 1311 1
860 1325 1
843 1339 1
826 1351 1
810 1358 1
793 1366 1
779 1371 1
762 1376 1
745 1379 1
729 1381 1
714 1382 1
698 1382 1
684 1381 1
669 1379 1
654 1377 1
639 1373 1
624 1369 1
607 1362 1
592 1357 1
579 1350 1
564 1343 1
550 1336 1
537 1330 1
523 1324 1
511 1320 1
497 1315 1
484 1310 1
472 1306 1
460 1303 1
450 1299 1
437 1295 1
424 1290 1
411 1284 1
396 1276 1
381 1266 1
360 1253 1
341 1238 1
318 1216 1
295 1191 1
277 1168 1
259 1138 1
244 1110 1
231 1081 1
222 1053 1
214 1021 1
209 991 1
206 961 1
202 936 1
198 912 1
193 892 1
190 873 1
192 882 0
