123 1297 1
123 1297 1
123 1297 1
123 1297 1
123 1297 1
123 1297 1
123 1297 1
123 1297 1
123 1297 1
123 1297 1
123 1297 1
123 1297 1
123 1297 1
123 1297 1
123 1297 1
123 1295 1
123 1295 1
124 1291 1
125 1283 1
128 1274 1
132 1260 1
135 1245 1
138 1229 1
141 1217 1
144 1202 1
146 1189 1
149 1179 1
152 1168 1
156 1157 1
160 1146 1
164 1135 1
170 1125 1
183 1109 1
190 1101 1
203 1089 1
217 1075 1
234 1060 1
250 1045 1
262 1034 1
274 1021 1
282 1011 1
287 1002 1
292 996 1
294 989 1
297 983 1
300 979 1
301 975 1
302 972 1
302 970 1
302 967 1
302 963 1
299 956 1
294 947 1
286 940 1
279 933 1
271 927 1
265 923 1
259 918 1
252 914 1
247 911 1
243 908 1
239 907 1
237 907 1
234 905 1
229 906 1
223 907 1
215 908 1
207 911 1
197 917 1
189 924 1
180 931 1
173 937 1
166 947 1
160 956 1
157 964 1
153 971 1
152 976 1
152 982 1
152 987 1
152 993 1
153 1000 1
154 1006 1
155 1012 1
157 1019 1
158 1025 1
159 1031 1
161 1037 1
162 1040 1
164 1045 1
165 1047 1
166 1050 1
167 1053 1
168 1055 1
169 1057 1
169 1058 1
169 1059 1
170 1060 1
171 1061 1
174 1063 1
178 1065 1
191 1074 1
204 1084 1
215 1092 1
224 1099 1
233 1106 1
244 1113 1
254 1120 1
264 1126 1
271 1128 1
277 1132 1
284 1134 1
291 1137 1
296 1138 1
303 1141 1
310 1143 1
315 1145 1
320 1147 1
327 1149 1
329 1150 1
332 1151 1
334 1152 1
336 1153 1
337 1153 1
338 1154 1
340 1155 1
340 1156 1
341 1158 1
342 1159 1
343 1163 1
345 1167 1
345 1173 1
344 1179 1
345 1184 1
343 1190 1
340 1196 1
338 1201 1
335 1207 1
331 1212 1
329 1217 1
326 1220 1
323 1224 1
320 1227 1
318 1229 1
312 1230 1
304 1232 1
292 1231 1
278 1231 1
261 1229 1
245 1228 1
228 1226 1
213 1223 1
197 1220 1
182 1216 1
166 1212 1
159 1210 1
165 1212 0
527 1207 1
527 1207 1
527 1207 1
526 1206 1
526 1204 1
526 1203 1
525 1200 1
523 1198 1
523 1195 1
523 1192 1
522 1189 1
521 1187 1
521 1184 1
520 1180 1
520 1176 1
520 1174 1
521 1167 1
521 1160 1
523 1152 1
527 1141 1
532 1129 1
540 1115 1
548 1099 1
560 1079 1
572 1058 1
583 1038 1
602 1005 1
611 987 1
617 974 1
620 965 1
622 958 1
625 950 1
626 943 1
628 935 1
628 928 1
626 923 1
627 916 1
618 905 1
609 898 1
597 890 1
584 883 1
570 878 1
559 873 1
549 870 1
543 869 1
536 867 1
532 868 1
528 868 1
524 868 1
520 868 1
517 868 1
512 870 1
509 872 1
506 877 1
505 885 1
505 893 1
505 900 1
505 907 1
506 913 1
507 918 1
507 923 1
509 929 1
511 935 1
515 941 1
521 950 1
528 957 1
537 967 1
546 977 1
556 987 1
566 997 1
574 1007 1
583 1018 1
592 1028 1
601 1038 1
608 1048 1
614 1053 1
618 1058 1
622 1062 1
625 1065 1
626 1067 1
627 1068 1
627 1069 1
627 1070 1
627 1070 1
627 1070 1
627 1070 1
627 1070 1
627 1070 1
626 1071 1
624 1076 1
623 1088 1
620 1100 1
617 1113 1
614 1126 1
609 1141 1
606 1157 1
603 1171 1
599 1180 1
596 1189 1
594 1194 1
589 1199 1
583 1203 1
573 1205 1
559 1206 1
543 1203 1
524 1197 1
515 1195 1
522 1197 0
758 1108 1
758 1107 1
758 1107 1
758 1107 1
758 1105 1
760 1104 1
763 1101 1
767 1099 1
775 1093 1
783 1088 1
792 1080 1
800 1073 1
809 1063 1
817 1054 1
822 1047 1
827 1041 1
831 1033 1
833 1027 1
834 1021 1
836 1014 1
835 1006 1
832 998 1
830 990 1
825 980 1
821 972 1
814 966 1
808 956 1
803 950 1
797 943 1
793 938 1
789 934 1
785 931 1
782 928 1
779 925 1
775 923 1
773 921 1
769 919 1
766 917 1
763 916 1
760 914 1
758 913 1
756 912 1
753 910 1
752 909 1
750 909 1
749 909 1
749 908 1
749 908 1
748 908 1
748 908 1
748 908 1
747 908 1
747 908 1
747 908 1
747 908 1
745 910 1
746 911 1
746 914 1
746 917 1
746 919 1
747 923 1
747 927 1
748 930 1
749 935 1
750 941 1
753 948 1
756 957 1
759 966 1
764 977 1
770 987 1
776 998 1
783 1009 1
792 1023 1
799 1035 1
806 1044 1
811 1051 1
817 1059 1
823 1066 1
828 1072 1
834 1080 1
838 1088 1
842 1095 1
846 1102 1
848 1107 1
850 1111 1
853 1115 1
854 1120 1
856 1125 1
857 1130 1
857 1136 1
857 1142 1
855 1150 1
852 1157 1
850 1162 1
843 1168 1
836 1172 1
826 1176 1
812 1176 1
796 1175 1
780 1171 1
765 1166 1
753 1158 1
741 1145 1
733 1132 1
732 1117 1
733 1103 1
733 1105 0
