1000 519 1
1000 519 1
1000 519 1
1000 519 1
1000 519 1
1000 519 1
1000 519 1
1000 519 1
1000 519 1
1000 519 1
1000 519 1
1000 519 1
1000 519 1
1000 519 1
1000 519 1
1000 519 1
1000 519 1
1000 519 1
1000 519 1
1000 519 1
1000 519 1
1001 519 1
1001 519 1
1001 519 1
1002 520 1
1003 521 1
1005 524 1
1006 525 1
1007 527 1
1008 529 1
1009 531 1
1010 533 1
1010 535 1
1011 538 1
1012 541 1
1012 546 1
1013 550 1
1013 554 1
1012 557 1
1012 561 1
1011 565 1
1011 569 1
1009 573 1
1009 576 1
1007 580 1
1005 585 1
1002 591 1
1000 598 1
997 605 1
993 615 1
989 623 1
985 632 1
979 641 1
975 650 1
971 658 1
967 667 1
963 674 1
960 680 1
957 685 1
955 690 1
954 692 1
953 695 1
953 698 1
952 699 1
952 701 1
952 702 1
952 703 1
952 704 1
953 704 1
953 705 1
953 706 1
954 706 1
955 708 1
956 711 1
958 715 1
960 717 1
963 722 1
966 726 1
969 732 1
974 738 1
978 744 1
981 750 1
985 756 1
988 763 1
990 770 1
993 776 1
995 782 1
998 787 1
999 792 1
999 797 1
1000 801 1
1000 806 1
1001 811 1
999 816 1
1000 820 1
998 824 1
998 829 1
996 834 1
997 837 1
995 840 1
993 843 1
993 845 1
991 848 1
990 849 1
989 850 1
987 851 1
986 852 1
985 853 1
985 853 1
983 854 1
983 855 1
981 855 1
981 855 1
979 856 1
980 857 1
978 857 1
979 858 1
979 858 1
979 859 1
979 859 1
979 860 1
979 860 1
979 861 1
979 862 1
979 863 1
979 864 1
979 865 1
979 866 1
979 868 1
979 870 1
979 873 1
979 877 1
978 883 1
978 888 1
976 892 1
976 896 1
974 900 1
973 905 1
970 909 1
968 912 1
964 915 1
960 918 1
956 920 1
953 922 1
951 923 1
949 923 1
947 923 1
948 924 1
948 924 1
948 924 1
948 924 1
948 924 1
948 924 1
948 924 1
948 924 1
948 924 1
948 924 1
948 924 1
948 925 1
949 926 1
949 926 1
950 927 1
950 928 1
951 929 1
951 930 1
952 931 1
952 931 1
952 932 1
953 933 1
953 934 1
953 935 1
953 936 1
952 937 1
952 939 1
952 940 1
950 942 1
951 944 1
950 946 1
948 948 1
948 950 1
946 952 1
945 953 1
944 954 1
941 956 1
930 957 1
915 958 1
896 958 1
872 955 1
849 952 1
831 948 1
819 945 1
811 944 1
805 943 1
801 941 1
797 941 1
795 941 1
794 939 1
794 940 1
794 940 1
794 940 1
794 940 1
794 940 1
794 940 1
794 938 1
794 937 1
794 936 1
794 933 1
794 926 1
795 919 1
795 911 1
796 903 1
797 896 1
798 889 1
800 882 1
800 877 1
801 872 1
803 868 1
803 864 1
806 860 1
808 856 1
813 854 1
817 850 1
821 847 1
826 846 1
830 843 1
835 841 1
839 839 1
843 840 1
845 839 1
848 839 1
851 839 1
853 839 1
856 839 1
856 839 1
857 839 1
858 839 1
858 841 1
859 845 1
860 858 1
861 875 1
862 896 1
862 921 1
862 945 1
860 964 1
858 983 1
854 1002 1
850 1018 1
847 1030 1
842 1040 1
839 1048 1
835 1056 1
827 1070 1
818 1081 1
809 1095 1
800 1106 1
791 1116 1
781 1127 1
773 1135 1
766 1143 1
769 1140 0
655 533 1
655 533 1
655 533 1
655 533 1
655 533 1
655 533 1
655 533 1
655 533 1
655 533 1
655 533 1
655 533 1
655 533 1
655 533 1
655 533 1
655 533 1
655 533 1
653 533 1
654 534 1
654 540 1
654 546 1
654 549 1
654 554 1
654 556 1
654 559 1
654 561 1
654 564 1
654 568 1
654 575 1
655 584 1
657 596 1
658 608 1
661 620 1
664 633 1
667 644 1
671 658 1
673 668 1
675 675 1
677 683 1
678 688 1
679 692 1
679 696 1
680 697 1
680 700 1
680 701 1
681 703 1
682 705 1
685 715 1
692 727 1
702 739 1
709 750 1
716 760 1
723 769 1
730 778 1
735 786 1
739 792 1
742 798 1
744 801 1
745 803 1
745 806 1
746 807 1
746 809 1
744 810 1
745 812 1
743 814 1
741 819 1
739 826 1
734 833 1
728 841 1
724 849 1
715 858 1
708 866 1
702 875 1
697 884 1
692 890 1
687 895 1
683 901 1
680 904 1
677 907 1
676 908 1
674 910 1
674 912 1
673 912 1
673 912 1
673 912 1
673 912 1
673 912 1
671 913 1
671 913 1
670 914 1
668 915 1
667 915 1
666 916 1
664 917 1
663 917 1
661 918 1
660 919 1
658 919 1
657 920 1
657 920 1
655 920 1
654 921 1
653 921 1
652 921 1
652 921 1
650 922 1
650 922 1
649 921 1
647 921 1
647 921 1
645 921 1
643 920 1
640 919 1
633 919 1
624 915 1
615 910 1
605 905 1
596 898 1
586 891 1
578 886 1
571 881 1
565 875 1
561 871 1
557 868 1
556 866 1
554 863 1
554 861 1
553 859 1
553 857 1
553 856 1
553 856 1
553 854 1
553 854 1
554 852 1
554 851 1
555 850 1
556 848 1
556 847 1
557 845 1
558 842 1
558 840 1
560 836 1
561 832 1
563 827 1
566 823 1
573 818 1
580 814 1
586 810 1
592 807 1
597 806 1
600 805 1
604 803 1
606 804 1
607 804 1
609 804 1
611 804 1
614 807 1
620 817 1
624 834 1
630 854 1
632 880 1
634 906 1
632 936 1
630 966 1
622 996 1
612 1024 1
594 1062 1
577 1094 1
583 1083 0
445 580 1
445 580 1
445 580 1
445 580 1
445 580 1
445 580 1
445 580 1
445 580 1
445 580 1
445 580 1
445 580 1
445 580 1
445 580 1
445 580 1
445 580 1
445 580 1
445 580 1
445 580 1
443 580 1
443 580 1
442 581 1
440 585 1
439 593 1
439 602 1
438 613 1
439 622 1
439 631 1
440 638 1
442 647 1
443 653 1
444 660 1
446 666 1
447 671 1
449 674 1
449 678 1
450 679 1
451 682 1
451 685 1
452 686 1
452 688 1
452 690 1
453 692 1
453 695 1
454 698 1
454 701 1
455 706 1
456 710 1
456 715 1
457 721 1
458 728 1
459 739 1
461 749 1
462 759 1
464 770 1
468 781 1
473 791 1
478 801 1
482 811 1
485 818 1
487 825 1
488 830 1
489 835 1
489 837 1
489 840 1
489 843 1
489 844 1
489 845 1
489 846 1
488 847 1
488 849 1
487 852 1
486 857 1
486 865 1
485 875 1
483 886 1
484 896 1
482 904 1
482 911 1
480 917 1
478 923 1
479 927 1
478 934 1
478 948 1
479 958 1
481 969 1
482 977 1
485 984 1
489 991 1
492 997 1
495 1002 1
498 1008 1
499 1012 1
501 1015 1
501 1018 1
502 1019 1
502 1021 1
501 1021 1
501 1022 1
501 1022 1
500 1023 1
498 1024 1
488 1028 1
472 1033 1
448 1040 1
416 1044 1
385 1048 1
358 1049 1
335 1049 1
315 1047 1
306 1043 1
298 1039 1
293 1035 1
290 1032 1
287 1029 1
286 1025 1
286 1018 1
286 1011 1
288 999 1
293 990 1
299 983 1
305 977 1
312 970 1
317 967 1
321 963 1
324 961 1
326 960 1
329 960 1
335 960 1
340 960 1
346 961 1
353 964 1
358 968 1
363 975 1
369 981 1
372 989 1
380 1006 1
382 1018 1
383 1032 1
384 1045 1
383 1062 1
380 1082 1
374 1105 1
362 1135 1
353 1160 1
354 1159 0
198 654 1
198 654 1
198 654 1
198 654 1
198 654 1
198 654 1
198 654 1
198 656 1
198 658 1
198 660 1
198 663 1
198 665 1
199 666 1
199 669 1
199 671 1
199 673 1
199 674 1
199 674 1
198 676 1
197 680 1
197 684 1
195 689 1
195 695 1
195 699 1
193 705 1
194 709 1
194 713 1
195 718 1
195 722 1
197 728 1
200 734 1
203 741 1
206 746 1
209 752 1
210 756 1
211 758 1
213 761 1
214 764 1
215 767 1
216 770 1
217 773 1
218 776 1
218 778 1
218 779 1
218 782 1
219 783 1
219 786 1
219 788 1
219 790 1
219 793 1
219 798 1
219 802 1
217 808 1
218 811 1
218 817 1
218 823 1
218 830 1
216 837 1
217 845 1
217 855 1
215 864 1
216 878 1
216 890 1
215 899 1
215 908 1
215 917 1
214 924 1
214 931 1
214 938 1
214 945 1
215 952 1
215 958 1
216 965 1
216 971 1
217 977 1
218 983 1
218 987 1
218 992 1
218 997 1
217 1003 1
217 1008 1
215 1014 1
213 1019 1
212 1023 1
211 1026 1
209 1030 1
208 1032 1
206 1035 1
204 1036 1
202 1037 1
198 1038 1
193 1038 1
186 1039 1
169 1040 1
157 1040 1
142 1038 1
127 1038 1
116 1037 1
106 1035 1
100 1035 1
94 1033 1
90 1032 1
86 1030 1
84 1031 1
83 1029 1
83 1029 1
81 1027 1
80 1024 1
81 1013 1
82 1003 1
83 994 1
84 986 1
86 981 1
89 975 1
91 972 1
94 969 1
96 967 1
98 967 1
99 965 1
100 966 1
101 966 1
103 968 1
108 976 1
115 993 1
118 1015 1
120 1031 1
119 1046 1
116 1061 1
107 1082 1
87 1113 1
78 1129 1
85 1118 0
