65 1497 1
65 1497 1
65 1497 1
65 1497 1
65 1497 1
65 1497 1
65 1495 1
65 1495 1
65 1495 1
65 1492 1
65 1489 1
65 1485 1
65 1481 1
65 1475 1
66 1469 1
66 1461 1
67 1447 1
68 1431 1
69 1416 1
70 1400 1
71 1387 1
72 1372 1
73 1360 1
74 1346 1
76 1333 1
76 1320 1
77 1308 1
78 1299 1
78 1287 1
80 1276 1
81 1265 1
82 1255 1
84 1242 1
86 1225 1
89 1209 1
93 1197 1
95 1186 1
101 1169 1
107 1154 1
112 1139 1
118 1124 1
123 1113 1
132 1097 1
141 1081 1
152 1064 1
163 1048 1
169 1037 1
175 1027 1
179 1019 1
181 1010 1
184 1002 1
187 993 1
190 985 1
191 977 1
193 970 1
195 961 1
196 954 1
197 942 1
198 929 1
198 918 1
198 905 1
198 895 1
198 882 1
196 869 1
195 859 1
193 846 1
194 837 1
192 827 1
190 819 1
189 808 1
187 797 1
186 786 1
184 775 1
181 767 1
176 752 1
170 734 1
166 717 1
163 704 1
161 695 1
161 689 1
159 683 1
160 681 1
159 678 1
159 675 1
159 675 1
159 673 1
159 673 1
159 673 1
159 673 1
159 673 1
159 673 1
159 673 1
159 673 1
159 673 1
159 673 1
159 673 1
159 673 1
159 673 1
159 673 1
159 675 1
159 676 1
157 678 1
158 680 1
158 689 1
156 697 1
156 707 1
155 717 1
155 727 1
153 733 1
151 738 1
152 741 1
150 744 1
148 747 1
147 750 1
145 752 1
144 754 1
143 757 1
141 761 1
139 764 1
136 769 1
134 773 1
129 777 1
125 782 1
119 793 1
114 806 1
110 818 1
108 828 1
106 837 1
107 855 1
107 871 1
110 891 1
122 921 1
133 949 1
142 978 1
148 997 1
154 1011 1
156 1021 1
159 1028 1
162 1037 1
165 1045 1
169 1052 1
176 1069 1
183 1082 1
191 1096 1
201 1110 1
208 1118 1
212 1125 1
218 1131 1
222 1136 1
226 1142 1
229 1146 1
233 1152 1
237 1157 1
240 1163 1
245 1168 1
248 1174 1
252 1180 1
254 1186 1
258 1194 1
262 1203 1
266 1214 1
270 1229 1
273 1245 1
276 1262 1
279 1282 1
281 1301 1
283 1321 1
284 1336 1
285 1351 1
285 1363 1
285 1376 1
285 1386 1
284 1393 1
284 1402 1
283 1409 1
283 1419 1
283 1430 1
282 1442 1
280 1453 1
281 1464 1
281 1473 1
281 1479 1
282 1486 1
284 1493 1
286 1496 1
288 1500 1
290 1503 1
291 1505 1
293 1507 1
293 1508 1
294 1508 1
294 1508 1
294 1508 1
296 1508 1
300 1506 1
306 1502 1
315 1495 1
326 1485 1
338 1472 1
348 1461 1
355 1449 1
362 1438 1
365 1426 1
367 1413 1
368 1397 1
366 1386 1
363 1373 1
360 1364 1
355 1354 1
351 1346 1
348 1337 1
344 1329 1
340 1319 1
337 1310 1
332 1296 1
329 1278 1
326 1256 1
322 1232 1
319 1208 1
316 1187 1
312 1170 1
310 1152 1
308 1136 1
307 1120 1
307 1105 1
306 1093 1
306 1082 1
306 1071 1
306 1060 1
307 1052 1
307 1043 1
309 1033 1
310 1025 1
312 1017 1
314 1007 1
315 998 1
316 988 1
318 978 1
320 967 1
322 957 1
323 948 1
324 938 1
325 927 1
326 913 1
328 900 1
328 883 1
327 865 1
327 849 1
325 834 1
323 821 1
322 811 1
322 805 1
322 801 1
320 797 1
320 793 1
318 789 1
315 785 1
312 780 1
307 774 1
302 768 1
297 764 1
291 760 1
286 757 1
281 755 1
276 753 1
272 751 1
268 751 1
266 751 1
263 751 1
261 752 1
259 752 1
257 753 1
256 754 1
254 756 1
253 757 1
251 760 1
252 764 1
251 770 1
251 780 1
252 790 1
252 804 1
253 822 1
253 843 1
254 863 1
254 887 1
255 908 1
255 927 1
255 943 1
255 955 1
254 965 1
252 972 1
253 977 1
252 982 1
252 987 1
250 993 1
251 1000 1
249 1011 1
250 1022 1
248 1035 1
247 1049 1
246 1068 1
243 1087 1
241 1103 1
239 1118 1
238 1132 1
237 1145 1
235 1157 1
234 1168 1
234 1178 1
234 1189 1
235 1199 1
236 1209 1
240 1223 1
244 1240 1
251 1256 1
258 1274 1
267 1294 1
276 1312 1
285 1328 1
291 1340 1
297 1352 1
304 1363 1
310 1374 1
317 1383 1
323 1392 1
327 1398 1
333 1405 1
336 1408 1
338 1412 1
342 1416 1
344 1419 1
347 1422 1
350 1427 1
353 1432 1
356 1438 1
361 1445 1
365 1452 1
368 1458 1
371 1464 1
373 1468 1
375 1471 1
377 1473 1
378 1475 1
379 1476 1
380 1478 1
381 1479 1
382 1481 1
384 1482 1
386 1482 1
387 1483 1
389 1482 1
392 1482 1
394 1480 1
397 1477 1
400 1476 1
401 1474 1
403 1472 1
405 1470 1
407 1468 1
407 1467 1
408 1465 1
410 1463 1
410 1461 1
411 1458 1
411 1454 1
412 1448 1
412 1441 1
413 1433 1
414 1422 1
415 1412 1
416 1401 1
416 1387 1
417 1374 1
417 1358 1
417 1344 1
418 1334 1
418 1324 1
416 1313 1
416 1303 1
414 1292 1
414 1283 1
412 1276 1
411 1271 1
410 1266 1
408 1262 1
407 1258 1
405 1253 1
404 1248 1
401 1238 1
398 1226 1
396 1213 1
391 1194 1
387 1176 1
382 1159 1
378 1142 1
373 1128 1
370 1117 1
367 1108 1
365 1101 1
363 1096 1
362 1092 1
361 1089 1
361 1084 1
360 1081 1
360 1078 1
360 1073 1
361 1068 1
362 1062 1
364 1056 1
367 1049 1
369 1039 1
375 1028 1
381 1014 1
388 999 1
394 986 1
399 975 1
402 966 1
405 959 1
407 953 1
408 947 1
411 940 1
413 933 1
415 926 1
416 918 1
418 909 1
419 899 1
419 886 1
420 871 1
420 851 1
421 830 1
421 811 1
421 791 1
422 778 1
422 767 1
422 762 1
422 757 1
422 755 1
422 753 1
422 752 1
422 752 1
422 752 1
422 752 1
420 753 1
419 753 1
414 753 1
408 755 1
394 759 1
380 767 1
365 774 1
354 782 1
344 790 1
338 797 1
333 805 1
328 815 1
325 827 1
322 840 1
323 856 1
324 878 1
325 901 1
329 926 1
334 951 1
338 973 1
344 997 1
349 1017 1
355 1034 1
360 1049 1
367 1063 1
374 1073 1
380 1082 1
385 1090 1
390 1099 1
395 1109 1
401 1120 1
408 1134 1
415 1151 1
421 1169 1
428 1185 1
436 1208 1
444 1229 1
451 1252 1
458 1271 1
465 1292 1
471 1310 1
477 1324 1
480 1340 1
484 1352 1
486 1366 1
488 1377 1
491 1390 1
493 1401 1
497 1411 1
500 1421 1
504 1430 1
510 1437 1
515 1443 1
521 1449 1
527 1453 1
532 1455 1
536 1458 1
541 1459 1
545 1460 1
548 1460 1
550 1459 1
552 1459 1
554 1457 1
556 1455 1
556 1455 1
557 1453 1
559 1451 1
559 1446 1
560 1441 1
560 1432 1
560 1423 1
561 1414 1
561 1403 1
559 1392 1
560 1379 1
559 1364 1
557 1351 1
556 1333 1
555 1315 1
552 1290 1
549 1269 1
546 1250 1
543 1233 1
540 1219 1
538 1205 1
535 1194 1
532 1181 1
530 1169 1
529 1157 1
527 1144 1
526 1131 1
523 1120 1
522 1107 1
521 1092 1
518 1073 1
517 1053 1
514 1032 1
513 1013 1
512 995 1
510 980 1
509 964 1
507 947 1
507 932 1
507 919 1
507 907 1
507 898 1
508 889 1
508 881 1
508 872 1
508 861 1
508 848 1
509 834 1
509 821 1
509 807 1
509 793 1
508 782 1
506 773 1
505 766 1
505 762 1
503 758 1
504 756 1
503 753 1
501 752 1
501 752 1
502 752 1
502 752 1
500 752 1
499 752 1
494 755 1
488 760 1
480 767 1
466 779 1
453 792 1
442 807 1
431 822 1
423 835 1
418 844 1
415 850 1
413 855 1
413 860 1
413 862 1
413 865 1
413 868 1
413 873 1
414 879 1
416 886 1
418 895 1
421 905 1
424 918 1
428 934 1
432 951 1
437 969 1
443 988 1
448 1009 1
455 1031 1
460 1052 1
467 1072 1
473 1090 1
479 1108 1
484 1122 1
489 1135 1
493 1144 1
497 1154 1
501 1162 1
505 1172 1
509 1180 1
512 1187 1
516 1194 1
519 1201 1
523 1209 1
528 1220 1
532 1231 1
536 1242 1
539 1253 1
543 1265 1
546 1277 1
549 1287 1
550 1298 1
552 1308 1
553 1315 1
555 1323 1
556 1328 1
557 1333 1
557 1337 1
558 1342 1
559 1350 1
560 1363 1
563 1379 1
566 1397 1
572 1415 1
577 1433 1
583 1451 1
589 1464 1
595 1477 1
600 1486 1
604 1494 1
607 1499 1
611 1503 1
612 1506 1
614 1508 1
616 1510 1
617 1511 1
619 1512 1
620 1513 1
621 1513 1
621 1513 1
622 1513 1
622 1513 1
622 1512 1
623 1511 1
624 1509 1
625 1508 1
626 1505 1
629 1499 1
631 1488 1
634 1478 1
635 1469 1
636 1461 1
637 1453 1
637 1442 1
637 1432 1
635 1421 1
635 1408 1
633 1395 1
632 1379 1
629 1363 1
628 1346 1
627 1332 1
625 1318 1
625 1303 1
623 1286 1
624 1273 1
622 1256 1
620 1239 1
620 1223 1
620 1208 1
620 1192 1
619 1176 1
619 1160 1
617 1147 1
618 1135 1
618 1126 1
618 1120 1
619 1116 1
619 1112 1
620 1111 1
621 1109 1
622 1107 1
623 1105 1
624 1103 1
624 1101 1
626 1096 1
627 1088 1
629 1073 1
630 1059 1
631 1046 1
633 1032 1
634 1016 1
635 1001 1
637 986 1
638 976 1
640 968 1
641 961 1
642 954 1
643 947 1
643 939 1
645 930 1
647 919 1
649 904 1
653 889 1
657 873 1
659 861 1
661 847 1
661 836 1
662 823 1
661 804 1
658 786 1
656 768 1
652 753 1
648 740 1
643 731 1
640 724 1
636 719 1
634 715 1
632 713 1
631 712 1
629 710 1
629 710 1
629 711 1
629 711 1
626 711 1
623 713 1
621 714 1
618 717 1
614 720 1
610 726 1
603 734 1
598 743 1
591 754 1
586 764 1
579 777 1
574 793 1
569 813 1
564 837 1
561 864 1
559 889 1
559 915 1
560 939 1
563 961 1
566 981 1
570 999 1
574 1018 1
580 1037 1
584 1051 1
589 1065 1
595 1080 1
601 1094 1
607 1106 1
614 1123 1
621 1139 1
628 1157 1
633 1174 1
639 1189 1
643 1202 1
647 1216 1
653 1232 1
657 1249 1
661 1265 1
666 1280 1
672 1296 1
679 1312 1
683 1328 1
689 1342 1
692 1356 1
697 1371 1
701 1385 1
704 1396 1
707 1407 1
710 1414 1
712 1420 1
714 1425 1
716 1429 1
719 1433 1
722 1437 1
725 1442 1
727 1446 1
730 1450 1
734 1455 1
738 1463 1
743 1472 1
747 1480 1
751 1490 1
754 1498 1
757 1505 1
760 1510 1
761 1514 1
762 1517 1
763 1519 1
763 1520 1
763 1521 1
763 1522 1
763 1522 1
763 1522 1
763 1522 1
764 1520 1
764 1518 1
764 1513 1
765 1507 1
765 1501 1
766 1495 1
766 1489 1
767 1482 1
767 1475 1
767 1463 1
765 1447 1
764 1430 1
764 1409 1
761 1389 1
760 1371 1
758 1352 1
757 1337 1
755 1323 1
753 1310 1
752 1301 1
751 1292 1
751 1285 1
750 1280 1
749 1275 1
749 1270 1
750 1265 1
750 1260 1
750 1255 1
750 1245 1
750 1236 1
749 1224 1
749 1212 1
748 1199 1
748 1188 1
746 1175 1
744 1162 1
742 1149 1
740 1138 1
739 1129 1
737 1117 1
736 1108 1
734 1098 1
733 1089 1
732 1080 1
730 1071 1
730 1063 1
728 1054 1
729 1042 1
729 1027 1
732 1009 1
735 983 1
739 960 1
746 935 1
752 912 1
756 893 1
761 877 1
764 864 1
767 857 1
768 850 1
769 845 1
770 842 1
771 838 1
771 833 1
772 826 1
773 819 1
774 813 1
775 806 1
776 799 1
776 794 1
776 790 1
775 785 1
775 781 1
773 779 1
773 777 1
770 774 1
768 772 1
761 768 1
752 765 1
744 762 1
736 760 1
728 761 1
719 761 1
712 763 1
706 766 1
700 769 1
696 772 1
692 774 1
689 778 1
687 782 1
685 788 1
684 794 1
682 805 1
679 817 1
678 831 1
676 847 1
676 865 1
675 880 1
675 895 1
676 909 1
678 920 1
680 930 1
682 938 1
685 945 1
688 954 1
689 959 1
692 966 1
694 972 1
696 977 1
697 981 1
698 986 1
701 994 1
706 1003 1
708 1013 1
713 1026 1
715 1035 1
718 1044 1
721 1054 1
724 1062 1
726 1070 1
728 1080 1
731 1088 1
732 1097 1
735 1104 1
736 1110 1
737 1114 1
738 1118 1
739 1124 1
740 1127 1
741 1131 1
742 1135 1
743 1138 1
743 1143 1
745 1147 1
746 1152 1
747 1158 1
748 1165 1
749 1171 1
750 1180 1
752 1189 1
754 1199 1
756 1208 1
757 1220 1
758 1227 1
759 1233 1
760 1238 1
761 1241 1
761 1244 1
761 1246 1
762 1248 1
762 1249 1
763 1251 1
763 1251 1
763 1252 1
763 1252 1
763 1252 1
763 1253 1
763 1253 1
763 1253 1
763 1253 1
763 1254 1
763 1254 1
763 1254 1
763 1255 1
763 1255 1
763 1256 1
763 1256 1
763 1256 1
763 1256 1
763 1257 1
763 1257 1
763 1257 1
763 1258 1
763 1258 1
763 1258 1
763 1259 1
763 1259 1
763 1259 1
763 1260 1
763 1260 1
763 1260 1
763 1262 1
763 1262 1
764 1264 1
764 1265 1
765 1266 1
765 1267 1
766 1268 1
766 1270 1
766 1271 1
767 1272 1
767 1274 1
768 1275 1
769 1276 1
769 1278 1
770 1280 1
771 1282 1
772 1284 1
773 1287 1
774 1288 1
775 1290 1
776 1293 1
777 1295 1
778 1297 1
779 1300 1
779 1301 1
780 1304 1
781 1306 1
782 1308 1
783 1310 1
783 1313 1
784 1316 1
785 1318 1
786 1320 1
786 1322 1
787 1324 1
788 1327 1
789 1329 1
791 1332 1
791 1334 1
793 1339 1
796 1343 1
799 1351 1
801 1359 1
806 1369 1
809 1381 1
812 1390 1
816 1398 1
819 1404 1
823 1412 1
825 1416 1
827 1420 1
830 1425 1
831 1429 1
834 1433 1
839 1442 1
843 1450 1
849 1456 1
853 1462 1
858 1467 1
860 1470 1
862 1473 1
863 1474 1
864 1475 1
865 1476 1
865 1476 1
865 1474 1
866 1473 1
867 1466 1
868 1456 1
868 1437 1
866 1416 1
865 1394 1
861 1371 1
858 1350 1
855 1336 1
853 1323 1
852 1311 1
850 1298 1
848 1284 1
846 1274 1
844 1266 1
843 1258 1
841 1249 1
839 1240 1
837 1228 1
835 1214 1
834 1202 1
833 1187 1
831 1175 1
831 1161 1
831 1146 1
829 1131 1
830 1115 1
831 1102 1
832 1089 1
833 1078 1
833 1069 1
834 1058 1
835 1046 1
835 1034 1
837 1020 1
839 1005 1
840 992 1
843 979 1
845 966 1
847 953 1
850 940 1
852 929 1
854 920 1
856 912 1
857 903 1
858 894 1
859 883 1
861 870 1
861 854 1
862 832 1
863 808 1
863 787 1
864 767 1
864 751 1
863 739 1
863 730 1
861 721 1
859 712 1
858 707 1
857 702 1
857 699 1
855 698 1
855 696 1
852 697 1
848 700 1
841 707 1
834 715 1
821 730 1
808 746 1
798 760 1
789 772 1
785 779 1
780 784 1
779 788 1
778 790 1
778 793 1
777 796 1
777 800 1
778 805 1
779 813 1
782 823 1
786 836 1
791 851 1
796 869 1
802 887 1
808 904 1
814 921 1
820 938 1
827 955 1
835 970 1
843 985 1
852 1000 1
861 1014 1
869 1027 1
875 1039 1
879 1048 1
883 1055 1
885 1060 1
888 1068 1
894 1076 1
899 1086 1
906 1094 1
911 1104 1
915 1111 1
918 1117 1
921 1124 1
922 1132 1
924 1147 1
925 1161 1
925 1179 1
923 1194 1
924 1211 1
924 1226 1
925 1240 1
926 1253 1
928 1266 1
931 1278 1
934 1293 1
937 1307 1
939 1319 1
942 1330 1
943 1340 1
944 1352 1
945 1362 1
946 1378 1
947 1391 1
948 1402 1
948 1411 1
949 1420 1
949 1426 1
950 1430 1
951 1434 1
952 1436 1
953 1439 1
954 1442 1
956 1445 1
956 1448 1
957 1448 1
958 1451 1
959 1452 1
959 1455 1
960 1456 1
960 1457 1
960 1458 1
960 1458 1
960 1459 1
960 1459 1
960 1459 1
960 1459 1
960 1460 1
960 1460 1
960 1460 1
960 1460 1
960 1461 1
960 1461 1
960 1461 1
960 1461 1
960 1461 1
960 1461 1
960 1461 1
960 1461 1
960 1461 1
960 1461 1
960 1461 1
960 1461 1
960 1461 1
960 1461 1
960 1461 1
960 1461 1
960 1461 1
960 1461 1
960 1461 1
960 1461 1
960 1461 1
960 1461 1
960 1461 1
960 1461 1
960 1461 1
960 1461 1
960 1461 1
960 1461 1
960 1461 1
960 1461 1
960 1461 1
960 1461 1
960 1461 1
960 1461 1
960 1461 1
960 1461 1
960 1461 1
960 1461 1
960 1461 1
960 1461 1
960 1461 1
960 1461 1
960 1461 1
960 1461 1
960 1461 1
960 1461 1
960 1461 1
960 1461 1
960 1461 1
960 1461 1
960 1461 1
960 1461 1
960 1461 1
960 1461 1
960 1461 1
960 1461 1
960 1461 1
960 1461 1
960 1461 1
960 1461 1
960 1461 1
960 1461 1
960 1461 1
960 1461 1
960 1461 1
960 1461 1
960 1461 1
960 1461 1
960 1461 1
960 1461 1
960 1461 1
960 1461 1
960 1461 1
960 1461 1
960 1461 1
960 1461 1
960 1461 1
960 1461 1
960 1461 1
960 1461 1
960 1461 1
960 1461 1
960 1461 1
960 1461 1
960 1461 1
960 1461 1
960 1461 1
960 1461 1
960 1459 1
961 1456 1
961 1452 1
961 1447 1
961 1442 1
961 1435 1
961 1428 1
960 1421 1
960 1413 1
960 1408 1
960 1402 1
960 1399 1
960 1395 1
959 1390 1
959 1385 1
959 1379 1
959 1372 1
959 1365 1
960 1357 1
961 1350 1
962 1343 1
963 1337 1
964 1332 1
965 1326 1
966 1322 1
966 1319 1
967 1316 1
968 1313 1
968 1311 1
969 1309 1
969 1308 1
969 1306 1
970 1304 1
970 1299 1
971 1294 1
972 1287 1
973 1280 1
974 1273 1
974 1266 1
975 1259 1
975 1252 1
976 1243 1
976 1232 1
977 1222 1
977 1212 1
977 1201 1
977 1191 1
977 1180 1
977 1168 1
977 1155 1
976 1145 1
976 1135 1
976 1127 1
975 1120 1
975 1113 1
975 1105 1
975 1099 1
973 1090 1
974 1081 1
972 1073 1
972 1065 1
972 1056 1
970 1050 1
969 1042 1
967 1032 1
964 1021 1
961 1011 1
959 1003 1
957 995 1
955 990 1
954 986 1
954 983 1
954 980 1
954 978 1
952 975 1
953 970 1
953 965 1
953 955 1
954 943 1
955 929 1
956 916 1
956 898 1
959 878 1
960 861 1
963 843 1
964 828 1
965 815 1
966 798 1
966 779 1
966 758 1
966 739 1
964 727 1
962 718 1
962 713 1
961 710 1
961 708 1
960 708 1
960 708 1
960 708 1
960 708 1
960 708 1
960 708 1
960 708 1
960 708 1
960 708 1
957 709 1
954 711 1
949 714 1
940 719 1
929 729 1
915 740 1
901 753 1
889 764 1
880 772 1
874 779 1
870 783 1
868 785 1
867 786 1
865 788 1
866 789 1
866 790 1
866 791 1
866 795 1
866 801 1
868 812 1
870 827 1
874 846 1
880 870 1
887 896 1
893 922 1
899 947 1
905 971 1
909 987 1
912 1002 1
914 1012 1
917 1020 1
918 1026 1
919 1030 1
920 1033 1
920 1035 1
921 1037 1
922 1039 1
925 1045 1
929 1054 1
938 1071 1
948 1093 1
960 1119 1
971 1149 1
981 1176 1
988 1201 1
995 1225 1
1000 1244 1
1004 1259 1
1007 1270 1
1009 1278 1
1011 1284 1
1012 1291 1
1012 1298 1
1014 1308 1
1015 1319 1
1017 1333 1
1020 1353 1
1025 1375 1
1030 1398 1
1036 1422 1
1039 1434 1
1037 1426 0
