534 508 1
532 508 1
532 508 1
527 511 1
518 518 1
505 530 1
488 545 1
469 561 1
449 579 1
434 593 1
421 605 1
411 615 1
395 632 1
382 646 1
363 669 1
340 699 1
314 734 1
292 768 1
278 789 1
269 803 1
264 813 1
260 821 1
254 841 1
250 863 1
240 895 1
231 933 1
220 973 1
211 1007 1
206 1034 1
202 1059 1
200 1081 1
201 1103 1
202 1127 1
203 1153 1
205 1180 1
210 1210 1
216 1235 1
224 1258 1
233 1278 1
246 1299 1
256 1315 1
267 1331 1
277 1343 1
286 1354 1
294 1363 1
301 1370 1
308 1375 1
319 1379 1
336 1381 1
359 1381 1
387 1379 1
413 1378 1
436 1378 1
450 1377 1
463 1376 1
474 1376 1
488 1372 1
507 1363 1
532 1347 1
559 1327 1
591 1305 1
616 1285 1
637 1267 1
653 1252 1
669 1238 1
687 1219 1
704 1198 1
723 1174 1
745 1144 1
768 1115 1
789 1087 1
809 1057 1
822 1032 1
835 1005 1
848 974 1
862 944 1
878 911 1
893 878 1
905 848 1
914 821 1
917 795 1
919 774 1
917 753 1
914 731 1
912 709 1
910 690 1
911 662 1
912 631 1
913 595 1
914 559 1
913 531 1
909 508 1
903 486 1
895 470 1
884 453 1
871 437 1
858 421 1
847 411 1
835 400 1
825 392 1
817 385 1
808 379 1
799 374 1
791 369 1
775 366 1
751 364 1
721 364 1
689 365 1
661 366 1
644 367 1
632 368 1
624 368 1
616 368 1
604 372 1
585 381 1
554 401 1
526 419 1
501 435 1
485 447 1
474 455 1
464 465 1
450 477 1
428 496 1
398 525 1
366 554 1
347 574 1
333 586 1
328 592 1
325 596 1
323 598 1
321 602 1
316 610 1
304 629 1
284 658 1
261 694 1
242 728 1
230 754 1
223 773 1
221 785 1
219 793 1
216 803 1
209 818 1
198 838 1
187 860 1
178 882 1
172 900 1
169 915 1
166 929 1
163 948 1
159 970 1
152 999 1
143 1028 1
136 1057 1
131 1084 1
133 1105 1
136 1125 1
141 1146 1
146 1166 1
151 1187 1
154 1204 1
157 1223 1
162 1244 1
167 1263 1
172 1280 1
178 1297 1
183 1312 1
190 1325 1
197 1337 1
213 1352 1
243 1364 1
281 1373 1
322 1377 1
354 1378 1
371 1378 1
382 1379 1
386 1379 1
389 1379 1
391 1379 1
394 1380 1
397 1382 1
406 1383 1
424 1384 1
460 1382 1
502 1377 1
545 1374 1
580 1369 1
601 1367 1
615 1366 1
626 1364 1
636 1357 1
651 1344 1
675 1318 1
700 1286 1
725 1256 1
742 1235 1
749 1223 1
752 1216 1
753 1211 1
754 1202 1
760 1188 1
780 1151 1
809 1105 1
842 1056 1
866 1021 1
881 998 1
886 986 1
889 975 1
889 963 1
891 946 1
897 921 1
903 891 1
911 860 1
918 831 1
922 801 1
927 770 1
932 733 1
936 693 1
941 663 1
945 642 1
945 629 1
942 619 1
937 610 1
928 596 1
920 577 1
914 553 1
908 530 1
904 510 1
899 491 1
890 477 1
877 465 1
865 455 1
855 447 1
848 439 1
842 431 1
838 422 1
835 414 1
833 408 1
830 401 1
827 394 1
823 387 1
818 378 1
814 371 1
808 363 1
803 355 1
796 347 1
788 341 1
775 335 1
759 333 1
741 332 1
724 332 1
715 331 1
706 331 1
698 329 1
690 330 1
680 332 1
669 336 1
658 342 1
648 347 1
642 351 1
636 354 1
632 357 1
625 362 1
610 373 1
591 390 1
568 407 1
551 421 1
537 431 1
529 438 1
521 445 1
509 455 1
494 469 1
475 487 1
456 507 1
441 524 1
430 538 1
423 547 1
419 554 1
414 560 1
405 569 1
393 584 1
380 602 1
369 618 1
363 626 1
358 633 1
356 638 1
355 640 1
355 642 1
352 646 1
347 653 1
337 669 1
328 686 1
320 699 1
315 707 1
312 714 1
310 720 1
306 730 1
297 747 1
284 770 1
267 799 1
254 819 1
245 834 1
241 842 1
238 847 1
237 851 1
234 858 1
228 871 1
219 890 1
211 913 1
203 934 1
199 948 1
197 959 1
195 967 1
196 977 1
194 990 1
190 1010 1
182 1037 1
173 1067 1
163 1094 1
158 1115 1
155 1129 1
153 1142 1
153 1152 1
151 1162 1
150 1172 1
148 1180 1
147 1186 1
148 1191 1
150 1196 1
152 1203 1
155 1210 1
159 1222 1
164 1236 1
167 1253 1
170 1275 1
177 1301 1
191 1327 1
209 1350 1
228 1370 1
244 1384 1
258 1394 1
269 1402 1
279 1407 1
285 1410 1
291 1412 1
300 1414 1
310 1415 1
324 1416 1
335 1416 1
345 1416 1
351 1417 1
356 1417 1
359 1418 1
361 1418 1
367 1417 1
380 1415 1
406 1405 1
443 1392 1
477 1381 1
503 1373 1
522 1368 1
532 1366 1
538 1366 1
540 1365 1
544 1365 1
549 1361 1
560 1355 1
577 1345 1
596 1332 1
610 1323 1
620 1317 1
626 1314 1
629 1312 1
633 1309 1
641 1301 1
655 1286 1
673 1270 1
689 1255 1
702 1243 1
710 1236 1
715 1230 1
719 1224 1
724 1216 1
731 1203 1
742 1186 1
753 1168 1
763 1155 1
770 1144 1
773 1138 1
775 1133 1
778 1129 1
781 1122 1
787 1111 1
799 1095 1
810 1078 1
819 1066 1
824 1058 1
827 1053 1
829 1050 1
834 1042 1
841 1029 1
853 1011 1
865 993 1
874 979 1
881 969 1
886 961 1
889 956 1
890 951 1
894 939 1
898 925 1
902 910 1
906 896 1
909 884 1
911 875 1
912 867 1
912 861 1
912 855 1
912 848 1
913 838 1
916 826 1
918 814 1
920 804 1
918 795 1
915 787 1
913 780 1
910 772 1
910 761 1
910 743 1
912 725 1
914 709 1
915 697 1
914 688 1
912 680 1
908 670 1
906 658 1
906 642 1
910 622 1
916 602 1
922 585 1
928 571 1
931 563 1
931 556 1
929 550 1
927 544 1
924 536 1
922 523 1
920 507 1
920 493 1
918 480 1
915 471 1
908 464 1
898 459 1
887 454 1
879 448 1
874 441 1
872 429 1
874 412 1
875 398 1
877 387 1
873 377 1
867 369 1
851 361 1
831 354 1
807 348 1
789 342 1
778 336 1
772 331 1
768 325 1
766 321 1
763 317 1
754 313 1
741 311 1
717 315 1
691 322 1
670 329 1
656 334 1
648 337 1
642 338 1
639 340 1
633 343 1
620 352 1
581 378 1
539 407 1
504 430 1
484 446 1
472 456 1
466 462 1
463 467 1
461 471 1
456 477 1
443 497 1
426 524 1
402 557 1
387 579 1
379 594 1
375 602 1
372 608 1
368 614 1
362 624 1
349 638 1
336 657 1
324 674 1
317 685 1
313 693 1
311 697 1
309 700 1
306 705 1
299 716 1
285 736 1
265 760 1
247 784 1
236 800 1
228 814 1
223 830 1
218 847 1
211 872 1
201 904 1
187 939 1
172 968 1
160 992 1
155 1007 1
153 1020 1
153 1028 1
153 1032 1
154 1037 1
154 1040 1
154 1044 1
153 1048 1
151 1051 1
152 1054 1
150 1057 1
151 1060 1
151 1066 1
149 1076 1
146 1092 1
142 1108 1
139 1119 1
137 1130 1
140 1139 1
144 1148 1
150 1157 1
155 1168 1
159 1183 1
162 1205 1
165 1229 1
168 1254 1
173 1276 1
181 1294 1
188 1308 1
194 1318 1
199 1323 1
201 1327 1
203 1330 1
205 1332 1
210 1334 1
219 1337 1
234 1340 1
247 1342 1
257 1345 1
263 1348 1
268 1350 1
269 1354 1
272 1358 1
275 1364 1
281 1371 1
292 1380 1
305 1389 1
318 1397 1
325 1401 1
331 1406 1
333 1408 1
337 1410 1
339 1412 1
346 1410 1
368 1401 1
412 1380 1
461 1354 1
498 1335 1
522 1323 1
531 1320 1
536 1319 1
538 1319 1
538 1319 1
539 1319 1
542 1318 1
547 1316 1
553 1314 1
558 1314 1
561 1313 1
564 1313 1
571 1310 1
587 1304 1
623 1286 1
666 1265 1
699 1249 1
721 1238 1
734 1233 1
739 1230 1
741 1228 1
742 1228 1
744 1223 1
754 1209 1
773 1183 1
798 1147 1
815 1124 1
826 1110 1
829 1103 1
832 1098 1
832 1097 1
833 1095 1
839 1082 1
852 1058 1
869 1027 1
885 1001 1
895 984 1
899 975 1
901 970 1
901 967 1
902 964 1
905 954 1
912 940 1
925 914 1
935 894 1
943 878 1
947 868 1
950 862 1
951 856 1
954 848 1
957 834 1
962 813 1
965 794 1
966 782 1
964 772 1
962 767 1
959 762 1
957 756 1
958 744 1
963 723 1
970 702 1
974 685 1
975 676 1
972 670 1
967 668 1
964 667 1
961 665 1
961 661 1
963 651 1
970 628 1
977 605 1
982 584 1
984 569 1
982 558 1
980 551 1
973 541 1
967 527 1
960 511 1
957 493 1
954 476 1
953 465 1
951 457 1
951 452 1
949 447 1
947 444 1
946 438 1
944 429 1
945 416 1
945 404 1
942 395 1
937 388 1
929 381 1
921 376 1
913 372 1
908 367 1
903 360 1
900 351 1
897 343 1
894 335 1
889 330 1
878 324 1
861 320 1
838 316 1
819 314 1
806 311 1
799 308 1
796 305 1
792 300 1
791 297 1
789 295 1
784 295 1
771 299 1
740 316 1
702 337 1
669 358 1
641 373 1
626 384 1
617 389 1
610 393 1
607 394 1
605 396 1
602 397 1
593 404 1
566 427 1
533 457 1
503 484 1
484 502 1
472 512 1
466 519 1
463 522 1
461 526 1
458 534 1
443 556 1
420 588 1
392 627 1
376 652 1
364 670 1
360 679 1
357 684 1
356 685 1
354 688 1
349 696 1
336 714 1
317 740 1
298 761 1
283 778 1
276 786 1
273 792 1
272 793 1
272 795 1
270 796 1
269 798 1
263 808 1
251 826 1
241 845 1
232 858 1
227 868 1
226 873 1
224 877 1
223 879 1
221 882 1
213 893 1
193 920 1
169 954 1
154 976 1
144 990 1
141 998 1
145 1001 1
152 1004 1
162 1005 1
169 1006 1
173 1010 1
174 1020 1
167 1036 1
159 1055 1
154 1071 1
151 1082 1
151 1092 1
152 1099 1
155 1105 1
157 1111 1
159 1118 1
160 1124 1
160 1131 1
161 1139 1
161 1145 1
163 1154 1
166 1161 1
171 1169 1
175 1178 1
177 1188 1
179 1201 1
180 1216 1
181 1233 1
184 1249 1
190 1263 1
198 1276 1
207 1288 1
216 1299 1
222 1308 1
226 1317 1
230 1328 1
234 1340 1
240 1355 1
249 1370 1
264 1385 1
282 1397 1
297 1406 1
309 1411 1
318 1416 1
322 1418 1
325 1420 1
328 1421 1
337 1422 1
361 1421 1
394 1417 1
426 1410 1
446 1404 1
460 1400 1
467 1399 1
470 1397 1
473 1396 1
473 1396 1
478 1394 1
489 1389 1
504 1381 1
525 1371 1
542 1363 1
554 1357 1
561 1353 1
566 1350 1
569 1348 1
574 1344 1
587 1334 1
605 1320 1
627 1303 1
645 1288 1
654 1279 1
659 1274 1
663 1271 1
664 1269 1
666 1267 1
668 1262 1
674 1254 1
685 1238 1
696 1223 1
703 1212 1
706 1205 1
708 1200 1
709 1198 1
710 1195 1
714 1187 1
725 1169 1
749 1136 1
774 1106 1
795 1081 1
806 1066 1
811 1057 1
813 1051 1
814 1048 1
814 1044 1
814 1036 1
820 1017 1
832 982 1
847 945 1
860 911 1
865 883 1
865 866 1
863 853 1
860 839 1
862 823 1
868 803 1
879 781 1
890 761 1
898 750 1
903 740 1
905 736 1
906 732 1
908 728 1
911 719 1
919 701 1
933 676 1
947 649 1
956 629 1
961 614 1
963 603 1
963 594 1
961 586 1
961 577 1
959 568 1
960 557 1
959 548 1
958 540 1
954 530 1
949 522 1
943 513 1
937 504 1
934 495 1
929 484 1
927 475 1
924 466 1
918 458 1
912 451 1
905 443 1
897 435 1
893 426 1
887 415 1
884 403 1
879 392 1
875 384 1
869 377 1
861 371 1
852 366 1
843 360 1
835 355 1
828 350 1
822 345 1
816 341 1
806 339 1
786 341 1
746 355 1
699 376 1
664 393 1
643 405 1
637 408 1
633 410 1
633 411 1
633 411 1
632 411 1
631 412 1
625 418 1
610 433 1
587 458 1
559 486 1
535 512 1
517 534 1
505 551 1
496 566 1
491 576 1
488 585 1
485 595 1
482 606 1
475 622 1
465 646 1
451 672 1
440 692 1
432 707 1
427 716 1
422 725 1
414 735 1
398 754 1
378 778 1
356 802 1
337 823 1
329 834 1
324 842 1
321 844 1
319 847 1
315 851 1
307 859 1
289 878 1
269 901 1
252 920 1
245 932 1
241 940 1
240 944 1
238 947 1
237 951 1
235 957 1
230 968 1
220 989 1
207 1011 1
199 1031 1
194 1046 1
194 1055 1
194 1061 1
194 1066 1
194 1072 1
195 1079 1
195 1090 1
197 1102 1
200 1114 1
204 1127 1
210 1137 1
216 1146 1
220 1156 1
225 1168 1
229 1180 1
232 1193 1
236 1208 1
243 1224 1
252 1241 1
269 1258 1
290 1272 1
308 1282 1
318 1289 1
324 1295 1
326 1304 1
328 1312 1
328 1319 1
329 1324 1
332 1329 1
338 1333 1
344 1336 1
351 1339 1
358 1342 1
362 1344 1
365 1346 1
369 1349 1
370 1350 1
375 1352 1
388 1350 1
415 1342 1
457 1327 1
489 1315 1
508 1308 1
518 1304 1
523 1302 1
525 1302 1
526 1302 1
530 1299 1
540 1291 1
563 1272 1
592 1251 1
613 1238 1
628 1229 1
637 1223 1
642 1220 1
645 1218 1
649 1212 1
657 1201 1
672 1183 1
692 1160 1
711 1140 1
724 1127 1
732 1119 1
735 1116 1
738 1113 1
739 1111 1
742 1109 1
747 1103 1
754 1097 1
760 1092 1
765 1087 1
768 1084 1
769 1082 1
771 1080 1
776 1072 1
787 1060 1
810 1033 1
837 1000 1
863 968 1
881 943 1
892 923 1
894 913 1
893 905 1
888 901 1
884 899 1
881 895 1
882 888 1
885 877 1
891 862 1
896 847 1
900 836 1
902 828 1
904 822 1
904 818 1
904 812 1
904 803 1
906 791 1
911 776 1
914 763 1
917 754 1
918 749 1
918 744 1
918 741 1
920 736 1
926 723 1
936 705 1
950 681 1
961 661 1
967 647 1
969 639 1
967 632 1
964 628 1
959 623 1
955 620 1
952 615 1
949 608 1
949 594 1
952 576 1
956 557 1
959 539 1
959 527 1
954 515 1
947 509 1
937 503 1
927 498 1
920 495 1
915 493 1
913 489 1
911 484 1
912 476 1
913 468 1
912 463 1
905 457 1
894 452 1
877 450 1
860 448 1
846 448 1
837 446 1
830 442 1
825 436 1
821 424 1
818 414 1
814 408 1
803 402 1
784 400 1
755 406 1
726 413 1
706 420 1
693 425 1
686 427 1
683 428 1
681 428 1
679 428 1
673 431 1
656 445 1
630 466 1
605 488 1
587 503 1
576 512 1
569 518 1
565 522 1
563 525 1
561 528 1
557 536 1
548 548 1
533 566 1
515 587 1
504 604 1
497 612 1
492 619 1
491 622 1
489 625 1
487 628 1
478 640 1
454 668 1
428 698 1
404 726 1
390 745 1
381 757 1
377 765 1
375 770 1
374 773 1
371 778 1
362 789 1
347 806 1
332 825 1
319 841 1
312 852 1
307 858 1
305 861 1
304 865 1
301 870 1
290 883 1
274 902 1
256 925 1
242 946 1
232 962 1
227 971 1
224 979 1
223 984 1
221 989 1
219 998 1
217 1013 1
215 1028 1
216 1044 1
218 1058 1
221 1068 1
224 1078 1
226 1086 1
228 1097 1
228 1110 1
227 1124 1
227 1142 1
232 1161 1
238 1178 1
247 1192 1
256 1204 1
265 1218 1
272 1232 1
278 1246 1
282 1259 1
287 1270 1
295 1281 1
307 1291 1
325 1297 1
345 1302 1
358 1306 1
368 1307 1
375 1309 1
379 1310 1
383 1312 1
392 1314 1
411 1316 1
446 1313 1
483 1308 1
505 1303 1
516 1301 1
523 1301 1
527 1300 1
529 1300 1
533 1297 1
544 1289 1
564 1274 1
589 1256 1
610 1242 1
627 1230 1
638 1221 1
648 1214 1
659 1205 1
677 1192 1
699 1174 1
720 1156 1
734 1143 1
744 1133 1
748 1129 1
751 1125 1
755 1119 1
765 1107 1
790 1080 1
820 1047 1
847 1015 1
865 994 1
875 980 1
880 972 1
883 969 1
884 964 1
886 956 1
890 941 1
899 918 1
908 892 1
917 869 1
924 851 1
930 837 1
937 818 1
951 788 1
968 747 1
986 704 1
996 674 1
1001 656 1
991 649 1
973 649 1
950 655 1
930 658 1
921 658 1
920 645 1
928 620 1
947 580 1
962 544 1
973 517 1
976 495 1
974 483 1
967 471 1
955 459 1
940 444 1
924 429 1
909 414 1
893 400 1
874 389 1
852 381 1
821 375 1
789 373 1
763 371 1
747 372 1
738 372 1
733 371 1
730 369 1
717 373 1
686 394 1
633 431 1
564 481 1
512 523 1
488 547 1
475 560 1
471 566 1
469 569 1
470 570 1
470 571 1
470 572 1
461 584 1
439 611 1
405 653 1
373 693 1
351 720 1
339 735 1
333 744 1
329 749 1
326 755 1
322 763 1
312 777 1
289 805 1
263 835 1
242 865 1
228 886 1
221 899 1
217 906 1
215 911 1
215 916 1
213 919 1
211 927 1
208 936 1
204 950 1
200 965 1
197 976 1
197 986 1
197 995 1
197 1003 1
198 1012 1
198 1023 1
199 1035 1
199 1048 1
197 1065 1
195 1084 1
195 1102 1
196 1118 1
202 1130 1
210 1142 1
216 1149 1
221 1155 1
225 1161 1
228 1168 1
231 1177 1
233 1191 1
235 1210 1
238 1231 1
243 1248 1
250 1261 1
258 1273 1
264 1284 1
270 1293 1
273 1302 1
277 1311 1
280 1318 1
287 1328 1
297 1334 1
311 1340 1
327 1344 1
343 1347 1
354 1347 1
362 1348 1
368 1348 1
373 1348 1
379 1348 1
391 1345 1
408 1341 1
428 1335 1
444 1330 1
455 1325 1
461 1323 1
465 1321 1
473 1318 1
485 1312 1
506 1303 1
531 1292 1
548 1283 1
562 1276 1
568 1273 1
574 1270 1
579 1266 1
591 1257 1
616 1238 1
651 1212 1
684 1189 1
704 1175 1
718 1165 1
723 1162 1
728 1158 1
730 1155 1
729 1157 0
850 1004 1
850 1003 1
850 1003 1
850 1001 1
853 996 1
864 981 1
881 955 1
903 917 1
921 882 1
933 854 1
938 836 1
940 821 1
938 807 1
938 790 1
938 763 1
946 719 1
963 670 1
976 633 1
982 610 1
981 600 1
979 592 1
977 585 1
969 577 1
959 560 1
951 538 1
946 511 1
944 485 1
938 461 1
923 439 1
897 420 1
861 413 1
826 410 1
798 410 1
778 409 1
766 407 1
758 405 1
752 402 1
739 402 1
711 407 1
650 437 1
585 476 1
528 512 1
497 536 1
478 551 1
471 557 1
468 560 1
467 561 1
467 563 1
458 573 1
433 599 1
398 635 1
360 675 1
335 702 1
323 715 1
317 724 1
315 727 1
313 731 1
311 736 1
305 747 1
275 796 1
262 821 1
254 840 1
251 854 1
250 877 1
250 893 1
245 917 1
237 946 1
228 979 1
222 1008 1
220 1030 1
221 1048 1
225 1062 1
229 1073 1
235 1093 1
237 1106 1
237 1118 1
249 1146 1
265 1161 1
281 1174 1
295 1184 1
304 1193 1
311 1203 1
319 1225 1
328 1239 1
360 1269 1
379 1280 1
391 1290 1
400 1298 1
406 1307 1
409 1316 1
413 1324 1
419 1331 1
430 1337 1
449 1340 1
472 1341 1
491 1340 1
505 1340 1
514 1339 1
519 1339 1
521 1339 1
524 1338 1
530 1334 1
554 1318 1
601 1284 1
663 1234 1
721 1187 1
759 1154 1
781 1135 1
791 1124 1
796 1119 1
798 1115 1
801 1109 1
810 1092 1
835 1051 1
870 995 1
898 947 1
914 913 1
920 892 1
919 880 1
916 870 1
913 859 1
910 841 1
918 806 1
932 761 1
951 713 1
959 676 1
961 649 1
954 630 1
943 614 1
933 599 1
924 584 1
919 559 1
918 530 1
918 503 1
915 481 1
907 464 1
887 453 1
861 447 1
826 447 1
795 447 1
776 445 1
762 441 1
751 433 1
744 427 1
734 422 1
703 426 1
650 447 1
565 495 1
498 540 1
452 574 1
427 594 1
417 602 1
413 606 1
411 608 1
409 611 1
399 621 1
374 648 1
328 701 1
286 752 1
250 801 1
234 834 1
230 853 1
228 865 1
230 878 1
228 894 1
224 915 1
214 946 1
199 984 1
187 1020 1
180 1047 1
180 1064 1
185 1074 1
190 1081 1
196 1087 1
199 1093 1
200 1098 1
201 1105 1
203 1114 1
206 1123 1
206 1121 0
292 1179 1
292 1179 1
292 1180 1
293 1184 1
294 1187 1
295 1194 1
295 1199 1
299 1205 1
306 1213 1
314 1221 1
324 1231 1
333 1240 1
340 1248 1
346 1254 1
353 1260 1
365 1267 1
384 1275 1
407 1281 1
445 1288 1
459 1289 1
468 1291 1
473 1291 1
479 1292 1
487 1293 1
503 1294 1
528 1294 1
572 1285 1
611 1270 1
642 1255 1
667 1243 1
683 1233 1
695 1227 1
702 1221 1
710 1210 1
725 1187 1
751 1145 1
783 1089 1
813 1030 1
838 973 1
859 920 1
878 874 1
891 843 1
903 816 1
911 792 1
917 773 1
922 754 1
926 736 1
931 718 1
933 695 1
934 670 1
935 639 1
932 609 1
929 578 1
925 554 1
921 535 1
913 521 1
902 506 1
877 498 1
837 498 1
792 502 1
762 506 1
742 509 1
734 505 1
732 497 1
738 473 1
747 448 1
750 428 1
744 416 1
729 412 1
695 421 1
646 442 1
593 469 1
549 491 1
521 506 1
507 514 1
498 519 1
495 520 1
493 521 1
493 522 1
490 523 1
472 540 1
439 573 1
387 627 1
344 678 1
316 718 1
305 742 1
297 762 1
297 771 1
295 779 1
291 788 1
282 807 1
259 849 1
236 900 1
218 949 1
208 983 1
205 1007 1
205 1021 1
207 1031 1
212 1041 1
215 1050 1
217 1068 1
214 1090 1
207 1118 1
200 1146 1
196 1168 1
203 1186 1
220 1197 1
249 1202 1
275 1206 1
291 1208 1
298 1211 1
303 1214 1
304 1221 1
306 1229 1
309 1240 1
316 1250 1
328 1261 1
344 1271 1
359 1281 1
370 1290 1
378 1298 1
383 1311 1
387 1322 1
390 1331 1
399 1338 1
419 1341 1
467 1330 1
520 1314 1
564 1303 1
592 1297 1
603 1295 1
609 1295 1
612 1295 1
613 1295 1
614 1295 1
619 1292 1
629 1286 1
644 1274 1
658 1263 1
669 1254 1
677 1247 1
685 1241 1
697 1224 1
718 1197 1
750 1155 1
783 1109 1
803 1077 1
815 1055 1
819 1042 1
819 1035 1
816 1029 1
815 1019 1
816 1002 1
832 967 1
860 919 1
898 861 1
930 808 1
954 766 1
966 737 1
975 715 1
975 701 1
975 690 1
972 681 1
969 669 1
963 650 1
958 617 1
955 579 1
955 541 1
956 510 1
952 490 1
942 474 1
927 461 1
904 452 1
882 444 1
868 439 1
858 434 1
855 427 1
854 415 1
855 402 1
852 391 1
842 384 1
804 388 1
746 410 1
669 453 1
605 492 1
560 521 1
536 536 1
523 546 1
519 549 1
517 551 1
517 552 1
515 555 1
499 576 1
460 623 1
402 694 1
364 747 1
339 788 1
327 813 1
321 828 1
319 836 1
317 842 1
314 851 1
308 867 1
296 889 1
283 916 1
271 941 1
266 959 1
263 972 1
261 981 1
258 992 1
255 1006 1
247 1029 1
238 1058 1
232 1087 1
230 1112 1
236 1129 1
244 1144 1
253 1156 1
258 1167 1
262 1182 1
263 1199 1
261 1221 1
263 1244 1
269 1267 1
283 1288 1
298 1307 1
313 1321 1
327 1332 1
337 1341 1
345 1347 1
352 1353 1
363 1359 1
381 1365 1
411 1367 1
452 1354 1
499 1331 1
539 1306 1
573 1283 1
596 1265 1
618 1248 1
642 1229 1
665 1211 1
681 1195 1
691 1186 1
696 1179 1
699 1176 1
702 1170 1
714 1146 1
736 1106 1
766 1053 1
795 1002 1
814 962 1
822 933 1
825 915 1
826 902 1
826 890 1
836 866 1
862 828 1
902 773 1
942 719 1
967 683 1
977 664 1
979 649 1
974 640 1
965 629 1
951 617 1
931 595 1
913 568 1
899 528 1
888 484 1
879 444 1
867 409 1
854 386 1
842 368 1
826 357 1
806 350 1
779 351 1
728 364 1
664 392 1
587 440 1
511 495 1
459 540 1
422 584 1
398 623 1
380 658 1
362 695 1
336 743 1
309 796 1
267 880 1
268 880 0
