593 1007 1
593 1007 1
593 1007 1
593 1007 1
593 1007 1
593 1007 1
593 1007 1
591 1005 1
590 1004 1
589 1001 1
587 997 1
585 993 1
586 990 1
586 987 1
587 983 1
588 980 1
592 977 1
595 974 1
600 971 1
603 969 1
608 968 1
611 968 1
616 970 1
620 972 1
623 976 1
625 980 1
627 985 1
627 991 1
627 997 1
624 1004 1
623 1008 1
620 1013 1
617 1018 1
614 1021 1
612 1023 1
609 1025 1
606 1027 1
601 1029 1
596 1031 1
590 1033 1
584 1034 1
579 1034 1
573 1032 1
567 1030 1
560 1027 1
554 1021 1
548 1016 1
544 1010 1
540 1003 1
537 997 1
536 991 1
536 984 1
536 976 1
539 969 1
542 962 1
545 955 1
550 950 1
556 944 1
563 939 1
571 932 1
578 927 1
584 922 1
587 919 1
590 917 1
593 915 1
594 914 1
596 912 1
597 910 1
599 910 1
603 908 1
609 907 1
617 905 1
625 904 1
631 904 1
635 904 1
638 904 1
641 905 1
642 905 1
646 907 1
649 909 1
654 912 1
660 916 1
663 921 1
666 924 1
669 927 1
672 932 1
675 936 1
680 943 1
686 951 1
690 959 1
694 966 1
697 973 1
699 981 1
701 989 1
704 996 1
707 1004 1
709 1011 1
711 1019 1
713 1027 1
713 1033 1
713 1041 1
713 1047 1
712 1051 1
712 1055 1
710 1058 1
707 1065 1
689 1084 1
677 1094 1
666 1102 1
661 1106 1
656 1109 1
654 1110 1
650 1112 1
643 1113 1
628 1113 1
609 1111 1
584 1110 1
563 1107 1
548 1105 1
536 1103 1
528 1102 1
520 1099 1
515 1096 1
509 1094 1
505 1091 1
500 1088 1
493 1084 1
484 1079 1
475 1073 1
465 1065 1
458 1058 1
453 1053 1
448 1047 1
443 1041 1
436 1034 1
430 1028 1
424 1022 1
419 1014 1
415 1007 1
412 998 1
410 990 1
410 980 1
408 972 1
404 965 1
397 958 1
391 953 1
386 948 1
383 944 1
383 939 1
383 931 1
384 924 1
385 918 1
385 911 1
386 903 1
385 896 1
385 888 1
384 881 1
383 872 1
383 864 1
384 854 1
385 844 1
386 833 1
387 824 1
388 816 1
388 811 1
389 807 1
390 802 1
393 796 1
397 788 1
404 780 1
410 773 1
415 767 1
419 763 1
421 760 1
424 758 1
430 755 1
438 752 1
451 748 1
466 745 1
478 743 1
486 741 1
491 741 1
494 741 1
498 741 1
501 741 1
508 742 1
517 743 1
526 746 1
534 748 1
539 750 1
543 751 1
546 753 1
550 755 1
557 757 1
568 761 1
581 764 1
592 768 1
599 770 1
603 773 1
605 774 1
607 776 1
610 778 1
614 779 1
623 782 1
636 787 1
650 792 1
659 795 1
666 798 1
670 800 1
672 802 1
674 804 1
676 805 1
679 807 1
687 810 1
697 815 1
709 819 1
716 823 1
722 827 1
726 829 1
728 832 1
729 834 1
732 837 1
735 842 1
740 847 1
747 855 1
751 862 1
754 870 1
755 880 1
756 889 1
756 899 1
759 909 1
767 918 1
775 926 1
782 931 1
787 937 1
790 941 1
791 945 1
791 950 1
791 953 1
792 957 1
793 961 1
796 967 1
798 973 1
801 979 1
801 987 1
799 998 1
796 1009 1
795 1019 1
795 1027 1
796 1034 1
797 1039 1
799 1044 1
800 1048 1
800 1051 1
800 1055 1
800 1059 1
800 1062 1
800 1066 1
802 1070 1
804 1077 1
807 1083 1
809 1091 1
810 1098 1
809 1108 1
807 1119 1
802 1129 1
799 1138 1
797 1144 1
797 1149 1
797 1152 1
797 1154 1
796 1157 1
795 1161 1
789 1169 1
777 1179 1
764 1188 1
756 1195 1
750 1199 1
747 1202 1
745 1203 1
743 1205 1
741 1205 1
733 1208 1
722 1210 1
706 1213 1
693 1215 1
684 1216 1
679 1218 1
675 1218 1
670 1219 1
661 1220 1
644 1220 1
623 1220 1
599 1220 1
576 1221 1
560 1222 1
546 1222 1
532 1220 1
520 1220 1
508 1218 1
494 1218 1
480 1216 1
470 1216 1
461 1216 1
454 1214 1
449 1212 1
445 1210 1
441 1208 1
432 1205 1
417 1202 1
401 1199 1
388 1194 1
376 1190 1
368 1185 1
360 1180 1
355 1174 1
350 1170 1
344 1165 1
338 1160 1
330 1153 1
323 1146 1
316 1136 1
312 1128 1
309 1118 1
305 1107 1
303 1097 1
299 1087 1
295 1077 1
292 1069 1
289 1062 1
287 1053 1
288 1043 1
289 1033 1
289 1024 1
288 1016 1
286 1008 1
284 1001 1
282 991 1
282 979 1
282 964 1
283 945 1
285 927 1
287 911 1
285 898 1
282 888 1
278 881 1
275 874 1
273 871 1
271 866 1
271 862 1
271 853 1
272 844 1
273 831 1
275 820 1
276 805 1
278 794 1
278 785 1
279 779 1
279 775 1
280 770 1
284 764 1
294 751 1
309 735 1
328 716 1
341 701 1
348 692 1
353 686 1
356 682 1
357 681 1
359 678 1
364 676 1
375 672 1
391 666 1
407 660 1
415 658 1
422 655 1
425 654 1
427 654 1
430 654 1
438 653 1
455 650 1
479 647 1
500 644 1
516 644 1
524 644 1
529 645 1
533 646 1
536 647 1
544 648 1
557 650 1
575 651 1
591 654 1
602 657 1
608 658 1
611 660 1
614 661 1
617 663 1
627 666 1
641 672 1
662 679 1
680 686 1
693 691 1
702 696 1
708 701 1
713 706 1
718 711 1
726 717 1
738 724 1
756 736 1
771 746 1
783 757 1
791 766 1
795 774 1
798 779 1
801 784 1
805 788 1
809 792 1
812 796 1
815 800 1
818 805 1
821 811 1
825 819 1
834 829 1
846 842 1
862 857 1
878 873 1
888 887 1
894 898 1
897 907 1
899 913 1
902 919 1
905 924 1
910 929 1
914 935 1
918 942 1
921 948 1
921 957 1
921 966 1
920 975 1
920 985 1
923 993 1
926 1002 1
933 1011 1
938 1021 1
942 1030 1
944 1037 1
946 1043 1
947 1049 1
948 1051 1
950 1057 1
951 1060 1
954 1064 1
955 1068 1
956 1071 1
956 1077 1
957 1084 1
959 1092 1
961 1101 1
965 1112 1
968 1124 1
969 1136 1
968 1151 1
962 1170 1
954 1186 1
946 1201 1
941 1212 1
939 1221 1
940 1227 1
940 1233 1
942 1238 1
942 1241 1
939 1246 1
937 1251 1
931 1258 1
926 1264 1
922 1269 1
919 1273 1
918 1275 1
915 1280 1
908 1286 1
893 1298 1
863 1316 1
832 1332 1
810 1342 1
800 1348 1
793 1351 1
791 1352 1
789 1353 1
788 1354 1
785 1354 1
780 1356 1
772 1357 1
762 1359 1
751 1361 1
741 1363 1
732 1365 1
724 1367 1
711 1368 1
691 1369 1
668 1371 1
640 1372 1
617 1374 1
604 1375 1
595 1375 1
590 1374 1
585 1374 1
583 1372 1
580 1373 1
576 1371 1
572 1370 1
569 1367 1
566 1365 1
563 1362 1
562 1358 1
560 1355 1
558 1353 1
557 1352 1
556 1352 1
556 1351 1
554 1351 1
551 1351 1
544 1351 1
535 1350 1
521 1347 1
504 1341 1
488 1335 1
475 1330 1
464 1325 1
456 1323 1
446 1322 1
436 1323 1
421 1327 1
407 1331 1
394 1334 1
384 1334 1
376 1334 1
371 1330 1
366 1325 1
364 1320 1
359 1315 1
352 1309 1
339 1300 1
323 1290 1
305 1278 1
290 1267 1
281 1255 1
273 1242 1
269 1223 1
269 1201 1
268 1176 1
262 1152 1
252 1132 1
235 1118 1
218 1107 1
205 1098 1
199 1087 1
198 1073 1
202 1052 1
212 1023 1
220 993 1
224 969 1
220 949 1
211 931 1
196 918 1
182 908 1
173 900 1
168 893 1
168 882 1
175 864 1
188 840 1
200 817 1
211 790 1
215 774 1
214 760 1
212 751 1
207 741 1
203 732 1
205 717 1
212 695 1
236 660 1
262 624 1
279 600 1
288 584 1
291 576 1
289 572 1
287 569 1
287 567 1
287 564 1
290 558 1
300 548 1
322 530 1
347 509 1
370 490 1
387 477 1
399 468 1
407 463 1
415 460 1
422 459 1
430 459 1
440 460 1
454 464 1
470 471 1
494 482 1
523 493 1
557 504 1
597 514 1
626 523 1
649 530 1
666 538 1
676 545 1
683 552 1
691 559 1
702 567 1
723 579 1
748 592 1
779 609 1
800 625 1
812 637 1
818 648 1
821 659 1
824 670 1
830 682 1
841 694 1
860 709 1
881 720 1
898 729 1
913 737 1
920 744 1
925 749 1
929 756 1
932 763 1
936 773 1
944 785 1
954 800 1
965 818 1
976 835 1
983 849 1
987 864 1
988 877 1
989 890 1
990 900 1
991 907 1
993 914 1
996 921 1
999 928 1
1001 935 1
1003 943 1
1004 953 1
1005 962 1
1007 971 1
1008 980 1
1011 988 1
1013 997 1
1015 1005 1
1016 1012 1
1016 1017 1
1016 1022 1
1016 1026 1
1017 1030 1
1017 1035 1
1018 1040 1
1019 1046 1
1019 1054 1
1017 1062 1
1016 1078 1
1014 1096 1
1013 1114 1
1013 1130 1
1013 1143 1
1013 1154 1
1013 1165 1
1011 1178 1
1009 1188 1
1008 1195 1
1006 1201 1
1006 1205 1
1005 1209 1
1003 1213 1
1002 1218 1
999 1226 1
994 1236 1
991 1245 1
988 1251 1
986 1257 1
985 1262 1
982 1269 1
978 1280 1
970 1293 1
959 1309 1
949 1321 1
943 1330 1
939 1335 1
938 1338 1
936 1341 1
935 1343 1
929 1347 1
917 1356 1
896 1370 1
874 1384 1
856 1395 1
844 1402 1
837 1406 1
832 1408 1
830 1410 1
827 1411 1
824 1412 1
819 1413 1
812 1414 1
804 1415 1
798 1416 1
794 1416 1
791 1417 1
787 1417 1
777 1418 1
749 1420 1
712 1424 1
669 1428 1
641 1431 1
628 1431 1
620 1432 1
616 1432 1
615 1432 1
613 1432 1
609 1432 1
603 1433 1
594 1434 1
584 1435 1
578 1436 1
574 1436 1
570 1436 1
566 1436 1
558 1436 1
538 1434 1
508 1432 1
478 1430 1
456 1429 1
441 1427 1
434 1426 1
431 1424 1
428 1424 1
425 1422 1
418 1418 1
410 1413 1
395 1404 1
381 1393 1
370 1383 1
362 1371 1
355 1358 1
350 1345 1
344 1335 1
337 1328 1
327 1320 1
318 1315 1
310 1309 1
303 1303 1
297 1295 1
290 1285 1
280 1273 1
265 1261 1
243 1251 1
222 1242 1
210 1235 1
202 1223 1
199 1207 1
204 1182 1
214 1154 1
212 1161 0
