1033 464 1
1033 464 1
1033 464 1
1033 464 1
1033 464 1
1032 464 1
1030 465 1
1030 467 1
1028 470 1
1028 472 1
1026 474 1
1026 476 1
1026 479 1
1024 482 1
1022 487 1
1021 493 1
1020 499 1
1018 507 1
1016 515 1
1013 522 1
1012 531 1
1009 537 1
1009 543 1
1007 548 1
1007 554 1
1006 560 1
1006 566 1
1005 573 1
1005 581 1
1005 588 1
1005 594 1
1004 601 1
1004 608 1
1004 615 1
1004 623 1
1004 631 1
1004 638 1
1004 646 1
1004 653 1
1004 659 1
1004 664 1
1004 668 1
1004 675 1
1004 683 1
1005 693 1
1005 702 1
1006 711 1
1006 719 1
1007 727 1
1007 734 1
1007 739 1
1008 745 1
1008 750 1
1008 757 1
1008 761 1
1008 768 1
1008 774 1
1008 779 1
1008 785 1
1008 791 1
1008 795 1
1007 800 1
1005 808 1
1004 816 1
1001 826 1
995 833 1
988 841 1
979 848 1
969 853 1
957 857 1
946 858 1
937 859 1
930 859 1
924 857 1
922 858 1
919 856 1
917 855 1
917 855 1
916 853 1
916 853 1
917 853 1
917 851 1
917 849 1
917 849 1
917 847 1
917 846 1
917 846 1
917 844 1
918 843 1
919 841 1
919 838 1
921 833 1
922 830 1
924 827 1
925 826 1
926 824 1
926 824 1
927 824 1
927 824 1
927 824 1
927 824 1
927 824 1
927 824 1
929 827 1
930 836 1
932 845 1
934 854 1
937 862 1
942 871 1
947 880 1
950 887 1
953 895 1
955 902 1
955 910 1
955 919 1
955 928 1
953 939 1
954 950 1
952 971 1
945 988 1
936 1008 1
924 1030 1
910 1050 1
901 1062 1
896 1070 1
892 1077 1
889 1083 1
887 1091 1
883 1099 1
874 1120 1
877 1114 0
825 487 1
825 487 1
825 487 1
823 487 1
823 487 1
821 489 1
820 491 1
818 495 1
817 497 1
814 501 1
812 505 1
811 509 1
809 513 1
809 519 1
807 524 1
807 528 1
805 534 1
802 541 1
801 547 1
798 554 1
798 560 1
796 567 1
796 575 1
796 582 1
796 590 1
796 598 1
796 609 1
797 619 1
797 631 1
797 643 1
798 655 1
798 666 1
798 674 1
798 683 1
798 689 1
798 697 1
799 704 1
800 710 1
801 715 1
802 719 1
802 724 1
802 729 1
802 734 1
803 741 1
803 748 1
803 755 1
804 762 1
804 768 1
804 773 1
805 779 1
805 784 1
806 790 1
807 794 1
808 801 1
809 807 1
811 812 1
812 817 1
814 821 1
814 825 1
815 829 1
816 834 1
817 839 1
819 845 1
819 850 1
820 855 1
820 861 1
820 866 1
820 870 1
820 875 1
820 880 1
819 883 1
819 887 1
818 889 1
818 892 1
817 893 1
817 895 1
816 896 1
814 897 1
812 900 1
809 905 1
798 912 1
784 918 1
773 922 1
764 925 1
757 927 1
749 928 1
741 929 1
735 929 1
730 928 1
725 928 1
720 926 1
714 924 1
709 923 1
705 920 1
702 916 1
700 911 1
699 906 1
699 900 1
700 894 1
700 888 1
702 883 1
702 879 1
704 876 1
704 875 1
705 873 1
706 874 1
706 874 1
706 874 1
706 874 1
707 876 1
709 884 1
712 896 1
717 907 1
723 918 1
728 928 1
735 939 1
740 948 1
743 958 1
746 965 1
747 975 1
748 985 1
749 993 1
747 1003 1
748 1014 1
747 1027 1
745 1039 1
744 1051 1
741 1075 1
729 1095 1
713 1123 1
697 1149 1
698 1149 0
614 503 1
614 503 1
614 503 1
613 503 1
612 504 1
609 507 1
606 513 1
600 521 1
594 530 1
590 539 1
586 545 1
584 550 1
584 553 1
583 557 1
581 560 1
582 564 1
582 570 1
580 576 1
581 585 1
579 592 1
580 600 1
580 605 1
580 610 1
580 614 1
581 618 1
582 624 1
583 630 1
584 639 1
586 649 1
586 661 1
589 674 1
592 685 1
595 695 1
596 702 1
598 710 1
599 718 1
600 726 1
600 734 1
601 742 1
601 750 1
602 758 1
602 767 1
603 774 1
603 784 1
604 793 1
605 803 1
607 814 1
608 824 1
609 834 1
610 845 1
612 854 1
612 864 1
613 874 1
614 881 1
614 887 1
615 892 1
615 898 1
615 905 1
609 916 1
600 926 1
589 933 1
578 940 1
569 943 1
562 944 1
555 946 1
549 946 1
546 946 1
543 945 1
541 943 1
541 941 1
541 937 1
541 931 1
542 924 1
544 918 1
544 915 1
545 913 1
545 911 1
546 909 1
546 909 1
546 909 1
546 909 1
546 909 1
547 910 1
549 910 1
554 912 1
560 916 1
568 923 1
577 933 1
584 943 1
589 955 1
592 968 1
594 979 1
595 995 1
592 1011 1
583 1031 1
567 1061 1
546 1097 1
524 1133 1
503 1170 1
507 1164 0
371 546 1
370 546 1
370 546 1
370 547 1
368 550 1
368 553 1
366 558 1
364 562 1
363 569 1
361 575 1
360 581 1
360 587 1
360 593 1
361 598 1
363 603 1
364 608 1
366 612 1
368 617 1
370 623 1
371 628 1
373 634 1
374 639 1
376 645 1
378 650 1
380 654 1
382 659 1
385 664 1
388 670 1
391 674 1
394 679 1
396 685 1
399 693 1
401 700 1
402 708 1
404 713 1
404 719 1
406 722 1
407 727 1
409 730 1
410 735 1
412 740 1
414 745 1
415 750 1
417 754 1
417 759 1
419 764 1
420 769 1
421 776 1
423 780 1
424 786 1
426 794 1
426 803 1
428 813 1
429 824 1
430 834 1
430 843 1
430 851 1
429 858 1
429 865 1
427 869 1
426 875 1
424 880 1
423 885 1
421 889 1
418 894 1
415 899 1
411 903 1
407 907 1
405 911 1
403 913 1
401 916 1
400 919 1
398 921 1
397 924 1
395 927 1
394 930 1
392 933 1
389 936 1
385 937 1
378 939 1
372 940 1
366 940 1
361 940 1
356 940 1
353 938 1
351 939 1
348 936 1
346 936 1
344 934 1
344 931 1
342 926 1
343 921 1
341 913 1
343 908 1
343 903 1
345 898 1
346 895 1
347 892 1
348 891 1
350 891 1
351 890 1
353 890 1
354 891 1
357 892 1
368 896 1
379 907 1
388 920 1
397 937 1
405 954 1
409 973 1
412 993 1
413 1018 1
412 1039 1
412 1053 1
411 1061 1
411 1066 1
410 1070 1
410 1073 1
410 1075 1
410 1076 1
410 1076 0
