41 1300 1
41 1300 1
41 1300 1
41 1300 1
41 1298 1
42 1295 1
43 1289 1
46 1277 1
49 1261 1
54 1241 1
58 1220 1
63 1198 1
69 1174 1
75 1150 1
86 1115 1
93 1094 1
101 1065 1
109 1038 1
118 1011 1
127 985 1
132 957 1
135 931 1
137 907 1
140 883 1
141 861 1
141 839 1
141 824 1
141 812 1
141 802 1
141 791 1
140 782 1
139 774 1
137 765 1
136 757 1
133 750 1
129 745 1
124 742 1
121 740 1
118 738 1
112 740 1
105 745 1
98 757 1
92 773 1
85 792 1
83 807 1
81 818 1
81 823 1
81 828 1
81 832 1
81 836 1
81 839 1
81 842 1
81 845 1
81 849 1
81 852 1
83 862 1
89 872 1
94 882 1
100 897 1
104 913 1
106 927 1
109 946 1
114 959 1
117 973 1
119 985 1
124 1007 1
126 1022 1
126 1032 1
127 1041 1
127 1049 1
128 1056 1
128 1066 1
129 1080 1
130 1093 1
131 1106 1
133 1117 1
135 1129 1
139 1142 1
146 1156 1
152 1171 1
157 1183 1
161 1194 1
165 1204 1
168 1214 1
171 1226 1
174 1236 1
177 1246 1
179 1253 1
181 1258 1
182 1263 1
183 1266 1
184 1268 1
184 1270 1
185 1272 1
186 1273 1
187 1275 1
189 1276 1
192 1277 1
197 1277 1
201 1274 1
205 1269 1
212 1259 1
218 1248 1
224 1233 1
230 1218 1
236 1200 1
240 1182 1
245 1166 1
248 1147 1
250 1131 1
252 1116 1
254 1097 1
257 1077 1
261 1049 1
264 1021 1
266 994 1
268 966 1
267 936 1
264 903 1
260 878 1
254 861 1
249 850 1
244 844 1
236 842 1
227 845 1
215 851 1
204 863 1
193 880 1
188 898 1
183 915 1
185 928 1
187 938 1
190 945 1
193 951 1
195 955 1
197 960 1
200 965 1
201 971 1
204 977 1
206 988 1
209 1002 1
212 1022 1
216 1046 1
222 1072 1
229 1101 1
235 1124 1
240 1144 1
245 1166 1
248 1184 1
250 1203 1
253 1222 1
257 1242 1
261 1263 1
267 1283 1
273 1304 1
277 1323 1
282 1343 1
287 1363 1
290 1377 1
292 1387 1
293 1394 1
294 1399 1
295 1401 1
296 1403 1
297 1405 1
298 1406 1
301 1404 1
306 1400 1
312 1393 1
319 1381 1
327 1367 1
331 1352 1
333 1339 1
336 1325 1
337 1309 1
340 1291 1
345 1268 1
349 1243 1
358 1211 1
367 1180 1
377 1145 1
386 1112 1
394 1078 1
398 1049 1
399 1024 1
399 994 1
398 963 1
397 934 1
395 903 1
392 872 1
390 851 1
388 830 1
386 818 1
383 808 1
378 804 1
370 801 1
357 803 1
344 807 1
333 813 1
326 817 1
321 822 1
318 824 1
318 827 1
317 828 1
318 829 1
318 830 1
319 832 1
319 834 1
319 836 1
320 839 1
320 844 1
320 850 1
321 855 1
323 863 1
327 869 1
330 876 1
334 882 1
336 890 1
339 899 1
340 908 1
343 920 1
345 932 1
350 945 1
354 958 1
358 970 1
362 981 1
365 992 1
368 1004 1
370 1015 1
372 1029 1
374 1039 1
376 1050 1
379 1063 1
381 1077 1
384 1093 1
385 1106 1
387 1121 1
390 1130 1
395 1141 1
400 1155 1
404 1167 1
408 1177 1
411 1186 1
413 1194 1
414 1201 1
415 1206 1
417 1214 1
418 1221 1
420 1235 1
421 1256 1
419 1289 1
415 1329 1
410 1367 1
407 1397 1
404 1416 1
404 1429 1
404 1437 1
405 1443 1
406 1446 1
407 1448 1
410 1449 1
413 1449 1
420 1445 1
428 1439 1
439 1428 1
456 1409 1
474 1386 1
493 1358 1
511 1329 1
530 1293 1
545 1259 1
557 1228 1
565 1201 1
572 1176 1
575 1154 1
577 1134 1
575 1118 1
572 1102 1
566 1082 1
561 1061 1
555 1039 1
549 1017 1
544 995 1
541 972 1
539 949 1
537 925 1
532 900 1
529 877 1
522 855 1
515 837 1
506 826 1
498 816 1
490 811 1
482 809 1
477 809 1
471 810 1
467 813 1
460 821 1
454 834 1
448 854 1
443 878 1
442 902 1
443 924 1
449 944 1
455 958 1
463 969 1
469 977 1
473 983 1
477 987 1
479 990 1
481 993 1
482 997 1
484 1002 1
485 1009 1
488 1019 1
490 1029 1
493 1039 1
496 1048 1
500 1059 1
503 1071 1
506 1084 1
509 1100 1
512 1121 1
515 1146 1
519 1170 1
523 1190 1
526 1202 1
528 1210 1
531 1215 1
532 1218 1
534 1221 1
535 1223 1
536 1226 1
537 1230 1
538 1237 1
538 1244 1
538 1255 1
538 1267 1
536 1283 1
536 1300 1
536 1314 1
536 1326 1
537 1335 1
538 1340 1
539 1345 1
539 1349 1
540 1352 1
540 1355 1
541 1359 1
541 1362 1
541 1365 1
542 1370 1
542 1375 1
542 1382 1
542 1389 1
542 1395 1
541 1400 1
541 1405 1
543 1412 1
546 1419 1
550 1425 1
557 1431 1
565 1435 1
573 1436 1
581 1436 1
589 1434 1
599 1427 1
608 1418 1
619 1404 1
629 1391 1
640 1374 1
649 1357 1
652 1344 1
656 1331 1
657 1321 1
658 1311 1
656 1299 1
656 1285 1
656 1270 1
657 1250 1
660 1228 1
665 1204 1
669 1181 1
674 1159 1
678 1137 1
681 1116 1
681 1098 1
679 1082 1
675 1065 1
669 1050 1
661 1035 1
654 1021 1
646 1007 1
641 992 1
636 976 1
633 958 1
630 938 1
628 918 1
625 897 1
621 878 1
616 864 1
610 852 1
602 843 1
595 836 1
587 833 1
582 830 1
576 830 1
572 830 1
569 830 1
567 831 1
565 833 1
564 836 1
564 840 1
563 844 1
564 850 1
566 860 1
568 871 1
570 883 1
572 892 1
574 902 1
576 910 1
580 920 1
584 932 1
587 944 1
590 955 1
593 967 1
595 977 1
597 985 1
599 995 1
600 1004 1
602 1013 1
605 1023 1
607 1033 1
610 1042 1
612 1050 1
615 1058 1
618 1065 1
620 1072 1
623 1079 1
624 1086 1
627 1093 1
628 1100 1
630 1108 1
631 1115 1
632 1123 1
633 1128 1
634 1136 1
635 1144 1
635 1154 1
637 1163 1
638 1172 1
640 1180 1
641 1186 1
643 1193 1
644 1200 1
646 1207 1
648 1214 1
649 1222 1
650 1230 1
651 1238 1
653 1246 1
654 1252 1
656 1260 1
658 1267 1
659 1276 1
661 1287 1
662 1296 1
664 1306 1
665 1315 1
666 1323 1
668 1330 1
668 1335 1
669 1341 1
669 1347 1
670 1353 1
671 1360 1
672 1368 1
673 1375 1
674 1383 1
676 1390 1
677 1396 1
678 1403 1
678 1407 1
679 1412 1
680 1416 1
680 1419 1
681 1423 1
682 1427 1
683 1430 1
684 1433 1
685 1436 1
686 1440 1
687 1443 1
689 1447 1
690 1450 1
692 1454 1
693 1457 1
694 1460 1
695 1463 1
697 1466 1
698 1468 1
700 1471 1
702 1473 1
703 1474 1
705 1476 1
706 1478 1
709 1480 1
712 1482 1
715 1483 1
717 1483 1
720 1483 1
724 1481 1
730 1479 1
736 1474 1
743 1468 1
751 1461 1
757 1452 1
762 1440 1
767 1427 1
771 1411 1
775 1393 1
779 1375 1
782 1356 1
787 1337 1
789 1320 1
792 1303 1
792 1286 1
794 1269 1
793 1253 1
791 1235 1
789 1212 1
787 1187 1
787 1163 1
786 1134 1
784 1105 1
785 1081 1
783 1048 1
780 1020 1
775 994 1
771 972 1
766 954 1
762 940 1
759 931 1
754 924 1
746 918 1
737 911 1
726 909 1
717 907 1
710 907 1
706 907 1
703 907 1
702 907 1
700 907 1
700 907 1
697 909 1
695 912 1
692 917 1
689 922 1
687 929 1
687 935 1
687 942 1
688 949 1
690 958 1
693 968 1
699 984 1
707 1006 1
718 1032 1
728 1058 1
737 1083 1
745 1103 1
753 1118 1
757 1128 1
759 1135 1
762 1141 1
763 1145 1
765 1149 1
766 1154 1
768 1161 1
770 1168 1
773 1178 1
774 1189 1
778 1204 1
779 1219 1
782 1236 1
784 1250 1
785 1258 1
786 1264 1
786 1268 1
788 1271 1
789 1275 1
791 1279 1
795 1284 1
798 1289 1
801 1293 1
805 1297 1
809 1302 1
812 1308 1
817 1314 1
822 1322 1
826 1328 1
830 1334 1
834 1341 1
838 1350 1
842 1360 1
847 1372 1
850 1384 1
852 1395 1
855 1406 1
856 1414 1
857 1421 1
858 1426 1
859 1431 1
860 1435 1
860 1438 1
861 1441 1
861 1443 1
862 1445 1
863 1446 1
864 1448 1
866 1446 1
869 1445 1
874 1438 1
882 1425 1
892 1409 1
901 1391 1
910 1372 1
916 1353 1
922 1335 1
927 1315 1
930 1291 1
932 1266 1
933 1245 1
935 1221 1
935 1199 1
935 1176 1
933 1143 1
933 1114 1
933 1081 1
932 1056 1
930 1031 1
927 1009 1
922 984 1
917 966 1
912 950 1
906 938 1
901 931 1
897 924 1
892 922 1
889 920 1
885 921 1
879 925 1
875 930 1
871 941 1
866 958 1
862 989 1
859 1021 1
858 1048 1
859 1078 1
860 1097 1
862 1117 1
867 1132 1
871 1145 1
875 1159 1
881 1172 1
886 1185 1
890 1196 1
894 1209 1
899 1225 1
904 1244 1
910 1264 1
916 1285 1
921 1306 1
926 1324 1
931 1343 1
937 1360 1
942 1377 1
946 1392 1
949 1400 1
951 1407 1
952 1411 1
954 1414 1
954 1416 1
956 1418 1
958 1419 1
961 1418 1
965 1415 1
972 1405 1
979 1394 1
989 1372 1
996 1350 1
1003 1325 1
1007 1303 1
1011 1282 1
1013 1263 1
1015 1246 1
1016 1228 1
1015 1209 1
1015 1191 1
1014 1169 1
1014 1145 1
1015 1120 1
1017 1092 1
1020 1064 1
1021 1041 1
1023 1016 1
1023 995 1
1021 976 1
1020 960 1
1017 947 1
1014 937 1
1011 929 1
1007 923 1
1004 920 1
1002 917 1
1000 917 1
998 917 1
997 917 1
995 919 1
993 923 1
991 930 1
988 941 1
986 954 1
983 969 1
981 986 1
979 1006 1
979 1025 1
979 1040 1
980 1054 1
980 1064 1
983 1074 1
985 1083 1
988 1092 1
992 1102 1
994 1110 1
997 1118 1
1001 1129 1
1004 1142 1
1009 1161 1
1014 1182 1
1018 1204 1
1023 1228 1
1026 1253 1
1031 1281 1
1035 1312 1
1037 1347 1
1039 1378 1
1041 1413 1
1044 1444 1
1047 1477 1
1050 1506 1
1051 1529 1
1051 1519 0
