936 244 1
935 244 1
935 245 1
935 247 1
934 252 1
934 258 1
933 269 1
931 286 1
925 310 1
917 338 1
907 370 1
897 399 1
882 437 1
875 457 1
866 477 1
859 499 1
851 522 1
845 545 1
839 568 1
835 591 1
832 614 1
830 632 1
827 652 1
823 671 1
820 690 1
817 709 1
816 731 1
816 754 1
815 776 1
815 801 1
814 824 1
812 847 1
812 874 1
812 900 1
809 928 1
808 953 1
806 977 1
803 1004 1
799 1029 1
793 1052 1
786 1076 1
777 1098 1
768 1123 1
760 1149 1
754 1175 1
748 1198 1
744 1221 1
742 1244 1
740 1266 1
738 1288 1
738 1311 1
736 1333 1
734 1353 1
729 1372 1
725 1389 1
721 1401 1
716 1418 1
711 1433 1
704 1448 1
698 1460 1
691 1470 1
681 1487 1
672 1504 1
663 1519 1
652 1533 1
642 1545 1
634 1555 1
626 1564 1
609 1581 1
594 1594 1
579 1609 1
562 1621 1
547 1629 1
530 1638 1
516 1645 1
501 1653 1
487 1661 1
475 1667 1
465 1673 1
453 1679 1
441 1685 1
419 1695 1
403 1701 1
384 1705 1
366 1708 1
348 1711 1
331 1713 1
314 1714 1
297 1714 1
283 1712 1
272 1712 1
262 1710 1
250 1707 1
237 1695 1
224 1676 1
209 1655 1
196 1634 1
184 1614 1
175 1594 1
166 1570 1
156 1543 1
149 1518 1
144 1497 1
139 1479 1
136 1465 1
132 1450 1
127 1430 1
125 1402 1
122 1370 1
122 1342 1
122 1324 1
124 1310 1
125 1296 1
127 1282 1
128 1265 1
129 1248 1
131 1230 1
133 1211 1
136 1198 1
140 1186 1
142 1173 1
147 1157 1
153 1139 1
161 1118 1
169 1094 1
180 1070 1
189 1048 1
197 1027 1
206 1007 1
214 988 1
221 970 1
228 954 1
234 941 1
238 928 1
242 918 1
245 907 1
249 895 1
252 883 1
257 871 1
261 859 1
265 849 1
268 839 1
271 828 1
276 812 1
283 793 1
288 772 1
293 748 1
297 726 1
301 705 1
305 687 1
308 670 1
312 648 1
316 630 1
320 612 1
327 592 1
333 572 1
340 554 1
348 534 1
358 514 1
368 494 1
379 474 1
390 454 1
403 435 1
415 418 1
429 401 1
440 386 1
451 371 1
462 356 1
472 342 1
483 327 1
496 312 1
505 298 1
514 285 1
520 275 1
524 267 1
528 261 1
531 253 1
534 247 1
539 238 1
544 230 1
547 223 1
550 217 1
554 209 1
557 201 1
563 192 1
570 180 1
576 169 1
584 156 1
591 145 1
600 135 1
611 126 1
619 120 1
628 115 1
637 110 1
645 107 1
652 105 1
660 104 1
669 104 1
679 104 1
691 104 1
707 104 1
725 106 1
747 107 1
764 109 1
779 110 1
791 110 1
803 111 1
812 111 1
820 112 1
827 112 1
834 114 1
837 114 1
840 115 1
844 115 1
849 116 1
857 118 1
868 122 1
879 127 1
889 133 1
899 141 1
909 149 1
920 157 1
929 167 1
937 178 1
943 188 1
948 198 1
952 206 1
954 214 1
957 223 1
958 234 1
959 247 1
958 260 1
956 274 1
954 291 1
951 308 1
946 328 1
940 350 1
933 372 1
925 393 1
917 411 1
910 426 1
904 441 1
899 458 1
896 474 1
893 490 1
890 507 1
890 530 1
890 556 1
890 583 1
891 613 1
892 640 1
893 667 1
894 690 1
895 714 1
895 737 1
895 758 1
893 780 1
888 798 1
880 816 1
872 831 1
864 843 1
856 854 1
850 863 1
845 873 1
842 885 1
839 897 1
838 915 1
838 939 1
840 965 1
843 995 1
848 1024 1
853 1049 1
857 1070 1
860 1091 1
862 1113 1
863 1136 1
864 1158 1
861 1174 1
858 1188 1
854 1199 1
851 1206 1
848 1213 1
845 1220 1
843 1226 1
840 1237 1
837 1247 1
833 1264 1
831 1283 1
827 1305 1
826 1326 1
823 1348 1
821 1365 1
818 1383 1
816 1394 1
814 1404 1
811 1414 1
808 1423 1
800 1435 1
794 1446 1
786 1456 1
778 1466 1
769 1476 1
761 1487 1
752 1501 1
743 1517 1
735 1533 1
726 1548 1
718 1564 1
710 1579 1
705 1592 1
697 1606 1
691 1617 1
685 1627 1
676 1639 1
667 1651 1
656 1664 1
645 1675 1
635 1685 1
624 1695 1
614 1705 1
602 1717 1
591 1729 1
579 1742 1
566 1755 1
551 1764 1
536 1772 1
519 1780 1
502 1788 1
482 1795 1
463 1801 1
446 1805 1
430 1809 1
414 1811 1
401 1812 1
387 1812 1
376 1811 1
363 1808 1
352 1807 1
340 1804 1
329 1801 1
317 1798 1
306 1795 1
292 1790 1
279 1784 1
266 1774 1
251 1762 1
237 1749 1
222 1735 1
206 1717 1
191 1700 1
179 1684 1
169 1671 1
160 1656 1
151 1641 1
143 1628 1
136 1616 1
132 1604 1
128 1595 1
126 1588 1
125 1582 1
125 1574 1
128 1566 1
132 1558 1
137 1548 1
141 1540 1
145 1534 1
147 1528 1
149 1521 1
150 1503 1
148 1477 1
142 1443 1
133 1406 1
125 1370 1
120 1340 1
115 1313 1
110 1288 1
107 1264 1
105 1245 1
103 1227 1
102 1209 1
102 1192 1
103 1175 1
106 1158 1
111 1143 1
115 1128 1
119 1115 1
122 1104 1
125 1092 1
127 1079 1
129 1068 1
131 1055 1
136 1040 1
140 1021 1
145 998 1
151 969 1
155 938 1
157 905 1
159 876 1
161 851 1
164 829 1
167 809 1
172 792 1
176 775 1
182 757 1
186 738 1
191 720 1
195 702 1
197 687 1
200 676 1
202 665 1
205 654 1
208 643 1
211 632 1
216 620 1
224 603 1
237 584 1
255 564 1
278 542 1
303 521 1
327 501 1
348 482 1
360 469 1
369 457 1
374 444 1
378 434 1
381 424 1
384 413 1
388 403 1
391 396 1
393 387 1
395 379 1
397 370 1
399 357 1
401 340 1
403 325 1
406 310 1
409 294 1
415 277 1
423 258 1
430 238 1
438 221 1
447 206 1
460 192 1
474 180 1
488 168 1
504 159 1
523 150 1
543 142 1
563 136 1
584 129 1
602 126 1
619 123 1
633 121 1
647 119 1
659 118 1
669 116 1
678 114 1
686 114 1
694 114 1
705 114 1
715 112 1
726 113 1
736 113 1
747 114 1
758 115 1
768 118 1
777 121 1
787 125 1
795 129 1
803 136 1
813 145 1
822 155 1
833 170 1
844 185 1
857 202 1
869 221 1
877 237 1
884 252 1
888 263 1
891 272 1
893 278 1
893 283 1
893 286 1
892 288 1
890 290 1
889 291 1
886 292 1
885 293 1
885 298 1
887 315 1
894 350 1
907 396 1
922 446 1
939 494 1
956 535 1
968 571 1
974 601 1
977 626 1
978 646 1
980 663 1
980 677 1
978 690 1
976 701 1
973 709 1
971 716 1
969 721 1
966 727 1
964 733 1
959 742 1
952 756 1
945 773 1
936 792 1
928 814 1
920 837 1
914 862 1
908 886 1
903 912 1
898 937 1
894 958 1
889 975 1
883 988 1
879 999 1
875 1010 1
872 1021 1
869 1033 1
867 1045 1
865 1059 1
863 1070 1
863 1079 1
860 1087 1
860 1091 1
858 1095 1
858 1097 1
858 1098 1
857 1101 1
857 1107 1
855 1124 1
852 1148 1
848 1181 1
842 1216 1
836 1246 1
831 1273 1
825 1296 1
820 1312 1
816 1325 1
813 1331 1
810 1336 1
808 1337 1
806 1339 1
804 1342 1
801 1344 1
797 1351 1
791 1364 1
783 1383 1
773 1410 1
762 1437 1
753 1461 1
747 1479 1
743 1489 1
738 1497 1
732 1501 1
725 1504 1
714 1506 1
702 1507 1
687 1507 1
672 1506 1
655 1506 1
638 1509 1
622 1514 1
607 1521 1
595 1529 1
583 1540 1
573 1550 1
564 1562 1
555 1576 1
549 1592 1
543 1606 1
538 1618 1
535 1628 1
532 1639 1
525 1652 1
523 1662 1
517 1672 1
512 1681 1
506 1688 1
499 1695 1
493 1702 1
486 1709 1
478 1717 1
469 1723 1
461 1733 1
450 1741 1
440 1750 1
431 1758 1
423 1766 1
415 1774 1
407 1781 1
398 1787 1
390 1790 1
381 1795 1
373 1796 1
366 1797 1
355 1797 1
344 1796 1
331 1794 1
316 1791 1
299 1787 1
281 1781 1
264 1772 1
247 1763 1
233 1754 1
223 1746 1
218 1742 1
211 1737 1
206 1733 1
202 1729 1
198 1725 1
195 1722 1
193 1719 1
191 1717 1
190 1714 1
187 1708 1
180 1693 1
170 1671 1
157 1646 1
143 1619 1
130 1594 1
120 1571 1
111 1551 1
103 1529 1
97 1509 1
90 1496 1
88 1486 1
84 1480 1
83 1476 1
83 1473 1
83 1468 1
83 1456 1
82 1431 1
80 1398 1
78 1358 1
75 1323 1
73 1296 1
71 1275 1
68 1260 1
67 1248 1
65 1239 1
65 1229 1
65 1218 1
65 1206 1
65 1195 1
65 1180 1
66 1161 1
68 1142 1
72 1124 1
76 1104 1
84 1086 1
95 1069 1
102 1054 1
109 1041 1
114 1029 1
119 1017 1
123 1001 1
128 987 1
132 972 1
138 960 1
146 947 1
158 936 1
172 924 1
185 914 1
198 905 1
206 898 1
212 892 1
216 887 1
219 879 1
222 868 1
223 854 1
224 838 1
222 817 1
220 794 1
218 772 1
216 750 1
215 735 1
215 723 1
216 714 1
221 706 1
227 697 1
234 688 1
242 680 1
249 670 1
254 661 1
260 649 1
263 637 1
267 621 1
270 606 1
275 591 1
278 578 1
284 563 1
293 547 1
304 530 1
315 511 1
327 494 1
336 479 1
343 464 1
351 448 1
357 434 1
362 423 1
366 415 1
370 408 1
373 401 1
377 395 1
379 388 1
382 381 1
383 373 1
385 367 1
386 360 1
387 355 1
388 351 1
389 349 1
389 346 1
389 344 1
390 342 1
390 338 1
392 334 1
396 325 1
402 314 1
412 302 1
426 288 1
443 276 1
463 263 1
481 250 1
495 239 1
506 227 1
512 217 1
517 209 1
521 204 1
524 199 1
526 198 1
528 195 1
529 194 1
531 192 1
533 189 1
537 185 1
544 178 1
555 169 1
567 158 1
580 148 1
591 140 1
600 133 1
608 127 1
613 124 1
618 121 1
621 118 1
623 118 1
627 118 1
634 119 1
646 124 1
667 134 1
690 145 1
713 155 1
734 164 1
747 168 1
756 170 1
762 171 1
766 171 1
767 172 1
768 172 1
769 172 1
771 172 1
775 174 1
786 182 1
800 192 1
814 206 1
832 222 1
846 241 1
858 260 1
867 276 1
872 289 1
876 299 1
878 309 1
880 322 1
882 346 1
885 374 1
889 409 1
895 442 1
900 469 1
904 495 1
908 520 1
911 546 1
915 571 1
918 594 1
921 615 1
923 635 1
926 652 1
926 663 1
927 671 1
927 675 1
927 678 1
925 681 1
924 683 1
922 685 1
919 689 1
916 694 1
911 704 1
905 719 1
899 744 1
897 771 1
897 801 1
899 829 1
901 856 1
904 880 1
906 900 1
907 916 1
906 930 1
905 939 1
903 947 1
899 954 1
896 960 1
891 968 1
885 980 1
877 995 1
871 1017 1
863 1043 1
858 1072 1
853 1100 1
850 1122 1
847 1139 1
845 1148 1
844 1154 1
842 1157 1
841 1159 1
839 1160 1
839 1160 1
839 1160 1
838 1161 1
836 1166 1
833 1174 1
828 1191 1
822 1218 1
818 1249 1
814 1280 1
808 1305 1
804 1323 1
800 1332 1
797 1338 1
795 1340 1
793 1344 1
791 1345 1
791 1348 1
788 1357 1
784 1372 1
778 1394 1
772 1420 1
766 1446 1
760 1469 1
754 1489 1
748 1505 1
744 1519 1
740 1529 1
736 1536 1
732 1541 1
728 1545 1
723 1548 1
717 1552 1
709 1560 1
697 1573 1
685 1592 1
664 1621 1
646 1652 1
631 1676 1
619 1695 1
609 1709 1
602 1719 1
596 1726 1
592 1733 1
587 1738 1
582 1745 1
578 1750 1
571 1756 1
562 1763 1
553 1771 1
539 1779 1
524 1787 1
508 1797 1
492 1805 1
478 1814 1
465 1821 1
452 1829 1
439 1834 1
426 1840 1
413 1844 1
400 1846 1
386 1847 1
370 1845 1
353 1841 1
338 1835 1
321 1826 1
307 1819 1
294 1811 1
283 1805 1
272 1799 1
261 1790 1
252 1779 1
242 1769 1
234 1760 1
230 1754 1
225 1749 1
223 1746 1
220 1743 1
217 1739 1
213 1731 1
205 1721 1
195 1706 1
183 1687 1
168 1666 1
154 1646 1
141 1627 1
129 1610 1
120 1595 1
112 1579 1
106 1563 1
101 1548 1
97 1535 1
94 1525 1
91 1516 1
90 1509 1
90 1503 1
89 1500 1
89 1495 1
89 1490 1
90 1483 1
91 1470 1
92 1452 1
93 1429 1
93 1408 1
93 1387 1
94 1368 1
94 1350 1
93 1330 1
93 1309 1
94 1287 1
95 1265 1
97 1246 1
99 1227 1
103 1210 1
107 1194 1
113 1178 1
120 1164 1
127 1149 1
135 1133 1
143 1116 1
150 1098 1
157 1079 1
165 1062 1
171 1048 1
176 1034 1
184 1020 1
192 1006 1
203 991 1
212 980 1
221 967 1
229 955 1
237 941 1
242 925 1
247 909 1
248 888 1
248 869 1
246 853 1
245 842 1
242 833 1
241 824 1
238 815 1
233 804 1
229 792 1
222 780 1
216 767 1
210 754 1
202 740 1
195 725 1
189 713 1
184 703 1
181 697 1
179 692 1
178 687 1
178 681 1
178 675 1
179 666 1
183 650 1
187 631 1
195 610 1
205 585 1
216 562 1
230 539 1
246 515 1
264 493 1
281 476 1
292 463 1
302 452 1
311 443 1
319 433 1
327 425 1
333 418 1
338 412 1
341 408 1
344 403 1
346 401 1
347 399 1
349 396 1
350 392 1
353 388 1
359 379 1
366 368 1
377 355 1
391 341 1
409 328 1
431 314 1
455 302 1
478 288 1
496 276 1
507 269 1
514 264 1
517 260 1
519 257 1
521 254 1
523 249 1
525 244 1
529 236 1
537 224 1
547 209 1
563 193 1
583 177 1
603 160 1
621 145 1
637 132 1
647 124 1
653 119 1
658 115 1
661 114 1
662 113 1
662 113 1
663 114 1
666 114 1
673 117 1
688 123 1
708 130 1
730 140 1
755 151 1
780 162 1
801 172 1
819 182 1
833 193 1
845 204 1
854 219 1
862 236 1
868 256 1
873 279 1
873 304 1
875 333 1
878 361 1
881 390 1
886 417 1
893 442 1
901 467 1
911 494 1
922 523 1
934 557 1
944 590 1
951 620 1
953 643 1
954 659 1
954 669 1
952 675 1
950 680 1
948 683 1
944 687 1
939 692 1
933 703 1
927 719 1
917 742 1
909 771 1
903 801 1
897 832 1
893 863 1
888 891 1
885 921 1
884 948 1
881 974 1
880 996 1
878 1019 1
879 1040 1
881 1063 1
886 1087 1
890 1112 1
894 1138 1
897 1164 1
899 1187 1
900 1206 1
898 1222 1
897 1232 1
896 1239 1
893 1246 1
889 1251 1
884 1256 1
875 1264 1
864 1275 1
850 1292 1
836 1314 1
823 1339 1
812 1367 1
802 1395 1
794 1419 1
789 1441 1
785 1458 1
783 1472 1
781 1482 1
779 1493 1
776 1505 1
771 1519 1
765 1533 1
759 1548 1
753 1563 1
747 1578 1
743 1594 1
739 1610 1
737 1625 1
736 1641 1
736 1656 1
738 1669 1
739 1679 1
741 1688 1
742 1696 1
742 1702 1
741 1709 1
739 1716 1
737 1722 1
734 1728 1
726 1735 1
718 1741 1
706 1749 1
690 1757 1
673 1766 1
655 1774 1
639 1783 1
625 1796 1
611 1809 1
598 1823 1
584 1836 1
573 1845 1
561 1854 1
546 1862 1
529 1869 1
509 1873 1
488 1876 1
470 1877 1
450 1876 1
433 1874 1
418 1876 1
405 1877 1
394 1879 1
386 1882 1
378 1884 1
368 1885 1
357 1887 1
342 1884 1
326 1878 1
305 1868 1
282 1854 1
261 1835 1
244 1819 1
230 1806 1
221 1797 1
215 1790 1
212 1787 1
210 1784 1
209 1783 1
207 1783 1
207 1778 1
203 1771 1
199 1758 1
192 1736 1
183 1710 1
172 1681 1
160 1653 1
148 1630 1
139 1612 1
130 1600 1
124 1591 1
119 1583 1
114 1575 1
110 1566 1
104 1553 1
100 1538 1
95 1523 1
92 1510 1
91 1498 1
89 1487 1
88 1475 1
89 1464 1
89 1452 1
88 1438 1
88 1424 1
84 1406 1
81 1388 1
77 1371 1
74 1357 1
73 1345 1
71 1334 1
72 1318 1
73 1297 1
76 1272 1
79 1247 1
83 1225 1
88 1205 1
92 1191 1
97 1179 1
102 1166 1
110 1152 1
119 1137 1
128 1121 1
135 1105 1
141 1083 1
149 1061 1
157 1037 1
169 1016 1
182 997 1
200 981 1
218 966 1
232 954 1
244 943 1
252 933 1
258 926 1
261 917 1
261 905 1
260 892 1
259 875 1
256 858 1
253 842 1
250 825 1
247 808 1
244 789 1
241 775 1
236 761 1
234 751 1
232 744 1
230 739 1
230 735 1
230 732 1
229 729 1
229 726 1
229 717 1
230 706 1
232 685 1
233 666 1
235 648 1
237 634 1
240 622 1
244 608 1
250 592 1
254 573 1
259 554 1
262 540 1
267 525 1
273 510 1
277 497 1
284 484 1
289 474 1
294 467 1
298 460 1
302 453 1
306 447 1
309 437 1
314 427 1
319 416 1
323 404 1
327 391 1
334 375 1
340 358 1
347 341 1
353 326 1
361 311 1
368 298 1
375 286 1
382 275 1
387 266 1
393 258 1
400 249 1
409 237 1
420 225 1
431 213 1
441 203 1
450 195 1
457 189 1
463 184 1
467 182 1
472 180 1
478 177 1
484 176 1
493 173 1
505 171 1
518 169 1
532 168 1
546 166 1
556 166 1
565 164 1
571 164 1
576 164 1
580 164 1
584 164 1
590 166 1
601 168 1
618 173 1
642 181 1
666 190 1
683 194 1
696 197 1
702 197 1
705 197 1
707 197 1
708 197 1
709 197 1
709 197 1
712 197 1
719 199 1
729 203 1
745 209 1
762 217 1
779 224 1
791 230 1
802 234 1
810 239 1
818 244 1
825 248 1
832 254 1
839 262 1
849 274 1
862 290 1
876 308 1
891 328 1
904 348 1
912 365 1
918 379 1
923 391 1
926 402 1
929 416 1
932 435 1
935 459 1
937 485 1
939 511 1
941 533 1
943 552 1
946 567 1
947 580 1
949 593 1
950 607 1
951 621 1
952 635 1
953 651 1
953 668 1
955 685 1
957 705 1
961 727 1
963 753 1
964 779 1
964 807 1
960 838 1
957 869 1
951 902 1
945 932 1
937 964 1
929 996 1
920 1027 1
913 1057 1
909 1086 1
907 1115 1
905 1146 1
905 1175 1
903 1203 1
901 1229 1
898 1256 1
894 1282 1
891 1307 1
886 1329 1
882 1347 1
876 1365 1
868 1381 1
859 1396 1
852 1404 1
845 1412 1
840 1416 1
834 1421 1
827 1423 1
818 1427 1
809 1431 1
800 1437 1
792 1444 1
782 1456 1
773 1471 1
765 1489 1
758 1508 1
752 1532 1
746 1553 1
740 1572 1
736 1587 1
731 1600 1
726 1610 1
722 1621 1
716 1632 1
712 1641 1
708 1650 1
703 1658 1
700 1664 1
697 1670 1
694 1674 1
693 1677 1
691 1682 1
689 1691 1
683 1703 1
671 1722 1
653 1744 1
630 1764 1
606 1781 1
582 1793 1
559 1802 1
539 1807 1
518 1808 1
497 1806 1
477 1802 1
457 1796 1
438 1787 1
418 1779 1
398 1770 1
375 1761 1
351 1753 1
328 1745 1
302 1738 1
281 1730 1
260 1721 1
242 1707 1
225 1692 1
210 1678 1
197 1663 1
185 1650 1
177 1636 1
167 1618 1
157 1593 1
146 1564 1
137 1532 1
127 1498 1
119 1463 1
112 1429 1
107 1396 1
102 1367 1
101 1344 1
99 1326 1
99 1312 1
98 1297 1
98 1282 1
100 1263 1
102 1243 1
104 1223 1
105 1203 1
106 1187 1
107 1173 1
107 1162 1
109 1151 1
111 1142 1
113 1132 1
118 1120 1
125 1104 1
134 1083 1
150 1058 1
170 1033 1
193 1014 1
217 996 1
241 983 1
260 973 1
277 965 1
289 959 1
298 955 1
304 952 1
307 949 1
309 948 1
311 946 1
312 944 1
313 939 1
313 929 1
311 916 1
307 899 1
302 879 1
294 856 1
286 832 1
278 808 1
269 784 1
262 762 1
257 746 1
252 729 1
250 716 1
247 703 1
247 689 1
246 678 1
247 666 1
247 653 1
248 638 1
250 620 1
253 602 1
256 579 1
259 559 1
265 537 1
271 514 1
279 489 1
288 463 1
296 436 1
307 414 1
318 392 1
330 372 1
343 352 1
356 335 1
370 318 1
386 301 1
401 285 1
420 270 1
439 257 1
454 247 1
468 238 1
481 231 1
494 221 1
506 213 1
517 207 1
524 203 1
529 200 1
532 199 1
535 197 1
537 196 1
539 194 1
542 193 1
547 191 1
559 189 1
574 187 1
595 184 1
613 182 1
627 180 1
641 178 1
651 175 1
659 174 1
666 172 1
670 171 1
673 171 1
675 171 1
678 169 1
683 170 1
689 171 1
701 172 1
716 175 1
735 180 1
757 188 1
777 197 1
797 208 1
815 219 1
829 230 1
841 239 1
850 247 1
857 254 1
863 261 1
868 269 1
873 276 1
878 288 1
882 301 1
887 322 1
893 348 1
897 380 1
900 411 1
901 438 1
902 462 1
903 485 1
904 505 1
907 523 1
909 541 1
911 561 1
912 586 1
914 615 1
912 649 1
909 683 1
907 714 1
908 746 1
908 775 1
908 802 1
910 828 1
912 849 1
914 868 1
915 885 1
916 901 1
917 915 1
917 930 1
917 948 1
917 970 1
918 993 1
918 1017 1
918 1042 1
918 1069 1
919 1098 1
919 1128 1
918 1155 1
917 1177 1
916 1196 1
914 1209 1
913 1219 1
910 1227 1
907 1234 1
902 1239 1
894 1243 1
885 1246 1
877 1250 1
872 1252 1
867 1254 1
863 1258 1
857 1264 1
851 1274 1
844 1285 1
838 1300 1
833 1315 1
827 1331 1
819 1348 1
812 1364 1
805 1379 1
797 1394 1
791 1408 1
785 1421 1
779 1435 1
775 1448 1
770 1462 1
765 1476 1
762 1492 1
760 1509 1
757 1527 1
755 1544 1
752 1561 1
749 1578 1
745 1592 1
739 1604 1
734 1615 1
727 1624 1
719 1633 1
709 1644 1
698 1655 1
686 1667 1
671 1681 1
656 1695 1
642 1708 1
626 1724 1
612 1741 1
596 1755 1
582 1767 1
567 1777 1
549 1785 1
530 1791 1
509 1796 1
485 1798 1
461 1800 1
435 1798 1
407 1796 1
378 1792 1
349 1786 1
321 1777 1
297 1768 1
276 1758 1
257 1747 1
239 1735 1
221 1719 1
201 1700 1
183 1675 1
163 1648 1
145 1616 1
131 1587 1
119 1555 1
112 1531 1
106 1511 1
102 1494 1
98 1478 1
96 1461 1
94 1443 1
94 1423 1
94 1400 1
95 1372 1
98 1342 1
100 1304 1
102 1267 1
104 1230 1
107 1200 1
110 1172 1
113 1149 1
117 1127 1
122 1109 1
128 1089 1
134 1067 1
140 1043 1
150 1021 1
157 999 1
164 979 1
173 956 1
181 932 1
191 905 1
203 875 1
215 847 1
225 819 1
235 793 1
245 769 1
255 742 1
265 712 1
274 680 1
280 651 1
283 626 1
284 606 1
285 590 1
285 571 1
287 552 1
290 536 1
296 519 1
302 504 1
310 487 1
321 466 1
336 441 1
349 419 1
362 395 1
373 372 1
389 346 1
406 322 1
427 298 1
446 277 1
464 257 1
483 239 1
501 222 1
519 207 1
536 192 1
553 180 1
572 168 1
589 160 1
605 154 1
619 149 1
631 147 1
646 143 1
661 143 1
677 143 1
695 145 1
713 149 1
731 153 1
747 159 1
762 164 1
776 173 1
790 184 1
806 200 1
818 221 1
832 251 1
844 289 1
857 339 1
868 392 1
876 447 1
881 500 1
883 553 1
885 603 1
884 650 1
879 693 1
874 733 1
874 772 1
875 809 1
876 847 1
877 890 1
876 936 1
873 983 1
871 1031 1
868 1085 1
862 1144 1
856 1203 1
848 1260 1
835 1318 1
821 1373 1
802 1423 1
779 1471 1
747 1520 1
712 1570 1
672 1608 1
634 1637 1
613 1653 1
625 1645 0
