610 966 1
610 966 1
610 966 1
610 966 1
610 966 1
610 966 1
610 966 1
610 966 1
610 966 1
610 966 1
610 966 1
609 965 1
609 965 1
608 965 1
608 963 1
605 963 1
603 960 1
601 959 1
599 956 1
599 950 1
599 945 1
600 939 1
602 935 1
605 930 1
607 927 1
609 925 1
610 924 1
612 922 1
613 922 1
616 922 1
617 922 1
619 922 1
621 924 1
622 925 1
623 927 1
623 929 1
624 931 1
624 935 1
622 939 1
622 946 1
620 952 1
618 960 1
616 968 1
616 973 1
615 978 1
613 982 1
614 985 1
614 988 1
614 992 1
615 995 1
617 1000 1
619 1004 1
621 1010 1
624 1015 1
625 1020 1
628 1025 1
629 1030 1
630 1034 1
631 1038 1
631 1041 1
631 1044 1
630 1048 1
630 1051 1
628 1055 1
626 1059 1
625 1064 1
623 1067 1
621 1072 1
618 1076 1
615 1080 1
612 1084 1
610 1086 1
607 1088 1
604 1090 1
603 1091 1
600 1092 1
598 1093 1
596 1093 1
594 1093 1
591 1094 1
587 1094 1
585 1093 1
581 1093 1
576 1091 1
570 1089 1
564 1086 1
557 1083 1
551 1079 1
544 1074 1
538 1070 1
532 1065 1
526 1061 1
521 1056 1
516 1052 1
513 1048 1
510 1043 1
507 1038 1
504 1030 1
501 1022 1
497 1012 1
494 999 1
492 987 1
491 975 1
491 963 1
491 952 1
493 941 1
495 931 1
497 921 1
499 912 1
503 903 1
506 894 1
510 887 1
514 879 1
518 872 1
523 866 1
526 862 1
530 857 1
534 854 1
538 851 1
543 848 1
548 846 1
552 843 1
557 841 1
562 839 1
567 838 1
573 836 1
580 836 1
587 834 1
594 835 1
599 835 1
604 835 1
608 836 1
611 836 1
615 836 1
619 837 1
626 839 1
633 842 1
643 846 1
652 852 1
660 859 1
665 865 1
671 870 1
675 874 1
678 879 1
681 883 1
684 886 1
686 891 1
689 896 1
690 900 1
693 906 1
694 910 1
696 917 1
698 924 1
699 932 1
700 943 1
701 953 1
701 962 1
701 970 1
701 977 1
701 982 1
701 987 1
701 989 1
701 992 1
701 995 1
700 998 1
700 1002 1
699 1007 1
699 1013 1
698 1020 1
696 1027 1
696 1033 1
694 1039 1
694 1046 1
692 1052 1
692 1059 1
690 1065 1
688 1070 1
687 1075 1
685 1081 1
683 1087 1
680 1094 1
677 1102 1
674 1108 1
671 1114 1
668 1120 1
664 1125 1
658 1130 1
653 1135 1
648 1139 1
644 1143 1
640 1147 1
637 1149 1
634 1151 1
631 1153 1
629 1154 1
626 1155 1
624 1156 1
622 1158 1
619 1160 1
616 1160 1
614 1162 1
612 1163 1
609 1164 1
607 1165 1
605 1166 1
602 1167 1
600 1168 1
599 1168 1
599 1168 1
598 1168 1
596 1168 1
593 1169 1
591 1169 1
589 1169 1
587 1169 1
584 1169 1
582 1168 1
579 1168 1
575 1166 1
573 1167 1
567 1164 1
562 1162 1
557 1160 1
552 1159 1
548 1157 1
543 1156 1
538 1154 1
533 1153 1
527 1150 1
522 1148 1
517 1146 1
513 1144 1
510 1143 1
507 1143 1
505 1141 1
502 1138 1
500 1137 1
497 1134 1
493 1130 1
488 1125 1
483 1121 1
481 1117 1
477 1114 1
476 1112 1
473 1110 1
471 1108 1
469 1105 1
466 1103 1
463 1100 1
461 1098 1
458 1095 1
454 1091 1
449 1086 1
445 1081 1
441 1075 1
436 1070 1
431 1064 1
427 1058 1
422 1054 1
419 1049 1
415 1047 1
413 1044 1
410 1041 1
408 1038 1
406 1036 1
405 1035 1
403 1032 1
402 1030 1
399 1027 1
398 1022 1
395 1016 1
392 1009 1
389 1001 1
387 992 1
385 981 1
383 972 1
384 963 1
385 954 1
387 945 1
389 939 1
393 931 1
397 925 1
403 918 1
409 913 1
415 907 1
422 901 1
431 894 1
439 889 1
446 884 1
451 880 1
457 876 1
465 870 1
473 864 1
482 858 1
490 852 1
496 845 1
504 839 1
511 830 1
517 822 1
523 813 1
529 803 1
535 793 1
539 784 1
545 773 1
550 765 1
558 756 1
563 748 1
570 739 1
575 729 1
579 720 1
583 710 1
585 703 1
588 695 1
591 687 1
593 680 1
596 671 1
599 662 1
603 654 1
605 648 1
607 643 1
609 639 1
611 636 1
613 633 1
617 631 1
622 629 1
627 626 1
632 625 1
639 623 1
644 623 1
650 623 1
658 624 1
667 626 1
676 629 1
683 632 1
691 634 1
698 638 1
704 641 1
710 644 1
715 649 1
720 653 1
724 659 1
729 665 1
734 675 1
739 685 1
743 695 1
746 703 1
750 713 1
752 723 1
754 735 1
754 747 1
755 759 1
754 768 1
752 777 1
752 785 1
752 793 1
751 801 1
751 809 1
751 818 1
751 826 1
751 834 1
752 842 1
753 850 1
754 859 1
755 868 1
755 879 1
757 888 1
758 899 1
759 909 1
760 918 1
761 926 1
761 938 1
761 949 1
759 961 1
759 972 1
757 983 1
755 996 1
753 1009 1
750 1025 1
747 1040 1
744 1052 1
744 1064 1
742 1076 1
742 1087 1
742 1098 1
742 1108 1
740 1117 1
741 1124 1
741 1132 1
740 1138 1
740 1146 1
737 1152 1
736 1160 1
733 1167 1
728 1176 1
722 1184 1
715 1193 1
706 1200 1
698 1209 1
690 1217 1
683 1225 1
678 1231 1
672 1237 1
667 1242 1
663 1246 1
657 1250 1
651 1255 1
644 1258 1
636 1261 1
630 1265 1
620 1268 1
610 1271 1
599 1273 1
588 1275 1
580 1276 1
573 1277 1
567 1277 1
562 1275 1
556 1275 1
550 1273 1
539 1268 1
527 1262 1
511 1252 1
494 1244 1
479 1236 1
466 1229 1
452 1222 1
439 1215 1
425 1209 1
415 1202 1
406 1197 1
400 1192 1
394 1187 1
387 1183 1
383 1180 1
379 1178 1
375 1175 1
371 1172 1
367 1167 1
362 1161 1
358 1154 1
353 1145 1
350 1137 1
346 1127 1
342 1119 1
340 1111 1
337 1103 1
335 1095 1
332 1087 1
330 1077 1
327 1068 1
324 1057 1
321 1046 1
319 1037 1
319 1029 1
319 1020 1
319 1012 1
319 1005 1
319 997 1
320 989 1
321 982 1
322 976 1
323 968 1
324 960 1
326 952 1
327 944 1
328 933 1
329 920 1
329 906 1
328 891 1
326 877 1
323 864 1
321 851 1
317 841 1
314 830 1
309 821 1
305 811 1
301 803 1
298 795 1
295 787 1
293 781 1
291 777 1
290 771 1
288 765 1
288 758 1
286 750 1
290 739 1
295 727 1
303 713 1
313 702 1
325 691 1
337 683 1
348 676 1
360 671 1
372 666 1
384 663 1
397 660 1
410 656 1
422 655 1
434 653 1
444 653 1
452 650 1
459 648 1
466 644 1
475 638 1
485 630 1
496 622 1
507 613 1
516 601 1
524 589 1
532 576 1
539 566 1
547 557 1
553 550 1
560 543 1
565 539 1
570 536 1
573 534 1
577 532 1
580 530 1
583 530 1
587 528 1
593 528 1
600 528 1
607 529 1
617 531 1
630 533 1
641 538 1
654 542 1
670 549 1
683 556 1
693 561 1
703 566 1
708 571 1
716 575 1
723 581 1
732 588 1
742 597 1
753 607 1
763 617 1
772 624 1
779 631 1
784 636 1
789 641 1
793 645 1
796 651 1
801 656 1
806 662 1
809 669 1
812 677 1
818 684 1
821 690 1
824 696 1
826 701 1
829 707 1
830 715 1
833 726 1
834 740 1
836 757 1
834 773 1
834 789 1
832 806 1
832 824 1
830 839 1
829 853 1
827 864 1
827 874 1
827 883 1
827 890 1
827 895 1
828 900 1
828 903 1
829 907 1
829 910 1
830 914 1
831 921 1
832 930 1
832 941 1
833 955 1
833 967 1
833 978 1
833 988 1
834 995 1
835 1003 1
835 1011 1
837 1017 1
838 1022 1
839 1028 1
841 1032 1
842 1036 1
844 1040 1
845 1045 1
847 1048 1
848 1052 1
850 1055 1
851 1058 1
853 1063 1
856 1067 1
859 1071 1
861 1075 1
863 1078 1
865 1082 1
867 1087 1
869 1090 1
871 1096 1
874 1101 1
877 1107 1
881 1112 1
884 1117 1
886 1121 1
888 1125 1
890 1129 1
892 1133 1
894 1137 1
897 1140 1
899 1145 1
902 1149 1
904 1153 1
905 1156 1
907 1159 1
908 1162 1
910 1165 1
911 1168 1
912 1171 1
913 1174 1
915 1177 1
916 1180 1
917 1183 1
918 1186 1
919 1189 1
921 1191 1
922 1194 1
923 1197 1
924 1198 1
925 1201 1
926 1203 1
926 1204 1
927 1205 1
927 1205 1
927 1206 1
927 1206 1
927 1206 1
927 1206 1
927 1206 1
927 1207 1
926 1209 1
924 1212 1
920 1219 1
915 1226 1
909 1236 1
903 1244 1
897 1252 1
891 1260 1
884 1266 1
874 1273 1
866 1280 1
858 1286 1
850 1291 1
845 1294 1
839 1299 1
831 1303 1
824 1306 1
816 1309 1
810 1312 1
802 1315 1
795 1317 1
787 1319 1
779 1322 1
772 1325 1
767 1326 1
761 1327 1
755 1329 1
747 1331 1
738 1334 1
728 1338 1
717 1341 1
704 1345 1
692 1350 1
680 1354 1
668 1357 1
659 1360 1
650 1362 1
642 1364 1
636 1366 1
631 1368 1
627 1369 1
622 1370 1
617 1372 1
611 1372 1
606 1374 1
600 1374 1
595 1375 1
588 1376 1
583 1376 1
579 1377 1
574 1377 1
569 1377 1
564 1377 1
558 1377 1
553 1377 1
546 1378 1
538 1377 1
531 1375 1
523 1375 1
515 1375 1
507 1372 1
499 1371 1
492 1369 1
483 1368 1
474 1365 1
465 1364 1
458 1362 1
450 1360 1
442 1357 1
434 1353 1
428 1349 1
419 1344 1
412 1340 1
406 1336 1
398 1331 1
392 1327 1
385 1322 1
376 1317 1
369 1311 1
363 1306 1
354 1299 1
348 1293 1
340 1288 1
332 1282 1
326 1277 1
319 1272 1
313 1268 1
309 1264 1
304 1261 1
301 1257 1
296 1254 1
292 1249 1
288 1246 1
283 1242 1
280 1240 1
276 1237 1
272 1234 1
268 1230 1
262 1224 1
257 1217 1
251 1210 1
245 1200 1
237 1188 1
228 1172 1
218 1154 1
210 1135 1
204 1116 1
200 1101 1
197 1087 1
194 1075 1
192 1065 1
190 1057 1
188 1049 1
186 1043 1
187 1039 1
184 1034 1
184 1030 1
182 1024 1
182 1015 1
180 1006 1
179 994 1
177 981 1
176 966 1
174 951 1
173 933 1
174 914 1
174 897 1
174 881 1
176 867 1
177 854 1
180 844 1
181 834 1
184 825 1
185 818 1
187 810 1
191 801 1
194 791 1
197 782 1
201 771 1
205 762 1
211 749 1
216 735 1
224 721 1
232 704 1
241 690 1
252 675 1
261 663 1
268 654 1
274 648 1
278 643 1
281 640 1
285 638 1
288 635 1
291 632 1
296 629 1
302 622 1
308 617 1
315 607 1
325 595 1
337 581 1
351 564 1
365 548 1
379 533 1
393 521 1
402 511 1
410 503 1
414 498 1
417 494 1
419 491 1
420 489 1
421 486 1
422 483 1
425 479 1
428 472 1
434 460 1
442 441 1
452 418 1
458 395 1
466 372 1
472 352 1
477 336 1
480 323 1
482 314 1
485 304 1
488 299 1
491 293 1
494 289 1
495 288 1
497 286 1
498 285 1
501 285 1
502 285 1
505 286 1
508 286 1
513 289 1
518 292 1
526 297 1
539 305 1
552 315 1
567 329 1
579 340 1
587 346 1
594 353 1
598 357 1
605 362 1
610 367 1
616 372 1
622 377 1
631 386 1
639 396 1
648 407 1
657 417 1
665 426 1
673 435 1
682 446 1
691 455 1
700 464 1
707 471 1
712 475 1
717 479 1
720 481 1
722 484 1
724 485 1
726 487 1
727 488 1
729 490 1
731 492 1
734 494 1
738 497 1
742 500 1
748 503 1
756 507 1
762 511 1
769 514 1
775 519 1
779 522 1
784 527 1
790 534 1
798 544 1
806 553 1
814 563 1
822 575 1
834 589 1
844 604 1
852 618 1
857 630 1
861 639 1
864 647 1
867 654 1
868 659 1
869 664 1
870 667 1
871 669 1
872 672 1
873 675 1
873 678 1
874 681 1
874 685 1
875 690 1
876 695 1
876 699 1
878 705 1
879 711 1
881 719 1
884 728 1
887 739 1
891 750 1
896 761 1
900 771 1
903 778 1
905 784 1
906 789 1
909 792 1
910 795 1
912 797 1
913 799 1
915 802 1
916 804 1
918 806 1
920 809 1
922 812 1
924 814 1
926 818 1
929 824 1
933 830 1
936 836 1
941 843 1
944 848 1
948 854 1
950 858 1
953 862 1
955 867 1
958 872 1
961 879 1
964 886 1
967 894 1
970 902 1
972 911 1
974 920 1
977 928 1
979 937 1
981 944 1
982 949 1
983 954 1
984 957 1
985 960 1
985 965 1
986 969 1
987 975 1
987 985 1
987 997 1
986 1014 1
984 1033 1
983 1050 1
980 1065 1
980 1080 1
978 1094 1
978 1104 1
976 1112 1
974 1120 1
974 1125 1
972 1130 1
972 1136 1
972 1140 1
971 1146 1
969 1152 1
968 1165 1
963 1181 1
957 1202 1
951 1226 1
943 1249 1
934 1274 1
925 1297 1
915 1315 1
907 1330 1
900 1338 1
894 1344 1
891 1348 1
887 1352 1
884 1354 1
881 1356 1
878 1358 1
873 1359 1
869 1361 1
863 1362 1
857 1364 1
849 1365 1
841 1366 1
832 1367 1
821 1367 1
809 1368 1
797 1368 1
788 1369 1
779 1370 1
772 1371 1
767 1372 1
759 1374 1
751 1377 1
741 1378 1
728 1382 1
715 1386 1
701 1391 1
684 1396 1
667 1401 1
653 1406 1
640 1409 1
631 1413 1
620 1417 1
608 1419 1
598 1422 1
590 1424 1
583 1426 1
578 1428 1
574 1428 1
571 1430 1
564 1431 1
556 1432 1
546 1433 1
534 1435 1
521 1437 1
509 1437 1
498 1437 1
487 1437 1
476 1435 1
464 1436 1
455 1436 1
446 1436 1
440 1436 1
436 1436 1
431 1436 1
426 1436 1
422 1436 1
417 1436 1
412 1436 1
406 1436 1
398 1436 1
390 1436 1
380 1435 1
371 1435 1
363 1433 1
355 1433 1
347 1432 1
340 1430 1
334 1428 1
329 1428 1
324 1428 1
320 1426 1
316 1426 1
314 1424 1
311 1424 1
307 1424 1
304 1422 1
300 1422 1
298 1420 1
291 1419 1
285 1416 1
272 1410 1
255 1403 1
234 1393 1
212 1382 1
189 1370 1
169 1358 1
152 1346 1
140 1336 1
130 1326 1
123 1319 1
117 1311 1
109 1300 1
101 1287 1
93 1273 1
86 1255 1
80 1237 1
74 1218 1
71 1200 1
68 1178 1
67 1170 1
68 1177 0
185 971 1
185 969 1
185 966 1
186 963 1
186 960 1
186 957 1
184 952 1
183 948 1
181 943 1
178 934 1
175 925 1
172 913 1
167 900 1
161 884 1
153 868 1
147 852 1
143 840 1
140 830 1
137 821 1
135 810 1
132 788 1
133 789 0
