114 1306 1
114 1306 1
114 1306 1
114 1306 1
114 1306 1
114 1306 1
114 1306 1
114 1306 1
114 1306 1
114 1306 1
114 1306 1
114 1306 1
114 1306 1
114 1306 1
114 1306 1
114 1305 1
114 1305 1
115 1302 1
115 1299 1
118 1296 1
119 1292 1
121 1288 1
122 1283 1
125 1278 1
126 1271 1
129 1265 1
130 1259 1
132 1252 1
133 1245 1
135 1236 1
137 1228 1
137 1220 1
138 1212 1
139 1204 1
139 1196 1
140 1191 1
140 1185 1
141 1181 1
141 1176 1
142 1172 1
142 1167 1
143 1163 1
144 1158 1
144 1153 1
145 1149 1
145 1144 1
146 1139 1
147 1134 1
148 1129 1
150 1124 1
151 1120 1
152 1115 1
152 1112 1
154 1107 1
155 1103 1
156 1099 1
157 1095 1
157 1092 1
158 1088 1
159 1085 1
160 1081 1
160 1077 1
162 1072 1
162 1070 1
163 1067 1
164 1063 1
165 1060 1
165 1057 1
166 1054 1
166 1052 1
166 1050 1
166 1048 1
166 1048 1
166 1046 1
166 1046 1
166 1045 1
166 1045 1
164 1044 1
164 1044 1
165 1044 1
163 1044 1
164 1043 1
162 1041 1
162 1041 1
160 1039 1
160 1039 1
160 1039 1
158 1038 1
158 1036 1
157 1037 1
156 1036 1
156 1036 1
156 1036 1
156 1036 1
156 1036 1
156 1036 1
156 1036 1
156 1036 1
156 1036 1
156 1036 1
156 1036 1
156 1036 1
156 1036 1
156 1036 1
156 1036 1
156 1036 1
156 1036 1
155 1036 1
153 1036 1
151 1036 1
146 1037 1
140 1039 1
134 1040 1
128 1042 1
122 1043 1
118 1045 1
114 1046 1
111 1047 1
107 1048 1
105 1050 1
102 1050 1
100 1052 1
98 1054 1
97 1055 1
95 1057 1
95 1061 1
93 1066 1
92 1073 1
92 1079 1
91 1083 1
89 1088 1
90 1091 1
90 1096 1
91 1100 1
91 1103 1
92 1106 1
93 1109 1
94 1111 1
95 1113 1
96 1115 1
97 1115 1
99 1116 1
100 1117 1
102 1118 1
106 1119 1
110 1119 1
115 1120 1
122 1121 1
130 1122 1
138 1123 1
146 1125 1
154 1126 1
162 1129 1
171 1131 1
179 1134 1
186 1137 1
190 1138 1
195 1140 1
199 1140 1
203 1141 1
207 1142 1
211 1143 1
218 1144 1
225 1146 1
235 1150 1
244 1155 1
252 1160 1
260 1165 1
267 1170 1
272 1174 1
277 1177 1
280 1178 1
282 1180 1
284 1181 1
286 1183 1
287 1183 1
288 1184 1
288 1185 1
288 1185 1
288 1185 1
289 1186 1
289 1186 1
289 1187 1
289 1188 1
288 1190 1
288 1193 1
287 1195 1
285 1197 1
283 1199 1
282 1200 1
279 1202 1
277 1203 1
275 1204 1
273 1205 1
270 1206 1
268 1206 1
266 1206 1
263 1205 1
260 1203 1
254 1201 1
250 1200 1
245 1196 1
241 1194 1
237 1192 1
234 1191 1
231 1191 1
230 1190 1
227 1190 1
227 1190 1
225 1190 1
224 1191 1
222 1192 1
217 1195 1
214 1197 1
211 1200 1
207 1203 1
204 1205 1
200 1208 1
197 1211 1
193 1213 1
188 1216 1
186 1219 1
181 1221 1
177 1225 1
174 1227 1
170 1230 1
166 1232 1
162 1235 1
158 1237 1
153 1240 1
149 1244 1
144 1246 1
141 1250 1
137 1251 1
139 1251 0
423 1188 1
423 1188 1
423 1188 1
423 1188 1
423 1188 1
423 1188 1
423 1188 1
423 1188 1
423 1188 1
423 1188 1
423 1188 1
423 1188 1
423 1188 1
423 1186 1
423 1186 1
423 1184 1
423 1182 1
424 1178 1
424 1172 1
425 1165 1
426 1154 1
427 1143 1
428 1132 1
428 1121 1
429 1112 1
429 1101 1
429 1090 1
428 1080 1
428 1070 1
426 1062 1
426 1054 1
424 1046 1
422 1038 1
422 1031 1
420 1023 1
418 1013 1
418 1005 1
416 999 1
415 993 1
415 988 1
412 983 1
410 979 1
408 975 1
405 972 1
403 969 1
400 967 1
397 965 1
395 963 1
392 963 1
391 962 1
389 960 1
389 960 1
387 959 1
387 959 1
385 958 1
385 958 1
385 957 1
384 958 1
382 958 1
382 958 1
382 958 1
382 958 1
381 958 1
379 958 1
379 958 1
377 958 1
376 958 1
374 960 1
371 960 1
368 963 1
363 966 1
358 971 1
354 976 1
351 979 1
347 984 1
345 987 1
343 990 1
342 993 1
340 996 1
340 1000 1
340 1005 1
339 1007 1
337 1010 1
336 1015 1
337 1018 1
336 1020 1
335 1022 1
335 1025 1
335 1026 1
335 1028 1
335 1029 1
335 1030 1
336 1031 1
336 1032 1
338 1034 1
340 1036 1
343 1038 1
346 1041 1
350 1043 1
354 1045 1
357 1048 1
363 1050 1
368 1053 1
372 1056 1
377 1058 1
381 1061 1
385 1062 1
390 1065 1
395 1066 1
400 1069 1
406 1071 1
412 1073 1
416 1076 1
422 1079 1
427 1081 1
432 1084 1
436 1086 1
440 1088 1
442 1090 1
444 1091 1
446 1092 1
448 1093 1
450 1094 1
452 1095 1
454 1095 1
456 1096 1
458 1097 1
461 1098 1
464 1098 1
469 1100 1
473 1101 1
479 1104 1
485 1105 1
491 1107 1
496 1109 1
501 1111 1
504 1112 1
507 1114 1
513 1116 1
516 1117 1
520 1119 1
524 1120 1
527 1122 1
530 1123 1
533 1125 1
535 1126 1
538 1129 1
541 1130 1
545 1134 1
547 1135 1
548 1137 1
550 1139 1
551 1141 1
552 1143 1
552 1144 1
552 1145 1
552 1145 1
552 1145 1
552 1145 1
552 1145 1
552 1145 1
552 1145 1
552 1145 1
552 1145 1
550 1145 1
548 1146 1
545 1147 1
542 1148 1
537 1149 1
533 1150 1
531 1150 1
528 1151 1
528 1151 1
526 1152 1
526 1152 1
525 1152 1
525 1152 1
524 1152 1
522 1153 1
521 1153 1
521 1154 1
518 1155 1
516 1156 1
514 1157 1
511 1159 1
508 1160 1
505 1161 1
502 1162 1
501 1162 1
499 1162 1
499 1162 1
498 1162 1
498 1162 1
498 1162 1
498 1162 1
495 1162 1
493 1163 1
490 1163 1
486 1164 1
483 1165 1
480 1166 1
475 1168 1
471 1170 1
467 1171 1
462 1174 1
460 1175 1
457 1177 1
458 1177 0
692 1158 1
692 1158 1
692 1158 1
692 1158 1
692 1158 1
692 1158 1
692 1158 1
692 1158 1
692 1158 1
692 1158 1
692 1158 1
692 1158 1
692 1158 1
692 1158 1
692 1158 1
692 1158 1
692 1158 1
692 1158 1
690 1156 1
690 1156 1
691 1155 1
691 1155 1
691 1155 1
691 1155 1
691 1155 1
690 1154 1
690 1154 1
690 1153 1
690 1153 1
690 1152 1
690 1152 1
690 1151 1
690 1148 1
690 1145 1
690 1142 1
690 1138 1
691 1134 1
692 1129 1
694 1125 1
695 1121 1
696 1118 1
697 1114 1
698 1112 1
699 1108 1
700 1106 1
701 1104 1
702 1102 1
703 1100 1
703 1100 1
704 1100 1
704 1099 1
704 1099 1
704 1099 1
704 1098 1
704 1096 1
704 1096 1
705 1095 1
705 1095 1
705 1095 1
705 1094 1
707 1091 1
708 1089 1
711 1084 1
713 1080 1
716 1075 1
718 1070 1
722 1064 1
723 1059 1
725 1055 1
727 1051 1
728 1048 1
730 1046 1
730 1044 1
732 1041 1
732 1040 1
734 1037 1
734 1036 1
735 1033 1
736 1031 1
736 1029 1
737 1026 1
738 1024 1
738 1021 1
738 1019 1
739 1016 1
738 1014 1
738 1012 1
738 1009 1
738 1006 1
737 1000 1
737 995 1
736 988 1
734 982 1
732 976 1
732 970 1
730 965 1
729 960 1
727 956 1
725 951 1
722 946 1
718 943 1
714 938 1
709 933 1
707 931 1
703 927 1
700 925 1
698 922 1
696 921 1
694 921 1
693 919 1
693 920 1
691 919 1
691 917 1
689 918 1
687 916 1
687 915 1
685 916 1
683 914 1
682 914 1
680 914 1
678 913 1
676 911 1
674 911 1
671 911 1
670 910 1
668 908 1
666 909 1
665 907 1
663 907 1
660 906 1
657 904 1
652 904 1
645 902 1
639 902 1
635 900 1
629 900 1
624 898 1
620 899 1
617 897 1
612 898 1
610 897 1
607 897 1
605 898 1
602 898 1
597 899 1
591 901 1
587 902 1
582 904 1
577 906 1
572 909 1
569 913 1
564 917 1
560 920 1
558 922 1
556 924 1
556 925 1
554 926 1
554 926 1
554 927 1
554 927 1
554 927 1
554 927 1
554 927 1
554 928 1
554 928 1
555 930 1
555 931 1
557 934 1
559 940 1
562 946 1
567 952 1
573 957 1
577 961 1
583 966 1
588 969 1
591 972 1
594 974 1
597 975 1
600 977 1
603 978 1
605 979 1
608 980 1
611 981 1
615 982 1
618 983 1
622 984 1
625 985 1
628 986 1
630 987 1
633 988 1
637 989 1
640 991 1
643 991 1
646 993 1
649 993 1
652 995 1
655 996 1
659 997 1
663 999 1
666 1000 1
672 1003 1
678 1007 1
684 1012 1
690 1018 1
698 1022 1
704 1027 1
710 1030 1
716 1033 1
722 1035 1
725 1036 1
729 1038 1
732 1038 1
734 1038 1
737 1038 1
738 1039 1
740 1039 1
742 1039 1
742 1039 1
743 1039 1
743 1039 1
743 1039 1
743 1039 1
744 1039 1
746 1040 1
748 1040 1
754 1041 1
762 1042 1
771 1043 1
778 1044 1
787 1046 1
795 1048 1
802 1051 1
807 1053 1
811 1054 1
815 1056 1
817 1057 1
820 1058 1
822 1059 1
824 1060 1
825 1060 1
827 1060 1
827 1061 1
827 1061 1
827 1061 1
828 1061 1
830 1062 1
834 1064 1
839 1066 1
842 1068 1
845 1071 1
848 1072 1
852 1076 1
855 1077 1
856 1078 1
859 1080 1
860 1081 1
862 1082 1
863 1083 1
864 1084 1
865 1084 1
865 1084 1
865 1084 1
865 1085 1
866 1085 1
866 1085 1
867 1086 1
867 1087 1
868 1088 1
868 1089 1
869 1090 1
869 1091 1
869 1092 1
870 1094 1
870 1095 1
870 1096 1
870 1097 1
870 1098 1
870 1099 1
870 1100 1
870 1100 1
870 1101 1
870 1101 1
870 1101 1
867 1102 1
867 1102 1
864 1103 1
862 1104 1
859 1104 1
856 1105 1
853 1105 1
852 1106 1
848 1106 1
845 1107 1
841 1107 1
837 1107 1
833 1109 1
828 1109 1
826 1110 1
826 1110 1
813 1113 1
803 1116 1
793 1120 1
785 1121 1
781 1123 1
775 1125 1
774 1126 0
772 1126 1
769 1128 1
767 1129 1
764 1130 1
764 1131 1
764 1131 1
764 1131 1
764 1131 1
762 1132 1
762 1132 1
761 1132 1
761 1132 1
759 1133 1
755 1133 1
752 1135 1
746 1135 1
741 1137 1
735 1138 1
730 1139 1
724 1141 1
719 1141 1
716 1142 1
714 1142 1
712 1143 1
711 1143 1
712 1143 0
