983 489 1
983 489 1
983 489 1
983 489 1
983 489 1
983 489 1
983 489 1
983 489 1
982 489 1
982 491 1
982 494 1
980 498 1
981 501 1
981 507 1
981 515 1
981 522 1
981 529 1
982 537 1
982 542 1
982 547 1
982 549 1
982 554 1
982 558 1
981 561 1
981 565 1
980 569 1
978 574 1
976 579 1
973 587 1
970 594 1
967 600 1
965 604 1
963 607 1
962 612 1
963 615 1
963 619 1
963 623 1
965 627 1
966 632 1
967 635 1
968 638 1
969 641 1
969 645 1
970 650 1
970 655 1
971 661 1
971 665 1
971 669 1
971 671 1
971 674 1
972 678 1
972 682 1
973 685 1
974 689 1
975 692 1
976 695 1
976 697 1
977 699 1
977 702 1
977 707 1
976 714 1
976 720 1
975 726 1
973 731 1
974 736 1
974 743 1
975 748 1
975 752 1
976 757 1
976 760 1
977 764 1
977 768 1
975 774 1
975 781 1
973 787 1
971 795 1
970 799 1
969 804 1
969 807 1
969 809 1
968 812 1
968 815 1
967 816 1
967 818 1
966 820 1
964 823 1
962 830 1
956 837 1
948 843 1
940 847 1
934 851 1
929 854 1
926 857 1
924 858 1
922 859 1
922 859 1
922 859 1
922 859 1
922 859 1
922 859 1
922 859 1
922 859 1
922 859 1
922 859 1
922 859 1
922 859 1
922 859 1
920 857 1
918 855 1
914 851 1
908 845 1
901 838 1
895 832 1
891 827 1
888 824 1
886 819 1
884 816 1
884 810 1
884 807 1
884 803 1
884 800 1
885 797 1
886 796 1
886 794 1
887 794 1
888 794 1
888 794 1
890 794 1
891 794 1
892 795 1
894 796 1
896 798 1
899 804 1
904 812 1
909 819 1
913 828 1
917 835 1
919 841 1
920 845 1
922 850 1
922 855 1
923 859 1
923 866 1
923 874 1
922 883 1
920 892 1
919 900 1
917 909 1
911 919 1
904 930 1
895 942 1
878 962 1
865 979 1
867 977 0
756 521 1
756 521 1
756 521 1
756 521 1
756 521 1
756 521 1
756 521 1
756 521 1
756 521 1
754 521 1
755 522 1
753 523 1
754 524 1
752 527 1
752 532 1
750 537 1
749 543 1
750 547 1
750 552 1
750 555 1
750 558 1
750 561 1
750 566 1
749 571 1
750 578 1
750 587 1
750 595 1
751 603 1
752 610 1
754 617 1
755 624 1
757 630 1
758 636 1
759 642 1
760 650 1
760 661 1
761 672 1
761 681 1
761 689 1
761 695 1
762 701 1
762 708 1
764 714 1
765 719 1
766 724 1
768 729 1
768 733 1
769 738 1
770 744 1
771 748 1
771 754 1
773 761 1
776 767 1
781 773 1
786 780 1
789 786 1
793 790 1
794 794 1
796 797 1
797 799 1
797 802 1
798 807 1
799 812 1
799 819 1
800 827 1
801 834 1
801 841 1
802 848 1
802 854 1
802 861 1
802 865 1
803 870 1
803 874 1
803 879 1
804 882 1
804 886 1
804 889 1
804 891 1
805 894 1
805 895 1
805 897 1
804 898 1
804 900 1
802 901 1
799 905 1
796 908 1
793 911 1
789 914 1
786 915 1
783 917 1
779 918 1
774 918 1
769 917 1
764 917 1
758 913 1
753 909 1
748 904 1
744 898 1
741 893 1
740 888 1
738 884 1
739 880 1
739 877 1
739 873 1
739 868 1
740 864 1
740 860 1
741 857 1
741 855 1
742 853 1
742 852 1
743 852 1
743 851 1
744 851 1
744 850 1
745 850 1
747 850 1
747 850 1
749 851 1
750 851 1
753 852 1
757 853 1
763 855 1
768 857 1
773 860 1
777 866 1
782 872 1
786 879 1
790 886 1
792 892 1
794 897 1
796 902 1
796 909 1
796 917 1
795 928 1
792 949 1
783 964 1
784 964 0
601 587 1
599 587 1
599 587 1
599 587 1
599 587 1
599 587 1
599 587 1
599 587 1
596 590 1
596 592 1
594 594 1
594 597 1
594 601 1
594 606 1
595 611 1
597 617 1
598 622 1
600 626 1
601 629 1
602 632 1
603 636 1
603 641 1
604 648 1
604 656 1
605 664 1
605 672 1
606 680 1
606 687 1
607 691 1
607 697 1
608 703 1
609 708 1
610 713 1
610 718 1
609 723 1
607 730 1
606 738 1
606 748 1
604 756 1
604 763 1
603 769 1
601 775 1
602 783 1
603 800 1
604 810 1
605 818 1
606 823 1
606 830 1
608 837 1
609 843 1
612 850 1
615 856 1
620 862 1
624 869 1
628 877 1
632 883 1
634 887 1
636 891 1
637 893 1
638 895 1
638 896 1
638 898 1
638 898 1
638 899 1
638 901 1
637 902 1
635 904 1
634 907 1
631 911 1
626 915 1
620 918 1
615 921 1
610 924 1
605 926 1
599 928 1
593 929 1
586 930 1
579 930 1
572 931 1
566 931 1
560 931 1
556 929 1
552 930 1
549 928 1
546 928 1
544 928 1
542 927 1
542 925 1
542 923 1
543 922 1
543 920 1
544 919 1
545 917 1
546 917 1
548 915 1
551 916 1
556 916 1
560 916 1
566 917 1
573 919 1
579 921 1
585 925 1
589 930 1
594 936 1
596 942 1
599 954 1
598 965 1
596 982 1
586 1003 1
571 1026 1
555 1046 1
541 1063 1
537 1069 1
537 1069 0
423 640 1
423 640 1
423 640 1
423 640 1
423 640 1
423 640 1
423 640 1
423 640 1
423 640 1
423 640 1
423 640 1
423 640 1
423 640 1
423 640 1
423 640 1
423 640 1
421 640 1
421 640 1
422 641 1
422 643 1
421 645 1
421 648 1
421 651 1
421 653 1
421 656 1
421 658 1
422 662 1
422 665 1
422 668 1
422 671 1
422 673 1
422 675 1
422 677 1
422 678 1
422 678 1
421 679 1
421 679 1
421 681 1
419 684 1
419 687 1
417 690 1
415 693 1
415 695 1
413 698 1
413 699 1
411 702 1
412 704 1
412 704 1
411 705 1
411 705 1
411 706 1
411 708 1
412 711 1
412 715 1
414 720 1
415 724 1
417 728 1
419 733 1
420 736 1
422 741 1
424 745 1
427 748 1
429 753 1
431 759 1
433 764 1
435 769 1
436 776 1
438 786 1
439 792 1
440 797 1
440 802 1
440 805 1
440 808 1
441 810 1
441 812 1
441 813 1
441 814 1
441 815 1
441 816 1
441 816 1
441 816 1
441 816 1
441 816 1
441 817 1
441 818 1
440 820 1
438 825 1
433 833 1
428 839 1
422 845 1
418 849 1
415 852 1
413 854 1
411 857 1
410 858 1
410 858 1
410 859 1
410 859 1
410 859 1
410 859 1
410 859 1
410 859 1
410 859 1
410 859 1
410 860 1
410 862 1
410 866 1
410 877 1
412 887 1
414 899 1
418 909 1
423 917 1
427 924 1
431 931 1
433 936 1
436 940 1
437 942 1
438 944 1
438 945 1
438 946 1
438 946 1
438 947 1
438 947 1
438 947 1
438 947 1
438 947 1
438 947 1
438 947 1
438 947 1
438 948 1
436 950 1
434 953 1
430 959 1
425 964 1
421 968 1
417 971 1
414 974 1
412 976 1
409 977 1
406 979 1
404 979 1
402 980 1
401 980 1
399 981 1
397 982 1
396 982 1
392 983 1
389 983 1
384 983 1
379 982 1
375 982 1
370 981 1
365 981 1
361 980 1
356 978 1
351 978 1
349 976 1
344 976 1
342 974 1
339 972 1
338 972 1
336 972 1
336 971 1
336 969 1
335 969 1
335 967 1
334 967 1
334 965 1
334 965 1
334 965 1
334 965 1
334 965 1
334 965 1
334 965 1
334 964 1
335 964 1
337 964 1
338 963 1
340 961 1
342 962 1
345 962 1
350 962 1
354 962 1
359 962 1
363 962 1
368 963 1
373 965 1
380 969 1
386 977 1
392 983 1
397 987 1
400 990 1
402 993 1
406 997 1
408 999 1
409 1001 1
411 1004 1
411 1005 1
413 1008 1
414 1014 1
416 1021 1
417 1031 1
420 1049 1
420 1066 1
417 1088 1
404 1111 1
388 1134 1
370 1154 1
354 1170 1
343 1179 1
336 1184 1
331 1187 1
328 1190 1
325 1192 1
323 1192 1
321 1193 1
319 1194 1
319 1194 1
317 1194 1
317 1194 1
317 1195 1
315 1195 1
315 1195 1
315 1195 1
315 1195 0
