128 1470 1
128 1470 1
127 1469 1
127 1469 1
127 1467 1
127 1467 1
127 1465 1
127 1463 1
127 1462 1
127 1459 1
127 1456 1
127 1453 1
127 1448 1
127 1443 1
127 1438 1
127 1433 1
127 1426 1
127 1420 1
128 1414 1
128 1408 1
129 1403 1
129 1396 1
129 1391 1
129 1385 1
129 1381 1
129 1376 1
129 1370 1
129 1366 1
129 1360 1
129 1355 1
129 1349 1
129 1343 1
130 1336 1
130 1330 1
131 1322 1
132 1316 1
132 1310 1
132 1305 1
133 1301 1
133 1297 1
133 1294 1
133 1290 1
134 1285 1
134 1280 1
135 1276 1
135 1270 1
136 1264 1
137 1259 1
137 1252 1
138 1245 1
139 1239 1
140 1233 1
140 1228 1
141 1223 1
141 1219 1
141 1214 1
142 1209 1
142 1203 1
143 1197 1
143 1191 1
144 1185 1
145 1180 1
146 1174 1
146 1168 1
147 1160 1
148 1154 1
149 1147 1
150 1141 1
151 1136 1
153 1131 1
153 1127 1
154 1123 1
155 1120 1
156 1117 1
157 1114 1
158 1110 1
159 1107 1
160 1104 1
162 1100 1
162 1096 1
164 1092 1
166 1087 1
168 1082 1
171 1078 1
174 1073 1
176 1069 1
179 1064 1
181 1058 1
182 1052 1
183 1047 1
184 1042 1
185 1038 1
185 1034 1
186 1029 1
187 1027 1
187 1023 1
188 1020 1
189 1016 1
189 1012 1
190 1008 1
190 1004 1
191 998 1
191 992 1
191 985 1
192 977 1
192 970 1
192 964 1
192 958 1
192 953 1
192 949 1
192 945 1
190 942 1
191 938 1
191 935 1
191 931 1
191 928 1
191 925 1
191 922 1
191 919 1
191 915 1
191 912 1
191 908 1
189 903 1
190 899 1
190 897 1
189 891 1
187 887 1
185 882 1
184 875 1
181 868 1
175 860 1
170 854 1
165 848 1
160 843 1
157 839 1
155 837 1
152 835 1
150 834 1
148 832 1
147 833 1
147 831 1
145 831 1
144 831 1
142 829 1
142 829 1
139 828 1
136 829 1
133 829 1
129 828 1
126 828 1
124 828 1
121 828 1
120 828 1
118 829 1
118 829 1
116 829 1
116 829 1
114 830 1
112 832 1
112 833 1
110 835 1
107 839 1
104 844 1
101 852 1
93 871 1
90 884 1
87 895 1
87 904 1
86 913 1
86 921 1
86 928 1
86 936 1
86 944 1
87 950 1
88 957 1
89 965 1
92 971 1
95 975 1
96 980 1
97 985 1
100 989 1
102 994 1
105 999 1
108 1003 1
111 1008 1
115 1014 1
119 1018 1
122 1024 1
126 1029 1
130 1033 1
133 1038 1
137 1041 1
140 1046 1
145 1049 1
147 1052 1
150 1055 1
154 1058 1
157 1060 1
161 1062 1
164 1063 1
168 1065 1
173 1067 1
178 1070 1
186 1077 1
193 1084 1
201 1092 1
208 1099 1
213 1106 1
218 1112 1
222 1118 1
225 1121 1
229 1126 1
232 1130 1
235 1133 1
239 1138 1
243 1144 1
247 1149 1
252 1157 1
255 1162 1
259 1169 1
262 1176 1
263 1180 1
265 1184 1
265 1187 1
265 1190 1
265 1191 1
265 1193 1
265 1194 1
265 1195 1
265 1195 1
265 1196 1
263 1197 1
264 1198 1
262 1199 1
262 1199 1
262 1200 1
262 1200 1
261 1201 1
260 1202 1
260 1203 1
259 1204 1
257 1206 1
255 1210 1
254 1217 1
252 1227 1
251 1235 1
248 1243 1
246 1251 1
244 1256 1
242 1261 1
240 1267 1
239 1271 1
238 1277 1
236 1283 1
235 1290 1
235 1296 1
233 1304 1
233 1310 1
232 1316 1
230 1321 1
230 1326 1
230 1331 1
229 1335 1
228 1338 1
228 1341 1
228 1343 1
226 1346 1
227 1348 1
225 1350 1
226 1352 1
224 1354 1
224 1356 1
224 1360 1
223 1361 1
222 1363 1
222 1365 1
221 1367 1
221 1370 1
220 1372 1
220 1375 1
219 1378 1
219 1383 1
218 1388 1
218 1395 1
218 1400 1
218 1405 1
219 1410 1
219 1415 1
219 1419 1
219 1424 1
219 1429 1
218 1432 1
218 1437 1
218 1440 1
217 1444 1
217 1446 1
216 1448 1
216 1451 1
216 1452 1
216 1453 1
216 1453 1
216 1453 1
216 1453 1
216 1453 1
216 1453 1
215 1453 1
213 1451 1
211 1451 1
209 1449 1
206 1447 1
204 1445 1
201 1441 1
198 1436 1
194 1431 1
191 1425 1
187 1418 1
184 1412 1
182 1407 1
181 1401 1
179 1396 1
179 1389 1
179 1381 1
178 1373 1
179 1365 1
179 1357 1
180 1350 1
181 1342 1
182 1336 1
183 1330 1
185 1325 1
187 1320 1
189 1313 1
192 1307 1
196 1299 1
199 1290 1
205 1281 1
208 1274 1
211 1267 1
213 1261 1
216 1258 1
218 1253 1
220 1249 1
224 1242 1
227 1234 1
231 1226 1
235 1216 1
238 1206 1
241 1197 1
244 1187 1
247 1178 1
250 1169 1
251 1158 1
253 1148 1
255 1138 1
259 1129 1
261 1119 1
263 1110 1
266 1100 1
268 1092 1
271 1083 1
274 1075 1
276 1067 1
278 1061 1
281 1055 1
283 1049 1
285 1044 1
286 1038 1
287 1032 1
289 1024 1
289 1015 1
291 1008 1
291 999 1
291 991 1
292 982 1
292 975 1
292 968 1
293 960 1
291 951 1
292 943 1
292 934 1
292 928 1
292 923 1
291 917 1
290 913 1
288 908 1
288 903 1
286 899 1
285 892 1
285 886 1
283 882 1
281 877 1
279 873 1
278 870 1
278 867 1
276 865 1
276 863 1
274 861 1
274 859 1
273 859 1
273 859 1
273 859 1
273 859 1
273 859 1
273 859 1
273 859 1
273 859 1
273 859 1
273 859 1
273 859 1
273 859 1
273 859 1
273 859 1
273 859 1
273 859 1
273 859 1
273 860 1
274 861 1
275 865 1
276 871 1
279 877 1
280 885 1
281 892 1
282 897 1
283 901 1
283 904 1
283 907 1
283 910 1
282 913 1
282 916 1
281 918 1
281 920 1
280 923 1
280 925 1
279 929 1
277 932 1
275 937 1
273 942 1
270 948 1
267 955 1
264 962 1
261 968 1
259 974 1
257 978 1
254 983 1
252 987 1
252 991 1
250 995 1
250 1001 1
248 1007 1
248 1012 1
247 1018 1
247 1023 1
246 1028 1
246 1034 1
247 1040 1
248 1046 1
249 1051 1
252 1057 1
253 1063 1
257 1070 1
260 1079 1
264 1089 1
269 1098 1
272 1106 1
275 1114 1
278 1120 1
280 1125 1
282 1130 1
284 1136 1
288 1143 1
290 1149 1
293 1155 1
295 1162 1
298 1168 1
300 1175 1
302 1182 1
304 1189 1
306 1197 1
307 1204 1
309 1212 1
310 1221 1
311 1229 1
312 1235 1
313 1242 1
315 1249 1
315 1253 1
317 1258 1
317 1260 1
319 1265 1
319 1268 1
321 1274 1
323 1279 1
324 1284 1
326 1290 1
327 1296 1
329 1303 1
330 1310 1
332 1315 1
333 1320 1
335 1325 1
337 1330 1
338 1334 1
340 1338 1
340 1341 1
342 1344 1
342 1347 1
344 1350 1
344 1353 1
346 1355 1
347 1360 1
347 1363 1
349 1367 1
349 1372 1
351 1376 1
351 1380 1
352 1385 1
352 1388 1
353 1390 1
353 1394 1
353 1396 1
354 1398 1
354 1401 1
355 1403 1
355 1406 1
356 1408 1
356 1411 1
357 1414 1
358 1418 1
358 1421 1
359 1425 1
359 1428 1
359 1432 1
360 1436 1
360 1439 1
359 1442 1
359 1444 1
357 1446 1
356 1449 1
354 1450 1
354 1451 1
354 1451 1
354 1451 1
352 1452 1
351 1452 1
351 1452 1
350 1452 1
349 1452 1
347 1452 1
345 1452 1
344 1453 1
342 1453 1
341 1453 1
339 1453 1
338 1453 1
338 1451 1
336 1452 1
334 1450 1
334 1449 1
333 1447 1
333 1445 1
332 1442 1
332 1439 1
332 1436 1
333 1432 1
334 1426 1
336 1421 1
337 1415 1
339 1410 1
342 1403 1
343 1398 1
345 1392 1
347 1383 1
349 1374 1
351 1362 1
353 1350 1
355 1339 1
357 1326 1
358 1312 1
360 1298 1
360 1286 1
360 1275 1
360 1266 1
360 1256 1
360 1246 1
360 1234 1
361 1223 1
360 1213 1
360 1204 1
360 1196 1
360 1187 1
360 1178 1
360 1168 1
361 1159 1
362 1148 1
363 1139 1
363 1130 1
364 1120 1
365 1112 1
366 1103 1
368 1092 1
370 1081 1
373 1070 1
375 1061 1
377 1052 1
378 1043 1
380 1034 1
381 1026 1
382 1016 1
383 1007 1
384 998 1
386 989 1
386 982 1
388 975 1
389 968 1
390 962 1
391 955 1
392 948 1
392 941 1
392 935 1
391 930 1
389 924 1
387 919 1
386 915 1
384 912 1
383 908 1
381 906 1
380 904 1
378 901 1
376 900 1
374 898 1
374 897 1
374 897 1
373 897 1
373 895 1
372 896 1
371 895 1
369 895 1
368 894 1
366 892 1
365 892 1
363 892 1
362 890 1
361 889 1
359 889 1
358 887 1
357 885 1
356 885 1
354 883 1
354 882 1
352 882 1
352 880 1
350 880 1
350 878 1
350 878 1
349 878 1
349 878 1
349 878 1
349 878 1
349 878 1
349 878 1
349 878 1
349 878 1
347 880 1
346 885 1
343 894 1
340 903 1
338 914 1
334 924 1
333 934 1
331 942 1
330 950 1
330 955 1
330 960 1
330 963 1
330 967 1
331 970 1
331 974 1
334 978 1
336 983 1
339 988 1
344 994 1
350 1002 1
356 1011 1
363 1019 1
369 1027 1
375 1035 1
381 1041 1
385 1045 1
389 1049 1
390 1051 1
392 1054 1
394 1056 1
395 1057 1
397 1060 1
398 1061 1
400 1063 1
402 1066 1
404 1069 1
407 1074 1
412 1080 1
416 1088 1
420 1095 1
425 1103 1
428 1110 1
431 1116 1
432 1122 1
434 1126 1
435 1130 1
437 1135 1
438 1139 1
440 1145 1
442 1150 1
442 1157 1
444 1163 1
445 1170 1
447 1177 1
447 1183 1
448 1189 1
449 1193 1
449 1198 1
449 1203 1
449 1207 1
447 1212 1
448 1218 1
446 1226 1
446 1233 1
446 1239 1
444 1246 1
442 1254 1
441 1259 1
439 1267 1
437 1274 1
436 1280 1
434 1287 1
434 1293 1
432 1299 1
432 1303 1
430 1308 1
430 1312 1
430 1316 1
429 1321 1
428 1325 1
426 1331 1
425 1336 1
423 1341 1
423 1347 1
421 1353 1
421 1358 1
419 1364 1
418 1370 1
418 1375 1
418 1381 1
416 1386 1
416 1389 1
415 1393 1
415 1396 1
415 1399 1
415 1404 1
416 1406 1
417 1410 1
419 1412 1
420 1414 1
422 1416 1
423 1417 1
425 1419 1
426 1420 1
429 1422 1
430 1422 1
434 1423 1
436 1424 1
438 1425 1
441 1425 1
442 1425 1
445 1425 1
446 1424 1
448 1424 1
449 1422 1
451 1420 1
454 1415 1
457 1411 1
459 1405 1
460 1401 1
463 1395 1
464 1388 1
467 1379 1
470 1368 1
473 1358 1
474 1350 1
478 1342 1
478 1336 1
479 1330 1
480 1324 1
481 1319 1
482 1312 1
482 1307 1
483 1301 1
483 1295 1
484 1289 1
484 1284 1
485 1278 1
485 1272 1
486 1268 1
486 1262 1
485 1255 1
485 1246 1
484 1236 1
482 1226 1
483 1215 1
481 1206 1
482 1198 1
482 1191 1
482 1184 1
482 1178 1
483 1173 1
483 1167 1
483 1161 1
483 1155 1
483 1149 1
483 1142 1
482 1137 1
482 1131 1
480 1125 1
480 1119 1
478 1113 1
478 1107 1
476 1099 1
476 1089 1
475 1081 1
473 1073 1
473 1065 1
473 1057 1
473 1049 1
472 1041 1
472 1035 1
473 1028 1
473 1021 1
473 1015 1
473 1008 1
474 1002 1
475 994 1
475 988 1
476 983 1
476 977 1
476 971 1
476 966 1
475 961 1
475 956 1
474 953 1
472 950 1
472 947 1
470 944 1
469 941 1
468 939 1
468 937 1
467 937 1
467 937 1
467 936 1
467 936 1
467 936 1
467 936 1
467 936 1
467 936 1
467 936 1
467 936 1
467 936 1
467 936 1
467 937 1
466 941 1
466 948 1
465 959 1
463 970 1
461 978 1
460 985 1
458 990 1
458 994 1
458 997 1
457 1000 1
455 1004 1
455 1009 1
455 1017 1
454 1025 1
454 1035 1
454 1044 1
455 1052 1
457 1060 1
457 1068 1
459 1076 1
459 1083 1
461 1090 1
462 1097 1
463 1102 1
465 1108 1
465 1114 1
466 1119 1
466 1124 1
468 1130 1
468 1139 1
471 1148 1
473 1161 1
475 1172 1
477 1181 1
479 1188 1
481 1193 1
481 1197 1
482 1201 1
483 1204 1
484 1207 1
485 1209 1
486 1212 1
486 1214 1
488 1217 1
488 1220 1
490 1225 1
493 1232 1
496 1240 1
499 1247 1
501 1255 1
503 1263 1
505 1271 1
507 1280 1
509 1287 1
512 1295 1
516 1305 1
519 1313 1
521 1321 1
523 1327 1
525 1332 1
525 1336 1
527 1339 1
527 1341 1
528 1344 1
528 1347 1
529 1352 1
531 1356 1
532 1360 1
533 1365 1
534 1369 1
536 1373 1
537 1377 1
539 1382 1
540 1384 1
541 1386 1
542 1389 1
543 1391 1
544 1394 1
545 1395 1
547 1397 1
548 1399 1
550 1401 1
551 1402 1
553 1403 1
554 1404 1
556 1406 1
556 1406 1
557 1406 1
557 1406 1
559 1405 1
562 1403 1
565 1400 1
568 1396 1
571 1390 1
574 1384 1
576 1376 1
577 1368 1
578 1359 1
578 1351 1
576 1344 1
575 1335 1
572 1327 1
569 1320 1
566 1313 1
562 1305 1
559 1296 1
555 1289 1
552 1281 1
549 1276 1
548 1271 1
546 1265 1
544 1257 1
542 1248 1
542 1236 1
540 1223 1
539 1211 1
539 1199 1
540 1188 1
540 1179 1
540 1171 1
540 1162 1
540 1154 1
539 1147 1
539 1139 1
539 1133 1
539 1127 1
540 1122 1
540 1116 1
540 1109 1
541 1103 1
541 1095 1
541 1086 1
543 1077 1
543 1068 1
545 1060 1
546 1052 1
548 1044 1
549 1039 1
550 1034 1
552 1029 1
552 1025 1
554 1019 1
555 1014 1
556 1007 1
557 1000 1
559 993 1
561 986 1
563 980 1
565 974 1
566 970 1
568 965 1
568 961 1
570 955 1
570 949 1
571 942 1
570 936 1
570 930 1
569 926 1
569 921 1
566 917 1
565 913 1
563 910 1
563 907 1
561 905 1
561 903 1
559 901 1
559 901 1
560 900 1
559 901 1
559 901 1
559 901 1
559 901 1
559 901 1
559 901 1
559 901 1
559 901 1
557 903 1
555 906 1
552 911 1
550 915 1
548 920 1
546 924 1
544 928 1
542 932 1
540 936 1
539 941 1
537 946 1
537 950 1
535 955 1
535 960 1
534 964 1
532 969 1
533 974 1
531 979 1
531 986 1
531 993 1
530 1002 1
530 1011 1
530 1020 1
530 1030 1
528 1037 1
530 1045 1
530 1052 1
530 1060 1
531 1068 1
532 1076 1
533 1085 1
534 1094 1
535 1102 1
535 1107 1
536 1112 1
537 1117 1
538 1121 1
539 1126 1
540 1131 1
542 1137 1
543 1142 1
546 1147 1
547 1152 1
549 1158 1
551 1165 1
552 1170 1
554 1176 1
555 1181 1
557 1186 1
558 1190 1
560 1195 1
561 1198 1
564 1203 1
565 1206 1
569 1211 1
571 1216 1
574 1221 1
578 1227 1
583 1233 1
588 1239 1
594 1244 1
599 1247 1
603 1251 1
606 1253 1
608 1256 1
612 1258 1
616 1262 1
619 1264 1
623 1267 1
628 1270 1
632 1273 1
637 1277 1
640 1280 1
644 1284 1
649 1289 1
652 1292 1
656 1299 1
660 1304 1
663 1309 1
666 1315 1
668 1321 1
671 1325 1
672 1329 1
673 1334 1
674 1337 1
675 1341 1
676 1343 1
677 1345 1
677 1347 1
677 1347 1
677 1348 1
677 1348 1
677 1348 1
677 1349 1
677 1349 1
677 1349 1
677 1349 1
677 1349 1
677 1349 1
678 1347 1
678 1343 1
681 1336 1
683 1327 1
686 1320 1
687 1310 1
689 1302 1
691 1293 1
691 1285 1
691 1278 1
690 1269 1
688 1260 1
685 1249 1
682 1237 1
678 1221 1
673 1208 1
669 1196 1
666 1185 1
663 1175 1
662 1167 1
660 1157 1
659 1149 1
657 1140 1
658 1131 1
658 1124 1
658 1114 1
660 1103 1
661 1092 1
662 1081 1
664 1072 1
665 1062 1
666 1054 1
667 1047 1
668 1040 1
668 1032 1
669 1026 1
669 1017 1
670 1009 1
668 999 1
669 990 1
667 981 1
666 971 1
664 962 1
663 955 1
660 947 1
659 937 1
656 928 1
654 920 1
651 912 1
646 906 1
644 902 1
641 897 1
639 895 1
636 893 1
634 892 1
632 890 1
632 890 1
632 890 1
632 890 1
630 890 1
630 890 1
630 890 1
630 892 1
628 894 1
626 899 1
625 905 1
623 913 1
623 921 1
621 930 1
621 941 1
619 953 1
620 964 1
620 971 1
619 980 1
620 987 1
620 993 1
621 998 1
622 1005 1
623 1013 1
625 1020 1
627 1029 1
630 1040 1
634 1047 1
638 1057 1
641 1065 1
644 1074 1
648 1083 1
650 1092 1
654 1101 1
657 1110 1
662 1116 1
665 1123 1
670 1131 1
675 1137 1
679 1144 1
686 1152 1
691 1159 1
697 1166 1
699 1171 1
702 1174 1
705 1178 1
708 1183 1
712 1187 1
717 1193 1
722 1200 1
726 1207 1
731 1215 1
737 1227 1
743 1238 1
749 1249 1
753 1258 1
757 1265 1
760 1270 1
762 1272 1
764 1276 1
765 1278 1
766 1279 1
766 1281 1
767 1282 1
767 1282 1
767 1283 1
768 1285 1
768 1287 1
769 1290 1
770 1292 1
770 1294 1
770 1295 1
770 1295 1
770 1296 1
770 1296 1
770 1296 1
770 1296 1
770 1296 1
770 1296 1
770 1296 1
771 1296 1
772 1292 1
775 1285 1
778 1274 1
781 1262 1
784 1247 1
786 1233 1
787 1219 1
789 1207 1
790 1196 1
790 1187 1
788 1174 1
787 1161 1
785 1146 1
783 1133 1
780 1119 1
780 1104 1
778 1090 1
779 1074 1
780 1059 1
783 1044 1
786 1031 1
789 1016 1
790 1002 1
792 991 1
792 983 1
792 975 1
791 968 1
791 959 1
790 950 1
788 939 1
785 927 1
784 917 1
781 905 1
779 893 1
776 881 1
774 870 1
772 859 1
771 850 1
769 841 1
768 833 1
765 825 1
762 819 1
759 813 1
756 807 1
755 805 1
753 801 1
752 799 1
750 796 1
748 796 1
748 794 1
747 794 1
747 794 1
747 794 1
746 794 1
746 794 1
745 794 1
745 794 1
744 794 1
744 795 1
742 796 1
740 799 1
739 804 1
737 810 1
735 819 1
735 829 1
734 838 1
733 848 1
733 859 1
733 869 1
734 879 1
735 890 1
738 899 1
740 909 1
742 917 1
745 925 1
750 934 1
753 945 1
757 955 1
761 964 1
765 975 1
769 984 1
774 996 1
780 1008 1
786 1022 1
792 1036 1
798 1048 1
804 1059 1
809 1071 1
814 1083 1
819 1094 1
823 1105 1
827 1115 1
832 1123 1
836 1132 1
842 1143 1
847 1156 1
853 1169 1
861 1185 1
869 1197 1
878 1209 1
888 1221 1
898 1231 1
907 1239 1
912 1243 1
917 1246 1
918 1248 1
920 1250 1
923 1248 1
924 1249 1
926 1246 1
928 1242 1
931 1239 1
934 1232 1
937 1225 1
940 1213 1
942 1203 1
942 1191 1
940 1179 1
938 1167 1
935 1154 1
932 1142 1
929 1131 1
926 1121 1
924 1110 1
921 1099 1
918 1087 1
915 1075 1
915 1062 1
913 1048 1
911 1032 1
910 1014 1
910 996 1
909 979 1
909 962 1
908 945 1
908 927 1
907 910 1
905 895 1
904 879 1
902 864 1
901 852 1
902 840 1
902 828 1
899 813 1
896 799 1
893 785 1
890 774 1
888 763 1
885 754 1
882 744 1
879 735 1
874 726 1
871 721 1
868 717 1
866 714 1
864 712 1
863 712 1
863 712 1
863 712 1
863 712 1
863 712 1
863 712 1
863 712 1
863 712 1
863 712 1
861 713 1
861 716 1
859 720 1
857 726 1
856 733 1
854 741 1
852 748 1
852 755 1
850 761 1
851 766 1
849 770 1
850 774 1
850 779 1
850 782 1
850 787 1
850 791 1
850 795 1
851 800 1
851 804 1
851 808 1
851 813 1
852 817 1
852 822 1
853 827 1
854 832 1
855 838 1
857 843 1
858 848 1
861 853 1
863 858 1
866 864 1
869 871 1
873 879 1
877 888 1
880 895 1
883 903 1
888 909 1
891 914 1
896 921 1
899 924 1
901 927 1
904 929 1
906 931 1
908 934 1
910 936 1
912 938 1
913 939 1
915 941 1
918 943 1
919 943 1
921 945 1
923 946 1
925 948 1
928 950 1
932 953 1
937 956 1
942 961 1
948 964 1
955 969 1
962 974 1
969 978 1
975 982 1
980 985 1
983 988 1
986 989 1
989 991 1
990 992 1
993 994 1
994 994 1
994 995 1
995 995 1
995 995 1
995 995 1
995 995 1
996 997 1
997 1000 1
999 1005 1
1002 1016 1
1004 1027 1
1006 1037 1
1007 1047 1
1008 1055 1
1008 1061 1
1009 1067 1
1009 1071 1
1009 1074 1
1009 1078 1
1009 1082 1
1009 1085 1
1009 1090 1
1009 1094 1
1008 1099 1
1008 1104 1
1008 1109 1
1008 1115 1
1008 1120 1
1008 1125 1
1006 1130 1
1007 1134 1
1007 1137 1
1007 1136 0
