776 612 1
774 612 1
774 612 1
774 612 1
774 612 1
774 612 1
774 612 1
774 612 1
774 612 1
772 615 1
767 622 1
759 631 1
747 647 1
727 668 1
704 693 1
673 722 1
642 752 1
603 789 1
579 812 1
553 836 1
522 867 1
489 898 1
459 931 1
431 965 1
408 1002 1
383 1044 1
360 1088 1
338 1131 1
324 1170 1
313 1206 1
306 1239 1
303 1269 1
304 1295 1
308 1318 1
314 1339 1
321 1354 1
329 1370 1
340 1382 1
351 1392 1
367 1400 1
388 1404 1
414 1405 1
447 1399 1
476 1389 1
504 1379 1
535 1365 1
570 1347 1
600 1327 1
629 1306 1
658 1283 1
685 1258 1
711 1231 1
733 1205 1
752 1175 1
773 1144 1
794 1112 1
812 1078 1
829 1048 1
843 1016 1
857 984 1
867 950 1
876 917 1
884 885 1
889 856 1
895 826 1
899 797 1
902 770 1
903 746 1
903 724 1
901 704 1
899 685 1
896 669 1
891 656 1
887 648 1
882 641 1
877 636 1
870 633 1
859 631 1
842 633 1
820 637 1
795 645 1
765 654 1
739 665 1
713 681 1
691 696 1
667 715 1
642 739 1
618 764 1
594 793 1
572 820 1
554 843 1
537 865 1
520 885 1
501 907 1
481 930 1
459 956 1
440 980 1
417 1007 1
392 1035 1
369 1065 1
349 1095 1
333 1121 1
320 1144 1
309 1167 1
297 1192 1
286 1219 1
274 1246 1
264 1272 1
260 1293 1
257 1310 1
256 1324 1
256 1335 1
257 1345 1
259 1352 1
262 1359 1
270 1367 1
282 1376 1
302 1384 1
329 1387 1
361 1386 1
399 1380 1
439 1372 1
475 1363 1
512 1353 1
543 1341 1
572 1328 1
600 1316 1
624 1302 1
645 1287 1
666 1267 1
689 1244 1
716 1213 1
743 1183 1
768 1151 1
791 1118 1
813 1085 1
833 1052 1
855 1019 1
873 985 1
890 950 1
904 914 1
916 879 1
926 845 1
933 812 1
940 780 1
941 755 1
940 733 1
938 716 1
933 703 1
928 693 1
920 685 1
910 679 1
896 673 1
879 668 1
859 666 1
833 664 1
808 663 1
782 665 1
754 671 1
721 686 1
689 704 1
653 727 1
614 756 1
575 787 1
542 815 1
513 843 1
489 869 1
465 896 1
445 926 1
426 955 1
408 983 1
391 1010 1
371 1044 1
352 1083 1
333 1123 1
318 1160 1
304 1193 1
292 1223 1
282 1252 1
275 1273 1
270 1292 1
266 1304 1
265 1314 1
263 1323 1
264 1330 1
267 1338 1
274 1347 1
285 1358 1
304 1366 1
331 1372 1
362 1376 1
397 1376 1
433 1372 1
469 1360 1
506 1342 1
541 1320 1
575 1300 1
607 1281 1
635 1263 1
665 1244 1
691 1224 1
716 1202 1
742 1176 1
770 1147 1
797 1115 1
821 1084 1
839 1056 1
856 1032 1
872 1008 1
885 983 1
898 960 1
907 936 1
916 911 1
923 886 1
929 861 1
932 839 1
933 819 1
935 800 1
936 784 1
936 770 1
936 759 1
933 746 1
929 733 1
923 718 1
917 704 1
911 692 1
905 683 1
897 675 1
889 670 1
878 664 1
864 661 1
846 659 1
821 660 1
794 665 1
767 675 1
738 691 1
708 711 1
673 740 1
637 770 1
603 798 1
573 825 1
545 851 1
516 880 1
487 907 1
461 935 1
436 963 1
414 993 1
393 1023 1
371 1054 1
349 1087 1
331 1118 1
316 1149 1
302 1178 1
290 1207 1
280 1233 1
273 1257 1
267 1276 1
264 1292 1
262 1304 1
263 1313 1
265 1321 1
268 1328 1
276 1337 1
288 1348 1
307 1359 1
329 1367 1
356 1371 1
387 1372 1
418 1368 1
448 1360 1
479 1347 1
510 1331 1
541 1316 1
572 1300 1
602 1284 1
628 1265 1
654 1246 1
681 1223 1
709 1201 1
735 1180 1
758 1160 1
780 1139 1
800 1119 1
818 1099 1
834 1078 1
849 1054 1
864 1030 1
876 1004 1
888 980 1
896 958 1
904 938 1
909 921 1
912 905 1
916 891 1
919 875 1
922 861 1
927 846 1
930 832 1
933 819 1
937 804 1
939 790 1
940 778 1
940 766 1
938 755 1
935 744 1
929 729 1
923 715 1
915 701 1
908 689 1
901 678 1
893 670 1
885 663 1
874 658 1
862 655 1
846 653 1
825 652 1
801 656 1
772 667 1
740 683 1
703 706 1
665 734 1
627 766 1
592 797 1
562 828 1
534 860 1
508 892 1
484 923 1
461 953 1
442 980 1
425 1005 1
404 1033 1
380 1063 1
360 1096 1
343 1125 1
330 1148 1
320 1169 1
311 1188 1
303 1206 1
295 1223 1
290 1239 1
285 1254 1
281 1269 1
279 1285 1
280 1301 1
280 1316 1
283 1328 1
287 1339 1
292 1350 1
300 1357 1
311 1364 1
327 1370 1
351 1374 1
381 1376 1
413 1370 1
449 1361 1
483 1344 1
519 1326 1
552 1310 1
585 1293 1
615 1273 1
646 1252 1
678 1228 1
709 1201 1
738 1174 1
763 1146 1
787 1117 1
811 1086 1
834 1052 1
857 1018 1
879 984 1
898 953 1
910 924 1
919 898 1
926 874 1
932 851 1
938 828 1
942 803 1
944 778 1
945 752 1
945 728 1
940 707 1
935 688 1
927 672 1
917 660 1
905 651 1
887 642 1
866 636 1
838 632 1
811 634 1
785 639 1
761 647 1
735 659 1
706 675 1
679 695 1
647 716 1
611 741 1
579 769 1
548 796 1
519 828 1
495 856 1
472 881 1
455 904 1
438 928 1
421 952 1
406 977 1
391 1002 1
374 1031 1
355 1062 1
339 1094 1
325 1126 1
315 1158 1
305 1186 1
295 1212 1
286 1236 1
279 1255 1
273 1272 1
270 1284 1
268 1294 1
268 1302 1
269 1310 1
272 1319 1
280 1328 1
291 1338 1
308 1346 1
330 1353 1
356 1358 1
387 1359 1
422 1354 1
460 1345 1
496 1331 1
532 1315 1
566 1300 1
602 1280 1
632 1262 1
658 1244 1
681 1226 1
703 1204 1
726 1180 1
751 1151 1
777 1120 1
803 1088 1
826 1057 1
846 1027 1
866 994 1
887 958 1
908 919 1
926 879 1
938 844 1
946 810 1
953 783 1
958 758 1
961 736 1
961 717 1
958 702 1
955 691 1
951 683 1
948 677 1
945 674 1
940 670 1
928 665 1
908 662 1
876 661 1
842 662 1
810 665 1
783 672 1
760 683 1
733 697 1
706 715 1
675 737 1
644 761 1
610 785 1
576 812 1
548 837 1
518 867 1
493 894 1
466 922 1
440 949 1
414 977 1
392 1002 1
373 1028 1
356 1053 1
341 1081 1
325 1109 1
310 1136 1
298 1162 1
288 1186 1
280 1210 1
272 1231 1
267 1249 1
262 1264 1
260 1277 1
259 1290 1
259 1301 1
261 1311 1
264 1320 1
268 1327 1
274 1335 1
286 1343 1
304 1350 1
328 1354 1
355 1355 1
384 1353 1
413 1349 1
442 1342 1
474 1333 1
506 1321 1
536 1310 1
565 1298 1
596 1283 1
625 1266 1
653 1246 1
681 1224 1
709 1200 1
740 1174 1
771 1144 1
803 1110 1
833 1069 1
863 1026 1
892 982 1
917 940 1
935 901 1
950 863 1
958 829 1
965 799 1
971 772 1
974 750 1
975 730 1
972 713 1
967 699 1
962 689 1
955 681 1
948 676 1
936 673 1
918 670 1
892 671 1
863 674 1
830 682 1
799 691 1
770 704 1
739 717 1
708 733 1
673 755 1
637 780 1
599 806 1
564 831 1
532 856 1
505 881 1
481 906 1
459 931 1
436 957 1
414 982 1
392 1009 1
371 1039 1
353 1070 1
338 1101 1
326 1131 1
314 1157 1
304 1182 1
293 1208 1
285 1231 1
277 1250 1
273 1266 1
271 1279 1
269 1291 1
270 1300 1
272 1310 1
275 1318 1
281 1325 1
292 1333 1
309 1341 1
333 1350 1
358 1356 1
384 1360 1
413 1362 1
441 1361 1
471 1357 1
497 1348 1
517 1337 1
538 1325 1
558 1312 1
578 1297 1
600 1281 1
620 1264 1
641 1245 1
662 1221 1
684 1196 1
707 1168 1
731 1141 1
755 1115 1
774 1093 1
793 1070 1
811 1047 1
829 1021 1
852 990 1
876 955 1
898 920 1
916 885 1
929 857 1
937 832 1
945 810 1
951 789 1
956 773 1
959 759 1
960 749 1
961 740 1
959 732 1
956 726 1
952 720 1
945 713 1
935 706 1
919 697 1
899 688 1
875 680 1
848 674 1
820 673 1
792 674 1
764 680 1
736 690 1
706 704 1
671 725 1
632 750 1
596 779 1
562 810 1
526 847 1
492 885 1
464 915 1
438 944 1
416 971 1
396 996 1
377 1024 1
359 1055 1
343 1088 1
330 1114 1
319 1139 1
310 1162 1
304 1185 1
299 1208 1
295 1231 1
290 1251 1
287 1267 1
284 1283 1
284 1297 1
285 1309 1
288 1320 1
294 1327 1
301 1337 1
316 1344 1
333 1352 1
358 1358 1
387 1361 1
417 1362 1
449 1358 1
479 1352 1
508 1340 1
537 1328 1
565 1313 1
593 1299 1
621 1283 1
651 1263 1
683 1238 1
711 1211 1
736 1183 1
755 1159 1
775 1135 1
793 1106 1
814 1076 1
833 1045 1
852 1015 1
868 985 1
881 955 1
894 921 1
903 888 1
911 855 1
918 827 1
922 802 1
925 779 1
927 762 1
929 744 1
929 732 1
927 719 1
924 710 1
921 703 1
917 698 1
909 693 1
897 689 1
879 683 1
859 680 1
832 680 1
805 685 1
779 694 1
751 706 1
723 719 1
698 733 1
670 751 1
636 774 1
602 799 1
570 826 1
539 852 1
507 878 1
479 901 1
454 924 1
433 945 1
412 965 1
392 986 1
373 1009 1
356 1031 1
338 1056 1
322 1082 1
308 1109 1
296 1133 1
283 1157 1
271 1182 1
261 1208 1
251 1235 1
243 1259 1
238 1278 1
236 1295 1
236 1309 1
234 1322 1
236 1330 1
239 1340 1
243 1349 1
250 1359 1
261 1370 1
276 1382 1
293 1393 1
316 1401 1
344 1406 1
377 1405 1
411 1398 1
445 1387 1
477 1373 1
508 1354 1
539 1334 1
569 1314 1
599 1293 1
630 1270 1
659 1248 1
686 1224 1
710 1200 1
732 1173 1
757 1140 1
785 1105 1
812 1069 1
837 1034 1
863 995 1
886 958 1
906 920 1
920 888 1
929 862 1
935 840 1
938 822 1
940 806 1
942 790 1
942 779 1
940 767 1
939 759 1
937 751 1
933 745 1
927 738 1
920 730 1
909 721 1
895 712 1
879 705 1
860 697 1
840 693 1
816 691 1
794 694 1
768 701 1
740 713 1
704 731 1
664 754 1
627 778 1
591 803 1
555 835 1
520 869 1
488 903 1
459 935 1
432 966 1
407 997 1
382 1029 1
360 1062 1
340 1095 1
323 1122 1
309 1147 1
296 1172 1
285 1194 1
276 1214 1
269 1235 1
261 1255 1
258 1272 1
256 1288 1
256 1302 1
258 1314 1
260 1323 1
262 1330 1
265 1336 1
272 1342 1
285 1350 1
307 1355 1
334 1359 1
366 1360 1
401 1358 1
434 1353 1
468 1344 1
497 1332 1
524 1316 1
554 1302 1
588 1288 1
621 1272 1
651 1256 1
681 1237 1
710 1215 1
738 1186 1
774 1148 1
810 1107 1
840 1069 1
864 1034 1
883 1003 1
901 970 1
913 943 1
922 915 1
929 893 1
932 871 1
934 849 1
931 828 1
928 811 1
924 796 1
919 782 1
915 772 1
911 762 1
906 754 1
903 746 1
899 739 1
893 731 1
885 723 1
872 715 1
855 709 1
836 703 1
813 700 1
790 700 1
762 705 1
733 711 1
703 722 1
672 737 1
641 756 1
610 778 1
581 802 1
552 828 1
522 856 1
493 885 1
464 916 1
437 948 1
412 978 1
392 1007 1
374 1034 1
358 1062 1
342 1092 1
330 1119 1
322 1145 1
316 1170 1
310 1192 1
305 1212 1
299 1230 1
296 1246 1
293 1260 1
293 1274 1
295 1290 1
299 1305 1
304 1319 1
314 1332 1
326 1345 1
341 1358 1
358 1368 1
377 1376 1
399 1378 1
425 1380 1
455 1375 1
486 1368 1
513 1356 1
540 1340 1
569 1322 1
599 1302 1
626 1282 1
652 1262 1
680 1238 1
713 1203 1
745 1164 1
777 1123 1
805 1084 1
834 1046 1
857 1011 1
880 975 1
898 938 1
912 903 1
923 871 1
930 846 1
935 821 1
937 799 1
939 779 1
937 764 1
936 753 1
934 744 1
930 737 1
926 730 1
918 723 1
911 717 1
898 711 1
880 705 1
861 701 1
838 701 1
816 702 1
794 705 1
775 708 1
756 714 1
733 722 1
706 737 1
675 757 1
643 779 1
607 809 1
571 839 1
538 872 1
507 906 1
477 939 1
448 971 1
422 1000 1
398 1029 1
376 1058 1
355 1087 1
337 1114 1
325 1136 1
314 1159 1
303 1183 1
292 1207 1
281 1229 1
272 1249 1
265 1266 1
262 1284 1
260 1301 1
258 1316 1
259 1328 1
261 1337 1
263 1346 1
269 1356 1
280 1369 1
298 1382 1
325 1393 1
354 1401 1
390 1403 1
423 1399 1
454 1391 1
483 1382 1
511 1372 1
538 1361 1
566 1347 1
595 1332 1
623 1316 1
651 1298 1
679 1276 1
707 1250 1
735 1218 1
767 1185 1
796 1148 1
823 1115 1
849 1082 1
872 1047 1
891 1011 1
905 976 1
918 943 1
925 914 1
931 886 1
934 861 1
935 837 1
933 815 1
932 794 1
929 775 1
927 758 1
924 745 1
919 732 1
914 722 1
908 712 1
899 705 1
888 697 1
875 691 1
861 685 1
843 680 1
822 678 1
800 676 1
772 680 1
742 689 1
711 702 1
679 718 1
648 738 1
616 762 1
585 790 1
554 823 1
521 861 1
490 896 1
461 929 1
435 960 1
410 990 1
387 1023 1
366 1054 1
347 1084 1
331 1109 1
320 1131 1
310 1153 1
301 1176 1
295 1196 1
287 1213 1
283 1230 1
281 1246 1
281 1261 1
282 1277 1
285 1293 1
289 1308 1
295 1320 1
305 1331 1
316 1343 1
330 1353 1
347 1362 1
366 1369 1
389 1374 1
414 1376 1
447 1374 1
478 1370 1
512 1356 1
544 1338 1
576 1319 1
605 1302 1
631 1285 1
654 1267 1
677 1249 1
697 1228 1
717 1204 1
737 1179 1
758 1149 1
780 1119 1
803 1085 1
825 1050 1
849 1014 1
872 977 1
893 940 1
910 901 1
923 867 1
930 839 1
935 814 1
936 794 1
937 777 1
935 763 1
932 753 1
929 744 1
924 737 1
919 731 1
913 726 1
905 721 1
892 716 1
872 712 1
843 712 1
809 714 1
776 718 1
746 724 1
716 731 1
687 743 1
656 757 1
622 775 1
588 795 1
556 819 1
527 843 1
501 867 1
478 892 1
454 917 1
433 943 1
413 968 1
393 992 1
377 1017 1
361 1041 1
347 1066 1
331 1091 1
320 1111 1
311 1128 1
301 1146 1
292 1167 1
283 1189 1
276 1210 1
269 1231 1
264 1248 1
261 1264 1
257 1281 1
257 1297 1
257 1312 1
257 1323 1
257 1332 1
258 1339 1
261 1347 1
267 1357 1
277 1371 1
290 1384 1
305 1396 1
319 1406 1
335 1413 1
353 1417 1
377 1421 1
402 1423 1
428 1421 1
452 1419 1
475 1414 1
497 1405 1
517 1396 1
538 1383 1
562 1366 1
589 1344 1
612 1323 1
633 1303 1
651 1280 1
672 1252 1
694 1216 1
714 1177 1
737 1136 1
759 1095 1
782 1058 1
804 1022 1
821 985 1
835 954 1
843 925 1
847 903 1
849 886 1
851 873 1
848 861 1
843 849 1
837 837 1
830 827 1
823 818 1
816 810 1
808 801 1
799 793 1
790 786 1
782 782 1
771 777 1
759 774 1
742 772 1
721 774 1
698 779 1
670 788 1
641 799 1
610 815 1
582 831 1
551 849 1
519 873 1
484 900 1
452 931 1
422 964 1
396 996 1
370 1030 1
346 1066 1
325 1100 1
304 1131 1
289 1158 1
274 1187 1
264 1212 1
254 1238 1
246 1263 1
239 1284 1
235 1305 1
232 1320 1
230 1333 1
230 1341 1
230 1349 1
233 1356 1
237 1362 1
245 1370 1
257 1377 1
275 1384 1
304 1387 1
336 1388 1
375 1384 1
416 1376 1
457 1367 1
493 1353 1
526 1338 1
557 1321 1
588 1304 1
622 1281 1
658 1255 1
693 1225 1
726 1191 1
759 1153 1
790 1110 1
818 1069 1
841 1032 1
863 999 1
880 967 1
894 938 1
904 910 1
911 888 1
915 865 1
919 848 1
922 832 1
924 818 1
926 804 1
924 789 1
922 776 1
920 764 1
917 754 1
912 746 1
909 739 1
904 733 1
899 727 1
892 722 1
882 716 1
868 711 1
851 708 1
829 707 1
802 709 1
774 716 1
747 724 1
721 734 1
696 750 1
667 770 1
632 797 1
598 825 1
563 852 1
533 880 1
504 906 1
476 935 1
451 961 1
433 987 1
414 1013 1
396 1039 1
379 1067 1
363 1095 1
348 1125 1
332 1153 1
320 1182 1
309 1208 1
300 1230 1
292 1248 1
288 1263 1
285 1281 1
285 1301 1
285 1319 1
287 1336 1
290 1349 1
293 1360 1
298 1370 1
307 1380 1
318 1390 1
335 1400 1
358 1406 1
391 1407 1
427 1402 1
462 1393 1
494 1382 1
521 1369 1
551 1352 1
583 1333 1
614 1311 1
645 1288 1
676 1261 1
706 1235 1
733 1205 1
762 1170 1
791 1132 1
821 1091 1
852 1052 1
876 1017 1
898 984 1
915 955 1
930 928 1
942 901 1
951 876 1
960 852 1
966 826 1
971 800 1
971 777 1
970 759 1
967 744 1
963 731 1
957 718 1
952 709 1
947 701 1
943 695 1
938 690 1
929 686 1
919 682 1
905 680 1
885 683 1
858 689 1
822 700 1
786 710 1
754 723 1
722 740 1
689 761 1
655 785 1
621 812 1
591 839 1
560 869 1
527 900 1
499 931 1
471 961 1
446 987 1
423 1012 1
401 1040 1
379 1070 1
362 1102 1
349 1132 1
338 1161 1
326 1187 1
313 1215 1
301 1241 1
293 1265 1
289 1286 1
286 1305 1
285 1320 1
286 1334 1
289 1350 1
294 1363 1
299 1375 1
306 1387 1
314 1397 1
324 1404 1
341 1412 1
366 1417 1
400 1416 1
435 1409 1
470 1395 1
501 1380 1
533 1358 1
565 1334 1
595 1310 1
625 1283 1
656 1255 1
691 1222 1
725 1184 1
760 1140 1
794 1094 1
826 1048 1
853 1009 1
874 974 1
889 946 1
901 919 1
910 896 1
917 873 1
921 854 1
926 836 1
929 819 1
931 804 1
931 788 1
926 772 1
922 759 1
915 747 1
909 736 1
901 725 1
894 715 1
886 707 1
877 700 1
867 693 1
855 689 1
841 686 1
823 687 1
800 692 1
769 704 1
734 722 1
699 743 1
667 767 1
637 790 1
612 816 1
584 844 1
554 878 1
527 910 1
500 940 1
478 966 1
458 991 1
438 1015 1
419 1039 1
404 1065 1
387 1092 1
370 1117 1
355 1141 1
341 1163 1
331 1182 1
317 1203 1
307 1222 1
298 1241 1
289 1257 1
283 1272 1
277 1286 1
272 1299 1
269 1312 1
269 1323 1
269 1333 1
270 1340 1
273 1348 1
279 1358 1
289 1369 1
303 1380 1
324 1391 1
349 1398 1
383 1399 1
420 1393 1
459 1382 1
496 1369 1
532 1352 1
565 1334 1
598 1312 1
631 1287 1
660 1262 1
688 1235 1
719 1201 1
751 1160 1
785 1114 1
815 1071 1
842 1029 1
869 988 1
891 950 1
909 914 1
923 880 1
930 852 1
935 829 1
937 810 1
938 794 1
938 783 1
936 770 1
933 759 1
929 749 1
923 738 1
917 727 1
909 716 1
901 707 1
889 699 1
873 692 1
852 687 1
824 684 1
798 687 1
774 693 1
748 704 1
719 719 1
687 744 1
656 768 1
625 794 1
597 820 1
570 845 1
544 871 1
521 899 1
494 931 1
469 963 1
445 987 1
425 1010 1
405 1035 1
385 1063 1
366 1095 1
351 1121 1
339 1144 1
333 1163 1
327 1181 1
320 1195 1
314 1208 1
309 1223 1
304 1239 1
300 1256 1
298 1273 1
295 1292 1
293 1309 1
293 1323 1
293 1334 1
293 1345 1
296 1356 1
299 1367 1
304 1377 1
310 1386 1
318 1394 1
329 1402 1
345 1408 1
364 1413 1
390 1413 1
418 1408 1
447 1401 1
474 1393 1
496 1385 1
518 1377 1
540 1368 1
562 1356 1
584 1342 1
605 1328 1
627 1312 1
646 1295 1
668 1274 1
690 1252 1
714 1227 1
737 1203 1
756 1182 1
773 1162 1
791 1137 1
808 1109 1
825 1077 1
841 1043 1
857 1007 1
872 970 1
886 935 1
898 904 1
904 876 1
908 851 1
911 827 1
913 803 1
915 782 1
917 761 1
919 743 1
920 725 1
921 714 1
919 705 1
916 698 1
913 693 1
909 689 1
903 685 1
896 683 1
884 682 1
859 684 1
821 696 1
784 708 1
750 720 1
718 732 1
690 746 1
660 764 1
632 784 1
603 806 1
575 830 1
548 856 1
524 883 1
501 908 1
479 936 1
459 964 1
440 991 1
423 1019 1
408 1048 1
390 1077 1
375 1104 1
362 1127 1
353 1148 1
346 1171 1
340 1195 1
334 1221 1
329 1248 1
327 1271 1
327 1295 1
327 1316 1
330 1332 1
333 1344 1
336 1354 1
341 1363 1
353 1374 1
368 1383 1
389 1390 1
422 1392 1
460 1388 1
500 1377 1
535 1367 1
564 1350 1
588 1333 1
611 1315 1
635 1292 1
661 1265 1
689 1231 1
716 1195 1
742 1158 1
765 1123 1
786 1093 1
803 1066 1
819 1042 1
834 1017 1
848 992 1
860 965 1
872 937 1
883 907 1
893 878 1
901 849 1
909 821 1
914 793 1
917 771 1
919 752 1
918 736 1
913 721 1
904 708 1
893 699 1
880 693 1
865 690 1
848 691 1
823 698 1
796 707 1
763 720 1
732 736 1
703 754 1
674 777 1
645 803 1
612 833 1
577 867 1
543 901 1
511 934 1
480 965 1
451 997 1
423 1030 1
397 1066 1
373 1102 1
356 1132 1
341 1157 1
330 1183 1
317 1211 1
305 1238 1
296 1263 1
289 1283 1
285 1300 1
282 1314 1
282 1326 1
283 1337 1
286 1349 1
290 1362 1
295 1376 1
301 1387 1
307 1396 1
316 1404 1
328 1411 1
345 1417 1
368 1419 1
394 1417 1
424 1406 1
457 1391 1
489 1371 1
519 1350 1
550 1324 1
584 1295 1
621 1264 1
659 1225 1
695 1182 1
731 1134 1
768 1084 1
801 1037 1
833 992 1
860 949 1
882 906 1
901 868 1
913 838 1
918 812 1
920 794 1
918 779 1
915 767 1
911 759 1
907 752 1
900 747 1
891 741 1
878 735 1
863 729 1
843 722 1
818 718 1
790 715 1
758 718 1
727 725 1
696 739 1
664 759 1
635 781 1
604 809 1
572 837 1
540 871 1
512 903 1
487 932 1
460 963 1
435 997 1
412 1031 1
392 1065 1
372 1098 1
356 1128 1
345 1155 1
335 1180 1
326 1203 1
318 1225 1
312 1245 1
307 1262 1
305 1277 1
306 1290 1
308 1301 1
311 1309 1
316 1318 1
326 1329 1
342 1340 1
364 1351 1
393 1357 1
426 1362 1
463 1360 1
500 1351 1
535 1334 1
574 1312 1
614 1287 1
653 1259 1
689 1233 1
715 1208 1
736 1185 1
756 1154 1
779 1120 1
804 1082 1
828 1044 1
850 1008 1
868 972 1
884 936 1
896 901 1
905 871 1
911 845 1
914 822 1
915 799 1
914 778 1
912 761 1
908 748 1
905 733 1
898 722 1
891 712 1
882 703 1
871 696 1
856 690 1
836 688 1
815 688 1
787 693 1
758 703 1
729 717 1
702 733 1
678 750 1
652 772 1
623 799 1
593 828 1
565 858 1
534 890 1
504 922 1
476 954 1
449 983 1
427 1009 1
407 1033 1
387 1056 1
368 1086 1
352 1113 1
340 1137 1
331 1158 1
325 1178 1
318 1196 1
313 1215 1
308 1234 1
305 1251 1
304 1267 1
306 1284 1
311 1301 1
317 1315 1
321 1328 1
330 1343 1
338 1357 1
349 1372 1
362 1386 1
378 1399 1
401 1407 1
430 1412 1
465 1406 1
506 1394 1
545 1374 1
581 1352 1
612 1328 1
643 1300 1
672 1269 1
700 1232 1
725 1192 1
751 1146 1
780 1100 1
804 1058 1
828 1019 1
851 979 1
871 938 1
890 896 1
905 856 1
919 819 1
930 790 1
937 766 1
941 746 1
942 733 1
942 723 1
941 717 1
939 714 1
937 711 1
931 708 1
922 708 1
906 707 1
883 709 1
851 712 1
818 715 1
786 721 1
755 729 1
725 737 1
696 750 1
661 767 1
622 794 1
588 822 1
555 856 1
522 890 1
488 931 1
454 974 1
421 1013 1
387 1057 1
359 1101 1
339 1142 1
325 1177 1
315 1204 1
304 1229 1
298 1251 1
295 1269 1
295 1285 1
298 1299 1
301 1310 1
308 1321 1
316 1330 1
328 1340 1
348 1350 1
372 1358 1
400 1363 1
431 1367 1
466 1366 1
502 1361 1
537 1347 1
574 1330 1
609 1311 1
638 1289 1
665 1265 1
690 1235 1
714 1202 1
737 1167 1
762 1130 1
789 1090 1
817 1049 1
846 1006 1
874 963 1
899 923 1
919 888 1
935 856 1
948 831 1
957 811 1
962 793 1
965 780 1
967 770 1
966 762 1
964 756 1
960 750 1
957 744 1
950 737 1
942 728 1
931 718 1
918 706 1
902 695 1
881 685 1
857 676 1
824 671 1
791 671 1
762 675 1
733 685 1
707 697 1
677 715 1
648 736 1
615 763 1
583 793 1
550 827 1
519 865 1
491 903 1
463 938 1
434 973 1
409 1005 1
385 1037 1
358 1072 1
337 1105 1
321 1133 1
310 1157 1
302 1180 1
297 1200 1
294 1219 1
289 1237 1
289 1251 1
289 1264 1
291 1278 1
297 1292 1
306 1308 1
316 1324 1
332 1337 1
352 1349 1
377 1357 1
407 1362 1
437 1361 1
474 1350 1
509 1332 1
550 1308 1
589 1280 1
623 1253 1
652 1225 1
678 1194 1
704 1160 1
734 1123 1
761 1083 1
785 1043 1
809 1005 1
831 962 1
852 918 1
870 875 1
887 836 1
898 802 1
906 775 1
907 756 1
905 743 1
902 735 1
897 727 1
890 721 1
879 716 1
864 711 1
844 708 1
821 709 1
793 713 1
762 720 1
729 732 1
698 750 1
666 773 1
637 798 1
608 829 1
575 865 1
542 904 1
507 946 1
474 991 1
441 1040 1
405 1096 1
369 1154 1
381 1136 0
