590 968 1
590 968 1
590 968 1
590 968 1
590 968 1
590 968 1
590 968 1
590 968 1
590 968 1
590 968 1
590 968 1
590 968 1
588 968 1
587 967 1
586 967 1
583 965 1
580 964 1
576 962 1
572 960 1
567 958 1
564 955 1
561 950 1
558 946 1
555 941 1
554 933 1
554 926 1
557 920 1
562 913 1
568 909 1
574 905 1
580 903 1
585 903 1
591 903 1
596 904 1
601 906 1
606 909 1
611 913 1
614 916 1
616 921 1
617 926 1
618 932 1
616 942 1
614 952 1
611 965 1
603 977 1
593 990 1
581 1002 1
570 1012 1
562 1020 1
554 1023 1
545 1025 1
537 1026 1
528 1024 1
519 1020 1
511 1012 1
500 1000 1
492 982 1
484 960 1
483 935 1
486 908 1
494 882 1
506 858 1
519 837 1
537 816 1
555 801 1
567 794 1
578 789 1
591 789 1
604 789 1
613 793 1
625 800 1
636 810 1
646 821 1
654 833 1
661 844 1
667 857 1
672 868 1
675 879 1
678 892 1
678 905 1
678 918 1
676 931 1
674 947 1
672 961 1
667 975 1
660 991 1
652 1006 1
642 1022 1
632 1036 1
622 1048 1
614 1057 1
603 1065 1
590 1072 1
577 1079 1
564 1085 1
550 1090 1
534 1093 1
522 1095 1
511 1095 1
497 1092 1
484 1088 1
469 1083 1
454 1075 1
440 1065 1
425 1052 1
411 1038 1
400 1022 1
391 1005 1
382 983 1
378 959 1
375 934 1
379 907 1
385 882 1
394 858 1
406 834 1
422 812 1
437 793 1
452 776 1
469 763 1
488 752 1
511 744 1
539 738 1
568 735 1
599 735 1
625 737 1
646 741 1
666 750 1
686 762 1
703 775 1
717 788 1
728 801 1
737 816 1
745 830 1
752 846 1
758 862 1
762 881 1
765 900 1
767 920 1
764 944 1
758 967 1
749 991 1
736 1016 1
721 1040 1
703 1061 1
682 1082 1
659 1101 1
632 1118 1
604 1131 1
578 1140 1
556 1146 1
535 1148 1
514 1147 1
492 1142 1
466 1132 1
438 1118 1
411 1103 1
389 1087 1
369 1070 1
350 1052 1
334 1032 1
320 1009 1
308 981 1
300 950 1
295 917 1
297 882 1
301 847 1
311 813 1
326 778 1
346 747 1
369 718 1
390 697 1
410 682 1
432 671 1
455 662 1
482 657 1
506 654 1
530 654 1
552 657 1
570 662 1
588 669 1
606 679 1
625 689 1
641 700 1
657 710 1
672 721 1
687 734 1
702 747 1
716 762 1
727 776 1
737 788 1
744 800 1
752 812 1
759 824 1
764 836 1
769 849 1
770 863 1
772 880 1
773 897 1
771 914 1
768 934 1
763 953 1
754 973 1
744 996 1
732 1018 1
717 1041 1
698 1065 1
678 1087 1
656 1107 1
631 1126 1
598 1145 1
564 1164 1
528 1179 1
497 1188 1
464 1193 1
430 1190 1
399 1183 1
371 1172 1
345 1157 1
321 1136 1
300 1112 1
280 1082 1
263 1045 1
249 1007 1
241 965 1
236 921 1
239 876 1
245 833 1
257 794 1
273 760 1
293 727 1
314 700 1
336 675 1
362 657 1
385 639 1
410 625 1
438 614 1
468 606 1
499 603 1
531 603 1
564 606 1
599 612 1
632 621 1
665 631 1
691 641 1
713 653 1
732 667 1
750 682 1
769 700 1
785 718 1
801 738 1
813 758 1
822 776 1
830 796 1
835 815 1
840 837 1
842 860 1
843 885 1
839 911 1
834 939 1
825 970 1
813 999 1
797 1028 1
777 1060 1
753 1092 1
726 1120 1
698 1142 1
666 1158 1
630 1174 1
595 1189 1
563 1197 1
532 1202 1
497 1202 1
459 1199 1
418 1190 1
379 1178 1
343 1167 1
313 1154 1
281 1136 1
254 1115 1
228 1090 1
210 1059 1
195 1024 1
182 984 1
173 939 1
167 894 1
166 850 1
171 803 1
182 755 1
197 709 1
216 665 1
235 626 1
255 591 1
278 560 1
305 531 1
337 507 1
366 488 1
394 475 1
422 466 1
453 460 1
488 460 1
525 460 1
565 463 1
606 469 1
647 478 1
686 489 1
715 501 1
745 514 1
774 530 1
802 548 1
828 568 1
848 589 1
866 613 1
880 637 1
891 663 1
901 690 1
908 718 1
914 747 1
919 778 1
924 808 1
924 844 1
921 879 1
917 913 1
912 948 1
903 982 1
892 1018 1
880 1054 1
864 1092 1
844 1132 1
817 1167 1
787 1196 1
754 1226 1
713 1254 1
667 1280 1
621 1297 1
579 1311 1
531 1323 1
480 1331 1
420 1330 1
366 1325 1
315 1316 1
272 1304 1
231 1289 1
198 1270 1
171 1247 1
149 1222 1
131 1196 1
115 1167 1
102 1136 1
94 1099 1
87 1047 1
82 986 1
80 920 1
81 866 1
87 817 1
98 768 1
113 717 1
134 661 1
159 608 1
185 557 1
213 509 1
244 466 1
277 428 1
309 396 1
345 371 1
382 350 1
423 335 1
467 324 1
516 319 1
564 320 1
611 326 1
658 336 1
700 348 1
742 365 1
783 384 1
821 406 1
857 428 1
886 451 1
909 472 1
929 493 1
946 515 1
962 538 1
977 565 1
990 595 1
1002 628 1
1010 663 1
1017 702 1
1021 741 1
1023 780 1
1024 823 1
1023 865 1
1021 906 1
1019 946 1
1016 985 1
1007 1020 1
995 1056 1
980 1089 1
964 1120 1
945 1148 1
923 1177 1
899 1204 1
870 1235 1
835 1266 1
795 1301 1
756 1333 1
718 1359 1
677 1384 1
632 1406 1
587 1421 1
545 1433 1
507 1440 1
469 1446 1
431 1448 1
395 1449 1
363 1446 1
333 1442 1
305 1434 1
279 1422 1
254 1408 1
228 1389 1
205 1369 1
180 1346 1
154 1319 1
127 1290 1
103 1257 1
84 1221 1
71 1188 1
62 1156 1
60 1120 1
58 1079 1
60 1020 1
67 962 1
76 912 1
86 870 1
97 833 1
104 800 1
112 767 1
110 778 0
