373 639 1
373 639 1
373 639 1
372 639 1
369 639 1
366 639 1
361 639 1
354 641 1
340 643 1
325 647 1
306 652 1
289 658 1
272 665 1
258 674 1
246 684 1
236 692 1
230 701 1
225 708 1
222 715 1
222 726 1
223 738 1
229 750 1
238 762 1
247 772 1
257 783 1
271 797 1
288 813 1
307 830 1
324 846 1
338 861 1
352 875 1
362 888 1
370 899 1
377 907 1
381 914 1
383 917 1
386 922 1
386 924 1
388 928 1
388 932 1
387 936 1
385 940 1
380 947 1
374 953 1
363 960 1
348 968 1
328 976 1
306 982 1
286 986 1
266 987 1
248 986 1
230 983 1
214 978 1
200 970 1
185 959 1
172 947 1
160 934 1
153 922 1
146 912 1
140 901 1
137 892 1
134 883 1
130 873 1
130 865 1
130 857 1
131 850 1
134 843 1
138 838 1
145 832 1
156 827 1
168 822 1
184 818 1
200 815 1
216 812 1
232 813 1
248 813 1
267 814 1
284 816 1
302 817 1
319 819 1
337 817 1
355 817 1
369 814 1
383 811 1
397 807 1
409 801 1
421 796 1
428 791 1
433 785 1
438 778 1
442 770 1
444 762 1
446 753 1
446 743 1
442 730 1
435 715 1
427 702 1
418 690 1
407 680 1
397 673 1
388 666 1
378 662 1
375 660 1
378 662 0
693 738 1
693 738 1
693 738 1
693 738 1
693 738 1
693 738 1
693 738 1
689 738 1
681 740 1
667 746 1
646 757 1
622 768 1
598 781 1
580 792 1
564 803 1
552 813 1
543 821 1
539 827 1
536 833 1
535 837 1
535 843 1
536 849 1
539 857 1
550 872 1
558 881 1
566 890 1
573 900 1
581 909 1
588 919 1
594 928 1
599 936 1
601 940 1
604 945 1
604 948 1
605 950 1
605 953 1
603 958 1
598 962 1
582 966 1
561 971 1
539 973 1
524 974 1
512 973 1
501 971 1
484 964 1
472 953 1
461 941 1
454 932 1
449 923 1
446 915 1
444 908 1
443 902 1
443 895 1
445 887 1
453 881 1
466 875 1
482 872 1
500 870 1
520 871 1
543 872 1
566 872 1
588 874 1
612 875 1
633 875 1
648 874 1
659 872 1
669 869 1
679 864 1
690 857 1
699 849 1
706 839 1
712 829 1
717 820 1
717 810 1
718 799 1
716 788 1
714 779 1
708 769 1
700 760 1
693 753 1
686 747 1
680 742 1
677 739 1
676 738 1
676 738 0
972 761 1
972 761 1
972 761 1
972 761 1
972 761 1
972 761 1
970 761 1
965 762 1
951 767 1
931 775 1
908 783 1
883 793 1
863 801 1
848 809 1
838 816 1
832 819 1
827 824 1
826 825 1
824 830 1
826 834 1
828 844 1
836 856 1
846 871 1
855 885 1
865 899 1
873 911 1
880 924 1
885 937 1
890 951 1
892 961 1
893 971 1
892 979 1
890 985 1
884 991 1
875 997 1
858 1005 1
835 1010 1
810 1014 1
786 1015 1
767 1013 1
752 1009 1
739 1004 1
732 997 1
725 989 1
720 983 1
717 978 1
715 974 1
715 971 1
716 968 1
720 965 1
728 960 1
743 955 1
768 947 1
798 939 1
831 933 1
862 927 1
889 920 1
911 914 1
927 909 1
939 904 1
949 899 1
956 894 1
963 888 1
968 881 1
971 872 1
972 861 1
972 847 1
968 830 1
963 812 1
954 793 1
941 776 1
925 762 1
911 751 1
899 743 1
891 737 1
883 734 1
886 735 0
