1005 423 1
1005 423 1
1005 423 1
1005 424 1
1005 427 1
1005 435 1
1005 446 1
1005 463 1
1003 484 1
1000 511 1
997 539 1
994 568 1
992 596 1
992 637 1
992 661 1
992 685 1
992 709 1
992 732 1
993 755 1
993 774 1
994 792 1
994 811 1
992 832 1
992 848 1
989 861 1
986 871 1
982 880 1
976 889 1
970 896 1
962 903 1
954 909 1
940 915 1
926 918 1
913 918 1
902 917 1
891 915 1
880 914 1
870 911 1
860 905 1
851 899 1
842 890 1
836 882 1
830 874 1
825 865 1
822 857 1
819 849 1
816 840 1
814 833 1
814 825 1
813 818 1
813 810 1
813 803 1
814 795 1
816 788 1
817 783 1
819 778 1
820 777 1
823 775 1
827 775 1
835 775 1
845 777 1
855 779 1
864 785 1
871 792 1
877 800 1
883 809 1
889 819 1
894 830 1
900 842 1
906 864 1
906 878 1
907 891 1
905 903 1
903 925 1
893 942 1
879 963 1
865 984 1
852 1002 1
840 1018 1
831 1031 1
825 1041 1
820 1047 1
815 1054 1
809 1059 1
805 1063 1
802 1067 1
800 1069 1
797 1071 1
797 1072 1
797 1072 1
797 1072 0
716 486 1
716 486 1
716 486 1
716 486 1
716 486 1
716 486 1
717 494 1
720 505 1
724 523 1
727 543 1
730 568 1
732 594 1
736 623 1
741 654 1
749 698 1
756 727 1
759 753 1
762 778 1
764 801 1
765 824 1
766 847 1
765 866 1
765 883 1
763 896 1
762 906 1
761 914 1
760 922 1
758 928 1
755 934 1
749 939 1
735 946 1
720 951 1
702 954 1
686 955 1
673 955 1
662 954 1
653 952 1
642 951 1
635 949 1
628 948 1
622 945 1
617 940 1
615 936 1
612 933 1
611 930 1
611 927 1
611 925 1
611 923 1
611 923 1
611 921 1
612 920 1
613 919 1
616 919 1
623 916 1
632 913 1
642 911 1
651 908 1
658 908 1
665 908 1
672 908 1
676 908 1
681 910 1
686 911 1
689 913 1
692 917 1
695 922 1
697 929 1
699 935 1
700 946 1
699 957 1
699 968 1
696 978 1
689 997 1
679 1012 1
667 1029 1
654 1045 1
641 1060 1
631 1070 1
624 1078 1
618 1084 1
613 1090 1
608 1095 1
604 1098 1
606 1097 0
544 560 1
544 560 1
544 560 1
543 562 1
543 570 1
543 584 1
544 607 1
547 635 1
552 665 1
557 693 1
561 724 1
565 767 1
569 795 1
574 822 1
577 850 1
579 876 1
579 897 1
579 909 1
577 919 1
575 930 1
572 940 1
568 949 1
563 955 1
557 961 1
543 968 1
529 971 1
512 973 1
495 971 1
480 969 1
469 967 1
461 964 1
452 958 1
443 953 1
436 948 1
430 942 1
423 934 1
415 922 1
409 901 1
409 873 1
409 847 1
410 835 1
411 827 1
411 822 1
412 819 1
412 817 1
412 816 1
413 817 1
414 819 1
417 821 1
427 832 1
437 843 1
445 852 1
451 861 1
458 873 1
464 885 1
471 897 1
477 909 1
480 922 1
483 934 1
485 948 1
485 960 1
485 973 1
482 989 1
476 1004 1
469 1019 1
462 1033 1
451 1048 1
439 1065 1
425 1084 1
412 1098 1
401 1111 1
390 1123 1
377 1137 1
366 1153 1
366 1154 1
366 1154 0
295 683 1
295 683 1
295 687 1
298 698 1
303 713 1
309 736 1
315 761 1
321 791 1
326 822 1
331 852 1
337 895 1
341 921 1
344 943 1
346 962 1
346 973 1
346 979 1
344 985 1
344 989 1
340 999 1
327 1005 1
310 1012 1
289 1014 1
265 1016 1
246 1015 1
232 1013 1
218 1010 1
204 1002 1
189 990 1
175 975 1
163 958 1
157 944 1
152 935 1
152 928 1
150 922 1
151 915 1
152 909 1
155 903 1
164 897 1
176 895 1
185 895 1
198 896 1
208 898 1
216 904 1
224 911 1
230 919 1
236 930 1
243 948 1
245 961 1
245 977 1
242 996 1
230 1022 1
216 1049 1
199 1076 1
183 1101 1
168 1124 1
156 1146 1
143 1169 1
134 1193 1
128 1209 1
128 1209 0
