54 1398 1
54 1397 1
54 1397 1
54 1397 1
54 1397 1
54 1397 1
54 1397 1
54 1397 1
54 1397 1
54 1397 1
54 1394 1
56 1386 1
60 1367 1
68 1342 1
75 1311 1
83 1280 1
90 1251 1
96 1224 1
105 1184 1
110 1159 1
116 1135 1
124 1109 1
133 1083 1
140 1054 1
146 1024 1
148 995 1
150 966 1
148 940 1
148 918 1
146 895 1
143 874 1
138 855 1
133 840 1
129 829 1
125 822 1
120 816 1
116 810 1
112 806 1
109 803 1
107 803 1
105 801 1
104 802 1
104 802 1
103 803 1
101 804 1
101 806 1
97 816 1
95 826 1
95 841 1
95 856 1
95 874 1
97 894 1
99 922 1
107 947 1
112 969 1
114 992 1
116 1013 1
116 1030 1
116 1044 1
116 1060 1
117 1076 1
117 1090 1
117 1103 1
118 1114 1
119 1133 1
120 1150 1
120 1165 1
122 1178 1
122 1189 1
124 1201 1
125 1226 1
126 1239 1
127 1251 1
127 1263 1
128 1275 1
129 1289 1
130 1302 1
131 1317 1
133 1330 1
135 1344 1
136 1356 1
138 1369 1
140 1378 1
142 1384 1
143 1389 1
144 1393 1
146 1396 1
148 1399 1
152 1401 1
158 1403 1
164 1405 1
175 1402 1
187 1396 1
201 1385 1
214 1371 1
226 1353 1
238 1333 1
250 1311 1
262 1285 1
270 1261 1
278 1241 1
286 1220 1
291 1200 1
295 1181 1
298 1159 1
300 1136 1
302 1112 1
304 1087 1
305 1062 1
304 1037 1
303 1012 1
301 988 1
298 964 1
295 940 1
293 917 1
291 893 1
288 875 1
283 859 1
279 849 1
276 841 1
273 836 1
270 833 1
267 831 1
265 831 1
262 831 1
259 832 1
257 833 1
255 836 1
253 840 1
250 844 1
248 852 1
246 861 1
244 873 1
242 888 1
240 902 1
239 916 1
239 931 1
238 946 1
238 961 1
238 976 1
239 991 1
239 1011 1
240 1030 1
240 1049 1
240 1068 1
240 1085 1
241 1101 1
242 1116 1
243 1131 1
244 1147 1
245 1163 1
245 1178 1
246 1193 1
246 1213 1
246 1234 1
245 1255 1
246 1275 1
247 1294 1
248 1312 1
250 1329 1
252 1346 1
254 1362 1
257 1375 1
259 1386 1
262 1395 1
265 1403 1
269 1409 1
273 1416 1
276 1422 1
280 1424 1
283 1427 1
288 1429 1
292 1430 1
297 1430 1
303 1428 1
310 1424 1
319 1416 1
328 1406 1
339 1394 1
349 1380 1
359 1365 1
369 1347 1
377 1332 1
384 1317 1
390 1300 1
398 1278 1
406 1255 1
416 1232 1
426 1207 1
436 1182 1
443 1156 1
450 1130 1
452 1107 1
454 1086 1
454 1064 1
454 1041 1
454 1019 1
454 997 1
452 975 1
451 956 1
448 938 1
446 921 1
443 905 1
440 890 1
437 879 1
434 870 1
431 862 1
428 855 1
425 852 1
423 849 1
421 848 1
419 846 1
419 846 1
419 846 1
418 846 1
418 846 1
415 849 1
412 854 1
407 863 1
401 878 1
397 892 1
393 905 1
391 916 1
389 927 1
388 939 1
386 953 1
385 966 1
385 982 1
385 999 1
386 1020 1
387 1042 1
387 1063 1
388 1084 1
388 1104 1
388 1123 1
387 1141 1
387 1161 1
388 1179 1
388 1199 1
388 1219 1
388 1241 1
386 1261 1
385 1278 1
384 1295 1
384 1311 1
385 1323 1
387 1334 1
388 1344 1
389 1352 1
390 1363 1
393 1374 1
396 1385 1
398 1394 1
400 1402 1
402 1408 1
404 1411 1
405 1415 1
408 1418 1
415 1423 1
421 1426 1
428 1428 1
435 1429 1
444 1427 1
454 1422 1
466 1413 1
479 1402 1
493 1386 1
507 1368 1
519 1343 1
529 1316 1
538 1287 1
548 1258 1
556 1229 1
564 1201 1
569 1174 1
573 1144 1
578 1113 1
580 1081 1
583 1052 1
584 1022 1
586 995 1
585 972 1
583 948 1
581 930 1
579 914 1
577 899 1
574 889 1
572 880 1
569 874 1
567 871 1
566 868 1
564 866 1
562 864 1
561 865 1
558 865 1
555 867 1
551 871 1
545 881 1
539 891 1
533 903 1
529 914 1
525 925 1
522 938 1
520 950 1
519 964 1
519 978 1
519 994 1
519 1012 1
520 1030 1
522 1048 1
524 1068 1
525 1088 1
527 1110 1
527 1131 1
528 1154 1
526 1175 1
525 1193 1
523 1211 1
519 1230 1
517 1249 1
515 1268 1
512 1287 1
509 1306 1
508 1322 1
508 1338 1
508 1352 1
509 1366 1
510 1379 1
513 1393 1
516 1404 1
519 1415 1
522 1424 1
524 1430 1
526 1436 1
527 1439 1
529 1442 1
531 1444 1
536 1447 1
543 1449 1
552 1449 1
561 1447 1
572 1443 1
586 1434 1
603 1419 1
619 1401 1
634 1380 1
648 1359 1
658 1333 1
666 1306 1
674 1278 1
680 1252 1
685 1227 1
688 1203 1
691 1178 1
694 1148 1
695 1116 1
696 1084 1
697 1053 1
697 1021 1
698 991 1
699 963 1
699 937 1
696 918 1
693 902 1
690 891 1
687 881 1
686 875 1
683 870 1
683 869 1
681 867 1
680 867 1
680 867 1
680 867 1
680 867 1
680 867 1
677 870 1
672 876 1
665 889 1
658 904 1
650 921 1
645 940 1
640 957 1
637 974 1
635 989 1
635 1008 1
636 1028 1
637 1047 1
639 1066 1
640 1084 1
640 1104 1
640 1126 1
638 1152 1
636 1179 1
635 1203 1
634 1225 1
637 1246 1
640 1267 1
643 1288 1
644 1308 1
645 1328 1
646 1348 1
646 1365 1
647 1381 1
650 1395 1
653 1407 1
656 1416 1
659 1423 1
660 1427 1
662 1430 1
666 1435 1
670 1438 1
677 1440 1
687 1441 1
696 1441 1
705 1437 1
718 1431 1
732 1416 1
750 1396 1
767 1369 1
783 1340 1
795 1307 1
803 1274 1
809 1238 1
814 1201 1
820 1163 1
826 1128 1
829 1096 1
832 1066 1
835 1036 1
838 1006 1
839 976 1
840 946 1
840 921 1
838 900 1
835 882 1
831 868 1
826 855 1
820 845 1
814 837 1
812 833 1
809 830 1
806 828 1
805 828 1
803 829 1
800 832 1
796 839 1
789 852 1
780 869 1
773 889 1
767 909 1
763 930 1
762 951 1
762 971 1
763 991 1
763 1012 1
762 1031 1
760 1048 1
757 1069 1
756 1089 1
754 1109 1
754 1129 1
754 1151 1
754 1173 1
754 1193 1
753 1215 1
753 1238 1
753 1260 1
752 1283 1
752 1306 1
751 1326 1
751 1345 1
751 1363 1
751 1378 1
752 1391 1
752 1401 1
753 1410 1
753 1416 1
755 1421 1
755 1424 1
758 1427 1
762 1432 1
766 1436 1
771 1438 1
777 1440 1
785 1441 1
796 1440 1
809 1438 1
825 1429 1
843 1414 1
861 1395 1
876 1371 1
891 1343 1
900 1315 1
910 1284 1
916 1253 1
923 1222 1
927 1190 1
930 1158 1
932 1126 1
933 1096 1
933 1065 1
934 1034 1
935 1001 1
936 968 1
938 938 1
940 909 1
940 887 1
941 868 1
941 854 1
941 844 1
940 837 1
938 832 1
938 828 1
936 826 1
936 826 1
935 825 1
935 825 1
935 825 1
932 826 1
928 830 1
923 838 1
914 852 1
907 868 1
902 885 1
897 901 1
893 917 1
890 935 1
888 955 1
886 976 1
883 997 1
883 1018 1
882 1036 1
883 1053 1
883 1071 1
884 1092 1
885 1116 1
885 1141 1
886 1166 1
885 1188 1
883 1208 1
884 1230 1
885 1250 1
885 1268 1
887 1289 1
888 1308 1
889 1325 1
891 1338 1
891 1348 1
894 1357 1
895 1363 1
897 1369 1
899 1372 1
903 1376 1
906 1378 1
911 1379 1
918 1379 1
926 1377 1
935 1374 1
945 1367 1
956 1358 1
967 1344 1
978 1328 1
989 1308 1
997 1284 1
1004 1258 1
1008 1232 1
1013 1206 1
1016 1181 1
1019 1155 1
1022 1130 1
1026 1104 1
1028 1077 1
1030 1055 1
1031 1031 1
1032 1006 1
1032 981 1
1032 955 1
1030 928 1
1030 905 1
1028 885 1
1026 867 1
1024 853 1
1023 843 1
1021 836 1
1020 830 1
1020 827 1
1019 825 1
1017 823 1
1018 823 1
1018 822 1
1018 822 1
1018 822 1
1018 822 1
1018 822 1
1016 822 1
1014 825 1
1011 831 1
1004 844 1
998 861 1
992 881 1
987 900 1
984 917 1
982 931 1
980 946 1
978 960 1
979 972 1
979 983 1
980 995 1
980 1009 1
981 1024 1
982 1039 1
982 1051 1
983 1062 1
985 1075 1
986 1089 1
988 1101 1
990 1113 1
992 1125 1
995 1138 1
998 1153 1
1003 1171 1
1007 1188 1
1011 1204 1
1017 1218 1
1022 1230 1
1026 1240 1
1029 1249 1
1034 1256 1
1037 1261 1
1039 1267 1
1041 1274 1
1042 1278 1
1042 1276 0
