458 372 1
458 372 1
458 372 1
458 372 1
458 372 1
458 372 1
458 372 1
458 372 1
458 372 1
455 373 1
451 377 1
442 385 1
428 397 1
413 412 1
393 432 1
376 452 1
359 471 1
346 491 1
326 516 1
314 533 1
303 548 1
295 564 1
289 579 1
283 597 1
279 616 1
272 642 1
265 670 1
260 706 1
255 738 1
251 766 1
249 792 1
247 816 1
246 837 1
248 857 1
248 880 1
249 905 1
250 929 1
251 954 1
252 978 1
254 1004 1
256 1028 1
258 1051 1
259 1075 1
260 1096 1
261 1116 1
261 1134 1
261 1153 1
260 1174 1
261 1196 1
262 1222 1
264 1253 1
266 1285 1
268 1315 1
272 1347 1
273 1378 1
274 1407 1
275 1435 1
277 1461 1
279 1490 1
282 1518 1
290 1545 1
299 1570 1
311 1591 1
324 1610 1
341 1622 1
360 1631 1
378 1638 1
400 1640 1
422 1639 1
447 1631 1
475 1617 1
500 1601 1
526 1582 1
548 1560 1
568 1537 1
584 1517 1
597 1498 1
608 1480 1
617 1459 1
628 1434 1
636 1405 1
643 1377 1
646 1351 1
649 1328 1
650 1307 1
652 1285 1
653 1257 1
654 1227 1
655 1198 1
655 1172 1
653 1146 1
653 1122 1
651 1096 1
651 1070 1
651 1045 1
652 1020 1
654 994 1
657 971 1
663 946 1
670 922 1
678 897 1
685 872 1
695 843 1
703 815 1
710 792 1
715 772 1
720 752 1
725 729 1
731 705 1
735 679 1
740 650 1
744 624 1
748 599 1
752 576 1
755 552 1
757 529 1
760 506 1
761 483 1
762 458 1
763 437 1
763 418 1
763 397 1
759 376 1
755 355 1
749 333 1
742 312 1
733 291 1
721 273 1
708 258 1
695 246 1
680 233 1
666 223 1
646 216 1
629 212 1
612 208 1
593 209 1
575 212 1
554 221 1
531 232 1
506 246 1
480 262 1
455 279 1
434 298 1
413 319 1
393 344 1
372 370 1
354 395 1
338 421 1
325 448 1
314 475 1
306 502 1
297 528 1
292 553 1
287 578 1
284 604 1
282 629 1
282 654 1
280 680 1
278 707 1
276 737 1
273 765 1
271 792 1
268 818 1
267 844 1
265 870 1
261 895 1
255 920 1
247 944 1
239 965 1
232 986 1
223 1006 1
214 1028 1
206 1050 1
198 1071 1
190 1093 1
184 1113 1
179 1135 1
176 1158 1
172 1180 1
170 1203 1
168 1227 1
169 1251 1
169 1276 1
170 1305 1
173 1333 1
177 1362 1
183 1390 1
188 1415 1
194 1438 1
200 1458 1
205 1479 1
212 1501 1
222 1525 1
233 1546 1
244 1566 1
256 1584 1
271 1599 1
286 1612 1
305 1621 1
323 1627 1
346 1633 1
369 1634 1
392 1631 1
417 1623 1
439 1612 1
461 1599 1
482 1586 1
501 1570 1
519 1553 1
537 1535 1
554 1517 1
570 1498 1
584 1480 1
595 1461 1
604 1438 1
614 1413 1
621 1384 1
629 1357 1
636 1333 1
642 1310 1
646 1289 1
651 1266 1
654 1245 1
659 1220 1
665 1193 1
670 1163 1
675 1135 1
679 1110 1
682 1088 1
685 1067 1
688 1047 1
691 1028 1
694 1009 1
699 988 1
704 967 1
711 946 1
718 924 1
725 903 1
732 883 1
738 863 1
745 843 1
751 824 1
757 802 1
763 781 1
770 761 1
776 741 1
780 717 1
783 694 1
785 671 1
787 647 1
789 622 1
790 592 1
791 562 1
791 533 1
791 506 1
791 484 1
791 465 1
791 446 1
790 429 1
788 408 1
786 387 1
783 365 1
779 343 1
774 323 1
768 305 1
763 288 1
756 276 1
750 264 1
744 252 1
737 243 1
731 234 1
723 227 1
715 221 1
704 215 1
692 209 1
680 206 1
666 204 1
648 205 1
627 208 1
605 215 1
580 224 1
554 235 1
528 249 1
502 265 1
480 280 1
457 297 1
435 315 1
413 336 1
393 357 1
377 376 1
359 398 1
346 417 1
334 437 1
323 457 1
312 477 1
302 498 1
291 518 1
283 539 1
275 559 1
271 581 1
266 604 1
261 633 1
257 665 1
251 699 1
245 736 1
240 773 1
234 810 1
231 847 1
226 880 1
221 912 1
217 941 1
213 968 1
210 990 1
206 1013 1
203 1033 1
201 1054 1
199 1074 1
200 1095 1
202 1116 1
206 1137 1
211 1157 1
217 1176 1
224 1194 1
230 1213 1
237 1234 1
245 1254 1
252 1276 1
259 1298 1
265 1320 1
271 1342 1
277 1366 1
285 1391 1
291 1411 1
299 1431 1
305 1450 1
312 1466 1
317 1481 1
323 1497 1
329 1515 1
336 1531 1
345 1548 1
356 1562 1
369 1575 1
382 1587 1
397 1596 1
412 1604 1
428 1608 1
443 1609 1
461 1604 1
481 1598 1
499 1589 1
515 1580 1
531 1567 1
547 1552 1
563 1533 1
577 1514 1
590 1494 1
601 1472 1
613 1448 1
623 1422 1
632 1396 1
640 1370 1
646 1343 1
651 1322 1
656 1301 1
660 1280 1
664 1260 1
667 1240 1
669 1215 1
671 1191 1
672 1166 1
673 1139 1
674 1115 1
674 1090 1
674 1066 1
672 1045 1
669 1024 1
669 1003 1
669 980 1
671 957 1
675 932 1
681 909 1
688 886 1
695 863 1
702 840 1
709 818 1
717 796 1
722 779 1
730 764 1
736 747 1
743 730 1
750 713 1
757 697 1
762 681 1
767 665 1
772 646 1
776 629 1
781 611 1
785 591 1
790 573 1
794 552 1
796 530 1
798 507 1
800 481 1
802 457 1
802 433 1
801 412 1
800 393 1
797 377 1
791 360 1
786 346 1
778 332 1
769 318 1
760 306 1
750 295 1
739 285 1
724 276 1
710 266 1
697 261 1
684 255 1
667 252 1
650 249 1
633 249 1
615 250 1
595 254 1
573 261 1
549 271 1
520 285 1
493 300 1
466 317 1
442 334 1
422 350 1
402 369 1
387 388 1
372 405 1
358 421 1
346 437 1
333 453 1
323 471 1
312 489 1
300 510 1
289 532 1
279 554 1
272 576 1
263 599 1
255 620 1
249 646 1
240 675 1
232 702 1
224 730 1
214 757 1
207 783 1
200 809 1
196 836 1
193 865 1
193 901 1
193 938 1
194 978 1
194 1017 1
196 1055 1
198 1091 1
203 1125 1
209 1158 1
217 1187 1
225 1216 1
232 1244 1
242 1273 1
251 1303 1
261 1330 1
271 1358 1
277 1382 1
283 1404 1
288 1423 1
294 1443 1
300 1463 1
304 1483 1
307 1503 1
310 1523 1
313 1540 1
316 1555 1
320 1570 1
324 1583 1
329 1594 1
336 1602 1
348 1609 1
362 1616 1
378 1618 1
395 1619 1
415 1614 1
435 1606 1
457 1592 1
481 1574 1
503 1553 1
522 1533 1
537 1513 1
554 1489 1
568 1463 1
581 1433 1
595 1400 1
606 1364 1
615 1331 1
622 1299 1
626 1270 1
632 1241 1
640 1210 1
647 1175 1
657 1138 1
666 1102 1
671 1073 1
674 1048 1
677 1026 1
680 1002 1
685 979 1
690 955 1
695 931 1
699 907 1
702 881 1
705 854 1
708 824 1
710 796 1
712 770 1
713 749 1
714 729 1
714 708 1
714 688 1
716 669 1
720 651 1
724 630 1
729 606 1
733 579 1
737 552 1
743 524 1
749 501 1
757 478 1
765 459 1
772 439 1
779 421 1
785 405 1
789 389 1
793 376 1
795 359 1
797 341 1
798 324 1
798 310 1
798 299 1
795 293 1
794 289 1
794 285 1
792 283 1
789 280 1
784 276 1
780 272 1
774 268 1
769 263 1
761 261 1
752 258 1
739 255 1
725 252 1
707 252 1
684 252 1
661 254 1
636 257 1
610 261 1
584 268 1
556 278 1
528 292 1
501 304 1
480 317 1
461 329 1
445 341 1
430 355 1
414 372 1
396 392 1
381 412 1
364 433 1
347 455 1
328 484 1
308 516 1
291 551 1
277 585 1
267 611 1
258 637 1
250 661 1
242 689 1
236 718 1
229 748 1
221 777 1
214 806 1
206 834 1
201 865 1
195 900 1
189 938 1
181 975 1
171 1007 1
162 1036 1
154 1064 1
147 1092 1
140 1120 1
136 1149 1
134 1178 1
132 1207 1
132 1238 1
131 1263 1
131 1288 1
132 1311 1
133 1335 1
134 1360 1
136 1383 1
140 1405 1
145 1426 1
153 1446 1
161 1465 1
170 1486 1
181 1510 1
191 1530 1
202 1550 1
215 1568 1
229 1587 1
244 1602 1
258 1617 1
275 1630 1
291 1641 1
309 1652 1
329 1662 1
349 1671 1
370 1677 1
391 1680 1
412 1680 1
431 1677 1
448 1673 1
465 1667 1
484 1660 1
501 1652 1
520 1639 1
538 1625 1
555 1611 1
568 1597 1
579 1584 1
589 1571 1
598 1557 1
608 1541 1
619 1523 1
635 1499 1
650 1474 1
662 1452 1
670 1434 1
676 1420 1
681 1406 1
687 1391 1
693 1374 1
699 1355 1
704 1337 1
709 1320 1
711 1302 1
714 1284 1
716 1265 1
718 1244 1
722 1220 1
725 1196 1
730 1171 1
737 1147 1
744 1125 1
750 1104 1
757 1084 1
764 1064 1
772 1044 1
779 1024 1
789 1004 1
797 984 1
806 964 1
815 944 1
824 926 1
832 908 1
838 891 1
845 873 1
852 854 1
858 835 1
862 814 1
867 796 1
872 779 1
876 763 1
879 743 1
881 719 1
883 694 1
884 669 1
886 646 1
887 621 1
888 596 1
887 569 1
885 543 1
882 518 1
879 495 1
875 474 1
871 452 1
867 430 1
862 408 1
859 388 1
853 369 1
847 350 1
838 331 1
828 310 1
819 290 1
808 270 1
797 251 1
786 233 1
775 217 1
766 207 1
757 199 1
749 194 1
740 189 1
729 186 1
715 183 1
697 181 1
675 184 1
648 188 1
619 197 1
590 209 1
560 226 1
529 246 1
498 270 1
469 293 1
446 314 1
427 337 1
408 362 1
391 387 1
372 413 1
352 440 1
335 466 1
317 493 1
300 522 1
284 553 1
271 583 1
259 612 1
249 641 1
241 671 1
233 702 1
227 735 1
223 766 1
221 801 1
222 832 1
224 865 1
227 898 1
230 931 1
231 963 1
232 992 1
232 1023 1
229 1052 1
223 1080 1
216 1108 1
205 1140 1
192 1172 1
180 1202 1
169 1231 1
161 1259 1
154 1287 1
149 1314 1
147 1343 1
145 1371 1
146 1396 1
148 1417 1
151 1437 1
155 1457 1
161 1476 1
168 1495 1
179 1516 1
191 1538 1
207 1559 1
225 1580 1
245 1597 1
268 1611 1
292 1622 1
319 1630 1
347 1635 1
374 1638 1
400 1637 1
427 1631 1
453 1619 1
481 1605 1
508 1589 1
530 1572 1
550 1553 1
568 1531 1
587 1506 1
606 1481 1
623 1457 1
639 1430 1
654 1403 1
669 1373 1
683 1345 1
694 1316 1
703 1287 1
710 1259 1
716 1229 1
722 1200 1
729 1172 1
736 1143 1
742 1115 1
748 1089 1
753 1065 1
758 1041 1
763 1016 1
767 993 1
773 967 1
779 944 1
784 922 1
789 900 1
793 876 1
797 849 1
800 822 1
804 795 1
807 770 1
812 745 1
813 723 1
814 701 1
812 679 1
812 655 1
811 630 1
811 604 1
809 579 1
806 554 1
803 533 1
798 512 1
795 488 1
793 464 1
793 437 1
793 412 1
791 388 1
792 366 1
792 345 1
792 330 1
792 316 1
792 302 1
790 290 1
787 276 1
785 265 1
783 256 1
780 247 1
777 239 1
772 231 1
766 224 1
759 214 1
751 205 1
740 195 1
729 188 1
719 181 1
708 176 1
697 173 1
683 172 1
666 170 1
643 172 1
619 174 1
596 178 1
575 184 1
554 194 1
532 206 1
509 220 1
485 235 1
461 252 1
441 267 1
422 282 1
405 298 1
390 315 1
375 331 1
360 347 1
348 365 1
334 384 1
321 400 1
308 418 1
296 434 1
287 451 1
277 469 1
267 487 1
256 509 1
245 529 1
234 547 1
222 565 1
210 582 1
200 600 1
190 618 1
180 636 1
170 656 1
160 677 1
151 701 1
142 724 1
133 745 1
125 764 1
119 781 1
114 797 1
112 814 1
109 829 1
109 850 1
109 875 1
111 906 1
113 942 1
116 979 1
117 1015 1
118 1046 1
118 1076 1
118 1106 1
119 1139 1
122 1174 1
128 1210 1
132 1247 1
138 1281 1
145 1316 1
154 1352 1
166 1383 1
179 1413 1
191 1441 1
205 1467 1
219 1493 1
233 1520 1
245 1542 1
255 1561 1
265 1578 1
276 1592 1
287 1604 1
298 1614 1
309 1621 1
321 1626 1
337 1631 1
354 1630 1
372 1627 1
394 1616 1
418 1602 1
444 1586 1
470 1566 1
494 1544 1
516 1522 1
537 1498 1
555 1476 1
572 1455 1
586 1432 1
602 1411 1
617 1387 1
632 1362 1
645 1337 1
656 1316 1
665 1296 1
673 1277 1
680 1256 1
687 1228 1
695 1201 1
701 1169 1
711 1140 1
719 1112 1
726 1088 1
733 1063 1
738 1038 1
744 1012 1
751 983 1
759 956 1
768 933 1
775 910 1
786 886 1
795 862 1
803 835 1
810 807 1
817 782 1
824 761 1
830 741 1
835 721 1
838 703 1
842 683 1
847 661 1
849 636 1
851 609 1
855 582 1
858 560 1
860 539 1
861 519 1
862 499 1
862 479 1
860 460 1
859 440 1
857 419 1
856 400 1
854 384 1
851 369 1
846 354 1
841 341 1
837 330 1
830 318 1
821 305 1
811 291 1
801 279 1
792 268 1
784 261 1
778 253 1
772 249 1
766 244 1
759 240 1
752 238 1
743 236 1
729 236 1
711 237 1
687 241 1
660 247 1
627 257 1
593 269 1
557 284 1
522 301 1
493 317 1
467 331 1
444 348 1
422 366 1
401 386 1
379 408 1
357 431 1
338 454 1
319 478 1
303 503 1
288 528 1
274 555 1
262 583 1
251 609 1
239 637 1
228 664 1
217 692 1
208 720 1
199 750 1
193 780 1
189 810 1
187 840 1
188 872 1
190 908 1
192 945 1
193 981 1
192 1015 1
191 1047 1
188 1076 1
185 1105 1
181 1136 1
178 1165 1
175 1195 1
172 1224 1
167 1252 1
164 1280 1
162 1310 1
160 1341 1
163 1370 1
166 1397 1
171 1421 1
176 1444 1
183 1464 1
189 1485 1
199 1509 1
207 1531 1
218 1550 1
227 1566 1
237 1580 1
246 1590 1
255 1600 1
265 1606 1
278 1611 1
294 1614 1
313 1613 1
334 1608 1
358 1601 1
382 1592 1
406 1583 1
431 1571 1
457 1557 1
482 1541 1
506 1527 1
529 1512 1
551 1496 1
573 1480 1
594 1463 1
617 1444 1
639 1422 1
657 1403 1
674 1381 1
690 1359 1
706 1336 1
718 1308 1
732 1278 1
743 1247 1
751 1218 1
758 1192 1
764 1163 1
769 1132 1
777 1098 1
785 1063 1
793 1034 1
799 1006 1
804 977 1
809 948 1
814 922 1
817 897 1
821 873 1
825 849 1
830 826 1
837 802 1
844 781 1
851 763 1
859 744 1
865 725 1
871 707 1
877 687 1
881 665 1
884 644 1
886 623 1
887 598 1
887 573 1
885 545 1
882 518 1
880 491 1
877 467 1
874 443 1
870 419 1
866 393 1
862 369 1
857 347 1
851 330 1
846 319 1
842 310 1
837 304 1
832 298 1
826 293 1
820 288 1
813 285 1
803 280 1
794 276 1
782 273 1
770 270 1
756 268 1
741 265 1
724 264 1
706 262 1
683 262 1
658 263 1
632 264 1
603 269 1
575 275 1
544 285 1
514 298 1
487 312 1
462 329 1
442 348 1
424 371 1
406 396 1
385 425 1
364 457 1
344 492 1
324 532 1
308 575 1
294 621 1
284 661 1
276 699 1
268 736 1
261 774 1
257 808 1
254 841 1
252 876 1
250 910 1
249 943 1
249 974 1
246 1003 1
246 1030 1
244 1055 1
243 1078 1
240 1099 1
237 1120 1
232 1141 1
229 1163 1
226 1186 1
221 1209 1
217 1232 1
213 1255 1
210 1277 1
208 1299 1
208 1319 1
208 1338 1
209 1358 1
211 1379 1
213 1401 1
216 1421 1
220 1442 1
223 1460 1
226 1478 1
231 1497 1
235 1517 1
241 1535 1
247 1551 1
252 1566 1
257 1578 1
263 1589 1
269 1597 1
278 1606 1
290 1614 1
302 1620 1
317 1626 1
335 1629 1
354 1632 1
374 1634 1
396 1632 1
418 1627 1
440 1621 1
462 1612 1
487 1601 1
508 1590 1
530 1580 1
549 1568 1
566 1552 1
583 1535 1
600 1516 1
617 1495 1
632 1474 1
645 1454 1
655 1434 1
664 1407 1
673 1383 1
682 1359 1
690 1336 1
697 1313 1
704 1292 1
709 1271 1
713 1254 1
718 1239 1
723 1222 1
727 1206 1
731 1188 1
734 1168 1
737 1143 1
742 1118 1
748 1093 1
753 1073 1
758 1054 1
761 1039 1
764 1026 1
768 1010 1
771 997 1
775 981 1
779 965 1
784 951 1
789 936 1
793 921 1
797 907 1
800 892 1
804 876 1
809 860 1
812 843 1
815 825 1
818 810 1
821 797 1
822 785 1
823 773 1
824 761 1
825 746 1
827 730 1
828 712 1
829 694 1
830 675 1
830 656 1
829 638 1
830 624 1
827 608 1
827 592 1
825 576 1
823 560 1
820 543 1
816 524 1
813 504 1
811 487 1
811 471 1
810 453 1
809 436 1
810 418 1
811 401 1
813 384 1
814 366 1
814 350 1
815 337 1
815 324 1
815 316 1
813 308 1
812 301 1
811 293 1
807 282 1
803 269 1
796 255 1
787 242 1
778 229 1
770 222 1
762 215 1
754 210 1
747 204 1
735 200 1
723 194 1
707 190 1
689 189 1
670 190 1
647 194 1
624 199 1
603 206 1
582 215 1
560 228 1
535 245 1
504 266 1
475 286 1
451 307 1
431 328 1
412 351 1
395 374 1
379 397 1
362 419 1
347 439 1
331 459 1
317 479 1
303 499 1
291 521 1
276 542 1
264 562 1
252 580 1
241 600 1
230 621 1
220 639 1
210 658 1
200 675 1
189 694 1
180 712 1
172 734 1
165 753 1
157 773 1
152 792 1
148 813 1
145 833 1
143 858 1
141 886 1
141 919 1
139 951 1
140 980 1
141 1009 1
142 1033 1
144 1053 1
146 1073 1
147 1093 1
149 1115 1
150 1142 1
154 1169 1
160 1197 1
166 1224 1
172 1247 1
179 1269 1
183 1289 1
186 1310 1
191 1333 1
195 1356 1
199 1381 1
203 1403 1
206 1424 1
210 1443 1
213 1460 1
215 1473 1
219 1487 1
225 1503 1
230 1520 1
236 1534 1
243 1545 1
251 1556 1
259 1568 1
268 1579 1
279 1592 1
291 1602 1
304 1612 1
317 1619 1
332 1624 1
350 1628 1
368 1632 1
387 1633 1
407 1632 1
429 1627 1
450 1619 1
475 1605 1
498 1592 1
521 1576 1
542 1559 1
562 1542 1
582 1522 1
603 1500 1
624 1476 1
645 1454 1
659 1433 1
670 1416 1
679 1400 1
688 1383 1
698 1365 1
709 1345 1
719 1324 1
726 1302 1
730 1281 1
734 1265 1
736 1251 1
737 1238 1
739 1223 1
740 1206 1
743 1187 1
747 1164 1
752 1143 1
757 1122 1
762 1101 1
767 1079 1
772 1059 1
776 1040 1
780 1020 1
783 1001 1
784 985 1
786 968 1
787 949 1
789 929 1
790 909 1
791 888 1
791 866 1
792 843 1
792 818 1
792 795 1
792 773 1
791 751 1
791 729 1
789 705 1
787 679 1
787 654 1
786 628 1
787 603 1
790 576 1
793 553 1
797 528 1
800 507 1
805 488 1
808 473 1
811 455 1
814 438 1
817 418 1
818 396 1
820 376 1
821 358 1
822 342 1
822 329 1
820 318 1
819 308 1
816 299 1
811 288 1
804 276 1
797 265 1
788 253 1
777 244 1
767 235 1
757 229 1
748 223 1
739 220 1
728 218 1
716 216 1
702 217 1
684 220 1
661 226 1
635 235 1
606 247 1
577 261 1
547 278 1
519 298 1
490 318 1
465 338 1
443 355 1
426 369 1
410 383 1
395 398 1
381 411 1
367 423 1
355 433 1
343 442 1
331 454 1
317 468 1
303 482 1
291 494 1
280 506 1
270 518 1
260 531 1
250 544 1
239 558 1
228 574 1
216 593 1
204 613 1
193 636 1
182 662 1
172 689 1
163 716 1
154 742 1
147 768 1
140 793 1
134 816 1
128 842 1
122 869 1
118 901 1
116 934 1
116 966 1
114 999 1
113 1027 1
108 1050 1
106 1070 1
104 1090 1
106 1112 1
108 1136 1
112 1164 1
118 1196 1
124 1228 1
131 1261 1
137 1294 1
148 1328 1
159 1363 1
173 1399 1
186 1432 1
199 1462 1
209 1489 1
218 1518 1
227 1546 1
235 1570 1
244 1589 1
250 1603 1
257 1613 1
263 1620 1
271 1628 1
283 1634 1
297 1639 1
316 1644 1
337 1646 1
359 1644 1
384 1636 1
412 1623 1
440 1604 1
469 1582 1
498 1554 1
524 1525 1
550 1496 1
569 1470 1
588 1442 1
608 1414 1
627 1384 1
646 1356 1
663 1327 1
676 1301 1
688 1273 1
700 1244 1
711 1212 1
722 1180 1
734 1143 1
746 1105 1
755 1068 1
762 1036 1
767 1006 1
770 976 1
772 948 1
774 919 1
775 891 1
777 862 1
780 831 1
783 799 1
788 773 1
791 748 1
794 723 1
796 698 1
797 671 1
801 645 1
805 620 1
809 597 1
814 576 1
817 557 1
819 539 1
823 520 1
826 503 1
829 485 1
831 469 1
833 455 1
835 441 1
836 424 1
836 403 1
834 379 1
832 355 1
829 334 1
826 319 1
823 309 1
820 302 1
818 297 1
816 294 1
812 290 1
809 286 1
805 283 1
800 279 1
794 275 1
788 271 1
781 268 1
777 265 1
770 263 1
765 260 1
758 258 1
748 256 1
738 254 1
725 254 1
710 254 1
693 253 1
674 254 1
654 254 1
632 257 1
608 265 1
581 275 1
554 288 1
526 302 1
498 319 1
470 337 1
444 357 1
418 378 1
395 400 1
374 417 1
357 432 1
340 446 1
325 461 1
310 478 1
297 494 1
284 512 1
271 530 1
258 548 1
246 567 1
233 587 1
223 609 1
212 631 1
203 652 1
195 675 1
186 701 1
178 728 1
175 757 1
171 784 1
169 812 1
170 839 1
172 870 1
176 904 1
180 938 1
182 970 1
183 999 1
183 1027 1
183 1054 1
181 1079 1
182 1106 1
184 1133 1
187 1163 1
190 1193 1
192 1222 1
195 1250 1
198 1279 1
202 1306 1
205 1335 1
209 1363 1
212 1388 1
215 1413 1
219 1436 1
224 1459 1
228 1482 1
235 1505 1
240 1528 1
246 1545 1
251 1559 1
256 1571 1
260 1579 1
265 1587 1
271 1593 1
279 1599 1
291 1606 1
304 1611 1
320 1616 1
338 1619 1
358 1621 1
379 1618 1
402 1612 1
423 1604 1
445 1593 1
467 1581 1
490 1565 1
512 1547 1
533 1531 1
553 1516 1
574 1498 1
598 1479 1
622 1457 1
644 1435 1
663 1414 1
680 1394 1
694 1371 1
708 1346 1
721 1319 1
733 1290 1
743 1259 1
754 1225 1
764 1191 1
773 1160 1
780 1133 1
785 1110 1
790 1088 1
794 1066 1
797 1042 1
800 1020 1
803 997 1
805 971 1
807 946 1
808 919 1
810 892 1
813 864 1
816 836 1
819 809 1
824 785 1
831 764 1
839 745 1
848 723 1
858 702 1
866 680 1
874 660 1
880 641 1
884 623 1
885 605 1
886 585 1
886 564 1
887 541 1
888 522 1
889 504 1
887 486 1
883 467 1
879 445 1
874 423 1
869 401 1
863 381 1
856 362 1
847 345 1
836 330 1
827 316 1
816 302 1
806 290 1
794 279 1
783 271 1
770 263 1
757 256 1
743 248 1
730 244 1
716 242 1
702 240 1
685 241 1
666 243 1
644 246 1
619 251 1
590 258 1
560 267 1
528 279 1
496 294 1
465 310 1
436 330 1
410 351 1
385 375 1
361 398 1
340 420 1
320 443 1
303 468 1
285 499 1
268 534 1
252 569 1
238 605 1
226 639 1
207 699 1
200 728 1
194 756 1
189 786 1
187 816 1
185 847 1
185 884 1
186 924 1
188 964 1
188 1003 1
186 1038 1
185 1070 1
185 1102 1
188 1132 1
191 1163 1
196 1191 1
201 1219 1
205 1244 1
212 1267 1
220 1289 1
228 1310 1
235 1331 1
242 1351 1
250 1371 1
256 1392 1
261 1409 1
266 1426 1
271 1443 1
275 1456 1
280 1470 1
284 1483 1
289 1496 1
295 1508 1
301 1519 1
305 1527 1
310 1535 1
315 1541 1
319 1547 1
326 1552 1
334 1558 1
345 1562 1
357 1566 1
370 1569 1
384 1572 1
401 1573 1
420 1575 1
440 1573 1
462 1571 1
485 1564 1
505 1556 1
523 1545 1
542 1533 1
560 1521 1
577 1505 1
593 1489 1
611 1472 1
628 1454 1
645 1431 1
661 1409 1
673 1390 1
684 1369 1
691 1348 1
697 1326 1
702 1302 1
708 1273 1
711 1245 1
715 1220 1
717 1197 1
719 1174 1
721 1152 1
723 1130 1
726 1110 1
728 1085 1
731 1061 1
733 1037 1
734 1014 1
737 991 1
743 968 1
750 946 1
757 923 1
765 901 1
771 881 1
776 861 1
783 840 1
788 821 1
794 800 1
800 779 1
806 758 1
805 762 0
