630 947 1
630 947 1
630 947 1
630 947 1
630 947 1
630 947 1
630 947 1
630 947 1
629 947 1
626 947 1
624 947 1
620 947 1
617 947 1
614 947 1
611 948 1
609 948 1
606 948 1
604 948 1
602 948 1
602 946 1
601 947 1
600 947 1
600 947 1
598 946 1
598 946 1
596 945 1
594 943 1
594 943 1
594 943 1
594 943 1
593 943 1
593 942 1
592 941 1
592 941 1
592 941 1
590 939 1
590 939 1
591 938 1
591 938 1
589 937 1
589 937 1
589 937 1
590 937 1
590 937 1
590 936 1
590 935 1
591 932 1
592 930 1
593 927 1
594 925 1
596 923 1
597 921 1
599 918 1
600 917 1
602 915 1
604 913 1
606 911 1
609 911 1
611 909 1
613 909 1
615 908 1
618 908 1
622 908 1
626 908 1
630 908 1
633 909 1
637 910 1
640 911 1
644 912 1
649 914 1
651 916 1
653 918 1
656 920 1
657 921 1
660 923 1
661 924 1
663 926 1
665 929 1
668 932 1
670 937 1
673 943 1
675 950 1
677 958 1
679 966 1
680 973 1
680 981 1
680 988 1
680 995 1
679 1004 1
679 1013 1
677 1021 1
674 1029 1
672 1035 1
669 1041 1
665 1046 1
660 1051 1
654 1055 1
648 1059 1
640 1062 1
633 1065 1
623 1067 1
611 1068 1
599 1070 1
586 1071 1
574 1069 1
562 1068 1
551 1065 1
539 1060 1
529 1054 1
519 1047 1
510 1040 1
501 1032 1
494 1023 1
483 1007 1
477 995 1
471 982 1
469 968 1
466 954 1
465 941 1
464 924 1
464 907 1
467 893 1
469 881 1
472 871 1
474 863 1
476 856 1
478 849 1
480 845 1
482 842 1
485 838 1
490 833 1
493 830 1
500 827 1
506 822 1
512 819 1
519 816 1
525 813 1
531 810 1
538 807 1
545 804 1
552 803 1
557 800 1
561 800 1
565 798 1
567 797 1
570 797 1
573 797 1
577 796 1
580 796 1
583 796 1
586 796 1
589 796 1
592 796 1
596 797 1
601 797 1
606 797 1
610 797 1
614 798 1
617 798 1
620 799 1
624 799 1
627 800 1
630 801 1
633 802 1
636 802 1
639 803 1
642 804 1
644 805 1
646 806 1
648 806 1
651 807 1
652 808 1
654 809 1
656 810 1
659 812 1
661 813 1
663 815 1
666 817 1
670 819 1
673 821 1
676 823 1
678 825 1
680 826 1
683 827 1
684 828 1
687 830 1
687 830 1
689 831 1
689 831 1
690 831 1
691 832 1
691 832 1
693 833 1
695 834 1
698 835 1
701 836 1
703 838 1
706 840 1
709 842 1
712 843 1
715 846 1
718 847 1
720 849 1
723 851 1
724 852 1
727 853 1
728 854 1
730 856 1
731 856 1
733 858 1
734 859 1
736 860 1
737 861 1
738 861 1
738 861 1
738 861 1
739 862 1
739 862 1
740 862 1
741 863 1
742 864 1
743 864 1
744 865 1
745 866 1
746 866 1
747 867 1
749 868 1
750 869 1
751 869 1
752 870 1
753 871 1
754 872 1
755 872 1
757 873 1
757 874 1
759 875 1
759 876 1
761 877 1
761 878 1
763 879 1
764 880 1
764 880 1
765 881 1
765 881 1
765 881 1
765 881 1
765 881 1
765 881 1
765 881 1
765 881 1
765 881 1
765 881 1
765 881 1
765 881 1
765 881 1
765 881 1
765 881 1
765 881 1
765 881 1
765 881 1
765 883 1
763 884 1
764 885 1
764 887 1
763 888 1
763 889 1
763 890 1
763 892 1
762 893 1
762 895 1
762 896 1
762 897 1
762 898 1
762 900 1
762 902 1
761 903 1
761 904 1
761 905 1
761 907 1
761 907 1
761 908 1
760 908 1
760 908 1
760 908 1
760 909 1
760 909 1
760 909 1
758 910 1
758 910 1
758 910 1
759 911 1
759 912 1
759 912 1
758 914 1
758 915 1
758 918 1
757 920 1
757 924 1
755 927 1
756 931 1
756 936 1
756 941 1
756 945 1
756 950 1
756 955 1
756 958 1
756 961 1
756 965 1
756 967 1
756 970 1
756 972 1
756 974 1
756 976 1
756 978 1
756 979 1
756 980 1
756 980 1
756 981 1
756 982 1
756 983 1
754 985 1
755 986 1
755 987 1
755 988 1
755 991 1
754 993 1
754 996 1
754 1000 1
754 1005 1
754 1009 1
752 1014 1
753 1019 1
752 1022 1
752 1027 1
752 1031 1
752 1034 1
751 1037 1
751 1041 1
750 1044 1
750 1046 1
749 1049 1
749 1051 1
747 1054 1
748 1057 1
746 1060 1
746 1063 1
744 1068 1
743 1073 1
741 1078 1
740 1083 1
738 1089 1
736 1093 1
734 1099 1
733 1102 1
731 1107 1
729 1111 1
727 1114 1
725 1117 1
724 1119 1
722 1121 1
721 1123 1
719 1125 1
718 1127 1
716 1129 1
714 1130 1
712 1132 1
709 1134 1
706 1135 1
702 1137 1
699 1138 1
694 1140 1
690 1141 1
686 1142 1
681 1143 1
677 1144 1
670 1145 1
665 1146 1
659 1146 1
654 1146 1
649 1147 1
644 1146 1
638 1146 1
633 1145 1
627 1145 1
622 1145 1
618 1143 1
613 1143 1
608 1143 1
603 1141 1
598 1141 1
594 1139 1
589 1137 1
584 1135 1
580 1134 1
575 1132 1
570 1132 1
566 1130 1
560 1128 1
554 1126 1
550 1124 1
545 1121 1
541 1119 1
538 1117 1
533 1114 1
529 1112 1
524 1110 1
520 1108 1
514 1105 1
509 1102 1
504 1099 1
499 1096 1
495 1093 1
490 1091 1
487 1089 1
483 1086 1
478 1083 1
475 1080 1
472 1079 1
470 1076 1
468 1075 1
466 1073 1
465 1072 1
462 1070 1
461 1069 1
459 1067 1
457 1065 1
455 1063 1
453 1059 1
452 1056 1
450 1052 1
450 1049 1
448 1043 1
444 1034 1
441 1022 1
436 1011 1
431 1000 1
429 992 1
426 984 1
423 977 1
421 972 1
419 967 1
419 965 1
417 962 1
417 960 1
415 958 1
415 957 1
415 957 1
415 956 1
415 954 1
414 953 1
414 950 1
413 946 1
412 942 1
412 936 1
411 929 1
409 921 1
409 913 1
409 905 1
408 897 1
408 889 1
408 882 1
408 874 1
409 865 1
410 858 1
410 849 1
411 841 1
412 832 1
413 824 1
415 816 1
416 808 1
418 801 1
419 795 1
420 789 1
422 783 1
423 778 1
425 773 1
426 769 1
428 765 1
429 762 1
432 758 1
434 754 1
437 749 1
439 747 1
442 742 1
446 739 1
450 736 1
453 733 1
458 730 1
463 727 1
469 724 1
476 721 1
482 719 1
488 716 1
495 714 1
501 712 1
512 710 1
524 709 1
537 710 1
553 711 1
569 713 1
583 714 1
596 716 1
606 717 1
614 719 1
621 720 1
626 721 1
631 722 1
638 723 1
641 724 1
645 725 1
648 726 1
650 726 1
652 727 1
654 727 1
657 728 1
659 728 1
662 729 1
664 729 1
666 730 1
668 730 1
671 731 1
674 732 1
677 732 1
679 733 1
682 734 1
684 734 1
686 735 1
689 735 1
690 736 1
693 737 1
694 737 1
695 737 1
698 738 1
700 738 1
702 739 1
703 739 1
706 740 1
707 741 1
710 741 1
711 742 1
714 743 1
715 743 1
717 744 1
720 745 1
721 746 1
723 747 1
724 748 1
725 748 1
725 748 1
725 748 1
725 748 1
725 749 1
726 749 1
726 749 1
726 749 1
726 750 1
727 751 1
727 753 1
728 756 1
729 759 1
730 762 1
730 765 1
732 768 1
732 770 1
733 773 1
733 775 1
734 778 1
735 781 1
735 783 1
736 785 1
736 787 1
737 789 1
738 791 1
739 794 1
740 796 1
741 798 1
741 800 1
742 804 1
744 807 1
746 809 1
748 812 1
750 815 1
752 818 1
754 821 1
756 824 1
758 826 1
760 829 1
762 832 1
764 835 1
767 839 1
770 842 1
772 844 1
774 847 1
777 851 1
779 855 1
782 859 1
786 864 1
789 870 1
792 876 1
795 882 1
798 889 1
800 894 1
803 899 1
804 904 1
806 910 1
807 915 1
809 921 1
809 927 1
811 934 1
812 943 1
813 952 1
814 962 1
814 969 1
812 977 1
813 983 1
811 989 1
811 996 1
811 1004 1
809 1013 1
807 1024 1
806 1033 1
804 1041 1
802 1048 1
800 1056 1
798 1063 1
797 1070 1
795 1078 1
795 1086 1
793 1094 1
793 1101 1
793 1109 1
791 1116 1
789 1123 1
789 1131 1
787 1139 1
786 1147 1
787 1154 1
785 1162 1
784 1169 1
782 1175 1
781 1181 1
779 1185 1
777 1191 1
775 1196 1
772 1200 1
767 1203 1
763 1208 1
759 1211 1
754 1214 1
748 1217 1
741 1220 1
734 1222 1
726 1225 1
715 1228 1
704 1230 1
692 1232 1
680 1234 1
669 1235 1
660 1237 1
651 1237 1
643 1237 1
633 1237 1
624 1236 1
616 1236 1
611 1236 1
607 1234 1
601 1234 1
595 1232 1
588 1231 1
580 1229 1
572 1225 1
562 1222 1
552 1216 1
538 1210 1
524 1202 1
510 1195 1
498 1187 1
488 1181 1
477 1175 1
468 1170 1
457 1162 1
448 1156 1
437 1148 1
427 1140 1
419 1131 1
413 1124 1
407 1116 1
403 1107 1
397 1097 1
391 1084 1
387 1074 1
384 1065 1
380 1058 1
379 1053 1
379 1050 1
378 1047 1
378 1044 1
376 1040 1
374 1036 1
372 1029 1
369 1023 1
367 1016 1
365 1010 1
364 1003 1
363 995 1
363 986 1
363 975 1
360 963 1
357 948 1
354 932 1
351 919 1
348 906 1
346 895 1
343 885 1
342 875 1
340 864 1
339 854 1
339 846 1
339 838 1
338 831 1
338 823 1
338 817 1
339 809 1
340 801 1
342 792 1
344 783 1
346 772 1
350 762 1
353 754 1
355 741 1
356 730 1
359 720 1
360 713 1
362 706 1
363 702 1
365 697 1
367 694 1
369 691 1
373 686 1
377 681 1
383 675 1
389 670 1
395 664 1
404 657 1
413 649 1
423 642 1
434 634 1
446 626 1
458 618 1
468 613 1
479 608 1
487 603 1
494 600 1
500 598 1
505 597 1
509 595 1
511 595 1
514 595 1
516 594 1
521 594 1
524 594 1
528 592 1
536 593 1
543 593 1
550 593 1
557 593 1
564 594 1
571 594 1
578 595 1
584 595 1
590 596 1
595 596 1
600 596 1
604 596 1
610 597 1
614 597 1
619 598 1
624 599 1
628 600 1
634 600 1
638 601 1
642 603 1
647 605 1
651 606 1
658 609 1
664 611 1
670 614 1
677 616 1
682 618 1
686 621 1
691 623 1
695 625 1
701 627 1
705 630 1
710 632 1
712 633 1
714 634 1
716 635 1
718 636 1
719 637 1
721 639 1
723 639 1
725 641 1
727 641 1
730 642 1
734 644 1
741 645 1
749 648 1
759 651 1
767 655 1
776 659 1
786 664 1
797 670 1
808 678 1
819 686 1
827 692 1
834 698 1
840 702 1
844 706 1
848 709 1
850 711 1
852 713 1
854 716 1
855 719 1
857 721 1
859 724 1
859 726 1
860 728 1
861 730 1
861 732 1
862 735 1
862 737 1
862 740 1
862 743 1
862 748 1
861 751 1
861 755 1
859 758 1
857 762 1
857 766 1
855 769 1
855 772 1
855 775 1
854 778 1
854 781 1
853 784 1
851 789 1
852 795 1
851 803 1
851 810 1
850 818 1
850 826 1
850 833 1
850 839 1
850 844 1
851 850 1
852 855 1
853 863 1
856 869 1
858 875 1
861 881 1
864 888 1
868 896 1
872 902 1
876 909 1
881 915 1
886 921 1
890 929 1
895 938 1
899 948 1
905 959 1
910 968 1
913 977 1
917 985 1
921 992 1
923 999 1
926 1008 1
928 1017 1
930 1026 1
932 1035 1
934 1044 1
935 1053 1
936 1063 1
937 1076 1
937 1088 1
935 1102 1
933 1115 1
931 1128 1
929 1141 1
925 1153 1
922 1164 1
918 1173 1
914 1181 1
911 1187 1
908 1194 1
905 1202 1
900 1209 1
895 1216 1
889 1226 1
883 1234 1
876 1242 1
870 1252 1
861 1259 1
851 1267 1
840 1273 1
830 1278 1
819 1284 1
809 1290 1
798 1295 1
787 1300 1
777 1306 1
765 1311 1
756 1316 1
746 1320 1
738 1323 1
729 1327 1
717 1330 1
706 1333 1
693 1335 1
682 1336 1
672 1337 1
663 1337 1
656 1336 1
651 1336 1
645 1335 1
641 1333 1
635 1331 1
627 1328 1
618 1325 1
608 1321 1
597 1318 1
587 1314 1
579 1311 1
570 1309 1
559 1304 1
544 1300 1
527 1295 1
510 1290 1
494 1284 1
480 1278 1
470 1272 1
461 1268 1
453 1263 1
445 1260 1
440 1256 1
434 1251 1
427 1247 1
420 1243 1
415 1239 1
409 1235 1
403 1231 1
396 1227 1
389 1223 1
383 1217 1
377 1211 1
372 1207 1
367 1201 1
363 1197 1
358 1192 1
355 1188 1
352 1185 1
350 1182 1
346 1177 1
342 1171 1
335 1164 1
327 1154 1
318 1145 1
312 1137 1
308 1131 1
305 1125 1
301 1117 1
297 1106 1
294 1094 1
291 1079 1
288 1063 1
286 1046 1
282 1028 1
276 1009 1
270 988 1
263 968 1
257 948 1
252 928 1
247 911 1
244 896 1
243 882 1
241 867 1
241 854 1
241 842 1
241 832 1
243 821 1
246 810 1
249 798 1
252 784 1
255 773 1
259 762 1
263 751 1
266 737 1
270 721 1
275 707 1
280 692 1
284 677 1
289 662 1
293 647 1
298 634 1
303 623 1
307 611 1
313 599 1
320 586 1
329 572 1
342 559 1
355 547 1
369 537 1
385 529 1
401 521 1
419 513 1
436 507 1
452 502 1
465 497 1
479 493 1
490 490 1
498 488 1
505 486 1
511 484 1
515 484 1
518 482 1
520 483 1
523 481 1
525 482 1
528 482 1
530 482 1
533 482 1
535 482 1
539 482 1
543 482 1
546 482 1
550 482 1
556 482 1
563 483 1
571 485 1
581 486 1
590 489 1
600 492 1
610 494 1
619 497 1
629 499 1
636 501 1
643 504 1
650 507 1
658 510 1
666 512 1
675 516 1
683 520 1
693 523 1
701 526 1
708 530 1
717 535 1
727 541 1
738 546 1
748 552 1
759 558 1
770 563 1
781 568 1
789 571 1
795 575 1
801 577 1
807 580 1
811 582 1
815 584 1
819 586 1
823 589 1
827 591 1
830 593 1
833 595 1
835 596 1
838 599 1
842 602 1
847 606 1
851 611 1
857 618 1
862 624 1
866 629 1
871 635 1
876 642 1
882 650 1
887 660 1
893 671 1
896 680 1
899 686 1
903 693 1
904 697 1
906 700 1
907 703 1
909 707 1
909 711 1
911 715 1
912 721 1
914 726 1
915 730 1
917 735 1
918 738 1
918 741 1
920 745 1
920 748 1
922 751 1
923 753 1
924 755 1
925 757 1
926 759 1
928 761 1
930 763 1
931 765 1
934 767 1
936 769 1
937 771 1
940 773 1
941 774 1
944 776 1
945 777 1
946 778 1
949 780 1
950 781 1
952 783 1
953 786 1
954 786 1
955 788 1
956 789 1
958 791 1
958 792 1
959 794 1
960 796 1
960 800 1
961 803 1
962 809 1
963 815 1
964 823 1
964 834 1
965 847 1
965 864 1
965 879 1
966 894 1
966 907 1
966 918 1
967 929 1
967 938 1
968 947 1
968 953 1
969 958 1
969 962 1
969 964 1
970 966 1
970 969 1
970 970 1
970 971 1
971 973 1
972 978 1
973 982 1
974 987 1
976 995 1
979 1006 1
981 1021 1
984 1035 1
987 1048 1
990 1060 1
993 1070 1
995 1081 1
998 1092 1
1000 1101 1
1002 1108 1
1004 1116 1
1005 1121 1
1006 1127 1
1007 1133 1
1009 1140 1
1009 1148 1
1010 1156 1
1011 1166 1
1011 1173 1
1011 1181 1
1011 1189 1
1010 1194 1
1008 1200 1
1006 1207 1
1004 1213 1
1001 1221 1
997 1229 1
993 1237 1
988 1244 1
984 1251 1
977 1258 1
971 1264 1
962 1271 1
951 1279 1
939 1289 1
926 1299 1
912 1308 1
900 1318 1
888 1326 1
875 1333 1
862 1340 1
847 1344 1
832 1349 1
818 1351 1
806 1354 1
796 1358 1
789 1359 1
782 1361 1
773 1362 1
765 1363 1
756 1364 1
747 1365 1
738 1365 1
729 1367 1
721 1367 1
712 1369 1
702 1371 1
693 1373 1
683 1375 1
672 1378 1
661 1381 1
650 1383 1
639 1386 1
629 1388 1
618 1390 1
609 1390 1
601 1391 1
592 1391 1
585 1390 1
577 1390 1
569 1389 1
560 1387 1
553 1387 1
542 1384 1
533 1383 1
522 1380 1
510 1378 1
498 1375 1
484 1372 1
471 1370 1
457 1366 1
444 1363 1
431 1360 1
419 1355 1
406 1349 1
392 1343 1
377 1334 1
364 1327 1
353 1319 1
346 1315 1
338 1312 1
333 1307 1
328 1304 1
322 1299 1
316 1294 1
310 1286 1
302 1280 1
296 1273 1
290 1266 1
284 1260 1
278 1254 1
270 1248 1
259 1238 1
246 1227 1
231 1215 1
215 1202 1
201 1190 1
188 1180 1
177 1171 1
168 1163 1
161 1156 1
153 1147 1
147 1139 1
142 1133 1
138 1128 1
136 1123 1
136 1118 1
136 1113 1
137 1105 1
139 1094 1
142 1085 1
147 1074 1
149 1063 1
152 1052 1
155 1039 1
156 1027 1
156 1013 1
155 999 1
155 985 1
154 970 1
152 952 1
150 938 1
147 925 1
144 913 1
141 903 1
139 892 1
137 881 1
135 868 1
134 857 1
134 846 1
134 835 1
135 826 1
136 814 1
139 801 1
141 789 1
143 778 1
145 767 1
147 758 1
149 745 1
153 731 1
155 718 1
156 707 1
158 698 1
159 688 1
162 676 1
165 662 1
168 650 1
173 637 1
179 624 1
184 611 1
192 597 1
203 581 1
215 564 1
226 548 1
237 533 1
247 518 1
256 505 1
264 492 1
273 482 1
283 472 1
293 463 1
305 454 1
321 446 1
339 438 1
361 430 1
380 425 1
400 420 1
415 417 1
426 414 1
435 412 1
442 410 1
448 409 1
451 407 1
454 407 1
456 405 1
458 406 1
462 406 1
469 407 1
482 407 1
504 410 1
537 413 1
574 419 1
607 425 1
634 432 1
658 439 1
678 444 1
694 449 1
706 452 1
715 456 1
720 457 1
724 458 1
727 460 1
729 460 1
731 462 1
734 462 1
735 463 1
737 465 1
740 466 1
744 468 1
749 470 1
756 475 1
764 479 1
774 485 1
784 490 1
793 494 1
804 498 1
812 501 1
819 504 1
825 507 1
831 508 1
834 510 1
837 512 1
840 512 1
843 514 1
844 515 1
848 518 1
849 519 1
851 521 1
853 523 1
856 526 1
858 530 1
862 536 1
867 542 1
871 549 1
875 556 1
881 565 1
886 574 1
893 587 1
899 598 1
904 609 1
908 620 1
911 627 1
915 634 1
917 640 1
920 647 1
921 652 1
922 657 1
924 661 1
924 664 1
925 665 1
926 668 1
926 668 1
926 669 1
926 671 1
927 674 1
927 677 1
928 681 1
930 688 1
933 694 1
936 703 1
939 713 1
943 721 1
944 723 1
947 730 0
947 731 1
950 737 1
953 745 1
956 752 1
958 757 1
960 762 1
961 764 1
962 769 1
964 772 1
965 776 1
966 782 1
969 789 1
971 798 1
973 807 1
975 818 1
977 826 1
979 834 1
980 841 1
981 846 1
982 850 1
983 853 1
983 855 1
984 858 1
984 860 1
984 860 1
985 864 1
986 868 1
986 874 1
987 881 1
988 889 1
988 898 1
989 909 1
990 920 1
991 936 1
992 940 1
993 953 0
993 954 1
994 972 1
995 991 1
997 1011 1
998 1028 1
1000 1044 1
1001 1059 1
1001 1076 1
1003 1092 1
1003 1110 1
1004 1125 1
1005 1136 1
1006 1148 1
1006 1160 1
1007 1170 1
1006 1182 1
1006 1194 1
1004 1208 1
1001 1220 1
998 1234 1
996 1246 1
992 1256 1
989 1267 1
986 1279 1
982 1290 1
979 1299 1
977 1307 1
974 1311 1
971 1317 1
968 1323 1
959 1330 1
951 1336 1
940 1343 1
928 1350 1
914 1358 1
897 1366 1
879 1374 1
863 1382 1
848 1390 1
832 1398 1
814 1404 1
802 1410 1
788 1416 1
775 1421 1
761 1425 1
748 1428 1
733 1433 1
719 1436 1
708 1439 1
700 1442 1
694 1442 1
689 1443 1
687 1443 1
686 1443 1
686 1443 1
686 1443 1
686 1443 1
686 1443 1
686 1443 1
686 1443 1
686 1443 1
683 1443 1
679 1444 1
671 1446 1
654 1451 1
636 1456 1
613 1462 1
592 1466 1
578 1470 1
567 1473 1
558 1475 1
549 1477 1
536 1479 1
523 1482 1
509 1484 1
494 1486 1
477 1487 1
457 1488 1
435 1489 1
411 1489 1
390 1487 1
377 1487 1
368 1485 1
363 1485 1
360 1483 1
355 1482 1
351 1479 1
344 1476 1
336 1471 1
326 1465 1
318 1460 1
310 1456 1
304 1451 1
298 1447 1
291 1441 1
285 1435 1
278 1428 1
272 1423 1
266 1417 1
260 1412 1
252 1405 1
240 1398 1
226 1389 1
213 1381 1
199 1373 1
187 1365 1
178 1358 1
169 1350 1
160 1342 1
151 1335 1
145 1329 1
138 1324 1
134 1320 1
129 1316 1
125 1311 1
121 1307 1
113 1297 1
106 1285 1
96 1269 1
87 1251 1
77 1229 1
70 1207 1
63 1183 1
57 1164 1
54 1154 1
56 1160 0
38 979 1
38 977 1
38 977 1
44 967 1
50 945 1
58 921 1
64 891 1
68 863 1
70 846 1
69 856 0
