214 1321 1
213 1320 1
213 1320 1
213 1319 1
213 1319 1
213 1319 1
213 1319 1
213 1319 1
212 1318 1
212 1318 1
211 1318 1
211 1316 1
211 1316 1
208 1316 1
207 1313 1
205 1311 1
203 1308 1
200 1305 1
198 1302 1
195 1299 1
193 1295 1
191 1293 1
189 1290 1
189 1288 1
187 1285 1
186 1283 1
184 1280 1
184 1277 1
182 1275 1
182 1272 1
182 1269 1
181 1267 1
181 1264 1
182 1260 1
182 1257 1
184 1253 1
187 1249 1
190 1245 1
195 1240 1
199 1236 1
207 1230 1
213 1223 1
220 1217 1
226 1212 1
231 1207 1
237 1201 1
243 1195 1
248 1191 1
252 1186 1
256 1183 1
259 1178 1
262 1173 1
265 1169 1
267 1162 1
270 1155 1
271 1146 1
273 1137 1
273 1127 1
274 1119 1
272 1110 1
273 1103 1
270 1095 1
269 1088 1
267 1083 1
265 1078 1
262 1075 1
259 1072 1
255 1070 1
251 1069 1
246 1067 1
241 1068 1
236 1068 1
228 1069 1
219 1070 1
210 1073 1
201 1080 1
192 1088 1
184 1099 1
179 1108 1
174 1116 1
172 1126 1
172 1135 1
172 1144 1
172 1152 1
174 1161 1
178 1168 1
182 1173 1
187 1178 1
192 1182 1
197 1187 1
203 1190 1
209 1194 1
216 1197 1
224 1201 1
233 1205 1
244 1210 1
254 1213 1
262 1216 1
266 1219 1
271 1221 1
274 1223 1
276 1224 1
278 1226 1
279 1226 1
280 1228 1
280 1229 1
280 1232 1
280 1237 1
278 1243 1
276 1248 1
272 1254 1
268 1259 1
265 1262 1
261 1267 1
258 1270 1
255 1272 1
252 1274 1
250 1277 1
248 1278 1
246 1280 1
244 1281 1
244 1283 1
242 1284 1
242 1285 1
242 1285 0
447 1348 1
447 1348 1
447 1348 1
447 1348 1
447 1348 1
447 1348 1
447 1348 1
447 1348 1
447 1348 1
447 1348 1
447 1348 1
447 1348 1
447 1348 1
447 1348 1
446 1347 1
446 1345 1
445 1343 1
443 1341 1
442 1337 1
442 1335 1
440 1331 1
439 1328 1
437 1322 1
436 1315 1
434 1307 1
434 1299 1
432 1292 1
431 1284 1
431 1278 1
430 1274 1
430 1271 1
430 1267 1
430 1265 1
431 1262 1
431 1260 1
432 1257 1
432 1255 1
434 1253 1
434 1251 1
437 1248 1
439 1246 1
442 1243 1
446 1240 1
450 1237 1
454 1233 1
458 1230 1
463 1226 1
466 1222 1
471 1217 1
475 1212 1
479 1207 1
483 1200 1
486 1194 1
489 1188 1
492 1182 1
494 1175 1
497 1169 1
498 1161 1
498 1154 1
498 1147 1
497 1143 1
497 1138 1
496 1134 1
494 1130 1
492 1126 1
489 1123 1
483 1121 1
477 1119 1
469 1120 1
460 1120 1
451 1122 1
443 1123 1
435 1126 1
428 1131 1
423 1137 1
416 1151 1
413 1163 1
413 1176 1
413 1187 1
414 1195 1
415 1203 1
419 1213 1
426 1224 1
435 1235 1
445 1244 1
455 1252 1
467 1259 1
478 1266 1
488 1272 1
497 1278 1
505 1283 1
510 1288 1
515 1292 1
520 1297 1
521 1301 1
523 1306 1
520 1314 1
517 1321 1
511 1329 1
505 1335 1
499 1339 1
494 1342 1
491 1345 1
489 1346 1
487 1348 1
488 1348 0
688 1306 1
688 1306 1
688 1306 1
688 1306 1
688 1306 1
688 1306 1
688 1306 1
688 1306 1
688 1306 1
688 1306 1
688 1306 1
688 1306 1
686 1304 1
686 1304 1
687 1304 1
686 1302 1
686 1300 1
685 1299 1
685 1297 1
685 1297 1
685 1295 1
685 1294 1
685 1292 1
686 1289 1
686 1285 1
687 1281 1
689 1275 1
691 1269 1
695 1261 1
698 1252 1
703 1244 1
709 1236 1
715 1228 1
721 1221 1
726 1213 1
731 1207 1
734 1202 1
737 1198 1
740 1194 1
742 1191 1
745 1186 1
747 1183 1
750 1178 1
753 1172 1
760 1158 1
762 1145 1
763 1134 1
764 1124 1
764 1115 1
762 1104 1
762 1096 1
760 1088 1
760 1083 1
758 1080 1
758 1078 1
758 1076 1
758 1075 1
758 1075 1
755 1077 1
753 1077 1
748 1079 1
736 1083 1
724 1094 1
716 1103 1
710 1113 1
706 1120 1
703 1128 1
701 1138 1
701 1158 1
701 1166 1
702 1175 1
704 1183 1
708 1193 1
714 1202 1
723 1211 1
734 1222 1
743 1234 1
752 1244 1
759 1253 1
765 1261 1
769 1267 1
772 1271 1
774 1275 1
774 1278 1
772 1285 1
768 1292 1
759 1300 1
749 1307 1
739 1312 1
734 1314 1
729 1317 1
728 1319 1
728 1319 0
