992 369 1
992 369 1
992 369 1
992 369 1
992 369 1
992 369 1
992 369 1
992 369 1
992 369 1
992 369 1
992 369 1
992 369 1
992 369 1
992 369 1
992 369 1
992 369 1
992 369 1
992 370 1
993 372 1
994 374 1
995 377 1
995 379 1
995 382 1
995 385 1
996 388 1
995 391 1
995 395 1
994 399 1
994 404 1
993 407 1
991 412 1
991 416 1
991 421 1
990 426 1
989 431 1
989 437 1
988 443 1
988 451 1
987 457 1
987 464 1
987 470 1
987 475 1
986 478 1
986 482 1
986 486 1
985 489 1
985 492 1
985 494 1
983 497 1
984 499 1
982 501 1
982 503 1
980 505 1
979 509 1
977 514 1
976 518 1
974 523 1
974 528 1
973 531 1
971 535 1
972 538 1
970 540 1
971 542 1
971 544 1
971 545 1
971 546 1
971 547 1
971 548 1
972 549 1
972 550 1
973 551 1
973 551 1
973 553 1
974 553 1
974 555 1
975 556 1
976 557 1
976 558 1
977 560 1
978 562 1
979 563 1
980 565 1
980 568 1
981 572 1
982 577 1
984 584 1
986 591 1
988 598 1
990 605 1
992 610 1
993 615 1
994 618 1
995 621 1
995 623 1
995 626 1
995 627 1
996 629 1
996 629 1
996 631 1
996 631 1
997 632 1
997 633 1
997 634 1
997 636 1
996 638 1
996 642 1
996 650 1
994 660 1
993 672 1
991 683 1
989 693 1
986 702 1
982 711 1
977 719 1
973 729 1
969 739 1
964 750 1
960 760 1
955 769 1
952 775 1
950 782 1
949 785 1
947 788 1
947 790 1
947 793 1
946 794 1
944 796 1
942 797 1
941 798 1
939 799 1
939 799 1
937 799 1
936 800 1
934 800 1
933 800 1
930 800 1
927 800 1
923 800 1
919 800 1
916 800 1
913 798 1
910 799 1
908 797 1
906 798 1
904 796 1
904 796 1
902 794 1
901 790 1
899 784 1
894 775 1
888 767 1
881 758 1
867 740 1
857 729 1
849 721 1
843 714 1
838 709 1
833 703 1
831 701 1
828 696 1
826 695 1
823 692 1
821 689 1
821 688 1
819 688 1
820 687 1
818 685 1
819 685 1
817 683 1
817 683 1
818 681 1
818 681 1
818 679 1
819 678 1
819 677 1
819 677 1
820 674 1
820 671 1
820 666 1
821 660 1
822 656 1
823 651 1
824 647 1
827 644 1
829 641 1
830 639 1
831 637 1
832 637 1
833 635 1
834 636 1
835 636 1
836 636 1
837 636 1
838 636 1
840 637 1
842 638 1
846 642 1
851 645 1
855 648 1
859 654 1
864 663 1
868 674 1
871 691 1
872 710 1
871 736 1
868 760 1
864 783 1
859 804 1
854 821 1
848 838 1
842 853 1
836 870 1
830 885 1
824 902 1
817 917 1
810 934 1
804 949 1
797 962 1
794 968 1
797 964 0
697 420 1
697 420 1
697 420 1
697 420 1
697 420 1
697 420 1
697 420 1
697 420 1
697 420 1
697 420 1
697 420 1
697 421 1
697 425 1
698 431 1
700 440 1
703 453 1
707 468 1
711 482 1
714 495 1
717 506 1
720 515 1
722 523 1
724 531 1
726 537 1
729 545 1
731 551 1
732 555 1
734 560 1
734 563 1
735 567 1
735 571 1
736 576 1
736 584 1
737 591 1
738 601 1
739 610 1
739 618 1
740 626 1
741 635 1
741 642 1
742 649 1
741 657 1
741 665 1
741 673 1
739 680 1
740 687 1
738 692 1
739 696 1
737 700 1
738 703 1
737 706 1
737 709 1
736 712 1
736 714 1
735 717 1
735 721 1
734 727 1
732 734 1
732 742 1
730 748 1
728 756 1
727 761 1
725 766 1
724 770 1
721 774 1
717 777 1
714 779 1
711 781 1
708 783 1
705 784 1
702 784 1
699 785 1
696 786 1
692 786 1
689 786 1
685 786 1
682 786 1
678 786 1
674 786 1
671 786 1
667 785 1
664 785 1
662 784 1
659 784 1
657 782 1
656 782 1
654 780 1
652 777 1
647 772 1
640 765 1
632 758 1
627 752 1
622 745 1
618 738 1
612 730 1
609 724 1
606 719 1
603 714 1
602 711 1
600 707 1
600 704 1
600 701 1
599 699 1
599 696 1
599 694 1
599 692 1
599 691 1
599 691 1
599 688 1
600 688 1
600 688 1
601 687 1
601 685 1
601 685 1
602 685 1
603 684 1
603 684 1
604 684 1
605 684 1
606 684 1
609 685 1
616 690 1
623 697 1
635 713 1
643 729 1
651 746 1
656 758 1
659 769 1
662 780 1
664 792 1
666 814 1
666 829 1
664 844 1
662 859 1
655 878 1
646 898 1
633 921 1
620 944 1
617 950 1
617 950 0
365 452 1
365 452 1
365 452 1
365 452 1
365 452 1
365 452 1
365 452 1
365 452 1
365 452 1
365 452 1
365 452 1
367 453 1
370 456 1
374 459 1
379 464 1
385 470 1
389 474 1
396 480 1
401 485 1
406 490 1
410 494 1
413 498 1
417 502 1
420 506 1
425 511 1
430 517 1
436 523 1
442 529 1
447 536 1
451 542 1
454 547 1
456 551 1
458 555 1
460 558 1
463 562 1
464 566 1
466 569 1
467 573 1
468 578 1
469 582 1
470 587 1
473 595 1
475 602 1
478 610 1
481 617 1
484 623 1
485 628 1
487 634 1
488 639 1
489 645 1
489 650 1
490 655 1
490 658 1
490 663 1
490 666 1
490 669 1
488 672 1
488 675 1
488 678 1
487 681 1
487 683 1
486 685 1
486 687 1
486 688 1
484 689 1
483 690 1
483 690 1
482 691 1
482 692 1
480 693 1
479 694 1
476 696 1
472 697 1
467 699 1
465 700 1
462 702 1
460 703 1
458 705 1
456 707 1
454 708 1
451 710 1
448 711 1
445 713 1
438 715 1
432 717 1
425 718 1
419 720 1
414 721 1
408 722 1
402 724 1
397 724 1
392 725 1
387 725 1
382 725 1
378 725 1
375 725 1
372 725 1
370 723 1
367 723 1
364 721 1
360 720 1
357 718 1
354 716 1
352 715 1
350 713 1
348 712 1
345 709 1
344 707 1
342 704 1
340 700 1
338 695 1
336 691 1
337 687 1
336 684 1
336 682 1
336 679 1
336 677 1
336 675 1
336 673 1
337 671 1
339 669 1
342 667 1
348 664 1
353 662 1
360 660 1
367 660 1
373 660 1
381 660 1
389 662 1
398 665 1
408 671 1
417 681 1
425 690 1
433 703 1
437 717 1
442 736 1
444 758 1
446 780 1
447 807 1
447 833 1
445 859 1
443 884 1
439 901 1
441 894 0
78 498 1
78 498 1
78 498 1
78 498 1
78 498 1
78 498 1
78 498 1
78 498 1
78 498 1
80 499 1
85 504 1
90 509 1
98 517 1
106 525 1
115 535 1
124 543 1
130 550 1
136 556 1
142 562 1
147 569 1
153 574 1
159 580 1
163 586 1
168 591 1
172 597 1
179 604 1
184 610 1
189 616 1
194 621 1
200 627 1
204 631 1
210 636 1
215 639 1
219 644 1
225 650 1
230 655 1
237 662 1
243 669 1
249 677 1
255 684 1
261 691 1
266 696 1
269 700 1
272 704 1
275 707 1
278 710 1
281 715 1
284 721 1
289 728 1
291 733 1
294 738 1
295 741 1
296 744 1
297 746 1
298 749 1
298 750 1
299 752 1
299 752 1
300 753 1
300 753 1
301 754 1
301 755 1
301 756 1
299 757 1
299 757 1
300 758 1
299 759 1
297 760 1
296 761 1
294 764 1
292 768 1
287 773 1
282 776 1
276 781 1
270 784 1
266 787 1
260 790 1
256 793 1
250 796 1
245 797 1
240 799 1
233 800 1
228 802 1
223 802 1
217 803 1
213 803 1
208 804 1
204 805 1
200 805 1
197 805 1
193 805 1
189 805 1
185 805 1
182 803 1
179 803 1
174 801 1
172 800 1
170 800 1
166 797 1
165 796 1
163 794 1
162 793 1
160 791 1
159 789 1
157 787 1
157 785 1
157 782 1
156 780 1
156 777 1
156 774 1
157 773 1
157 770 1
158 769 1
159 766 1
161 765 1
163 763 1
167 762 1
170 760 1
175 759 1
179 759 1
184 759 1
188 759 1
194 762 1
201 765 1
209 770 1
216 775 1
223 782 1
230 790 1
236 797 1
242 810 1
248 823 1
252 837 1
256 853 1
256 870 1
252 890 1
246 911 1
239 935 1
231 958 1
223 980 1
215 1003 1
217 999 0
