41 1467 1
41 1466 1
41 1466 1
41 1466 1
41 1466 1
41 1466 1
41 1466 1
41 1466 1
41 1466 1
42 1464 1
42 1464 1
45 1462 1
48 1459 1
53 1454 1
56 1448 1
62 1442 1
67 1432 1
74 1423 1
79 1413 1
85 1403 1
91 1393 1
97 1381 1
103 1369 1
108 1358 1
114 1346 1
119 1334 1
125 1320 1
130 1305 1
135 1291 1
138 1279 1
142 1265 1
147 1242 1
149 1225 1
151 1208 1
151 1194 1
152 1182 1
152 1170 1
153 1147 1
153 1132 1
154 1117 1
155 1096 1
156 1074 1
156 1047 1
156 1023 1
157 999 1
157 978 1
158 958 1
157 937 1
157 917 1
155 896 1
155 877 1
153 860 1
151 843 1
149 827 1
144 810 1
140 794 1
137 781 1
135 772 1
134 763 1
134 754 1
133 744 1
131 734 1
130 724 1
128 714 1
127 707 1
125 702 1
123 697 1
122 695 1
122 693 1
120 693 1
120 693 1
119 692 1
117 692 1
116 693 1
113 693 1
112 694 1
109 695 1
108 696 1
106 697 1
104 701 1
101 705 1
99 711 1
95 722 1
91 736 1
87 750 1
82 762 1
81 771 1
78 780 1
78 787 1
78 796 1
78 808 1
78 818 1
78 830 1
80 843 1
83 859 1
87 880 1
90 899 1
93 913 1
95 929 1
98 945 1
104 963 1
110 982 1
115 1001 1
120 1020 1
124 1037 1
127 1051 1
131 1064 1
136 1077 1
140 1090 1
145 1102 1
148 1113 1
151 1121 1
154 1129 1
157 1138 1
161 1145 1
165 1154 1
169 1162 1
173 1171 1
177 1180 1
182 1191 1
187 1202 1
192 1214 1
199 1228 1
203 1243 1
207 1257 1
212 1270 1
217 1285 1
222 1298 1
226 1312 1
229 1325 1
231 1334 1
234 1344 1
236 1352 1
239 1358 1
241 1365 1
245 1372 1
247 1378 1
249 1383 1
252 1388 1
253 1390 1
255 1393 1
256 1394 1
258 1395 1
259 1396 1
261 1396 1
262 1396 1
263 1396 1
263 1396 1
263 1396 1
263 1396 1
263 1396 1
263 1396 1
263 1396 1
263 1396 1
263 1396 1
264 1393 1
264 1390 1
266 1385 1
267 1377 1
267 1366 1
267 1353 1
265 1339 1
262 1325 1
260 1310 1
257 1294 1
255 1280 1
253 1265 1
252 1252 1
250 1241 1
251 1229 1
250 1217 1
250 1206 1
249 1197 1
249 1188 1
248 1183 1
248 1178 1
246 1170 1
246 1163 1
244 1154 1
242 1145 1
241 1136 1
239 1127 1
237 1118 1
235 1107 1
233 1092 1
232 1077 1
232 1062 1
232 1051 1
232 1040 1
233 1028 1
234 1015 1
236 1003 1
240 991 1
242 979 1
245 969 1
249 958 1
253 945 1
257 933 1
261 919 1
264 904 1
268 886 1
271 869 1
273 851 1
275 831 1
277 812 1
278 793 1
276 777 1
276 763 1
274 751 1
273 741 1
271 732 1
269 723 1
266 715 1
262 707 1
259 701 1
253 695 1
248 691 1
243 687 1
240 686 1
237 684 1
234 685 1
232 685 1
230 686 1
227 688 1
222 694 1
216 702 1
207 717 1
200 733 1
193 750 1
188 769 1
184 787 1
183 806 1
183 824 1
184 842 1
187 862 1
192 885 1
197 908 1
202 931 1
208 954 1
213 974 1
217 994 1
222 1012 1
226 1029 1
229 1046 1
233 1060 1
236 1077 1
239 1093 1
242 1110 1
246 1126 1
249 1143 1
253 1160 1
255 1175 1
258 1190 1
263 1203 1
267 1218 1
274 1234 1
280 1250 1
285 1264 1
290 1280 1
296 1295 1
304 1311 1
311 1323 1
316 1333 1
321 1341 1
325 1348 1
329 1354 1
334 1361 1
338 1369 1
344 1377 1
350 1383 1
355 1389 1
360 1394 1
366 1398 1
369 1401 1
373 1403 1
375 1404 1
377 1405 1
378 1406 1
378 1406 1
378 1406 1
379 1405 1
379 1404 1
379 1401 1
379 1395 1
378 1389 1
376 1382 1
376 1373 1
373 1364 1
370 1352 1
367 1340 1
363 1329 1
358 1318 1
356 1306 1
351 1294 1
347 1281 1
344 1270 1
341 1261 1
339 1251 1
336 1242 1
333 1232 1
329 1220 1
325 1209 1
323 1199 1
321 1189 1
319 1180 1
319 1168 1
318 1154 1
318 1138 1
319 1123 1
320 1108 1
322 1090 1
326 1073 1
330 1058 1
335 1044 1
339 1030 1
344 1018 1
349 1007 1
353 999 1
356 991 1
358 984 1
361 976 1
362 969 1
364 960 1
365 948 1
367 934 1
368 920 1
370 906 1
373 890 1
373 876 1
375 860 1
375 845 1
376 831 1
376 816 1
374 800 1
375 787 1
373 776 1
373 767 1
371 761 1
370 756 1
370 752 1
370 750 1
368 748 1
368 746 1
366 744 1
364 744 1
364 743 1
364 743 1
364 743 1
364 743 1
361 743 1
359 746 1
355 751 1
350 760 1
342 773 1
332 793 1
321 815 1
312 838 1
305 859 1
300 880 1
295 900 1
291 916 1
289 932 1
288 950 1
289 966 1
291 982 1
293 997 1
296 1013 1
300 1030 1
303 1044 1
307 1060 1
312 1077 1
317 1096 1
322 1113 1
327 1130 1
331 1149 1
337 1169 1
342 1187 1
349 1204 1
356 1223 1
363 1240 1
370 1258 1
378 1276 1
384 1298 1
390 1317 1
395 1334 1
399 1347 1
404 1362 1
409 1374 1
413 1385 1
417 1392 1
420 1398 1
422 1402 1
424 1406 1
426 1408 1
427 1408 1
429 1410 1
430 1410 1
432 1408 1
433 1407 1
434 1404 1
435 1396 1
437 1385 1
441 1369 1
445 1351 1
450 1333 1
452 1311 1
453 1288 1
453 1268 1
453 1249 1
452 1233 1
452 1216 1
452 1200 1
452 1184 1
453 1166 1
454 1147 1
457 1130 1
458 1114 1
459 1100 1
460 1086 1
461 1072 1
462 1058 1
465 1044 1
467 1031 1
470 1017 1
474 1004 1
477 992 1
479 982 1
480 971 1
481 959 1
482 943 1
483 926 1
483 905 1
483 885 1
482 868 1
480 853 1
478 839 1
478 828 1
476 819 1
476 811 1
476 803 1
475 798 1
473 792 1
472 785 1
469 777 1
466 772 1
463 767 1
460 764 1
458 763 1
456 761 1
456 762 1
454 762 1
454 762 1
453 762 1
452 763 1
449 766 1
443 775 1
436 785 1
427 799 1
418 813 1
409 828 1
402 843 1
395 860 1
389 878 1
384 896 1
381 909 1
378 922 1
378 938 1
376 954 1
378 965 1
379 975 1
381 985 1
385 998 1
390 1013 1
396 1028 1
402 1044 1
408 1062 1
414 1080 1
421 1100 1
428 1119 1
435 1134 1
442 1152 1
449 1169 1
457 1186 1
466 1200 1
474 1214 1
481 1228 1
488 1242 1
497 1256 1
504 1268 1
511 1278 1
516 1288 1
520 1296 1
523 1303 1
526 1309 1
528 1316 1
529 1322 1
531 1328 1
532 1331 1
534 1334 1
535 1338 1
535 1339 1
536 1342 1
536 1343 1
536 1344 1
536 1344 1
536 1344 1
536 1344 1
536 1345 1
536 1345 1
536 1345 1
536 1346 1
536 1346 1
537 1346 1
537 1347 1
537 1347 1
537 1347 1
537 1347 1
537 1347 1
537 1347 1
537 1347 1
537 1344 1
538 1339 1
539 1332 1
541 1321 1
542 1309 1
544 1296 1
545 1283 1
545 1271 1
544 1258 1
544 1247 1
544 1233 1
544 1221 1
544 1210 1
544 1197 1
544 1186 1
544 1174 1
545 1162 1
545 1152 1
546 1141 1
547 1130 1
548 1119 1
550 1106 1
551 1094 1
554 1082 1
555 1070 1
557 1058 1
558 1047 1
559 1036 1
560 1026 1
561 1015 1
562 1004 1
563 993 1
565 982 1
566 972 1
569 963 1
570 954 1
572 944 1
573 936 1
575 927 1
577 917 1
579 910 1
580 900 1
582 891 1
585 881 1
587 870 1
590 859 1
592 846 1
594 834 1
596 820 1
598 805 1
598 791 1
600 777 1
601 764 1
601 752 1
599 740 1
597 729 1
594 720 1
590 713 1
586 708 1
582 704 1
579 701 1
576 700 1
573 700 1
567 701 1
558 704 1
543 715 1
525 733 1
507 755 1
490 781 1
477 807 1
468 832 1
463 857 1
462 883 1
463 911 1
469 941 1
475 969 1
486 996 1
498 1022 1
512 1046 1
525 1066 1
537 1083 1
550 1100 1
562 1114 1
573 1126 1
582 1137 1
590 1148 1
596 1160 1
604 1171 1
609 1179 1
614 1187 1
617 1192 1
620 1196 1
621 1199 1
623 1202 1
624 1205 1
626 1208 1
628 1212 1
630 1217 1
632 1221 1
633 1224 1
635 1229 1
636 1233 1
637 1236 1
638 1241 1
639 1244 1
640 1250 1
642 1255 1
642 1258 1
644 1262 1
645 1265 1
646 1267 1
647 1270 1
647 1272 1
648 1274 1
649 1276 1
649 1277 1
649 1277 1
649 1278 1
649 1278 1
650 1278 1
650 1278 1
650 1278 1
651 1279 1
651 1279 1
651 1279 1
651 1279 1
651 1279 1
651 1279 1
651 1279 1
651 1279 1
651 1279 1
651 1279 1
651 1279 1
651 1279 1
651 1279 1
651 1279 1
651 1279 1
651 1279 1
651 1279 1
651 1279 1
651 1277 1
652 1275 1
654 1272 1
656 1266 1
658 1259 1
660 1251 1
661 1242 1
663 1231 1
664 1218 1
664 1204 1
663 1192 1
660 1180 1
657 1166 1
654 1153 1
652 1141 1
651 1131 1
651 1122 1
650 1114 1
650 1106 1
650 1098 1
650 1090 1
651 1082 1
651 1074 1
652 1067 1
654 1059 1
656 1050 1
658 1042 1
660 1031 1
661 1021 1
664 1009 1
665 996 1
668 983 1
672 969 1
675 955 1
678 943 1
682 932 1
683 923 1
684 916 1
685 907 1
685 897 1
687 886 1
687 874 1
688 862 1
689 852 1
690 840 1
691 831 1
693 820 1
696 806 1
698 791 1
702 775 1
706 756 1
709 736 1
713 721 1
716 709 1
719 698 1
722 689 1
724 682 1
725 676 1
726 670 1
726 666 1
726 664 1
725 662 1
725 662 1
725 662 1
725 662 1
725 662 1
725 662 1
725 662 1
725 662 1
722 664 1
718 670 1
709 681 1
696 695 1
684 710 1
672 726 1
662 742 1
652 757 1
646 769 1
642 783 1
639 795 1
638 811 1
638 826 1
639 841 1
640 856 1
642 870 1
644 885 1
647 899 1
650 914 1
653 929 1
657 946 1
662 961 1
668 978 1
672 992 1
677 1005 1
681 1019 1
684 1033 1
687 1045 1
690 1059 1
693 1077 1
696 1095 1
697 1111 1
699 1126 1
702 1141 1
704 1155 1
707 1170 1
708 1185 1
709 1199 1
709 1212 1
710 1226 1
711 1239 1
712 1252 1
713 1262 1
715 1272 1
716 1278 1
717 1282 1
718 1286 1
719 1288 1
720 1290 1
720 1291 1
720 1292 1
720 1292 1
721 1292 1
721 1292 1
721 1292 1
721 1292 1
721 1292 1
721 1292 1
721 1292 1
721 1292 1
721 1292 1
721 1292 1
721 1292 1
721 1292 1
722 1289 1
723 1290 1
724 1287 1
725 1283 1
727 1279 1
728 1274 1
731 1268 1
732 1265 1
735 1262 1
736 1257 1
738 1254 1
740 1248 1
742 1242 1
746 1235 1
748 1228 1
751 1219 1
754 1208 1
757 1197 1
760 1184 1
762 1170 1
764 1156 1
765 1140 1
766 1129 1
767 1117 1
768 1104 1
768 1093 1
768 1081 1
768 1071 1
768 1061 1
768 1052 1
769 1043 1
769 1035 1
770 1028 1
771 1020 1
772 1012 1
773 1005 1
774 997 1
774 988 1
775 980 1
776 973 1
777 965 1
778 957 1
779 950 1
781 941 1
783 933 1
785 926 1
786 917 1
788 909 1
792 900 1
795 891 1
799 882 1
802 871 1
805 860 1
807 850 1
810 841 1
812 831 1
814 820 1
816 809 1
819 798 1
821 789 1
825 780 1
827 772 1
830 767 1
830 761 1
831 756 1
832 752 1
833 747 1
835 741 1
836 735 1
838 729 1
839 725 1
840 720 1
840 716 1
841 712 1
842 707 1
842 702 1
843 698 1
843 694 1
844 691 1
844 687 1
844 684 1
843 680 1
842 677 1
842 674 1
841 672 1
839 670 1
839 669 1
839 667 1
837 667 1
837 667 1
835 666 1
833 666 1
833 666 1
829 667 1
825 671 1
813 681 1
799 693 1
785 708 1
772 725 1
760 743 1
749 761 1
738 779 1
729 796 1
722 811 1
718 826 1
715 841 1
715 858 1
716 878 1
719 896 1
722 915 1
729 932 1
737 951 1
745 967 1
754 985 1
762 1004 1
771 1026 1
781 1051 1
787 1075 1
794 1101 1
802 1126 1
811 1149 1
820 1171 1
830 1187 1
835 1198 1
841 1207 1
846 1213 1
851 1219 1
855 1224 1
858 1228 1
861 1231 1
863 1234 1
865 1236 1
866 1238 1
867 1240 1
868 1241 1
868 1241 1
868 1241 1
868 1241 1
868 1241 1
868 1241 1
868 1241 1
868 1241 1
868 1241 1
868 1241 1
868 1241 1
868 1241 1
868 1241 1
868 1241 1
868 1241 1
868 1241 1
868 1241 1
868 1241 1
868 1241 1
868 1241 1
868 1241 1
868 1241 1
868 1241 1
868 1241 1
868 1241 1
868 1241 1
868 1241 1
868 1241 1
868 1241 1
868 1241 1
868 1241 1
868 1241 1
868 1241 1
868 1241 1
868 1241 1
868 1241 1
868 1241 1
868 1241 1
868 1241 1
868 1241 1
868 1241 1
868 1241 1
868 1241 1
868 1241 1
868 1241 1
868 1241 1
868 1241 1
868 1241 1
868 1241 1
868 1241 1
868 1241 1
868 1241 1
868 1241 1
868 1241 1
868 1241 1
868 1241 1
868 1241 1
868 1241 1
868 1241 1
868 1241 1
868 1241 1
868 1241 1
868 1241 1
868 1241 1
868 1241 1
868 1241 1
868 1241 1
868 1241 1
868 1241 1
868 1241 1
868 1241 1
868 1241 1
868 1241 1
868 1241 1
868 1241 1
868 1241 1
868 1241 1
868 1241 1
868 1241 1
868 1241 1
868 1241 1
868 1241 1
868 1241 1
868 1241 1
868 1241 1
868 1241 1
868 1241 1
868 1241 1
868 1241 1
868 1241 1
868 1241 1
868 1241 1
868 1241 1
868 1241 1
868 1241 1
868 1241 1
868 1241 1
868 1241 1
868 1241 1
868 1241 1
868 1241 1
868 1241 1
868 1241 1
868 1241 1
868 1241 1
868 1241 1
868 1241 1
868 1241 1
868 1241 1
868 1238 1
868 1235 1
868 1231 1
868 1225 1
868 1219 1
868 1211 1
869 1203 1
870 1195 1
870 1188 1
871 1180 1
872 1172 1
872 1162 1
871 1152 1
871 1141 1
870 1132 1
870 1122 1
871 1113 1
872 1102 1
874 1091 1
875 1081 1
877 1070 1
878 1060 1
880 1051 1
881 1041 1
884 1029 1
886 1016 1
888 1004 1
890 993 1
893 984 1
895 977 1
897 968 1
901 956 1
905 943 1
908 929 1
912 915 1
915 903 1
919 889 1
922 874 1
926 858 1
929 839 1
932 819 1
936 798 1
938 776 1
939 756 1
941 735 1
941 716 1
940 701 1
940 686 1
937 672 1
933 658 1
927 646 1
922 634 1
916 625 1
911 617 1
907 613 1
905 610 1
903 610 1
903 608 1
903 608 1
902 610 1
901 613 1
899 622 1
896 640 1
889 665 1
882 692 1
874 720 1
868 747 1
864 770 1
862 796 1
864 821 1
867 848 1
876 875 1
887 904 1
900 937 1
914 972 1
930 1011 1
947 1051 1
962 1089 1
973 1122 1
982 1152 1
989 1178 1
995 1204 1
998 1229 1
1003 1254 1
1005 1269 1
1004 1262 0
