491 377 1
491 377 1
491 377 1
491 377 1
491 377 1
491 377 1
491 377 1
491 377 1
491 377 1
491 377 1
490 377 1
490 377 1
487 381 1
484 384 1
481 389 1
478 395 1
474 402 1
470 410 1
464 417 1
458 425 1
453 434 1
448 443 1
444 451 1
439 460 1
434 469 1
431 476 1
427 482 1
424 488 1
422 494 1
420 499 1
418 506 1
417 513 1
415 520 1
415 530 1
413 539 1
413 547 1
413 555 1
412 564 1
410 574 1
410 588 1
408 600 1
406 612 1
405 622 1
403 631 1
403 639 1
401 650 1
399 660 1
397 670 1
396 680 1
394 690 1
392 697 1
391 704 1
389 713 1
388 724 1
386 736 1
385 747 1
383 756 1
382 765 1
380 772 1
379 781 1
376 792 1
373 800 1
368 811 1
364 821 1
360 832 1
355 844 1
350 853 1
346 863 1
342 873 1
338 884 1
334 896 1
331 906 1
327 916 1
324 926 1
320 935 1
315 946 1
312 956 1
309 964 1
306 973 1
303 980 1
300 988 1
296 998 1
291 1005 1
289 1016 1
286 1027 1
282 1035 1
278 1043 1
275 1051 1
273 1058 1
270 1065 1
269 1074 1
267 1083 1
266 1093 1
263 1103 1
260 1111 1
255 1119 1
251 1128 1
245 1139 1
239 1151 1
235 1164 1
229 1177 1
224 1188 1
220 1199 1
216 1212 1
213 1224 1
211 1237 1
211 1250 1
210 1260 1
210 1271 1
210 1290 1
211 1305 1
212 1317 1
213 1328 1
214 1340 1
217 1353 1
221 1366 1
225 1378 1
230 1391 1
233 1399 1
238 1408 1
242 1417 1
246 1426 1
251 1437 1
255 1449 1
259 1459 1
263 1469 1
267 1478 1
272 1487 1
277 1497 1
282 1506 1
288 1515 1
293 1524 1
300 1534 1
306 1542 1
312 1549 1
318 1556 1
324 1562 1
332 1568 1
339 1575 1
347 1581 1
356 1587 1
363 1592 1
369 1595 1
376 1599 1
381 1602 1
386 1605 1
392 1607 1
399 1608 1
405 1610 1
412 1610 1
419 1610 1
425 1609 1
433 1607 1
440 1605 1
449 1602 1
460 1597 1
471 1593 1
482 1589 1
490 1585 1
499 1582 1
506 1577 1
515 1573 1
524 1567 1
532 1560 1
540 1553 1
548 1545 1
557 1536 1
568 1525 1
579 1512 1
589 1500 1
597 1488 1
603 1478 1
609 1470 1
613 1462 1
618 1454 1
622 1445 1
627 1434 1
632 1423 1
635 1415 1
637 1407 1
639 1397 1
642 1385 1
645 1367 1
649 1349 1
652 1331 1
654 1314 1
656 1298 1
658 1284 1
661 1269 1
664 1254 1
666 1240 1
668 1227 1
670 1214 1
673 1200 1
675 1189 1
678 1179 1
681 1169 1
686 1158 1
691 1146 1
698 1135 1
704 1125 1
711 1115 1
717 1105 1
725 1097 1
731 1089 1
735 1081 1
741 1071 1
747 1064 1
752 1054 1
757 1046 1
761 1039 1
764 1033 1
768 1024 1
772 1014 1
775 1003 1
778 993 1
781 983 1
783 973 1
785 962 1
787 951 1
790 940 1
793 928 1
796 917 1
798 906 1
798 897 1
800 888 1
800 876 1
801 863 1
802 852 1
803 841 1
803 832 1
803 823 1
803 813 1
803 803 1
804 790 1
804 779 1
806 768 1
806 758 1
808 746 1
809 729 1
810 711 1
811 691 1
813 671 1
815 652 1
817 638 1
819 627 1
820 618 1
823 610 1
825 602 1
827 592 1
829 583 1
831 575 1
832 568 1
834 562 1
835 556 1
836 551 1
838 544 1
840 535 1
842 526 1
843 517 1
844 508 1
844 498 1
844 490 1
845 482 1
846 471 1
848 460 1
850 448 1
853 437 1
855 428 1
857 419 1
858 411 1
859 404 1
859 395 1
859 386 1
856 376 1
855 367 1
853 358 1
851 349 1
849 339 1
848 331 1
845 322 1
842 313 1
837 305 1
835 297 1
832 289 1
829 283 1
825 275 1
822 268 1
820 263 1
817 257 1
815 252 1
812 244 1
810 238 1
807 232 1
805 226 1
802 221 1
800 216 1
797 211 1
794 207 1
792 203 1
790 199 1
787 196 1
785 193 1
781 191 1
778 188 1
773 185 1
770 183 1
768 182 1
765 180 1
762 179 1
760 179 1
757 179 1
754 178 1
751 178 1
749 178 1
746 178 1
741 178 1
735 179 1
730 180 1
724 181 1
719 182 1
713 186 1
707 190 1
699 195 1
691 202 1
679 211 1
669 219 1
659 227 1
649 236 1
641 244 1
633 252 1
627 259 1
622 266 1
615 272 1
609 278 1
602 284 1
594 290 1
588 296 1
580 303 1
573 310 1
567 318 1
561 325 1
556 333 1
551 340 1
545 345 1
540 351 1
533 358 1
525 366 1
516 374 1
509 384 1
501 392 1
496 401 1
491 407 1
486 413 1
481 418 1
476 424 1
471 430 1
466 435 1
461 440 1
456 445 1
452 451 1
448 458 1
444 464 1
439 470 1
435 477 1
430 483 1
426 491 1
422 497 1
417 506 1
412 515 1
407 526 1
403 536 1
399 545 1
397 553 1
394 560 1
392 570 1
390 582 1
388 594 1
387 605 1
387 616 1
386 627 1
386 639 1
386 654 1
386 668 1
386 682 1
386 695 1
387 707 1
387 718 1
387 732 1
386 744 1
386 755 1
386 766 1
386 777 1
385 787 1
385 798 1
383 808 1
381 818 1
380 829 1
378 838 1
378 849 1
377 859 1
375 868 1
376 877 1
374 885 1
374 892 1
374 900 1
373 907 1
373 915 1
372 921 1
372 927 1
371 936 1
370 944 1
368 952 1
368 960 1
366 968 1
366 974 1
364 980 1
364 984 1
362 990 1
361 995 1
359 1002 1
356 1010 1
353 1018 1
350 1027 1
347 1036 1
344 1042 1
341 1050 1
338 1057 1
334 1064 1
329 1071 1
326 1079 1
321 1088 1
314 1097 1
309 1106 1
304 1114 1
299 1120 1
295 1126 1
290 1134 1
284 1142 1
278 1152 1
272 1163 1
266 1170 1
263 1178 1
258 1185 1
255 1190 1
252 1195 1
249 1199 1
247 1203 1
245 1207 1
242 1211 1
240 1218 1
237 1224 1
234 1231 1
231 1239 1
225 1247 1
221 1254 1
218 1260 1
215 1266 1
212 1272 1
210 1279 1
207 1283 1
205 1290 1
202 1296 1
199 1302 1
196 1308 1
192 1315 1
190 1321 1
187 1327 1
186 1334 1
184 1340 1
183 1348 1
181 1356 1
179 1366 1
177 1373 1
177 1381 1
175 1389 1
174 1395 1
175 1401 1
175 1406 1
175 1411 1
176 1416 1
176 1422 1
178 1428 1
178 1435 1
181 1443 1
184 1451 1
188 1459 1
191 1468 1
194 1476 1
198 1485 1
202 1495 1
206 1505 1
211 1516 1
214 1526 1
218 1532 1
221 1538 1
225 1543 1
228 1547 1
232 1551 1
235 1554 1
238 1557 1
240 1559 1
243 1562 1
246 1564 1
249 1569 1
256 1574 1
264 1580 1
274 1588 1
282 1594 1
289 1600 1
296 1606 1
303 1609 1
309 1613 1
314 1616 1
319 1617 1
324 1619 1
330 1621 1
336 1622 1
343 1624 1
351 1625 1
359 1626 1
366 1627 1
374 1627 1
381 1627 1
389 1627 1
396 1625 1
406 1623 1
415 1621 1
423 1619 1
430 1616 1
436 1614 1
443 1610 1
451 1606 1
461 1603 1
470 1598 1
481 1593 1
491 1588 1
498 1584 1
506 1580 1
511 1576 1
517 1570 1
522 1564 1
526 1558 1
531 1553 1
536 1547 1
539 1543 1
543 1538 1
546 1534 1
549 1530 1
552 1526 1
556 1521 1
560 1513 1
565 1505 1
570 1497 1
573 1488 1
578 1480 1
583 1472 1
588 1464 1
592 1456 1
596 1448 1
602 1439 1
607 1429 1
611 1421 1
616 1413 1
619 1407 1
623 1402 1
626 1396 1
630 1391 1
633 1386 1
637 1380 1
641 1375 1
645 1368 1
650 1360 1
654 1352 1
659 1343 1
664 1337 1
667 1330 1
670 1324 1
675 1316 1
678 1311 1
683 1301 1
687 1290 1
692 1279 1
696 1269 1
699 1261 1
701 1252 1
704 1245 1
707 1235 1
710 1226 1
713 1215 1
715 1206 1
719 1197 1
722 1188 1
724 1181 1
727 1172 1
729 1162 1
732 1152 1
736 1140 1
739 1129 1
742 1120 1
744 1111 1
747 1102 1
750 1093 1
752 1084 1
755 1076 1
758 1067 1
760 1060 1
762 1054 1
764 1049 1
765 1043 1
767 1038 1
767 1033 1
769 1027 1
771 1018 1
772 1011 1
774 1003 1
775 995 1
775 986 1
776 979 1
776 971 1
775 963 1
775 954 1
774 943 1
772 932 1
772 921 1
772 912 1
771 901 1
771 893 1
771 883 1
771 874 1
771 865 1
771 856 1
771 848 1
772 840 1
772 832 1
773 825 1
774 817 1
775 807 1
775 798 1
776 789 1
776 781 1
777 773 1
777 765 1
778 758 1
778 750 1
778 742 1
779 733 1
779 723 1
779 714 1
779 704 1
779 696 1
779 688 1
780 679 1
780 669 1
782 659 1
783 648 1
786 638 1
789 629 1
792 622 1
795 613 1
799 603 1
803 594 1
808 585 1
811 575 1
815 568 1
818 560 1
822 554 1
826 549 1
829 543 1
831 538 1
834 532 1
837 525 1
840 519 1
842 513 1
845 507 1
847 500 1
849 495 1
852 489 1
854 485 1
857 480 1
858 476 1
860 472 1
862 468 1
864 462 1
865 457 1
867 452 1
868 445 1
869 439 1
870 432 1
871 427 1
872 422 1
872 417 1
873 414 1
873 409 1
873 405 1
873 400 1
873 395 1
872 391 1
870 385 1
870 380 1
868 374 1
866 366 1
864 360 1
862 353 1
860 346 1
858 340 1
856 335 1
853 327 1
850 321 1
847 313 1
843 305 1
840 298 1
837 292 1
834 286 1
832 282 1
830 277 1
827 273 1
825 268 1
822 263 1
820 260 1
818 257 1
816 252 1
813 249 1
811 245 1
808 242 1
805 238 1
802 235 1
800 232 1
797 230 1
794 227 1
792 225 1
787 223 1
783 220 1
779 218 1
775 216 1
770 215 1
765 212 1
758 211 1
751 209 1
743 210 1
735 208 1
726 209 1
717 210 1
706 210 1
698 211 1
690 212 1
681 212 1
674 215 1
665 216 1
657 219 1
650 220 1
644 222 1
640 223 1
637 225 1
631 227 1
627 228 1
619 231 1
611 234 1
602 239 1
592 244 1
584 248 1
576 253 1
569 257 1
561 263 1
554 268 1
547 274 1
539 279 1
532 286 1
527 292 1
520 298 1
514 304 1
509 309 1
504 316 1
497 323 1
493 330 1
490 336 1
486 340 1
483 345 1
479 349 1
477 352 1
474 356 1
471 359 1
468 363 1
465 367 1
462 371 1
459 376 1
456 381 1
454 386 1
451 392 1
446 399 1
443 405 1
440 411 1
438 417 1
435 423 1
433 429 1
430 437 1
428 445 1
425 453 1
422 463 1
419 471 1
417 477 1
416 482 1
414 488 1
414 492 1
414 498 1
413 504 1
411 511 1
411 519 1
409 528 1
409 538 1
407 546 1
405 554 1
405 560 1
405 566 1
404 572 1
402 580 1
402 587 1
400 596 1
399 605 1
396 612 1
395 620 1
393 626 1
392 632 1
391 637 1
391 642 1
389 646 1
387 651 1
385 658 1
382 666 1
380 674 1
378 681 1
376 689 1
374 695 1
372 702 1
370 710 1
367 718 1
364 727 1
362 736 1
359 747 1
356 757 1
353 767 1
351 775 1
350 785 1
347 792 1
345 802 1
342 810 1
339 820 1
336 828 1
333 837 1
331 844 1
328 852 1
325 858 1
322 866 1
318 875 1
315 882 1
310 892 1
307 900 1
301 910 1
297 917 1
291 927 1
287 937 1
281 946 1
275 957 1
271 966 1
267 974 1
262 980 1
260 987 1
255 995 1
251 1004 1
247 1014 1
243 1023 1
240 1033 1
236 1042 1
232 1051 1
228 1060 1
224 1069 1
221 1079 1
216 1089 1
213 1100 1
210 1109 1
207 1119 1
204 1128 1
202 1137 1
200 1147 1
198 1156 1
195 1166 1
194 1175 1
192 1185 1
190 1192 1
187 1200 1
186 1208 1
184 1216 1
183 1228 1
184 1238 1
182 1247 1
183 1257 1
183 1266 1
182 1276 1
182 1287 1
182 1300 1
182 1312 1
181 1324 1
181 1334 1
181 1344 1
181 1354 1
183 1364 1
183 1375 1
184 1384 1
185 1393 1
186 1400 1
187 1408 1
187 1414 1
188 1420 1
188 1424 1
188 1428 1
188 1432 1
188 1435 1
189 1440 1
189 1444 1
189 1450 1
190 1456 1
191 1461 1
193 1469 1
195 1475 1
196 1483 1
199 1494 1
202 1505 1
206 1518 1
212 1530 1
217 1542 1
224 1553 1
232 1565 1
238 1576 1
246 1587 1
253 1598 1
260 1607 1
267 1613 1
274 1620 1
282 1626 1
288 1630 1
294 1633 1
300 1637 1
305 1639 1
311 1642 1
317 1643 1
324 1645 1
332 1646 1
339 1647 1
348 1648 1
356 1648 1
365 1648 1
374 1648 1
384 1648 1
395 1646 1
409 1644 1
423 1642 1
434 1639 1
446 1635 1
457 1631 1
468 1626 1
478 1621 1
486 1617 1
496 1614 1
503 1607 1
512 1603 1
521 1598 1
531 1593 1
540 1590 1
549 1586 1
556 1583 1
563 1580 1
569 1575 1
577 1571 1
585 1565 1
592 1559 1
598 1553 1
603 1548 1
609 1542 1
613 1536 1
619 1532 1
624 1526 1
629 1521 1
634 1515 1
640 1507 1
644 1502 1
651 1493 1
655 1485 1
660 1477 1
665 1470 1
669 1464 1
673 1455 1
676 1448 1
680 1439 1
685 1430 1
688 1421 1
691 1413 1
694 1404 1
696 1396 1
699 1386 1
701 1375 1
703 1365 1
706 1353 1
708 1341 1
711 1330 1
713 1319 1
714 1308 1
716 1297 1
717 1286 1
718 1277 1
719 1267 1
719 1258 1
720 1248 1
721 1234 1
722 1221 1
722 1209 1
723 1199 1
723 1190 1
724 1181 1
725 1172 1
725 1162 1
727 1153 1
728 1142 1
731 1133 1
732 1125 1
734 1117 1
736 1110 1
738 1102 1
738 1096 1
740 1088 1
742 1079 1
743 1071 1
745 1062 1
746 1053 1
748 1044 1
749 1035 1
749 1024 1
749 1013 1
749 1000 1
749 988 1
747 976 1
748 963 1
747 950 1
745 938 1
746 925 1
744 912 1
745 900 1
743 888 1
744 878 1
744 867 1
743 857 1
743 848 1
743 841 1
743 833 1
743 826 1
744 820 1
745 813 1
746 805 1
748 797 1
749 788 1
751 779 1
753 771 1
755 762 1
757 755 1
759 746 1
762 736 1
764 727 1
766 718 1
769 708 1
773 699 1
776 689 1
781 678 1
784 666 1
789 653 1
795 640 1
802 628 1
807 617 1
811 607 1
817 598 1
822 588 1
827 579 1
832 571 1
835 564 1
838 559 1
840 554 1
842 551 1
844 546 1
847 542 1
848 538 1
850 534 1
852 529 1
854 525 1
855 518 1
858 512 1
859 505 1
862 499 1
863 493 1
865 487 1
867 481 1
868 477 1
869 471 1
869 466 1
870 459 1
871 452 1
872 446 1
872 439 1
872 433 1
872 426 1
873 418 1
873 411 1
874 403 1
875 395 1
876 387 1
876 378 1
876 369 1
876 359 1
877 351 1
877 343 1
877 338 1
875 332 1
876 325 1
875 319 1
873 313 1
873 307 1
871 302 1
871 297 1
871 293 1
870 290 1
868 285 1
868 283 1
866 278 1
865 273 1
866 269 1
866 265 1
866 260 1
867 254 1
867 248 1
866 239 1
866 232 1
864 224 1
862 217 1
861 211 1
859 204 1
858 197 1
855 190 1
852 182 1
849 174 1
846 166 1
843 160 1
840 156 1
837 151 1
833 146 1
831 144 1
828 140 1
826 139 1
824 136 1
822 135 1
819 133 1
816 132 1
811 130 1
804 128 1
796 126 1
785 125 1
773 127 1
763 128 1
750 130 1
734 133 1
719 138 1
705 142 1
693 146 1
683 151 1
671 154 1
660 159 1
649 162 1
637 168 1
624 173 1
613 179 1
603 185 1
592 192 1
580 199 1
570 207 1
559 213 1
549 220 1
538 226 1
529 233 1
521 240 1
512 249 1
503 259 1
493 270 1
484 282 1
475 293 1
465 304 1
457 313 1
450 323 1
441 334 1
433 345 1
426 355 1
420 364 1
414 374 1
409 383 1
403 393 1
397 403 1
394 411 1
389 417 1
387 423 1
382 431 1
379 437 1
376 445 1
373 451 1
370 460 1
367 468 1
364 475 1
359 482 1
357 490 1
354 496 1
350 505 1
347 515 1
344 523 1
341 533 1
337 542 1
335 553 1
332 562 1
330 573 1
328 584 1
326 595 1
326 604 1
324 612 1
322 620 1
321 628 1
320 637 1
318 645 1
318 656 1
318 666 1
318 676 1
316 687 1
317 697 1
317 706 1
317 718 1
317 732 1
318 744 1
318 756 1
320 767 1
320 775 1
322 784 1
322 792 1
325 799 1
327 807 1
329 815 1
330 822 1
332 829 1
334 836 1
334 841 1
335 846 1
335 852 1
335 858 1
336 866 1
336 875 1
337 887 1
337 898 1
338 909 1
338 918 1
338 930 1
337 940 1
337 951 1
336 963 1
336 973 1
334 983 1
331 992 1
329 1005 1
324 1019 1
322 1034 1
317 1048 1
313 1062 1
311 1077 1
307 1090 1
304 1103 1
301 1114 1
299 1122 1
297 1130 1
297 1137 1
295 1144 1
293 1152 1
290 1160 1
287 1170 1
283 1177 1
280 1185 1
277 1191 1
273 1197 1
269 1203 1
265 1210 1
261 1217 1
256 1223 1
253 1231 1
248 1240 1
243 1248 1
239 1255 1
234 1263 1
231 1271 1
227 1279 1
224 1289 1
222 1298 1
219 1308 1
216 1319 1
212 1329 1
209 1338 1
204 1347 1
202 1355 1
199 1364 1
198 1373 1
196 1380 1
196 1388 1
194 1395 1
195 1400 1
195 1406 1
195 1411 1
195 1416 1
195 1422 1
195 1428 1
197 1435 1
197 1442 1
199 1448 1
201 1455 1
203 1462 1
205 1468 1
207 1474 1
210 1482 1
213 1490 1
219 1501 1
222 1510 1
228 1519 1
233 1529 1
237 1537 1
242 1544 1
247 1549 1
251 1555 1
256 1561 1
263 1569 1
270 1576 1
281 1586 1
293 1595 1
304 1605 1
315 1612 1
326 1619 1
336 1624 1
350 1629 1
364 1634 1
379 1639 1
394 1643 1
408 1645 1
422 1647 1
433 1647 1
442 1647 1
451 1646 1
461 1646 1
470 1643 1
481 1641 1
490 1637 1
499 1632 1
509 1625 1
521 1616 1
533 1608 1
545 1599 1
557 1591 1
567 1582 1
578 1572 1
588 1560 1
597 1549 1
606 1539 1
613 1532 1
618 1525 1
623 1519 1
628 1512 1
632 1504 1
636 1496 1
639 1488 1
641 1482 1
643 1474 1
645 1466 1
648 1455 1
649 1441 1
652 1426 1
652 1412 1
653 1400 1
654 1389 1
654 1377 1
654 1363 1
654 1350 1
654 1340 1
654 1331 1
654 1322 1
652 1312 1
653 1298 1
653 1284 1
653 1270 1
653 1255 1
654 1238 1
655 1222 1
658 1206 1
659 1192 1
661 1178 1
663 1163 1
664 1147 1
666 1133 1
668 1119 1
670 1106 1
671 1095 1
672 1083 1
673 1072 1
674 1061 1
675 1049 1
676 1038 1
677 1025 1
678 1012 1
680 998 1
683 986 1
686 970 1
690 955 1
693 938 1
696 923 1
698 908 1
701 894 1
703 880 1
707 866 1
711 853 1
714 840 1
716 829 1
719 818 1
722 807 1
725 796 1
728 786 1
731 777 1
733 770 1
735 762 1
739 755 1
741 747 1
745 737 1
749 726 1
753 715 1
758 705 1
763 696 1
767 687 1
770 679 1
775 668 1
779 658 1
785 647 1
790 636 1
796 625 1
801 616 1
806 608 1
810 599 1
815 590 1
817 581 1
822 572 1
825 564 1
828 559 1
831 551 1
833 544 1
836 538 1
838 530 1
841 521 1
845 512 1
848 503 1
851 496 1
853 490 1
856 482 1
859 475 1
862 468 1
864 461 1
866 455 1
867 447 1
869 438 1
869 430 1
870 423 1
871 415 1
872 410 1
873 403 1
874 398 1
876 392 1
876 386 1
877 382 1
877 376 1
877 371 1
876 364 1
874 356 1
872 347 1
869 339 1
866 330 1
863 319 1
860 307 1
856 294 1
853 282 1
850 273 1
845 262 1
842 251 1
836 242 1
832 233 1
830 228 1
826 223 1
825 220 1
823 218 1
822 216 1
820 213 1
819 212 1
817 210 1
817 210 1
817 210 1
816 208 1
816 208 1
815 209 1
815 209 1
812 208 1
809 206 1
805 206 1
799 205 1
793 203 1
786 204 1
778 204 1
767 206 1
756 207 1
745 209 1
735 211 1
727 214 1
718 216 1
709 219 1
701 222 1
692 225 1
680 230 1
669 236 1
657 243 1
647 249 1
638 256 1
630 262 1
624 268 1
616 275 1
608 282 1
599 288 1
592 294 1
584 299 1
578 306 1
570 311 1
562 318 1
554 326 1
545 334 1
536 340 1
529 347 1
520 351 1
510 358 1
500 364 1
490 371 1
479 378 1
471 385 1
464 391 1
455 397 1
446 404 1
437 412 1
430 418 1
422 425 1
416 433 1
410 441 1
402 451 1
393 462 1
386 472 1
380 481 1
373 489 1
366 498 1
360 507 1
353 515 1
348 525 1
343 535 1
337 544 1
333 552 1
328 560 1
322 569 1
318 577 1
314 585 1
309 595 1
305 605 1
299 614 1
295 623 1
292 632 1
289 639 1
287 648 1
284 658 1
281 667 1
280 676 1
278 685 1
276 695 1
273 707 1
271 719 1
268 731 1
265 745 1
262 758 1
259 768 1
257 779 1
255 788 1
254 797 1
252 806 1
251 816 1
251 825 1
249 832 1
249 840 1
249 847 1
249 855 1
249 861 1
250 869 1
251 876 1
251 883 1
252 890 1
252 898 1
252 904 1
252 912 1
253 919 1
253 926 1
254 932 1
254 940 1
254 948 1
255 959 1
255 969 1
255 981 1
255 994 1
255 1010 1
254 1027 1
254 1044 1
253 1058 1
253 1074 1
254 1087 1
254 1101 1
254 1113 1
254 1124 1
254 1134 1
254 1143 1
254 1151 1
254 1161 1
252 1172 1
253 1179 1
253 1187 1
252 1194 1
252 1201 1
249 1210 1
247 1220 1
245 1230 1
243 1240 1
241 1249 1
240 1257 1
237 1264 1
236 1272 1
233 1281 1
232 1292 1
230 1303 1
228 1315 1
228 1325 1
228 1336 1
227 1346 1
227 1357 1
227 1370 1
228 1381 1
228 1390 1
229 1397 1
229 1409 1
230 1414 1
230 1419 1
231 1432 1
232 1438 1
233 1445 1
233 1452 1
234 1459 1
235 1464 1
236 1475 1
238 1481 1
242 1495 1
243 1503 1
248 1519 1
250 1528 1
256 1543 1
258 1550 1
262 1557 1
265 1564 1
270 1572 1
276 1580 1
284 1588 1
292 1598 1
303 1605 1
313 1611 1
324 1616 1
335 1621 1
349 1625 1
361 1628 1
370 1630 1
380 1631 1
390 1633 1
400 1633 1
411 1631 1
421 1629 1
437 1620 1
443 1616 1
460 1605 1
468 1600 1
476 1593 1
484 1589 1
492 1584 1
501 1578 1
508 1571 1
516 1563 1
523 1557 1
530 1551 1
536 1545 1
543 1538 1
551 1531 1
559 1524 1
569 1515 1
579 1505 1
590 1493 1
600 1481 1
610 1471 1
620 1461 1
629 1450 1
639 1438 1
647 1424 1
656 1411 1
664 1399 1
673 1385 1
682 1369 1
692 1354 1
702 1339 1
709 1327 1
715 1314 1
720 1300 1
724 1285 1
727 1272 1
729 1260 1
731 1250 1
733 1240 1
734 1227 1
736 1215 1
738 1200 1
738 1189 1
740 1175 1
741 1162 1
742 1151 1
742 1141 1
742 1133 1
742 1125 1
742 1118 1
742 1110 1
742 1099 1
742 1087 1
742 1076 1
742 1063 1
741 1053 1
741 1043 1
738 1033 1
736 1024 1
735 1013 1
733 1002 1
733 991 1
733 980 1
732 972 1
733 961 1
734 950 1
736 939 1
738 926 1
740 914 1
743 900 1
746 884 1
749 868 1
753 853 1
756 838 1
761 824 1
764 811 1
767 797 1
770 784 1
773 772 1
777 761 1
781 749 1
785 736 1
790 722 1
794 707 1
799 692 1
805 677 1
809 664 1
816 649 1
821 637 1
826 625 1
830 615 1
833 604 1
837 594 1
840 585 1
842 575 1
845 564 1
847 555 1
848 546 1
849 536 1
850 525 1
851 513 1
852 502 1
854 491 1
855 482 1
856 471 1
859 458 1
861 444 1
864 429 1
865 416 1
866 405 1
866 396 1
866 385 1
866 373 1
866 363 1
866 353 1
866 344 1
866 336 1
865 330 1
865 324 1
863 316 1
861 308 1
860 300 1
858 292 1
858 284 1
858 276 1
857 268 1
857 257 1
857 246 1
856 235 1
854 227 1
853 220 1
853 215 1
851 211 1
851 209 1
850 207 1
848 204 1
847 201 1
847 201 1
847 201 1
847 200 1
847 200 1
845 199 1
843 197 1
837 195 1
831 192 1
823 189 1
814 187 1
805 184 1
794 182 1
783 180 1
774 181 1
765 181 1
757 181 1
748 182 1
741 182 1
732 184 1
720 186 1
707 189 1
687 196 1
665 204 1
644 213 1
623 221 1
603 228 1
585 235 1
571 241 1
557 249 1
544 256 1
532 263 1
520 270 1
508 278 1
496 286 1
484 294 1
473 301 1
462 310 1
451 318 1
441 329 1
431 339 1
422 351 1
413 362 1
402 374 1
393 388 1
384 400 1
377 411 1
369 424 1
362 439 1
357 456 1
351 474 1
346 493 1
341 510 1
337 528 1
335 544 1
333 557 1
331 568 1
328 580 1
325 591 1
321 605 1
317 617 1
313 629 1
309 639 1
305 648 1
302 657 1
299 666 1
296 676 1
293 686 1
290 696 1
286 708 1
286 721 1
286 736 1
287 751 1
288 764 1
289 775 1
290 787 1
291 799 1
292 810 1
295 823 1
297 836 1
299 848 1
301 861 1
302 874 1
303 887 1
304 901 1
302 914 1
302 930 1
300 947 1
298 964 1
296 979 1
293 994 1
291 1007 1
287 1020 1
284 1034 1
280 1045 1
277 1054 1
274 1062 1
272 1071 1
270 1080 1
267 1090 1
263 1100 1
259 1108 1
256 1115 1
253 1120 1
251 1125 1
248 1130 1
245 1136 1
240 1143 1
235 1153 1
230 1163 1
225 1173 1
221 1182 1
216 1192 1
212 1202 1
207 1213 1
201 1226 1
198 1238 1
194 1247 1
191 1255 1
189 1262 1
186 1271 1
182 1280 1
179 1288 1
177 1296 1
175 1305 1
172 1313 1
171 1320 1
170 1327 1
169 1333 1
168 1340 1
169 1350 1
170 1361 1
172 1375 1
174 1386 1
177 1398 1
180 1409 1
183 1421 1
188 1431 1
192 1442 1
196 1451 1
199 1457 1
203 1464 1
206 1468 1
209 1473 1
212 1476 1
215 1481 1
220 1487 1
224 1491 1
231 1499 1
237 1505 1
244 1513 1
252 1520 1
260 1528 1
268 1534 1
279 1540 1
292 1546 1
306 1552 1
323 1558 1
341 1562 1
356 1564 1
370 1565 1
381 1564 1
392 1561 1
403 1556 1
413 1551 1
423 1545 1
433 1539 1
441 1534 1
448 1529 1
454 1525 1
459 1521 1
467 1516 1
474 1509 1
482 1502 1
489 1494 1
497 1486 1
504 1479 1
511 1471 1
519 1465 1
528 1455 1
536 1444 1
545 1433 1
554 1422 1
562 1412 1
570 1402 1
579 1390 1
588 1376 1
598 1361 1
604 1347 1
611 1336 1
616 1325 1
622 1316 1
628 1308 1
634 1300 1
640 1290 1
646 1281 1
651 1272 1
656 1264 1
660 1255 1
663 1248 1
666 1240 1
669 1230 1
672 1218 1
676 1206 1
681 1194 1
686 1179 1
692 1162 1
698 1145 1
703 1128 1
708 1112 1
715 1092 1
719 1075 1
723 1059 1
726 1044 1
729 1031 1
731 1019 1
733 1007 1
734 995 1
737 983 1
739 972 1
741 961 1
743 952 1
745 943 1
747 934 1
749 923 1
750 910 1
751 896 1
752 878 1
753 861 1
753 845 1
753 830 1
753 816 1
752 800 1
750 786 1
750 774 1
747 763 1
746 752 1
743 739 1
741 724 1
741 708 1
741 693 1
740 679 1
740 662 1
740 644 1
740 625 1
741 605 1
743 585 1
743 567 1
745 550 1
746 536 1
748 522 1
751 509 1
754 497 1
757 486 1
760 478 1
763 469 1
769 458 1
774 447 1
780 436 1
785 425 1
790 413 1
796 401 1
803 388 1
810 374 1
816 360 1
822 347 1
827 336 1
831 327 1
834 318 1
836 309 1
838 298 1
841 287 1
844 275 1
847 264 1
849 253 1
850 244 1
851 238 1
851 232 1
849 226 1
849 221 1
847 216 1
845 211 1
842 207 1
836 203 1
829 199 1
821 195 1
813 192 1
804 190 1
793 190 1
782 191 1
771 194 1
756 200 1
737 212 1
717 227 1
693 246 1
671 266 1
651 285 1
631 307 1
611 330 1
595 349 1
579 365 1
564 380 1
550 394 1
536 408 1
526 418 1
516 428 1
508 436 1
499 443 1
490 451 1
478 461 1
466 472 1
455 482 1
445 492 1
435 502 1
424 514 1
413 526 1
403 538 1
394 551 1
384 564 1
374 576 1
366 590 1
359 603 1
353 616 1
347 629 1
340 642 1
332 660 1
324 681 1
315 706 1
307 734 1
298 763 1
290 794 1
283 827 1
275 864 1
268 904 1
261 943 1
254 981 1
248 1020 1
243 1058 1
239 1097 1
236 1138 1
234 1190 1
234 1249 1
234 1235 0
