639 954 1
639 954 1
639 954 1
639 954 1
639 954 1
639 954 1
639 954 1
639 954 1
639 954 1
639 954 1
635 953 1
632 953 1
627 951 1
622 951 1
616 949 1
609 949 1
605 947 1
599 947 1
596 947 1
592 945 1
590 944 1
586 942 1
585 941 1
582 939 1
580 937 1
577 934 1
575 931 1
573 928 1
572 925 1
570 922 1
570 919 1
570 916 1
569 913 1
569 910 1
570 905 1
570 902 1
572 898 1
574 894 1
577 890 1
578 887 1
581 885 1
582 883 1
584 881 1
585 880 1
586 878 1
588 876 1
590 875 1
592 875 1
593 873 1
595 873 1
596 872 1
597 870 1
598 871 1
600 871 1
601 870 1
603 870 1
605 870 1
609 870 1
612 870 1
614 871 1
617 871 1
618 871 1
621 872 1
622 872 1
625 873 1
626 873 1
628 874 1
629 874 1
631 875 1
631 875 1
632 875 1
632 875 1
632 876 1
632 876 1
632 876 1
633 876 1
633 876 1
633 876 1
633 876 1
633 877 1
634 877 1
634 877 1
634 877 1
634 877 1
634 877 1
634 878 1
635 878 1
635 878 1
635 878 1
635 878 1
635 878 1
635 878 1
635 879 1
636 879 1
636 879 1
636 879 1
636 879 1
636 879 1
636 880 1
636 880 1
636 880 1
636 880 1
636 880 1
636 880 1
636 880 1
636 880 1
636 880 1
636 880 1
637 880 1
637 880 1
637 880 1
637 881 1
637 881 1
637 881 1
637 882 1
638 882 1
638 882 1
639 884 1
639 885 1
640 886 1
640 887 1
640 888 1
640 889 1
640 889 1
641 890 1
641 892 1
642 895 1
644 899 1
645 903 1
646 907 1
647 911 1
649 914 1
650 918 1
652 922 1
653 926 1
655 931 1
656 935 1
658 940 1
659 944 1
660 948 1
662 952 1
662 956 1
664 961 1
665 966 1
667 969 1
668 973 1
669 978 1
670 980 1
672 983 1
672 987 1
674 991 1
676 994 1
677 997 1
678 1000 1
679 1003 1
680 1007 1
681 1010 1
683 1013 1
683 1017 1
685 1020 1
685 1023 1
687 1027 1
688 1030 1
688 1034 1
689 1037 1
689 1040 1
689 1043 1
689 1045 1
689 1048 1
689 1050 1
689 1052 1
689 1054 1
690 1056 1
691 1059 1
691 1060 1
692 1063 1
693 1064 1
694 1066 1
695 1068 1
695 1069 1
696 1070 1
696 1071 1
697 1072 1
697 1073 1
698 1074 1
698 1074 1
698 1075 1
698 1075 1
698 1075 1
698 1076 1
698 1076 1
698 1076 1
698 1076 1
698 1076 1
698 1076 1
696 1076 1
697 1077 1
697 1077 1
697 1078 1
696 1078 1
694 1079 1
694 1080 1
692 1081 1
692 1081 1
690 1082 1
689 1082 1
686 1083 1
683 1084 1
679 1085 1
673 1086 1
668 1086 1
662 1086 1
656 1086 1
651 1086 1
644 1086 1
638 1084 1
633 1085 1
627 1083 1
622 1083 1
617 1083 1
613 1082 1
609 1081 1
605 1081 1
600 1080 1
594 1078 1
587 1077 1
581 1075 1
577 1074 1
572 1072 1
570 1071 1
567 1071 1
564 1068 1
561 1067 1
559 1065 1
556 1064 1
554 1062 1
552 1061 1
549 1059 1
547 1058 1
545 1056 1
543 1055 1
541 1053 1
541 1053 1
541 1053 1
541 1053 1
541 1053 1
541 1053 1
541 1053 1
541 1053 1
540 1052 1
538 1050 1
536 1047 1
533 1044 1
527 1038 1
521 1032 1
512 1023 1
505 1016 1
497 1008 1
491 1002 1
486 997 1
481 993 1
477 989 1
474 987 1
472 984 1
469 982 1
466 979 1
465 978 1
463 976 1
463 976 1
463 974 1
463 972 1
461 971 1
462 968 1
463 967 1
464 964 1
464 960 1
466 955 1
467 951 1
470 946 1
472 941 1
475 935 1
478 930 1
480 926 1
483 921 1
484 918 1
486 914 1
487 911 1
488 908 1
489 905 1
490 900 1
489 896 1
489 890 1
487 886 1
485 883 1
483 878 1
482 876 1
482 873 1
480 871 1
480 869 1
478 867 1
476 864 1
476 863 1
474 860 1
474 858 1
472 856 1
471 853 1
471 851 1
471 847 1
469 842 1
469 834 1
467 825 1
465 814 1
462 800 1
460 784 1
459 772 1
457 761 1
458 752 1
458 745 1
459 738 1
460 732 1
460 727 1
460 724 1
461 721 1
461 718 1
462 715 1
463 713 1
464 710 1
466 707 1
467 705 1
469 703 1
470 701 1
472 699 1
474 698 1
477 696 1
481 694 1
484 692 1
488 692 1
493 690 1
498 690 1
501 689 1
505 689 1
508 689 1
512 689 1
517 689 1
523 690 1
529 691 1
535 692 1
541 694 1
546 695 1
551 696 1
557 697 1
563 700 1
568 701 1
571 703 1
574 703 1
577 705 1
580 706 1
583 708 1
587 709 1
589 710 1
592 712 1
594 713 1
597 715 1
598 716 1
601 717 1
602 718 1
605 719 1
607 720 1
610 721 1
616 724 1
623 725 1
633 731 1
645 737 1
658 744 1
671 752 1
681 759 1
689 764 1
695 767 1
699 770 1
704 772 1
707 774 1
709 775 1
711 777 1
712 777 1
715 779 1
716 780 1
718 782 1
719 783 1
721 785 1
722 786 1
724 787 1
725 788 1
727 790 1
727 791 1
727 791 1
727 791 1
728 791 1
728 792 1
728 792 1
729 795 1
730 797 1
731 799 1
732 803 1
733 807 1
736 812 1
737 818 1
739 824 1
741 831 1
743 837 1
744 845 1
746 852 1
747 861 1
749 869 1
750 878 1
751 887 1
752 896 1
752 904 1
753 910 1
753 916 1
753 920 1
753 925 1
753 930 1
753 935 1
754 940 1
754 947 1
756 954 1
758 962 1
760 970 1
762 976 1
763 984 1
765 992 1
767 1001 1
770 1011 1
773 1022 1
778 1031 1
780 1039 1
783 1047 1
786 1055 1
788 1063 1
791 1073 1
793 1083 1
795 1094 1
796 1102 1
797 1109 1
797 1115 1
797 1120 1
797 1125 1
796 1129 1
796 1133 1
795 1137 1
793 1141 1
791 1144 1
789 1149 1
787 1152 1
784 1155 1
780 1161 1
774 1169 1
769 1176 1
764 1181 1
760 1186 1
756 1191 1
752 1194 1
748 1197 1
745 1200 1
741 1203 1
738 1206 1
734 1208 1
729 1210 1
724 1213 1
721 1214 1
717 1216 1
714 1216 1
710 1218 1
707 1218 1
704 1219 1
700 1220 1
695 1220 1
689 1222 1
684 1222 1
678 1223 1
672 1224 1
667 1225 1
660 1225 1
656 1226 1
649 1226 1
644 1226 1
639 1226 1
634 1224 1
629 1225 1
624 1224 1
619 1224 1
615 1223 1
609 1223 1
603 1221 1
597 1219 1
592 1219 1
586 1217 1
581 1215 1
576 1213 1
571 1211 1
567 1209 1
561 1207 1
556 1204 1
551 1202 1
546 1199 1
542 1196 1
538 1194 1
536 1192 1
534 1191 1
532 1191 1
532 1190 1
532 1190 1
532 1188 1
531 1189 1
531 1189 1
530 1188 1
528 1186 1
527 1185 1
524 1183 1
520 1180 1
515 1177 1
508 1172 1
502 1167 1
493 1160 1
481 1151 1
469 1141 1
458 1131 1
447 1121 1
438 1114 1
430 1108 1
423 1103 1
418 1100 1
414 1097 1
409 1094 1
404 1089 1
400 1087 1
394 1081 1
387 1074 1
381 1066 1
374 1058 1
368 1050 1
363 1043 1
358 1037 1
355 1031 1
350 1025 1
349 1021 1
346 1015 1
343 1008 1
341 1002 1
338 994 1
338 986 1
336 976 1
337 967 1
337 957 1
337 948 1
337 937 1
337 928 1
337 919 1
337 910 1
337 901 1
337 892 1
336 885 1
336 877 1
336 869 1
334 861 1
333 854 1
331 846 1
330 837 1
328 830 1
325 822 1
322 814 1
318 806 1
316 800 1
314 794 1
312 789 1
310 783 1
309 779 1
308 774 1
308 769 1
306 765 1
307 760 1
307 756 1
307 751 1
307 747 1
307 742 1
307 741 1
307 741 1
307 733 1
308 728 1
308 723 1
309 718 1
310 713 1
313 709 1
316 703 1
319 699 1
321 697 0
323 693 1
326 690 1
328 687 1
330 685 1
332 682 1
333 680 1
335 678 1
336 677 1
338 674 1
339 673 1
340 670 1
342 668 1
344 666 1
346 663 1
349 659 1
352 655 1
357 647 1
362 640 1
369 630 1
376 621 1
383 613 1
389 607 1
394 601 1
399 595 1
404 590 1
410 584 1
416 580 1
420 575 1
425 572 1
427 569 1
432 566 1
436 562 1
440 560 1
445 557 1
449 555 1
453 553 1
456 552 1
459 550 1
462 549 1
465 549 1
467 547 1
470 547 1
472 546 1
475 545 1
478 543 1
481 543 1
485 541 1
488 541 1
492 539 1
497 539 1
503 537 1
509 536 1
518 536 1
529 534 1
540 532 1
550 533 1
559 533 1
565 533 1
571 534 1
574 534 1
577 535 1
580 536 1
584 536 1
587 538 1
591 540 1
594 542 1
598 545 1
601 548 1
606 551 1
611 554 1
614 557 1
619 560 1
622 565 1
627 568 1
632 573 1
638 578 1
642 583 1
646 588 1
649 594 1
653 600 1
657 608 1
660 615 1
663 621 1
665 627 1
667 631 1
670 636 1
674 641 1
676 644 1
678 648 1
679 650 1
681 653 1
681 654 1
683 657 1
684 658 1
685 660 1
686 662 1
689 666 1
694 671 1
699 677 1
705 683 1
711 691 1
719 699 1
730 709 1
745 723 1
761 738 1
773 750 1
784 761 1
792 769 1
795 772 1
799 775 1
801 778 1
803 779 1
805 780 1
806 781 1
808 783 1
809 783 1
810 784 1
810 784 1
811 784 1
811 785 1
814 787 1
817 790 1
820 794 1
824 799 1
829 806 1
833 814 1
839 820 1
843 828 1
848 834 1
851 840 1
855 846 1
858 851 1
862 856 1
864 860 1
867 865 1
869 870 1
872 874 1
873 878 1
876 881 1
877 885 1
879 890 1
880 892 1
882 895 1
884 900 1
884 903 1
886 906 1
887 910 1
888 913 1
889 916 1
891 919 1
891 924 1
892 927 1
893 933 1
894 939 1
896 948 1
897 957 1
899 966 1
901 975 1
902 983 1
903 991 1
905 1002 1
906 1012 1
907 1022 1
908 1031 1
910 1041 1
912 1048 1
913 1056 1
915 1064 1
917 1075 1
919 1088 1
920 1098 1
922 1107 1
923 1113 1
924 1119 1
924 1125 1
923 1130 1
921 1135 1
920 1141 1
917 1146 1
915 1152 1
913 1156 1
910 1163 1
907 1169 1
903 1175 1
900 1181 1
895 1187 1
892 1193 1
888 1199 1
884 1207 1
879 1217 1
874 1226 1
870 1234 1
865 1241 1
860 1247 1
856 1252 1
852 1257 1
848 1260 1
844 1263 1
842 1265 1
840 1266 1
837 1268 1
835 1269 1
833 1271 1
830 1273 1
827 1275 1
820 1278 1
813 1281 1
805 1283 1
798 1286 1
790 1288 1
782 1290 1
775 1292 1
770 1294 1
765 1297 1
763 1298 1
760 1301 1
757 1303 1
755 1304 1
752 1306 1
750 1308 1
748 1311 1
744 1313 1
741 1316 1
737 1318 1
732 1321 1
729 1323 1
724 1326 1
718 1330 1
714 1332 1
708 1335 1
703 1337 1
695 1339 1
686 1340 1
675 1341 1
664 1341 1
655 1341 1
647 1341 1
639 1339 1
631 1338 1
622 1335 1
611 1332 1
600 1329 1
588 1325 1
580 1323 1
570 1321 1
561 1319 1
551 1316 1
540 1314 1
531 1312 1
523 1310 1
518 1310 1
514 1308 1
511 1309 1
509 1309 1
509 1309 1
509 1309 1
509 1309 1
509 1309 1
509 1309 1
509 1309 1
509 1309 1
509 1309 1
507 1309 1
505 1309 1
503 1311 1
500 1311 1
495 1312 1
490 1312 1
482 1310 1
471 1309 1
461 1308 1
452 1306 1
444 1305 1
436 1303 1
429 1302 1
422 1300 1
414 1298 1
408 1296 1
401 1293 1
393 1288 1
387 1284 1
380 1279 1
371 1271 1
364 1264 1
356 1256 1
351 1251 1
345 1245 1
340 1238 1
334 1231 1
328 1221 1
322 1212 1
316 1202 1
312 1195 1
309 1188 1
306 1182 1
302 1176 1
298 1170 1
295 1164 1
292 1158 1
290 1154 1
287 1148 1
285 1142 1
283 1137 1
280 1131 1
276 1123 1
274 1118 1
270 1110 1
268 1104 1
265 1098 1
262 1091 1
258 1085 1
255 1078 1
252 1072 1
249 1067 1
246 1061 1
242 1054 1
240 1050 1
237 1044 1
234 1040 1
231 1034 1
229 1029 1
226 1025 1
224 1019 1
221 1014 1
219 1010 1
217 1004 1
214 998 1
212 991 1
208 983 1
205 974 1
201 965 1
197 956 1
193 945 1
188 935 1
184 924 1
180 914 1
175 902 1
172 893 1
169 882 1
165 873 1
162 864 1
160 857 1
158 850 1
156 844 1
155 838 1
153 832 1
153 826 1
153 821 1
153 815 1
153 809 1
153 803 1
153 798 1
155 793 1
155 786 1
158 779 1
159 771 1
162 763 1
165 751 1
168 737 1
170 722 1
171 706 1
171 690 1
171 675 1
171 661 1
171 649 1
171 640 1
172 634 1
172 629 1
172 626 1
173 621 1
174 618 1
175 616 1
177 613 1
178 610 1
179 607 1
181 603 1
183 599 1
187 593 1
192 585 1
197 578 1
203 570 1
209 563 1
213 557 1
217 552 1
220 548 1
223 542 1
227 537 1
230 531 1
234 526 1
237 521 1
241 515 1
244 510 1
249 504 1
253 498 1
258 493 1
264 487 1
271 482 1
277 476 1
284 472 1
290 468 1
295 465 1
300 462 1
305 460 1
310 457 1
314 457 1
317 455 1
320 454 1
322 454 1
325 452 1
328 450 1
331 448 1
334 445 1
337 442 1
341 438 1
344 435 1
348 431 1
354 427 1
360 421 1
368 416 1
375 410 1
387 404 1
402 400 1
419 397 1
433 395 1
444 393 1
450 392 1
454 393 1
459 393 1
462 393 1
465 394 1
468 394 1
471 395 1
474 396 1
477 397 1
480 397 1
484 398 1
487 399 1
491 400 1
496 401 1
502 402 1
506 403 1
510 404 1
513 405 1
517 405 1
523 406 1
529 407 1
537 409 1
548 413 1
559 418 1
569 423 1
580 428 1
589 434 1
600 439 1
611 444 1
620 449 1
626 452 1
631 455 1
635 457 1
637 459 1
639 460 1
641 461 1
643 462 1
645 463 1
647 464 1
649 465 1
650 466 1
651 467 1
652 467 1
652 467 1
656 469 1
661 472 1
668 476 1
678 482 1
686 486 1
694 492 1
700 497 1
707 500 1
712 505 1
717 508 1
721 511 1
726 515 1
732 521 1
739 527 1
747 535 1
753 542 1
758 548 1
764 553 1
769 558 1
774 564 1
780 570 1
786 577 1
791 585 1
797 594 1
803 604 1
809 612 1
812 619 1
816 624 1
818 629 1
819 631 1
821 635 1
823 637 1
823 638 1
824 640 1
825 642 1
826 644 1
827 648 1
830 652 1
835 662 1
841 672 1
848 684 1
855 697 1
861 706 1
867 718 1
874 731 1
882 744 1
890 756 1
897 767 1
903 775 1
907 781 1
912 786 1
913 789 1
917 791 1
918 794 1
919 796 1
921 798 1
921 799 1
923 802 1
924 803 1
926 806 1
927 811 1
929 816 1
932 824 1
936 832 1
939 842 1
943 851 1
948 861 1
953 874 1
959 888 1
962 899 1
965 910 1
967 919 1
969 927 1
970 935 1
971 943 1
973 950 1
973 956 1
974 961 1
975 965 1
975 968 1
975 971 1
976 974 1
976 977 1
976 982 1
977 987 1
976 994 1
976 1006 1
975 1020 1
975 1035 1
973 1050 1
971 1065 1
971 1080 1
971 1096 1
971 1109 1
972 1122 1
973 1131 1
973 1138 1
973 1144 1
974 1151 1
975 1157 1
975 1161 1
976 1166 1
976 1170 1
977 1173 1
977 1179 1
978 1183 1
978 1188 1
979 1193 1
979 1199 1
979 1208 1
980 1218 1
980 1231 1
978 1242 1
978 1252 1
976 1262 1
973 1270 1
972 1278 1
970 1285 1
968 1292 1
966 1298 1
965 1302 1
963 1307 1
962 1308 1
962 1311 1
959 1313 1
959 1315 1
957 1317 1
957 1319 1
955 1321 1
953 1323 1
951 1326 1
948 1328 1
945 1331 1
940 1333 1
932 1338 1
923 1343 1
914 1350 1
905 1357 1
896 1367 1
887 1376 1
878 1384 1
871 1391 1
865 1396 1
859 1401 1
855 1404 1
850 1408 1
847 1410 1
845 1411 1
843 1413 1
841 1414 1
839 1415 1
839 1416 1
839 1416 1
839 1416 1
836 1417 1
834 1418 1
833 1418 1
828 1420 1
824 1421 1
818 1423 1
811 1425 1
803 1427 1
795 1429 1
787 1431 1
779 1433 1
773 1435 1
768 1437 1
762 1439 1
755 1443 1
749 1445 1
742 1447 1
735 1449 1
729 1451 1
721 1454 1
714 1457 1
708 1459 1
703 1462 1
700 1464 1
695 1466 1
689 1469 1
682 1471 1
674 1474 1
665 1476 1
655 1478 1
646 1479 1
635 1479 1
623 1478 1
608 1473 1
591 1470 1
579 1465 1
569 1460 1
562 1458 1
558 1455 1
555 1455 1
553 1453 1
552 1453 1
550 1453 1
547 1453 1
544 1453 1
537 1452 1
529 1452 1
519 1450 1
511 1450 1
503 1447 1
492 1445 1
481 1442 1
468 1439 1
456 1436 1
445 1432 1
436 1427 1
426 1422 1
417 1417 1
407 1412 1
399 1409 1
390 1405 1
381 1401 1
371 1397 1
359 1393 1
346 1387 1
330 1382 1
312 1375 1
292 1365 1
270 1351 1
249 1336 1
230 1322 1
214 1309 1
201 1295 1
189 1281 1
178 1265 1
169 1248 1
159 1228 1
152 1207 1
144 1189 1
136 1172 1
130 1155 1
126 1139 1
128 1145 0
