107 1333 1
107 1333 1
107 1333 1
107 1333 1
107 1333 1
107 1333 1
107 1333 1
107 1333 1
107 1332 1
107 1330 1
107 1328 1
107 1326 1
108 1323 1
108 1320 1
109 1317 1
109 1311 1
110 1305 1
111 1300 1
112 1294 1
112 1290 1
112 1285 1
113 1279 1
113 1275 1
113 1269 1
112 1265 1
112 1260 1
111 1255 1
111 1251 1
110 1246 1
110 1242 1
110 1236 1
110 1230 1
109 1224 1
109 1218 1
109 1210 1
109 1203 1
109 1197 1
110 1192 1
111 1186 1
111 1181 1
112 1175 1
113 1170 1
114 1164 1
115 1158 1
117 1152 1
120 1145 1
123 1138 1
128 1131 1
132 1125 1
137 1119 1
142 1114 1
146 1109 1
150 1104 1
153 1100 1
157 1095 1
160 1091 1
163 1087 1
166 1082 1
168 1078 1
171 1074 1
175 1069 1
178 1064 1
181 1060 1
183 1054 1
186 1049 1
188 1045 1
189 1040 1
190 1035 1
191 1029 1
192 1024 1
193 1019 1
194 1013 1
195 1008 1
196 1001 1
197 994 1
197 988 1
198 980 1
198 973 1
199 967 1
198 959 1
198 953 1
198 948 1
198 942 1
197 936 1
195 930 1
194 923 1
193 918 1
193 913 1
190 908 1
188 903 1
185 897 1
181 891 1
177 886 1
172 881 1
170 879 1
168 876 1
164 872 1
162 870 1
159 868 1
158 867 1
156 867 1
156 866 1
154 866 1
155 865 1
155 865 1
155 865 1
155 865 1
155 865 1
155 865 1
152 866 1
151 867 1
149 868 1
147 872 1
143 879 1
138 887 1
132 895 1
128 903 1
123 909 1
120 919 1
117 929 1
114 938 1
112 945 1
112 950 1
111 954 1
109 958 1
110 962 1
110 963 1
110 963 0
118 1044 1
118 1044 1
118 1044 1
118 1046 1
119 1046 1
119 1047 1
119 1047 1
119 1047 1
119 1047 1
119 1049 1
120 1051 1
121 1055 1
124 1059 1
126 1064 1
130 1070 1
135 1076 1
138 1080 1
141 1084 1
143 1087 1
144 1088 1
146 1091 1
147 1092 1
151 1094 1
152 1096 1
154 1097 1
156 1100 1
159 1103 1
163 1107 1
170 1113 1
176 1120 1
183 1127 1
191 1135 1
197 1142 1
203 1150 1
210 1159 1
216 1166 1
221 1174 1
225 1180 1
228 1185 1
231 1188 1
233 1191 1
235 1193 1
237 1196 1
237 1197 1
238 1198 1
239 1199 1
239 1200 1
239 1201 1
240 1201 1
240 1203 1
240 1207 1
240 1214 1
240 1224 1
240 1233 1
239 1240 1
237 1248 1
237 1254 1
235 1258 1
235 1262 1
233 1265 1
231 1268 1
231 1271 1
229 1273 1
228 1274 1
226 1276 1
225 1277 1
222 1279 1
218 1279 1
212 1281 1
206 1283 1
199 1285 1
192 1288 1
184 1291 1
176 1295 1
169 1298 1
162 1301 1
157 1303 1
152 1306 1
149 1307 1
151 1307 0
440 1262 1
440 1262 1
440 1262 1
440 1262 1
440 1262 1
440 1262 1
440 1262 1
440 1262 1
440 1262 1
438 1260 1
438 1260 1
439 1258 1
439 1257 1
439 1254 1
440 1250 1
440 1246 1
441 1242 1
441 1238 1
441 1233 1
441 1228 1
439 1224 1
439 1218 1
437 1212 1
436 1207 1
434 1201 1
432 1196 1
429 1188 1
425 1181 1
423 1174 1
420 1166 1
417 1158 1
415 1149 1
413 1141 1
411 1133 1
410 1125 1
410 1118 1
410 1110 1
410 1102 1
410 1095 1
411 1086 1
413 1076 1
414 1068 1
416 1060 1
418 1052 1
421 1046 1
426 1039 1
430 1033 1
434 1030 1
436 1027 1
439 1024 1
441 1021 1
442 1018 1
444 1015 1
445 1011 1
446 1008 1
447 1005 1
448 1001 1
450 997 1
451 992 1
454 988 1
456 984 1
459 979 1
462 975 1
464 972 1
465 968 1
467 963 1
468 959 1
469 955 1
470 951 1
471 948 1
472 945 1
472 942 1
473 938 1
473 935 1
474 932 1
474 928 1
474 925 1
472 919 1
472 914 1
470 908 1
469 904 1
466 899 1
464 895 1
461 892 1
459 890 1
456 887 1
454 886 1
451 886 1
449 885 1
447 885 1
445 883 1
445 884 1
443 884 1
442 884 1
440 884 1
438 884 1
432 885 1
423 886 1
413 889 1
404 894 1
396 899 1
389 905 1
383 909 1
378 914 1
374 917 1
369 921 1
365 924 1
361 928 1
357 932 1
354 937 1
349 943 1
346 951 1
341 958 1
339 965 1
335 971 1
333 977 1
330 990 1
331 1007 1
332 1027 1
333 1042 1
335 1053 1
336 1061 1
338 1067 1
338 1072 1
340 1077 1
341 1080 1
342 1082 1
343 1084 1
344 1085 1
346 1087 1
347 1087 1
349 1088 1
353 1089 1
358 1090 1
364 1091 1
374 1093 1
382 1095 1
391 1097 1
399 1100 1
408 1105 1
417 1110 1
424 1115 1
431 1119 1
437 1123 1
442 1126 1
445 1128 1
447 1131 1
450 1132 1
451 1133 1
453 1134 1
453 1135 1
455 1136 1
457 1138 1
461 1141 1
468 1148 1
475 1154 1
482 1161 1
488 1169 1
494 1176 1
499 1183 1
505 1190 1
509 1194 1
512 1199 1
514 1203 1
516 1206 1
518 1208 1
520 1211 1
521 1214 1
523 1217 1
525 1220 1
525 1221 1
526 1224 1
527 1225 1
527 1227 1
527 1229 1
527 1231 1
526 1233 1
523 1236 1
520 1239 1
515 1244 1
509 1248 1
504 1251 1
497 1254 1
488 1255 1
477 1257 1
462 1257 1
456 1257 1
461 1257 0
730 1192 1
730 1192 1
730 1192 1
730 1192 1
730 1192 1
730 1192 1
730 1192 1
730 1192 1
730 1192 1
730 1192 1
730 1190 1
730 1190 1
730 1187 1
730 1185 1
731 1182 1
731 1179 1
731 1177 1
732 1174 1
732 1169 1
733 1165 1
734 1159 1
734 1151 1
735 1144 1
735 1135 1
735 1127 1
735 1119 1
735 1109 1
735 1101 1
735 1093 1
735 1085 1
736 1077 1
737 1069 1
739 1061 1
740 1055 1
742 1048 1
743 1042 1
745 1036 1
746 1030 1
748 1024 1
749 1017 1
751 1013 1
754 1006 1
759 1001 1
764 996 1
770 991 1
774 987 1
781 982 1
783 978 1
788 974 1
793 969 1
797 966 1
800 963 1
803 959 1
806 956 1
808 952 1
811 949 1
812 944 1
814 941 1
815 934 1
816 929 1
817 920 1
818 912 1
819 905 1
820 896 1
820 888 1
821 881 1
821 875 1
821 870 1
819 864 1
820 860 1
820 857 1
819 852 1
818 849 1
816 847 1
817 845 1
815 845 1
815 844 1
815 844 1
815 843 1
815 843 1
814 843 1
812 844 1
809 844 1
801 845 1
794 846 1
785 848 1
777 851 1
769 854 1
763 859 1
755 865 1
748 871 1
741 878 1
735 884 1
728 892 1
722 898 1
716 905 1
710 912 1
703 920 1
697 929 1
692 939 1
688 950 1
684 960 1
682 968 1
680 975 1
681 982 1
681 989 1
681 995 1
681 1000 1
682 1004 1
683 1008 1
684 1012 1
685 1016 1
688 1021 1
692 1025 1
697 1029 1
704 1033 1
710 1036 1
714 1039 1
719 1041 1
722 1042 1
727 1043 1
731 1044 1
734 1045 1
737 1046 1
739 1046 1
741 1047 1
742 1047 1
743 1048 1
744 1048 1
745 1049 1
745 1049 1
746 1050 1
747 1050 1
749 1051 1
751 1053 1
753 1054 1
758 1056 1
766 1058 1
774 1062 1
782 1067 1
789 1073 1
794 1077 1
800 1082 1
803 1086 1
806 1089 1
809 1092 1
810 1095 1
813 1096 1
814 1098 1
817 1101 1
820 1105 1
824 1109 1
827 1113 1
831 1117 1
835 1123 1
840 1128 1
845 1135 1
849 1141 1
854 1148 1
859 1156 1
863 1165 1
868 1173 1
871 1180 1
873 1184 1
876 1187 1
877 1190 1
878 1192 1
879 1195 1
879 1195 1
879 1197 1
879 1198 1
877 1199 1
876 1201 1
874 1203 1
870 1205 1
865 1208 1
860 1211 1
852 1215 1
845 1218 1
841 1219 1
836 1221 1
831 1222 1
827 1224 1
820 1224 1
813 1226 1
804 1226 1
796 1227 1
789 1227 1
781 1227 1
776 1225 1
770 1224 1
763 1220 1
752 1212 1
738 1201 1
723 1185 1
709 1163 1
697 1139 1
692 1129 1
696 1137 0
