999 438 1
999 438 1
999 438 1
999 438 1
999 438 1
999 438 1
999 438 1
999 438 1
999 438 1
999 438 1
999 438 1
999 438 1
999 438 1
999 438 1
999 438 1
999 438 1
999 438 1
999 438 1
999 438 1
999 438 1
999 438 1
999 438 1
999 438 1
997 438 1
997 438 1
998 439 1
998 439 1
996 441 1
997 443 1
997 446 1
995 450 1
996 452 1
996 456 1
996 460 1
996 463 1
996 467 1
996 470 1
995 474 1
995 477 1
995 480 1
996 485 1
996 488 1
996 491 1
997 495 1
997 498 1
997 501 1
997 505 1
997 508 1
997 512 1
997 517 1
997 522 1
995 527 1
995 533 1
993 538 1
991 544 1
991 549 1
989 554 1
988 560 1
986 564 1
986 568 1
986 571 1
984 575 1
984 578 1
983 581 1
983 583 1
983 587 1
983 589 1
983 591 1
982 594 1
982 597 1
982 601 1
982 604 1
982 609 1
982 614 1
982 618 1
983 623 1
983 628 1
983 632 1
983 636 1
984 640 1
984 644 1
985 649 1
985 652 1
985 656 1
986 659 1
986 663 1
987 666 1
988 670 1
988 674 1
989 678 1
989 682 1
989 687 1
990 692 1
991 696 1
991 701 1
992 704 1
992 709 1
993 712 1
994 715 1
994 719 1
995 722 1
996 725 1
996 728 1
996 730 1
997 732 1
997 733 1
997 734 1
998 735 1
998 736 1
998 737 1
998 738 1
998 739 1
997 740 1
997 742 1
996 744 1
994 747 1
991 753 1
988 758 1
983 762 1
980 765 1
976 769 1
974 773 1
970 775 1
967 776 1
964 778 1
961 778 1
957 779 1
954 780 1
951 781 1
947 781 1
943 782 1
938 782 1
935 783 1
932 783 1
929 783 1
926 784 1
924 784 1
921 784 1
920 784 1
920 784 1
919 784 1
919 784 1
919 784 1
919 784 1
919 784 1
919 784 1
919 784 1
919 784 1
919 784 1
919 784 1
917 784 1
915 783 1
912 781 1
906 778 1
901 775 1
897 770 1
894 765 1
892 763 1
889 760 1
889 757 1
888 756 1
888 754 1
886 753 1
887 753 1
886 752 1
886 750 1
885 750 1
885 748 1
884 747 1
884 744 1
883 739 1
882 735 1
882 730 1
881 726 1
879 721 1
880 717 1
878 714 1
879 711 1
879 708 1
878 706 1
878 703 1
878 701 1
876 699 1
877 697 1
877 696 1
875 696 1
876 694 1
876 692 1
876 692 1
876 690 1
876 689 1
876 689 1
876 687 1
876 685 1
876 682 1
876 680 1
876 676 1
877 673 1
877 670 1
877 667 1
877 665 1
878 664 1
878 662 1
878 662 1
879 662 1
880 661 1
881 661 1
882 659 1
882 659 1
883 658 1
884 659 1
885 659 1
885 659 1
887 659 1
891 659 1
896 660 1
900 661 1
905 662 1
909 664 1
913 666 1
916 669 1
920 675 1
924 683 1
927 691 1
930 698 1
933 705 1
935 710 1
936 716 1
938 723 1
939 731 1
939 738 1
940 746 1
941 754 1
941 762 1
941 769 1
942 777 1
942 785 1
942 793 1
942 801 1
942 812 1
942 824 1
941 836 1
941 847 1
940 858 1
938 868 1
938 879 1
938 890 1
937 899 1
935 907 1
935 912 1
935 919 1
934 924 1
933 930 1
931 936 1
930 945 1
930 954 1
927 963 1
925 971 1
922 979 1
919 986 1
916 993 1
911 998 1
909 1004 1
908 1007 1
906 1010 1
906 1013 1
904 1017 1
903 1022 1
901 1028 1
898 1035 1
893 1042 1
889 1049 1
884 1057 1
880 1064 1
875 1072 1
870 1082 1
866 1092 1
861 1102 1
856 1109 1
852 1117 1
849 1123 1
848 1126 1
849 1124 0
762 469 1
762 469 1
762 469 1
762 469 1
762 469 1
762 469 1
762 469 1
762 469 1
762 469 1
762 469 1
761 469 1
761 469 1
761 470 1
760 471 1
760 474 1
759 478 1
759 481 1
759 483 1
759 486 1
758 489 1
757 491 1
757 493 1
756 495 1
754 497 1
754 499 1
754 501 1
753 503 1
753 504 1
753 505 1
753 505 1
752 506 1
752 508 1
750 512 1
751 514 1
751 517 1
751 521 1
751 524 1
751 529 1
751 533 1
751 537 1
752 542 1
752 544 1
752 547 1
753 551 1
753 555 1
754 558 1
754 559 1
754 562 1
754 564 1
755 567 1
755 568 1
755 571 1
755 572 1
755 573 1
755 573 1
755 573 1
755 574 1
755 574 1
755 575 1
755 575 1
755 575 1
755 576 1
755 576 1
755 577 1
755 579 1
754 581 1
754 584 1
753 587 1
751 591 1
752 596 1
751 600 1
751 605 1
750 611 1
750 616 1
750 622 1
750 628 1
750 632 1
751 635 1
751 640 1
751 644 1
752 649 1
752 652 1
753 655 1
753 658 1
754 660 1
754 663 1
756 666 1
756 670 1
758 675 1
759 679 1
761 685 1
762 689 1
763 694 1
765 699 1
766 704 1
768 709 1
769 715 1
771 721 1
771 727 1
773 731 1
774 737 1
776 742 1
777 746 1
779 751 1
780 755 1
781 759 1
783 762 1
783 765 1
785 768 1
785 771 1
787 773 1
788 775 1
789 777 1
790 778 1
792 780 1
792 781 1
794 782 1
796 784 1
796 785 1
798 787 1
799 788 1
800 790 1
801 793 1
803 798 1
804 803 1
805 808 1
805 811 1
806 814 1
806 817 1
806 819 1
807 821 1
807 822 1
807 823 1
807 824 1
807 825 1
807 826 1
807 827 1
807 827 1
807 829 1
805 830 1
805 830 1
804 832 1
804 833 1
802 835 1
800 836 1
797 838 1
790 841 1
783 846 1
776 850 1
768 854 1
761 857 1
753 860 1
745 863 1
738 864 1
729 865 1
721 866 1
715 866 1
708 866 1
704 864 1
700 865 1
698 865 1
695 864 1
692 862 1
686 861 1
681 858 1
674 852 1
669 846 1
663 840 1
658 834 1
652 828 1
647 822 1
643 817 1
641 813 1
638 810 1
637 808 1
637 806 1
636 806 1
636 804 1
636 804 1
636 804 1
636 804 1
636 804 1
635 803 1
635 803 1
634 801 1
633 801 1
632 800 1
632 799 1
630 797 1
631 796 1
630 796 1
630 794 1
629 794 1
629 794 1
628 792 1
628 792 1
628 791 1
628 791 1
628 791 1
628 791 1
628 791 1
628 791 1
628 791 1
628 791 1
628 791 1
628 791 1
628 791 1
628 791 1
628 791 1
628 791 1
628 789 1
626 790 1
627 789 1
627 787 1
627 787 1
628 787 1
629 785 1
631 783 1
633 781 1
636 778 1
641 775 1
646 773 1
649 771 1
652 771 1
654 771 1
656 770 1
658 770 1
659 770 1
660 770 1
661 770 1
662 771 1
663 771 1
664 772 1
665 772 1
666 772 1
667 773 1
667 774 1
668 775 1
669 775 1
670 776 1
670 777 1
671 779 1
672 780 1
673 783 1
674 788 1
675 795 1
677 802 1
677 810 1
679 818 1
680 827 1
681 834 1
682 841 1
683 846 1
684 852 1
685 858 1
686 863 1
687 868 1
688 876 1
689 883 1
691 891 1
692 901 1
694 910 1
695 919 1
697 930 1
700 943 1
703 956 1
707 965 1
709 973 1
712 980 1
713 985 1
714 990 1
714 994 1
714 997 1
714 1000 1
714 1003 1
713 1008 1
711 1014 1
711 1018 1
709 1023 1
708 1028 1
706 1035 1
702 1042 1
698 1050 1
692 1061 1
687 1071 1
681 1082 1
675 1093 1
671 1102 1
667 1111 1
658 1127 1
651 1141 1
640 1158 1
628 1177 1
614 1197 1
597 1217 1
599 1216 0
503 526 1
503 526 1
503 526 1
503 526 1
503 526 1
503 526 1
503 526 1
503 526 1
503 526 1
503 526 1
503 526 1
503 526 1
503 526 1
503 526 1
503 528 1
504 533 1
505 539 1
507 545 1
509 552 1
511 557 1
513 562 1
515 567 1
517 572 1
519 578 1
521 584 1
523 589 1
525 594 1
526 598 1
528 604 1
529 610 1
530 614 1
531 619 1
532 623 1
532 626 1
533 628 1
533 631 1
534 633 1
534 636 1
534 639 1
535 642 1
534 648 1
534 653 1
534 660 1
532 667 1
532 675 1
531 683 1
531 690 1
531 698 1
532 706 1
532 713 1
532 720 1
532 726 1
533 731 1
533 734 1
533 737 1
533 742 1
533 746 1
534 750 1
534 755 1
534 760 1
534 766 1
534 770 1
534 775 1
534 780 1
535 783 1
535 788 1
536 793 1
536 798 1
537 804 1
537 809 1
538 815 1
539 819 1
539 823 1
540 828 1
540 832 1
540 838 1
541 843 1
541 849 1
541 857 1
540 862 1
539 866 1
539 871 1
538 873 1
538 876 1
538 877 1
536 879 1
537 880 1
535 881 1
535 881 1
536 883 1
535 884 1
535 884 1
534 885 1
533 886 1
531 887 1
530 888 1
528 889 1
527 890 1
524 891 1
520 892 1
517 893 1
513 894 1
510 895 1
506 896 1
504 897 1
501 897 1
500 898 1
498 898 1
498 899 1
498 899 1
497 899 1
497 900 1
497 900 1
497 900 1
497 900 1
497 900 1
497 900 1
497 900 1
497 900 1
496 900 1
496 900 1
494 900 1
492 901 1
491 901 1
488 902 1
482 904 1
477 905 1
472 906 1
467 907 1
463 908 1
460 908 1
456 909 1
454 910 1
451 910 1
450 910 1
448 910 1
447 910 1
447 910 1
446 910 1
445 909 1
443 907 1
443 907 1
443 907 1
442 906 1
442 904 1
441 904 1
441 904 1
441 902 1
441 902 1
441 902 1
441 902 1
441 901 1
441 900 1
441 898 1
441 897 1
441 894 1
441 887 1
441 879 1
440 870 1
438 862 1
438 855 1
436 846 1
435 838 1
435 831 1
435 823 1
433 817 1
431 812 1
431 806 1
429 802 1
429 797 1
429 794 1
428 790 1
428 787 1
427 783 1
427 779 1
425 776 1
426 773 1
426 770 1
426 768 1
426 765 1
426 764 1
426 762 1
426 762 1
426 762 1
426 762 1
426 762 1
426 762 1
426 762 1
426 762 1
426 762 1
426 762 1
426 762 1
426 762 1
426 762 1
427 764 1
429 772 1
437 784 1
443 796 1
447 806 1
451 818 1
455 832 1
458 843 1
460 855 1
462 864 1
462 874 1
463 883 1
463 892 1
464 902 1
465 909 1
465 916 1
465 924 1
465 932 1
465 943 1
465 956 1
466 967 1
466 979 1
466 992 1
466 1014 1
466 1029 1
464 1040 1
464 1050 1
462 1060 1
461 1072 1
459 1083 1
456 1093 1
452 1101 1
448 1108 1
443 1114 1
439 1119 1
434 1125 1
428 1131 1
419 1140 1
409 1151 1
400 1161 1
388 1173 1
379 1182 1
383 1179 0
257 568 1
257 568 1
257 568 1
257 568 1
257 568 1
257 568 1
257 568 1
257 568 1
255 568 1
255 568 1
256 570 1
257 574 1
257 579 1
258 585 1
259 593 1
259 601 1
260 609 1
260 616 1
260 623 1
261 629 1
261 636 1
259 644 1
260 652 1
259 660 1
259 668 1
259 676 1
259 684 1
259 691 1
259 699 1
259 706 1
259 712 1
260 718 1
260 724 1
261 729 1
261 732 1
261 736 1
261 738 1
261 740 1
261 741 1
261 743 1
261 744 1
261 746 1
261 749 1
261 755 1
261 761 1
261 767 1
262 774 1
263 782 1
265 788 1
268 796 1
271 804 1
276 811 1
279 817 1
282 821 1
284 824 1
286 828 1
287 829 1
287 831 1
288 832 1
288 833 1
288 833 1
288 833 1
288 833 1
288 833 1
288 833 1
288 833 1
288 833 1
289 834 1
289 836 1
289 836 1
290 839 1
290 842 1
291 846 1
292 851 1
293 855 1
293 859 1
294 863 1
294 867 1
296 872 1
296 875 1
297 879 1
298 881 1
299 884 1
300 886 1
300 887 1
301 888 1
301 889 1
301 890 1
302 891 1
302 893 1
302 894 1
300 896 1
301 900 1
300 904 1
298 909 1
298 914 1
296 918 1
296 922 1
294 925 1
294 928 1
292 931 1
292 934 1
290 937 1
290 940 1
288 941 1
287 943 1
288 944 1
286 945 1
286 945 1
286 946 1
286 948 1
284 951 1
285 958 1
285 964 1
286 969 1
287 976 1
288 980 1
289 984 1
291 989 1
292 995 1
294 1000 1
295 1005 1
297 1008 1
298 1011 1
299 1014 1
300 1016 1
301 1018 1
302 1019 1
302 1020 1
303 1021 1
303 1022 1
304 1023 1
304 1023 1
305 1025 1
305 1026 1
306 1028 1
306 1030 1
306 1033 1
306 1038 1
306 1043 1
304 1047 1
305 1051 1
305 1054 1
304 1057 1
304 1059 1
304 1062 1
304 1064 1
303 1065 1
303 1067 1
302 1067 1
302 1069 1
301 1070 1
300 1072 1
298 1075 1
297 1080 1
297 1087 1
295 1092 1
293 1097 1
293 1100 1
291 1103 1
291 1105 1
291 1109 1
290 1110 1
289 1111 1
289 1112 1
288 1113 1
286 1114 1
286 1114 1
284 1115 1
284 1116 1
282 1116 1
282 1117 1
280 1117 1
278 1118 1
277 1118 1
275 1119 1
273 1119 1
270 1119 1
267 1119 1
264 1117 1
260 1118 1
258 1116 1
255 1117 1
252 1117 1
250 1116 1
248 1116 1
246 1115 1
246 1115 1
246 1114 1
244 1113 1
244 1113 1
242 1112 1
240 1110 1
239 1110 1
237 1108 1
236 1108 1
233 1106 1
230 1105 1
225 1103 1
220 1102 1
215 1100 1
210 1098 1
206 1097 1
203 1095 1
201 1094 1
198 1092 1
195 1092 1
193 1090 1
192 1089 1
190 1087 1
189 1087 1
187 1085 1
185 1083 1
184 1082 1
182 1080 1
181 1079 1
181 1077 1
179 1076 1
177 1074 1
177 1073 1
175 1071 1
174 1070 1
172 1068 1
172 1067 1
171 1065 1
171 1063 1
171 1063 1
171 1061 1
169 1060 1
170 1060 1
170 1059 1
171 1057 1
171 1057 1
171 1057 1
171 1055 1
171 1055 1
172 1054 1
172 1052 1
172 1052 1
172 1051 1
173 1049 1
173 1049 1
173 1047 1
174 1047 1
174 1045 1
174 1045 1
175 1043 1
175 1043 1
175 1041 1
176 1039 1
176 1038 1
176 1036 1
177 1035 1
178 1032 1
178 1028 1
179 1023 1
180 1017 1
181 1009 1
181 1001 1
182 993 1
183 984 1
183 977 1
183 971 1
183 966 1
181 963 1
182 960 1
182 957 1
182 955 1
182 952 1
182 951 1
182 949 1
182 947 1
182 947 1
182 945 1
182 945 1
182 943 1
182 943 1
182 941 1
182 940 1
182 940 1
182 938 1
183 936 1
183 934 1
183 933 1
183 933 1
183 933 1
183 932 1
183 932 1
183 932 1
183 932 1
183 932 1
183 932 1
183 932 1
183 932 1
183 932 1
184 933 1
184 934 1
185 935 1
186 936 1
186 936 1
186 938 1
187 938 1
187 939 1
188 940 1
188 941 1
189 942 1
190 944 1
191 947 1
192 954 1
194 960 1
195 966 1
197 971 1
198 975 1
200 981 1
203 987 1
211 1000 1
219 1012 1
226 1024 1
230 1034 1
235 1042 1
239 1050 1
244 1060 1
248 1070 1
251 1079 1
254 1087 1
256 1095 1
259 1103 1
260 1109 1
261 1114 1
262 1119 1
263 1125 1
263 1130 1
264 1138 1
265 1152 1
266 1166 1
267 1177 1
268 1187 1
268 1199 1
266 1220 1
266 1236 1
264 1251 1
262 1264 1
260 1282 1
253 1298 1
246 1315 1
240 1332 1
231 1348 1
224 1366 1
216 1384 1
207 1399 1
198 1414 1
188 1429 1
177 1444 1
163 1465 1
155 1475 1
161 1468 0
