94 1549 1
94 1549 1
94 1549 1
94 1549 1
94 1549 1
94 1549 1
94 1549 1
94 1549 1
94 1549 1
94 1549 1
94 1549 1
94 1549 1
94 1549 1
94 1549 1
94 1549 1
92 1547 1
92 1547 1
91 1544 1
91 1540 1
91 1534 1
91 1527 1
92 1518 1
93 1509 1
94 1498 1
96 1488 1
97 1477 1
99 1465 1
100 1453 1
101 1439 1
102 1427 1
103 1418 1
104 1408 1
105 1400 1
106 1392 1
107 1383 1
108 1371 1
108 1361 1
109 1351 1
110 1340 1
111 1330 1
112 1320 1
113 1309 1
114 1299 1
116 1290 1
117 1281 1
118 1271 1
119 1260 1
120 1249 1
121 1238 1
121 1228 1
122 1218 1
122 1208 1
123 1200 1
124 1192 1
125 1186 1
125 1181 1
126 1176 1
127 1171 1
127 1167 1
128 1163 1
128 1159 1
129 1155 1
129 1151 1
130 1147 1
130 1143 1
131 1138 1
131 1134 1
131 1129 1
132 1124 1
132 1120 1
132 1115 1
133 1111 1
133 1106 1
134 1101 1
135 1097 1
135 1091 1
136 1085 1
137 1081 1
138 1075 1
140 1069 1
140 1064 1
142 1059 1
142 1054 1
144 1048 1
147 1042 1
150 1034 1
155 1027 1
160 1020 1
163 1011 1
168 1003 1
171 994 1
174 987 1
177 979 1
179 973 1
181 966 1
182 961 1
183 955 1
184 949 1
185 942 1
186 936 1
187 929 1
187 923 1
188 915 1
189 908 1
189 903 1
190 896 1
190 891 1
191 885 1
191 880 1
191 875 1
191 870 1
191 865 1
190 860 1
190 854 1
189 850 1
189 845 1
188 840 1
187 836 1
185 832 1
184 827 1
184 824 1
182 820 1
180 816 1
179 812 1
177 808 1
174 805 1
169 802 1
164 798 1
161 796 1
157 794 1
155 794 1
152 792 1
151 793 1
149 791 1
149 792 1
147 792 1
147 792 1
146 792 1
146 792 1
146 792 1
147 793 1
145 793 1
142 795 1
137 797 1
133 801 1
127 808 1
122 814 1
119 820 1
114 826 1
111 833 1
106 841 1
103 848 1
100 856 1
97 865 1
95 874 1
93 883 1
92 893 1
92 905 1
91 925 1
91 936 1
91 944 1
91 952 1
91 959 1
91 979 1
93 993 1
94 1006 1
96 1018 1
97 1025 1
99 1032 1
100 1037 1
101 1042 1
101 1045 1
102 1050 1
103 1055 1
103 1059 1
104 1064 1
104 1069 1
105 1075 1
105 1082 1
106 1090 1
107 1097 1
108 1102 1
108 1106 1
109 1109 1
109 1113 1
109 1116 1
110 1122 1
111 1130 1
112 1138 1
113 1145 1
114 1154 1
115 1162 1
116 1171 1
117 1178 1
119 1187 1
120 1194 1
122 1202 1
124 1210 1
125 1217 1
127 1224 1
128 1231 1
130 1239 1
132 1245 1
135 1252 1
138 1259 1
141 1265 1
144 1274 1
147 1283 1
151 1296 1
154 1306 1
157 1316 1
158 1325 1
160 1335 1
161 1346 1
163 1355 1
164 1366 1
166 1376 1
167 1384 1
169 1390 1
171 1398 1
172 1403 1
174 1408 1
175 1412 1
177 1416 1
179 1419 1
181 1422 1
182 1424 1
184 1429 1
186 1431 1
189 1436 1
191 1440 1
193 1443 1
195 1446 1
196 1449 1
198 1452 1
199 1455 1
200 1457 1
201 1459 1
203 1461 1
203 1463 1
205 1465 1
206 1467 1
207 1468 1
209 1470 1
210 1471 1
211 1473 1
212 1475 1
213 1477 1
215 1479 1
217 1482 1
221 1488 1
224 1493 1
227 1498 1
229 1503 1
231 1506 1
232 1509 1
234 1511 1
235 1513 1
236 1514 1
237 1515 1
237 1515 1
237 1515 1
237 1515 1
238 1515 1
239 1514 1
242 1512 1
248 1508 1
255 1502 1
265 1493 1
272 1486 1
278 1478 1
282 1473 1
286 1467 1
289 1461 1
292 1455 1
293 1448 1
294 1441 1
294 1433 1
294 1423 1
293 1413 1
293 1404 1
292 1396 1
290 1389 1
288 1380 1
285 1370 1
281 1359 1
277 1348 1
273 1339 1
270 1330 1
267 1320 1
265 1310 1
262 1300 1
261 1287 1
260 1274 1
260 1263 1
260 1251 1
261 1238 1
262 1225 1
264 1214 1
265 1203 1
266 1195 1
267 1185 1
268 1176 1
269 1166 1
270 1155 1
270 1146 1
271 1138 1
272 1129 1
273 1119 1
275 1109 1
276 1102 1
278 1094 1
279 1088 1
280 1082 1
282 1074 1
284 1065 1
287 1056 1
288 1048 1
290 1041 1
292 1032 1
294 1021 1
296 1007 1
298 994 1
299 984 1
300 977 1
301 971 1
302 963 1
303 956 1
304 949 1
304 943 1
305 938 1
305 935 1
305 932 1
305 929 1
305 924 1
306 919 1
306 915 1
306 911 1
306 908 1
304 905 1
305 902 1
304 899 1
302 896 1
302 892 1
299 888 1
297 884 1
295 881 1
293 877 1
290 874 1
286 869 1
283 866 1
279 861 1
277 859 1
275 857 1
273 857 1
271 855 1
270 856 1
267 856 1
266 856 1
264 857 1
263 858 1
261 860 1
258 864 1
255 869 1
248 878 1
242 887 1
235 897 1
230 907 1
224 918 1
219 930 1
216 942 1
213 953 1
210 964 1
208 974 1
206 982 1
204 992 1
204 1002 1
202 1014 1
203 1026 1
203 1036 1
203 1043 1
203 1051 1
203 1057 1
204 1063 1
204 1072 1
205 1081 1
207 1092 1
208 1102 1
210 1111 1
211 1121 1
213 1132 1
215 1145 1
218 1161 1
221 1173 1
224 1186 1
226 1196 1
228 1206 1
231 1218 1
233 1229 1
236 1240 1
238 1250 1
240 1261 1
243 1272 1
246 1286 1
250 1299 1
253 1312 1
257 1325 1
261 1338 1
264 1352 1
267 1365 1
269 1378 1
271 1389 1
273 1398 1
275 1408 1
278 1418 1
282 1430 1
285 1439 1
289 1449 1
292 1457 1
295 1464 1
298 1471 1
301 1477 1
303 1483 1
305 1488 1
308 1492 1
310 1498 1
313 1501 1
316 1506 1
319 1509 1
321 1511 1
323 1514 1
324 1515 1
326 1516 1
327 1516 1
329 1515 1
331 1516 1
334 1514 1
338 1512 1
341 1511 1
344 1508 1
349 1503 1
352 1495 1
356 1488 1
359 1481 1
361 1475 1
363 1470 1
364 1464 1
364 1456 1
364 1446 1
363 1436 1
361 1427 1
361 1419 1
359 1412 1
359 1407 1
359 1403 1
357 1396 1
355 1388 1
353 1378 1
352 1370 1
349 1358 1
348 1347 1
348 1336 1
346 1325 1
346 1311 1
346 1297 1
346 1283 1
347 1271 1
348 1258 1
351 1245 1
355 1231 1
359 1217 1
362 1204 1
365 1191 1
368 1179 1
370 1168 1
372 1157 1
374 1147 1
375 1136 1
377 1127 1
379 1120 1
380 1114 1
382 1108 1
382 1104 1
384 1099 1
386 1093 1
388 1085 1
391 1079 1
394 1073 1
397 1066 1
400 1060 1
402 1051 1
405 1042 1
408 1032 1
410 1024 1
412 1013 1
416 1000 1
421 983 1
426 966 1
429 953 1
431 944 1
433 938 1
434 934 1
435 928 1
436 921 1
437 916 1
438 911 1
438 908 1
439 906 1
439 904 1
440 901 1
440 898 1
440 895 1
441 892 1
441 890 1
441 887 1
441 885 1
441 883 1
441 883 1
441 883 1
441 883 1
441 882 1
440 879 1
438 877 1
436 873 1
434 868 1
431 866 1
428 861 1
425 859 1
422 857 1
420 855 1
419 855 1
417 853 1
417 853 1
416 854 1
416 854 1
415 854 1
414 855 1
411 858 1
405 863 1
401 867 1
394 875 1
386 883 1
380 893 1
374 902 1
367 911 1
362 920 1
356 930 1
352 941 1
347 953 1
343 964 1
341 974 1
338 983 1
336 992 1
334 1003 1
333 1013 1
331 1024 1
331 1034 1
331 1044 1
330 1053 1
330 1064 1
330 1075 1
330 1088 1
330 1100 1
330 1111 1
331 1122 1
331 1134 1
332 1145 1
333 1157 1
333 1168 1
333 1178 1
334 1188 1
334 1197 1
334 1206 1
334 1216 1
335 1224 1
336 1233 1
336 1243 1
338 1252 1
338 1260 1
340 1271 1
341 1282 1
343 1295 1
345 1309 1
347 1321 1
350 1333 1
354 1345 1
359 1357 1
362 1369 1
367 1381 1
370 1391 1
373 1399 1
376 1408 1
379 1416 1
382 1422 1
385 1430 1
388 1437 1
389 1444 1
391 1450 1
392 1455 1
394 1460 1
396 1464 1
397 1468 1
398 1472 1
399 1475 1
401 1478 1
402 1480 1
403 1482 1
404 1483 1
405 1485 1
407 1486 1
409 1486 1
414 1486 1
419 1482 1
424 1479 1
430 1475 1
433 1472 1
436 1467 1
438 1461 1
440 1457 1
442 1451 1
443 1445 1
444 1439 1
444 1434 1
444 1427 1
445 1421 1
445 1415 1
446 1411 1
446 1407 1
446 1402 1
446 1399 1
447 1394 1
448 1387 1
449 1382 1
450 1376 1
451 1369 1
453 1361 1
454 1351 1
456 1343 1
457 1335 1
458 1329 1
458 1323 1
459 1317 1
461 1308 1
463 1299 1
465 1291 1
466 1283 1
468 1277 1
469 1270 1
470 1266 1
471 1259 1
473 1251 1
474 1243 1
476 1234 1
477 1224 1
479 1214 1
482 1204 1
485 1193 1
488 1181 1
491 1168 1
494 1156 1
497 1146 1
500 1136 1
503 1126 1
505 1117 1
507 1109 1
508 1102 1
509 1094 1
510 1086 1
511 1078 1
511 1070 1
512 1062 1
513 1055 1
516 1047 1
517 1040 1
519 1032 1
522 1022 1
524 1012 1
527 1003 1
529 992 1
532 981 1
536 968 1
539 952 1
542 939 1
544 928 1
545 920 1
547 914 1
548 904 1
549 895 1
550 884 1
550 875 1
550 868 1
550 862 1
548 859 1
548 855 1
548 852 1
546 849 1
546 846 1
544 844 1
544 842 1
541 840 1
539 840 1
537 840 1
536 840 1
533 840 1
530 841 1
527 844 1
520 848 1
514 853 1
505 859 1
497 867 1
489 874 1
483 880 1
476 887 1
470 894 1
465 901 1
459 909 1
455 917 1
449 926 1
444 937 1
440 950 1
435 962 1
433 971 1
430 981 1
427 990 1
426 1001 1
424 1012 1
424 1024 1
422 1036 1
422 1045 1
420 1055 1
420 1063 1
418 1074 1
417 1084 1
418 1095 1
416 1104 1
417 1113 1
417 1121 1
417 1129 1
417 1136 1
417 1147 1
417 1158 1
417 1168 1
417 1177 1
418 1185 1
418 1194 1
418 1204 1
419 1216 1
419 1226 1
419 1239 1
420 1249 1
420 1258 1
420 1268 1
419 1277 1
419 1287 1
419 1297 1
420 1306 1
420 1315 1
420 1321 1
421 1329 1
421 1336 1
423 1342 1
423 1347 1
425 1353 1
427 1358 1
428 1363 1
430 1368 1
430 1373 1
432 1377 1
434 1383 1
437 1389 1
441 1396 1
444 1404 1
447 1410 1
451 1420 1
454 1427 1
458 1435 1
461 1442 1
463 1449 1
466 1456 1
469 1463 1
472 1469 1
476 1474 1
479 1479 1
483 1483 1
484 1485 1
486 1488 1
487 1489 1
488 1490 1
489 1490 1
491 1492 1
495 1492 1
498 1494 1
503 1495 1
506 1495 1
510 1495 1
513 1495 1
516 1493 1
520 1493 1
524 1490 1
527 1489 1
530 1487 1
532 1486 1
536 1484 1
537 1481 1
539 1478 1
541 1472 1
544 1464 1
546 1454 1
548 1444 1
550 1433 1
551 1424 1
552 1415 1
552 1408 1
552 1403 1
552 1397 1
552 1391 1
552 1383 1
552 1373 1
552 1362 1
552 1352 1
552 1342 1
553 1335 1
553 1327 1
554 1319 1
554 1311 1
555 1303 1
555 1296 1
557 1288 1
557 1281 1
559 1274 1
561 1262 1
563 1250 1
564 1239 1
566 1227 1
568 1215 1
570 1204 1
572 1194 1
573 1188 1
574 1183 1
574 1179 1
576 1173 1
579 1163 1
584 1154 1
587 1144 1
590 1139 1
591 1132 1
594 1124 1
597 1113 1
602 1100 1
606 1087 1
609 1075 1
612 1065 1
614 1056 1
617 1047 1
620 1037 1
622 1028 1
625 1020 1
626 1012 1
629 1001 1
633 991 1
636 980 1
640 971 1
642 963 1
645 955 1
648 946 1
653 936 1
658 925 1
662 916 1
664 909 1
666 903 1
667 899 1
669 894 1
669 887 1
669 880 1
669 874 1
667 869 1
667 865 1
667 862 1
664 858 1
663 855 1
661 853 1
660 852 1
657 850 1
656 851 1
653 851 1
651 851 1
649 853 1
647 855 1
643 858 1
639 861 1
635 864 1
629 870 1
623 875 1
617 883 1
608 891 1
600 900 1
591 909 1
583 918 1
575 932 1
568 945 1
562 958 1
558 970 1
553 983 1
549 995 1
546 1006 1
543 1019 1
540 1030 1
538 1042 1
536 1053 1
534 1064 1
533 1076 1
531 1090 1
531 1103 1
529 1115 1
528 1127 1
526 1139 1
526 1151 1
524 1163 1
523 1175 1
523 1186 1
520 1196 1
519 1207 1
517 1217 1
517 1228 1
517 1237 1
516 1244 1
517 1250 1
517 1255 1
518 1260 1
519 1264 1
520 1269 1
522 1274 1
522 1280 1
523 1288 1
524 1297 1
525 1307 1
526 1319 1
527 1331 1
528 1341 1
530 1350 1
532 1360 1
533 1368 1
535 1377 1
536 1384 1
537 1390 1
538 1396 1
539 1401 1
540 1408 1
541 1416 1
542 1423 1
543 1431 1
544 1439 1
545 1445 1
546 1450 1
547 1454 1
548 1458 1
549 1462 1
550 1464 1
550 1467 1
551 1469 1
552 1471 1
553 1472 1
554 1474 1
555 1474 1
558 1476 1
562 1476 1
566 1478 1
571 1478 1
576 1478 1
583 1477 1
590 1477 1
600 1473 1
608 1472 1
613 1470 1
618 1470 1
620 1468 1
622 1467 1
624 1467 1
625 1465 1
627 1463 1
628 1461 1
630 1459 1
632 1457 1
633 1455 1
636 1452 1
638 1449 1
641 1445 1
644 1440 1
646 1434 1
649 1428 1
651 1422 1
653 1415 1
655 1409 1
658 1402 1
659 1398 1
660 1393 1
662 1386 1
664 1377 1
665 1366 1
667 1355 1
668 1346 1
669 1338 1
670 1329 1
671 1320 1
673 1310 1
675 1300 1
677 1290 1
678 1285 1
680 1278 1
681 1274 1
682 1268 1
684 1259 1
686 1250 1
688 1236 1
690 1224 1
692 1213 1
693 1198 1
696 1182 1
697 1164 1
700 1148 1
701 1138 1
703 1128 1
705 1119 1
708 1111 1
711 1101 1
712 1094 1
715 1086 1
718 1075 1
722 1064 1
727 1054 1
732 1044 1
733 1039 1
735 1034 1
737 1031 1
741 1025 1
746 1016 1
750 1009 1
754 1001 1
757 995 1
761 990 1
764 982 1
768 975 1
772 965 1
777 957 1
780 949 1
784 942 1
788 934 1
790 928 1
793 921 1
794 913 1
796 905 1
797 897 1
799 890 1
799 885 1
800 880 1
799 875 1
799 869 1
796 863 1
797 859 1
794 855 1
793 853 1
793 851 1
791 851 1
789 849 1
788 850 1
785 850 1
784 850 1
782 851 1
780 852 1
778 853 1
775 855 1
771 859 1
765 863 1
758 870 1
751 877 1
740 887 1
731 896 1
721 906 1
712 916 1
703 925 1
696 935 1
689 947 1
682 959 1
676 971 1
670 983 1
664 998 1
657 1016 1
650 1035 1
643 1054 1
638 1072 1
632 1088 1
627 1104 1
621 1120 1
615 1137 1
609 1154 1
606 1172 1
603 1189 1
602 1203 1
600 1217 1
598 1234 1
597 1248 1
595 1263 1
594 1278 1
594 1292 1
594 1305 1
594 1317 1
595 1329 1
596 1343 1
598 1358 1
599 1374 1
600 1389 1
601 1401 1
602 1412 1
603 1420 1
604 1427 1
605 1433 1
608 1439 1
611 1447 1
616 1455 1
621 1463 1
627 1471 1
633 1479 1
641 1487 1
647 1495 1
654 1504 1
659 1513 1
664 1520 1
669 1526 1
674 1532 1
679 1537 1
685 1542 1
692 1545 1
698 1548 1
704 1549 1
708 1550 1
714 1548 1
721 1545 1
730 1540 1
739 1535 1
746 1530 1
750 1526 1
754 1522 1
758 1518 1
761 1512 1
765 1503 1
767 1493 1
769 1484 1
770 1476 1
770 1467 1
769 1454 1
766 1440 1
763 1425 1
760 1411 1
757 1400 1
754 1390 1
752 1379 1
750 1366 1
750 1357 1
748 1349 1
749 1341 1
749 1335 1
750 1327 1
752 1317 1
754 1307 1
756 1298 1
759 1290 1
762 1279 1
767 1266 1
772 1250 1
780 1233 1
785 1218 1
789 1206 1
791 1195 1
793 1184 1
796 1172 1
798 1157 1
801 1144 1
803 1132 1
805 1121 1
809 1111 1
814 1099 1
819 1087 1
823 1075 1
828 1063 1
833 1052 1
839 1040 1
847 1024 1
855 1007 1
861 993 1
866 983 1
869 976 1
873 967 1
877 958 1
880 949 1
883 941 1
884 935 1
886 930 1
886 927 1
886 924 1
885 921 1
885 919 1
884 916 1
882 914 1
882 912 1
881 911 1
881 911 1
881 911 1
881 911 1
881 911 1
881 911 1
881 911 1
878 911 1
874 913 1
866 916 1
858 924 1
846 933 1
834 943 1
822 955 1
810 969 1
800 982 1
791 995 1
784 1009 1
778 1025 1
773 1040 1
767 1055 1
762 1074 1
758 1094 1
754 1115 1
751 1135 1
748 1156 1
747 1175 1
745 1193 1
744 1212 1
742 1231 1
741 1247 1
739 1261 1
737 1274 1
736 1287 1
734 1301 1
733 1317 1
730 1334 1
730 1352 1
730 1373 1
730 1389 1
732 1404 1
733 1421 1
735 1436 1
738 1450 1
740 1461 1
743 1472 1
746 1481 1
750 1490 1
755 1498 1
758 1506 1
761 1510 1
765 1515 1
768 1518 1
771 1520 1
775 1521 1
780 1520 1
786 1518 1
795 1515 1
804 1512 1
811 1508 1
819 1505 1
824 1501 1
829 1498 1
833 1494 1
836 1490 1
839 1484 1
841 1478 1
844 1470 1
846 1457 1
848 1440 1
848 1422 1
846 1407 1
845 1391 1
844 1376 1
842 1363 1
842 1352 1
842 1343 1
842 1335 1
842 1328 1
843 1321 1
845 1313 1
848 1305 1
853 1293 1
858 1280 1
866 1264 1
874 1248 1
885 1231 1
893 1214 1
900 1197 1
907 1181 1
915 1161 1
924 1142 1
930 1125 1
935 1110 1
938 1096 1
940 1083 1
942 1069 1
944 1055 1
946 1043 1
948 1028 1
949 1016 1
950 1003 1
953 986 1
958 962 1
962 941 1
965 922 1
966 909 1
966 902 1
966 898 1
964 895 1
964 895 1
965 895 1
965 895 1
965 895 1
965 895 1
965 895 1
965 895 1
964 895 1
962 897 1
959 900 1
955 906 1
946 914 1
939 924 1
928 936 1
919 950 1
909 964 1
902 976 1
895 988 1
888 1003 1
882 1017 1
875 1031 1
871 1045 1
865 1058 1
862 1074 1
858 1092 1
855 1111 1
852 1131 1
850 1152 1
848 1173 1
848 1192 1
849 1210 1
853 1230 1
858 1249 1
865 1267 1
874 1285 1
883 1303 1
892 1321 1
900 1334 1
909 1348 1
918 1360 1
928 1372 1
939 1385 1
951 1397 1
966 1408 1
982 1420 1
998 1433 1
1006 1439 1
1002 1436 0
