589 1023 1
584 1026 1
572 1039 1
557 1054 1
540 1067 1
526 1077 1
512 1085 1
501 1090 1
490 1093 1
482 1095 1
474 1093 1
465 1088 1
457 1076 1
449 1047 1
448 963 1
478 889 1
513 825 1
553 778 1
592 740 1
636 709 1
672 689 1
704 678 1
726 674 1
745 675 1
760 683 1
771 703 1
777 733 1
771 778 1
752 839 1
722 902 1
680 973 1
632 1046 1
570 1131 1
509 1203 1
456 1258 1
418 1296 1
386 1320 1
363 1336 1
354 1338 1
346 1336 1
341 1325 1
339 1262 1
345 1171 1
363 1081 1
387 999 1
423 930 1
472 857 1
529 784 1
584 727 1
631 685 1
673 659 1
702 652 1
731 649 1
750 652 1
763 657 1
773 667 1
777 686 1
775 715 1
768 753 1
746 807 1
720 864 1
680 931 1
628 1011 1
571 1089 1
508 1165 1
454 1226 1
407 1269 1
370 1301 1
344 1321 1
333 1326 1
326 1330 1
323 1325 1
322 1303 1
325 1248 1
338 1151 1
363 1024 1
391 932 1
426 861 1
468 798 1
512 753 1
557 715 1
597 687 1
631 676 1
661 671 1
685 672 1
705 676 1
721 684 1
729 696 1
735 711 1
732 737 1
721 776 1
697 828 1
654 901 1
603 979 1
547 1063 1
491 1147 1
442 1223 1
402 1279 1
368 1323 1
344 1350 1
328 1360 1
321 1365 1
315 1356 1
310 1325 1
304 1252 1
313 1132 1
330 1029 1
353 947 1
378 903 1
413 854 1
456 808 1
499 770 1
549 734 1
595 713 1
635 698 1
668 692 1
698 690 1
721 691 1
738 696 1
751 703 1
758 719 1
760 746 1
751 787 1
727 853 1
693 925 1
644 1007 1
581 1094 1
523 1168 1
483 1215 1
449 1255 1
426 1279 1
411 1291 1
402 1297 1
397 1295 1
394 1283 1
392 1250 1
402 1150 1
423 1026 1
450 917 1
478 840 1
507 789 1
539 759 1
582 729 1
631 700 1
682 675 1
721 659 1
749 651 1
772 649 1
787 651 1
797 657 1
803 665 1
806 681 1
798 713 1
783 753 1
752 814 1
718 878 1
675 948 1
628 1015 1
572 1088 1
517 1149 1
471 1195 1
427 1233 1
398 1257 1
376 1273 1
357 1281 1
348 1280 1
339 1271 1
332 1247 1
329 1172 1
334 1076 1
352 972 1
376 889 1
408 826 1
446 776 1
488 734 1
529 707 1
571 683 1
611 671 1
649 664 1
687 662 1
715 665 1
739 669 1
761 674 1
772 683 1
784 695 1
789 710 1
787 732 1
779 761 1
756 809 1
726 864 1
696 919 1
660 977 1
625 1036 1
595 1085 1
555 1151 1
524 1205 1
493 1251 1
463 1285 1
437 1302 1
415 1314 1
397 1319 1
386 1319 1
373 1314 1
361 1299 1
347 1267 1
334 1211 1
328 1142 1
329 1082 1
336 1040 1
352 1003 1
377 960 1
419 904 1
466 850 1
512 804 1
555 769 1
592 746 1
637 723 1
673 704 1
704 687 1
728 675 1
750 667 1
766 665 1
781 665 1
791 668 1
799 676 1
804 691 1
802 714 1
790 749 1
769 801 1
744 852 1
717 905 1
678 976 1
636 1046 1
586 1121 1
543 1184 1
502 1242 1
466 1287 1
436 1317 1
408 1339 1
389 1344 1
372 1343 1
356 1330 1
341 1303 1
326 1255 1
316 1186 1
309 1122 1
310 1050 1
321 998 1
335 952 1
359 896 1
394 845 1
438 789 1
484 748 1
536 711 1
587 685 1
639 665 1
685 651 1
730 639 1
765 632 1
792 633 1
807 638 1
819 647 1
827 662 1
828 690 1
824 729 1
810 775 1
791 827 1
766 885 1
735 948 1
701 1012 1
660 1078 1
616 1130 1
564 1191 1
524 1237 1
485 1277 1
448 1310 1
419 1330 1
395 1342 1
380 1346 1
364 1341 1
350 1330 1
338 1303 1
326 1256 1
316 1163 1
314 1074 1
316 1000 1
325 956 1
336 918 1
356 877 1
386 832 1
420 786 1
455 747 1
489 713 1
523 688 1
558 671 1
598 654 1
645 641 1
690 629 1
731 620 1
757 619 1
782 621 1
799 625 1
810 636 1
818 651 1
822 679 1
821 714 1
811 764 1
794 813 1
769 873 1
741 929 1
706 998 1
670 1062 1
628 1128 1
585 1188 1
544 1238 1
504 1271 1
462 1300 1
430 1319 1
401 1330 1
377 1336 1
354 1332 1
334 1325 1
311 1308 1
284 1278 1
256 1236 1
236 1190 1
218 1132 1
207 1078 1
208 1032 1
211 990 1
221 942 1
233 901 1
250 867 1
278 823 1
310 779 1
353 726 1
398 678 1
433 643 1
462 621 1
487 604 1
513 590 1
538 579 1
563 570 1
587 564 1
621 560 1
651 557 1
678 558 1
703 558 1
730 561 1
752 566 1
771 572 1
789 582 1
805 597 1
818 612 1
826 637 1
832 665 1
832 702 1
823 749 1
808 797 1
786 846 1
762 895 1
731 952 1
700 1003 1
665 1055 1
626 1105 1
586 1156 1
545 1208 1
515 1246 1
482 1284 1
449 1320 1
422 1345 1
392 1369 1
375 1382 1
357 1393 1
339 1400 1
321 1398 1
303 1389 1
283 1359 1
267 1310 1
260 1238 1
268 1159 1
281 1084 1
301 1018 1
325 971 1
351 925 1
393 871 1
438 820 1
479 776 1
513 750 1
548 728 1
585 717 1
619 706 1
654 695 1
674 690 1
693 686 1
706 684 1
713 686 1
716 691 1
714 703 1
709 722 1
698 753 1
676 798 1
652 846 1
630 887 1
605 932 1
588 966 1
570 1004 1
555 1034 1
541 1066 1
532 1087 1
520 1113 1
507 1138 1
492 1167 1
474 1195 1
450 1224 1
425 1246 1
399 1261 1
375 1263 1
351 1258 1
329 1237 1
308 1205 1
288 1162 1
278 1117 1
274 1066 1
278 1025 1
286 983 1
302 941 1
323 901 1
350 860 1
384 820 1
430 783 1
484 745 1
537 713 1
584 687 1
624 670 1
661 659 1
687 653 1
707 650 1
721 648 1
733 649 1
739 650 1
745 655 1
748 665 1
751 681 1
751 703 1
745 737 1
734 772 1
722 808 1
701 862 1
684 916 1
665 966 1
641 1018 1
609 1075 1
572 1134 1
536 1187 1
502 1229 1
466 1267 1
432 1294 1
404 1311 1
375 1323 1
356 1324 1
340 1320 1
323 1311 1
305 1287 1
286 1249 1
272 1197 1
264 1145 1
264 1099 1
273 1060 1
289 1018 1
311 975 1
342 919 1
376 862 1
412 816 1
445 777 1
476 748 1
512 721 1
547 698 1
589 675 1
629 653 1
664 635 1
691 622 1
714 613 1
736 607 1
751 606 1
765 607 1
776 613 1
785 623 1
793 641 1
799 674 1
800 713 1
795 751 1
789 784 1
780 819 1
765 854 1
749 891 1
732 931 1
715 964 1
698 998 1
680 1030 1
647 1079 1
599 1136 1
547 1188 1
497 1229 1
453 1259 1
407 1284 1
369 1302 1
343 1312 1
320 1317 1
303 1318 1
289 1310 1
276 1296 1
265 1269 1
256 1231 1
250 1178 1
253 1120 1
266 1049 1
281 986 1
309 915 1
338 857 1
372 808 1
405 765 1
438 727 1
468 698 1
499 674 1
528 654 1
556 638 1
581 626 1
599 618 1
618 612 1
638 607 1
654 606 1
671 607 1
687 610 1
705 616 1
721 624 1
736 634 1
751 649 1
763 665 1
773 688 1
781 715 1
784 745 1
783 780 1
779 820 1
765 862 1
748 906 1
728 950 1
705 996 1
678 1038 1
650 1075 1
613 1115 1
572 1153 1
531 1184 1
494 1214 1
455 1243 1
415 1269 1
387 1285 1
363 1294 1
345 1299 1
332 1300 1
319 1297 1
307 1291 1
295 1278 1
279 1251 1
265 1218 1
255 1175 1
249 1136 1
248 1086 1
258 1019 1
276 946 1
298 887 1
320 840 1
345 802 1
382 764 1
419 726 1
454 695 1
489 670 1
523 650 1
548 638 1
573 629 1
596 622 1
616 619 1
638 617 1
660 618 1
684 619 1
705 620 1
721 621 1
736 623 1
752 623 1
762 623 1
774 624 1
781 625 1
789 628 1
796 639 1
797 663 1
795 699 1
790 739 1
779 793 1
768 841 1
753 890 1
737 935 1
717 988 1
696 1027 1
674 1063 1
648 1096 1
618 1133 1
585 1170 1
555 1200 1
518 1233 1
484 1260 1
449 1284 1
416 1304 1
391 1315 1
368 1321 1
344 1320 1
321 1310 1
297 1292 1
275 1262 1
255 1222 1
237 1168 1
232 1109 1
234 1050 1
249 992 1
271 937 1
298 888 1
328 853 1
366 814 1
405 783 1
443 756 1
485 728 1
526 702 1
559 682 1
588 666 1
610 655 1
631 645 1
652 636 1
675 628 1
696 619 1
714 615 1
729 612 1
744 611 1
757 615 1
770 624 1
781 639 1
787 664 1
785 707 1
774 756 1
754 812 1
725 874 1
695 930 1
666 980 1
643 1016 1
622 1049 1
603 1075 1
581 1104 1
558 1136 1
531 1172 1
498 1213 1
459 1251 1
417 1281 1
372 1309 1
344 1320 1
317 1326 1
296 1323 1
279 1305 1
265 1276 1
254 1234 1
248 1193 1
248 1144 1
256 1099 1
270 1048 1
293 986 1
320 936 1
348 888 1
381 845 1
416 805 1
453 762 1
489 721 1
524 685 1
558 658 1
590 638 1
617 627 1
637 627 1
655 632 1
668 644 1
680 662 1
690 678 1
697 693 1
702 709 1
707 729 1
707 752 1
705 779 1
699 810 1
687 841 1
672 878 1
649 919 1
622 964 1
591 1010 1
553 1060 1
509 1109 1
469 1150 1
428 1189 1
396 1214 1
378 1224 1
361 1233 1
350 1234 1
340 1231 1
332 1226 1
324 1210 1
317 1186 1
313 1157 1
318 1114 1
329 1069 1
357 1008 1
389 947 1
424 892 1
466 840 1
500 801 1
525 777 1
549 757 1
577 736 1
598 719 1
618 702 1
633 688 1
648 679 1
662 672 1
676 668 1
694 664 1
715 662 1
730 664 1
746 668 1
756 677 1
767 691 1
776 712 1
781 737 1
782 761 1
777 789 1
766 817 1
750 849 1
726 887 1
698 930 1
667 973 1
641 1004 1
614 1036 1
587 1067 1
557 1102 1
530 1132 1
506 1158 1
486 1179 1
469 1193 1
452 1199 1
434 1198 1
416 1188 1
397 1167 1
380 1138 1
370 1107 1
365 1074 1
365 1046 1
369 1017 1
378 985 1
388 955 1
402 926 1
420 895 1
444 862 1
472 824 1
497 794 1
526 766 1
555 741 1
580 720 1
603 703 1
630 684 1
652 672 1
676 660 1
695 652 1
710 647 1
721 646 1
728 648 1
735 651 1
739 655 1
746 668 1
753 684 1
758 709 1
759 739 1
757 773 1
744 815 1
724 866 1
689 927 1
647 986 1
599 1039 1
558 1075 1
516 1111 1
485 1135 1
462 1151 1
444 1163 1
432 1170 1
422 1174 1
412 1175 1
402 1174 1
392 1170 1
380 1158 1
368 1139 1
359 1105 1
360 1061 1
371 1004 1
394 941 1
436 860 1
478 788 1
514 738 1
547 698 1
577 672 1
603 655 1
633 636 1
662 622 1
695 607 1
730 594 1
765 586 1
791 583 1
810 584 1
824 587 1
834 594 1
838 608 1
839 629 1
831 663 1
814 709 1
794 751 1
776 788 1
756 824 1
733 862 1
705 901 1
672 942 1
633 984 1
589 1030 1
542 1078 1
502 1120 1
463 1160 1
426 1193 1
405 1206 1
382 1217 1
372 1219 1
359 1216 1
345 1206 1
330 1182 1
314 1152 1
305 1112 1
301 1066 1
304 1008 1
323 938 1
343 877 1
371 826 1
403 782 1
441 743 1
480 714 1
521 690 1
578 663 1
627 645 1
674 628 1
709 617 1
735 612 1
753 611 1
763 613 1
772 618 1
779 626 1
787 641 1
794 664 1
799 697 1
801 735 1
800 774 1
794 811 1
785 849 1
772 889 1
746 935 1
716 981 1
676 1026 1
624 1078 1
570 1125 1
524 1160 1
482 1189 1
452 1206 1
428 1213 1
411 1214 1
397 1205 1
384 1195 1
373 1183 1
364 1163 1
357 1145 1
355 1122 1
356 1093 1
360 1050 1
377 989 1
400 924 1
433 865 1
465 821 1
500 781 1
536 753 1
572 726 1
602 708 1
636 689 1
672 673 1
700 664 1
724 658 1
744 654 1
758 656 1
770 659 1
780 667 1
787 680 1
791 700 1
789 732 1
782 771 1
770 814 1
751 861 1
725 913 1
684 973 1
642 1024 1
593 1074 1
543 1120 1
499 1160 1
461 1192 1
425 1217 1
393 1236 1
371 1245 1
354 1251 1
343 1254 1
330 1255 1
319 1254 1
304 1250 1
289 1242 1
275 1225 1
265 1203 1
258 1170 1
264 1113 1
279 1043 1
305 967 1
338 902 1
370 851 1
404 812 1
443 778 1
479 749 1
520 723 1
557 699 1
589 681 1
614 668 1
633 659 1
651 656 1
666 656 1
685 659 1
702 670 1
718 687 1
730 715 1
739 750 1
744 788 1
740 825 1
731 873 1
714 918 1
688 969 1
654 1020 1
614 1063 1
569 1106 1
523 1149 1
484 1186 1
447 1218 1
422 1234 1
398 1248 1
383 1256 1
376 1258 1
369 1260 1
362 1260 1
355 1257 1
348 1255 1
339 1248 1
331 1237 1
323 1222 1
316 1193 1
313 1160 1
317 1116 1
326 1073 1
341 1023 1
367 968 1
391 921 1
420 876 1
451 834 1
482 794 1
510 763 1
538 737 1
564 715 1
590 696 1
611 683 1
632 676 1
654 670 1
678 665 1
701 666 1
722 666 1
744 670 1
758 676 1
771 685 1
782 699 1
787 723 1
788 754 1
779 791 1
763 833 1
735 884 1
695 939 1
646 1000 1
588 1059 1
540 1108 1
497 1151 1
467 1179 1
439 1202 1
420 1213 1
403 1220 1
391 1224 1
380 1221 1
369 1217 1
359 1207 1
351 1196 1
343 1179 1
339 1160 1
336 1138 1
339 1108 1
348 1067 1
359 1024 1
374 980 1
399 930 1
424 889 1
451 853 1
481 817 1
507 788 1
536 763 1
567 742 1
595 726 1
621 713 1
647 701 1
667 694 1
686 687 1
704 684 1
722 680 1
736 678 1
747 679 1
757 681 1
767 687 1
774 702 1
780 724 1
782 758 1
779 796 1
774 836 1
756 881 1
735 930 1
708 978 1
676 1027 1
637 1076 1
592 1128 1
548 1179 1
508 1223 1
474 1258 1
446 1283 1
426 1296 1
408 1304 1
393 1310 1
381 1309 1
369 1303 1
357 1291 1
340 1257 1
327 1222 1
318 1180 1
314 1139 1
322 1088 1
355 1003 1
395 921 1
433 867 1
477 816 1
516 784 1
554 760 1
593 739 1
629 721 1
661 708 1
685 699 1
702 695 1
716 695 1
726 697 1
734 701 1
743 710 1
750 725 1
756 745 1
758 766 1
754 799 1
742 841 1
712 900 1
679 953 1
630 1016 1
584 1060 1
540 1104 1
504 1140 1
477 1170 1
454 1195 1
438 1207 1
421 1217 1
407 1222 1
394 1223 1
383 1220 1
369 1208 1
356 1189 1
346 1165 1
339 1134 1
339 1096 1
351 1043 1
368 993 1
398 926 1
431 875 1
467 824 1
498 784 1
527 753 1
552 730 1
573 714 1
594 700 1
611 690 1
629 682 1
648 676 1
668 672 1
690 668 1
709 667 1
727 667 1
740 668 1
752 669 1
760 673 1
766 679 1
770 691 1
771 708 1
768 733 1
756 766 1
741 802 1
723 837 1
691 885 1
656 932 1
615 982 1
573 1031 1
530 1082 1
489 1124 1
453 1160 1
426 1184 1
403 1203 1
385 1214 1
376 1216 1
366 1218 1
359 1218 1
352 1213 1
343 1206 1
334 1192 1
325 1172 1
318 1147 1
318 1112 1
323 1063 1
343 1002 1
368 940 1
397 884 1
433 837 1
472 792 1
510 760 1
549 733 1
583 713 1
617 700 1
645 692 1
668 690 1
684 692 1
703 698 1
719 707 1
732 718 1
743 729 1
750 741 1
756 753 1
759 771 1
755 794 1
748 824 1
734 862 1
712 908 1
688 952 1
657 997 1
623 1038 1
587 1078 1
548 1122 1
513 1163 1
482 1197 1
453 1224 1
428 1244 1
406 1256 1
388 1262 1
373 1260 1
360 1254 1
346 1240 1
333 1215 1
323 1184 1
318 1145 1
318 1096 1
326 1042 1
342 989 1
361 938 1
384 894 1
413 856 1
447 818 1
490 783 1
536 753 1
582 729 1
633 707 1
676 691 1
708 683 1
730 679 1
747 677 1
757 678 1
765 682 1
773 686 1
783 695 1
791 707 1
799 725 1
805 750 1
807 781 1
800 825 1
785 878 1
765 928 1
735 981 1
702 1032 1
670 1067 1
636 1096 1
602 1120 1
569 1137 1
541 1147 1
516 1150 1
495 1148 1
474 1139 1
453 1106 1
436 1068 1
426 1032 1
425 995 1
430 961 1
448 917 1
475 868 1
508 819 1
548 769 1
585 734 1
620 704 1
651 683 1
679 668 1
702 657 1
723 649 1
742 641 1
761 636 1
780 632 1
796 632 1
811 636 1
825 646 1
835 661 1
843 684 1
846 717 1
845 758 1
838 807 1
816 870 1
785 938 1
740 1007 1
691 1070 1
633 1132 1
572 1185 1
521 1227 1
486 1253 1
460 1271 1
441 1282 1
428 1287 1
416 1289 1
409 1290 1
403 1289 1
397 1286 1
391 1279 1
383 1259 1
375 1232 1
371 1194 1
372 1151 1
378 1100 1
397 1034 1
419 970 1
451 900 1
479 849 1
500 816 1
522 786 1
540 764 1
557 750 1
579 734 1
602 723 1
627 714 1
650 710 1
676 710 1
697 713 1
715 719 1
729 728 1
739 737 1
747 749 1
748 770 1
745 800 1
731 840 1
694 909 1
653 974 1
597 1047 1
548 1103 1
506 1148 1
470 1187 1
439 1218 1
412 1243 1
393 1261 1
378 1273 1
369 1278 1
359 1283 1
352 1284 1
344 1285 1
337 1281 1
325 1264 1
313 1237 1
302 1198 1
294 1124 1
295 1053 1
306 989 1
321 936 1
340 889 1
359 858 1
375 836 1
393 818 1
415 800 1
442 781 1
472 762 1
507 742 1
545 724 1
579 706 1
609 694 1
623 689 1
635 686 1
644 688 1
650 696 1
653 711 1
648 742 1
637 785 1
620 838 1
599 890 1
577 940 1
548 993 1
513 1050 1
476 1101 1
444 1144 1
416 1178 1
395 1203 1
379 1219 1
368 1230 1
360 1238 1
352 1245 1
344 1249 1
336 1251 1
328 1252 1
318 1247 1
306 1237 1
293 1222 1
284 1202 1
277 1183 1
273 1162 1
273 1130 1
281 1093 1
299 1041 1
318 995 1
343 948 1
364 915 1
387 883 1
410 855 1
443 822 1
477 786 1
502 765 1
526 748 1
545 739 1
567 731 1
589 727 1
609 723 1
627 721 1
642 722 1
653 723 1
661 725 1
669 729 1
675 734 1
680 739 1
684 748 1
688 761 1
687 781 1
682 804 1
671 838 1
652 878 1
628 922 1
597 971 1
567 1015 1
534 1058 1
499 1100 1
459 1142 1
424 1177 1
394 1204 1
367 1227 1
346 1244 1
335 1251 1
328 1256 1
320 1260 1
314 1259 1
306 1254 1
300 1244 1
293 1229 1
290 1196 1
294 1141 1
312 1060 1
349 965 1
385 890 1
418 843 1
449 808 1
475 784 1
504 764 1
532 746 1
561 730 1
585 719 1
606 710 1
622 706 1
640 703 1
654 705 1
668 708 1
680 712 1
691 718 1
699 724 1
707 732 1
712 747 1
714 766 1
713 792 1
702 826 1
685 862 1
655 907 1
620 956 1
581 1008 1
540 1057 1
500 1104 1
457 1155 1
421 1193 1
393 1220 1
374 1237 1
363 1246 1
357 1251 1
353 1252 1
349 1250 1
345 1242 1
339 1229 1
332 1207 1
326 1171 1
328 1123 1
342 1052 1
364 977 1
388 912 1
412 868 1
438 830 1
464 797 1
493 770 1
522 746 1
558 719 1
588 699 1
617 686 1
640 677 1
663 671 1
686 668 1
708 667 1
727 667 1
743 668 1
759 671 1
773 673 1
784 678 1
793 685 1
803 695 1
806 718 1
805 744 1
795 786 1
779 831 1
752 884 1
713 941 1
669 997 1
619 1045 1
570 1089 1
524 1126 1
493 1149 1
465 1168 1
445 1179 1
431 1182 1
422 1182 1
413 1174 1
406 1161 1
401 1140 1
398 1104 1
399 1058 1
410 1003 1
427 938 1
452 872 1
487 798 1
513 750 1
535 721 1
558 703 1
582 686 1
610 673 1
637 661 1
665 651 1
692 641 1
714 635 1
732 632 1
747 632 1
760 632 1
774 636 1
786 642 1
795 652 1
801 667 1
803 690 1
791 734 1
770 783 1
736 848 1
684 925 1
633 996 1
586 1053 1
535 1118 1
488 1178 1
453 1225 1
421 1261 1
399 1284 1
378 1297 1
362 1304 1
352 1305 1
342 1306 1
335 1303 1
326 1292 1
316 1270 1
307 1234 1
301 1191 1
300 1139 1
310 1080 1
332 1002 1
363 921 1
407 836 1
445 776 1
477 745 1
506 721 1
532 708 1
563 695 1
596 684 1
628 677 1
656 672 1
675 671 1
689 672 1
701 675 1
708 679 1
715 689 1
720 704 1
724 724 1
723 756 1
718 790 1
709 826 1
697 871 1
682 917 1
662 967 1
644 1011 1
618 1053 1
587 1097 1
550 1146 1
512 1195 1
476 1239 1
447 1266 1
419 1286 1
398 1295 1
384 1294 1
368 1288 1
353 1266 1
341 1235 1
332 1190 1
332 1143 1
339 1092 1
354 1035 1
375 979 1
403 920 1
431 872 1
464 826 1
492 793 1
518 770 1
548 748 1
577 732 1
610 715 1
641 699 1
680 686 1
714 678 1
742 678 1
770 683 1
792 694 1
806 710 1
816 733 1
817 768 1
808 806 1
784 856 1
750 908 1
706 964 1
656 1015 1
559 1094 1
522 1118 1
488 1138 1
460 1149 1
438 1153 1
421 1153 1
407 1146 1
397 1134 1
390 1112 1
389 1077 1
395 1034 1
428 927 1
458 868 1
491 817 1
524 771 1
551 737 1
572 717 1
594 699 1
613 686 1
634 675 1
655 668 1
677 665 1
701 662 1
725 661 1
746 666 1
765 674 1
776 689 1
781 709 1
776 745 1
759 791 1
729 849 1
648 978 1
605 1040 1
566 1086 1
528 1130 1
495 1170 1
466 1202 1
438 1230 1
412 1252 1
375 1274 1
358 1276 1
343 1272 1
323 1253 1
301 1223 1
281 1181 1
269 1141 1
266 1104 1
272 1068 1
296 1020 1
326 968 1
369 904 1
413 849 1
457 801 1
498 770 1
538 740 1
577 716 1
609 696 1
633 684 1
652 677 1
667 674 1
681 674 1
695 677 1
710 686 1
723 701 1
734 723 1
744 788 1
740 823 1
723 873 1
698 931 1
662 991 1
623 1046 1
577 1101 1
532 1152 1
459 1227 1
434 1245 1
412 1255 1
391 1260 1
373 1258 1
356 1251 1
341 1238 1
327 1219 1
315 1191 1
312 1101 1
330 1032 1
358 949 1
390 887 1
429 829 1
519 740 1
575 700 1
622 671 1
661 651 1
691 637 1
717 629 1
755 626 1
770 631 1
785 642 1
797 660 1
807 689 1
811 733 1
809 781 1
801 824 1
785 869 1
733 968 1
692 1025 1
642 1073 1
588 1114 1
545 1139 1
510 1154 1
476 1160 1
466 1155 1
457 1140 1
447 1109 1
439 1061 1
433 943 1
435 896 1
444 858 1
460 818 1
481 778 1
533 707 1
562 686 1
592 671 1
624 663 1
653 658 1
706 657 1
728 659 1
745 664 1
760 670 1
772 677 1
787 696 1
791 711 1
791 731 1
788 754 1
781 783 1
746 868 1
715 924 1
680 978 1
637 1036 1
594 1088 1
521 1179 1
531 1168 0
