639 1010 1
639 1010 1
639 1010 1
639 1010 1
639 1010 1
639 1010 1
639 1010 1
639 1010 1
639 1010 1
638 1010 1
636 1011 1
633 1012 1
629 1015 1
624 1018 1
618 1020 1
612 1023 1
607 1024 1
601 1025 1
597 1025 1
592 1024 1
588 1022 1
583 1020 1
578 1018 1
572 1013 1
568 1009 1
564 1003 1
560 996 1
557 990 1
554 983 1
553 978 1
551 973 1
550 969 1
551 965 1
552 961 1
552 957 1
554 952 1
557 948 1
560 944 1
564 939 1
567 937 1
571 934 1
575 931 1
578 930 1
582 929 1
588 927 1
594 928 1
599 928 1
605 929 1
611 929 1
616 931 1
622 932 1
628 934 1
633 935 1
639 938 1
643 941 1
649 945 1
653 950 1
659 956 1
665 963 1
670 970 1
675 977 1
679 983 1
682 990 1
685 996 1
688 1003 1
691 1010 1
694 1019 1
696 1027 1
697 1034 1
698 1041 1
698 1047 1
697 1051 1
695 1057 1
696 1061 1
693 1065 1
690 1070 1
686 1076 1
681 1082 1
674 1088 1
667 1092 1
659 1097 1
650 1101 1
640 1102 1
631 1104 1
621 1105 1
610 1104 1
601 1102 1
590 1101 1
580 1098 1
571 1097 1
561 1093 1
551 1089 1
541 1084 1
529 1075 1
519 1065 1
509 1056 1
500 1046 1
493 1038 1
488 1029 1
483 1019 1
478 1009 1
474 997 1
470 986 1
466 974 1
463 963 1
462 952 1
462 941 1
460 932 1
461 922 1
461 914 1
461 906 1
461 899 1
462 890 1
463 882 1
464 875 1
467 867 1
472 860 1
477 852 1
483 845 1
490 838 1
496 831 1
503 826 1
510 821 1
516 817 1
521 814 1
526 811 1
530 809 1
534 807 1
539 805 1
543 804 1
548 804 1
553 802 1
559 802 1
566 802 1
575 803 1
584 803 1
593 805 1
604 808 1
614 811 1
625 813 1
634 818 1
644 822 1
654 826 1
664 832 1
672 836 1
679 840 1
686 844 1
693 848 1
699 853 1
704 857 1
711 862 1
716 867 1
723 873 1
728 878 1
734 884 1
739 889 1
744 897 1
748 902 1
753 909 1
758 915 1
760 922 1
765 928 1
769 935 1
772 944 1
776 953 1
781 962 1
784 970 1
787 979 1
790 985 1
791 993 1
793 1001 1
795 1008 1
797 1017 1
797 1024 1
797 1033 1
797 1040 1
796 1046 1
794 1054 1
795 1059 1
792 1067 1
789 1075 1
787 1085 1
782 1095 1
778 1105 1
772 1114 1
767 1120 1
762 1128 1
756 1134 1
750 1141 1
742 1149 1
735 1156 1
729 1162 1
721 1169 1
712 1176 1
707 1181 1
696 1188 1
686 1193 1
674 1198 1
663 1202 1
652 1204 1
637 1205 1
622 1206 1
607 1203 1
591 1201 1
574 1197 1
559 1190 1
542 1183 1
525 1178 1
512 1170 1
500 1164 1
490 1158 1
478 1150 1
466 1139 1
453 1127 1
440 1115 1
429 1103 1
418 1088 1
407 1073 1
396 1057 1
386 1040 1
375 1021 1
368 1002 1
360 985 1
353 965 1
346 943 1
340 924 1
337 907 1
334 889 1
335 874 1
335 861 1
337 848 1
340 839 1
343 830 1
346 822 1
350 814 1
353 805 1
358 796 1
366 782 1
375 769 1
386 756 1
398 741 1
410 731 1
419 719 1
429 710 1
438 703 1
447 697 1
457 691 1
465 687 1
474 682 1
485 678 1
496 675 1
507 672 1
519 671 1
530 670 1
542 668 1
551 669 1
559 669 1
568 669 1
576 670 1
584 671 1
592 672 1
600 674 1
607 676 1
618 679 1
627 683 1
641 690 1
655 697 1
668 705 1
686 715 1
702 725 1
721 737 1
738 750 1
753 764 1
770 776 1
783 789 1
794 799 1
805 812 1
815 825 1
825 837 1
832 847 1
841 859 1
846 868 1
854 879 1
859 891 1
865 902 1
870 912 1
874 923 1
878 932 1
882 941 1
886 953 1
891 967 1
893 978 1
895 989 1
897 1002 1
899 1016 1
901 1027 1
902 1040 1
902 1050 1
901 1062 1
900 1076 1
898 1092 1
895 1104 1
891 1117 1
887 1128 1
883 1139 1
877 1151 1
871 1162 1
865 1173 1
858 1183 1
851 1193 1
843 1201 1
836 1211 1
826 1221 1
817 1232 1
805 1242 1
795 1252 1
784 1261 1
773 1268 1
762 1275 1
752 1280 1
742 1284 1
732 1288 1
722 1290 1
711 1293 1
701 1294 1
687 1295 1
674 1296 1
661 1294 1
647 1292 1
632 1289 1
615 1284 1
596 1276 1
576 1266 1
556 1253 1
537 1241 1
520 1228 1
504 1213 1
488 1200 1
474 1184 1
462 1171 1
449 1156 1
434 1139 1
421 1123 1
407 1106 1
395 1089 1
382 1071 1
371 1055 1
360 1040 1
348 1025 1
337 1007 1
327 991 1
318 976 1
310 961 1
303 945 1
297 930 1
292 914 1
286 899 1
282 883 1
277 866 1
273 850 1
269 834 1
268 818 1
266 801 1
264 785 1
264 769 1
262 754 1
263 741 1
264 728 1
266 714 1
267 704 1
271 691 1
274 681 1
279 671 1
283 663 1
287 653 1
291 644 1
295 637 1
301 630 1
306 623 1
313 616 1
319 610 1
324 603 1
331 599 1
338 593 1
345 589 1
350 585 1
357 581 1
364 577 1
370 574 1
376 571 1
384 567 1
391 564 1
401 560 1
411 556 1
423 553 1
434 549 1
445 548 1
455 545 1
465 544 1
474 544 1
484 544 1
494 544 1
507 545 1
520 547 1
534 550 1
550 555 1
566 559 1
580 564 1
594 568 1
606 573 1
617 578 1
628 583 1
638 587 1
646 592 1
654 595 1
661 599 1
666 603 1
674 608 1
679 612 1
686 617 1
692 622 1
699 627 1
707 633 1
715 639 1
724 646 1
734 654 1
745 664 1
757 674 1
769 685 1
782 696 1
793 707 1
804 717 1
815 727 1
825 739 1
837 752 1
847 763 1
856 772 1
863 781 1
869 788 1
875 796 1
882 803 1
887 813 1
893 821 1
898 830 1
902 838 1
907 846 1
913 854 1
920 863 1
926 873 1
933 884 1
940 896 1
946 908 1
951 919 1
958 931 1
964 943 1
970 957 1
975 968 1
981 981 1
986 993 1
991 1006 1
995 1021 1
999 1035 1
1003 1048 1
1006 1061 1
1009 1074 1
1010 1088 1
1011 1101 1
1013 1112 1
1014 1124 1
1014 1137 1
1014 1150 1
1011 1166 1
1007 1181 1
1002 1195 1
994 1213 1
985 1231 1
974 1247 1
961 1262 1
948 1278 1
934 1291 1
920 1304 1
908 1317 1
894 1328 1
882 1336 1
872 1343 1
860 1349 1
849 1356 1
836 1361 1
821 1366 1
805 1372 1
788 1378 1
770 1382 1
749 1386 1
728 1388 1
708 1389 1
685 1388 1
664 1385 1
641 1380 1
618 1374 1
596 1366 1
575 1356 1
554 1345 1
535 1331 1
515 1315 1
496 1297 1
477 1279 1
459 1259 1
443 1240 1
428 1221 1
412 1202 1
397 1183 1
382 1165 1
366 1147 1
352 1128 1
337 1109 1
322 1089 1
308 1069 1
293 1051 1
277 1030 1
262 1011 1
248 990 1
236 971 1
224 949 1
211 927 1
198 901 1
187 879 1
178 858 1
171 840 1
165 819 1
160 800 1
157 780 1
155 766 1
153 747 1
154 734 1
154 720 1
156 709 1
159 698 1
160 688 1
164 678 1
168 665 1
173 652 1
181 637 1
189 622 1
197 606 1
206 591 1
213 577 1
221 562 1
229 549 1
236 538 1
245 527 1
253 516 1
263 506 1
272 496 1
284 486 1
297 476 1
311 468 1
324 461 1
336 454 1
347 449 1
361 445 1
374 441 1
388 437 1
403 434 1
417 433 1
432 433 1
447 433 1
461 434 1
477 436 1
494 439 1
513 443 1
532 447 1
551 451 1
570 457 1
589 463 1
609 470 1
626 477 1
639 484 1
650 491 1
662 497 1
670 503 1
679 507 1
685 512 1
693 518 1
700 523 1
710 529 1
720 536 1
730 544 1
740 552 1
751 559 1
761 568 1
770 575 1
782 584 1
794 594 1
807 605 1
817 615 1
829 626 1
839 636 1
849 646 1
860 656 1
870 668 1
878 678 1
887 687 1
895 699 1
903 709 1
910 718 1
918 727 1
926 739 1
933 749 1
940 759 1
947 768 1
951 775 1
956 782 1
959 788 1
964 794 1
967 800 1
970 807 1
974 813 1
976 819 1
980 825 1
983 830 1
985 836 1
987 840 1
990 844 1
992 849 1
995 855 1
997 862 1
1001 870 1
1004 879 1
1008 888 1
1010 897 1
1013 906 1
1016 916 1
1020 928 1
1025 941 1
1028 954 1
1032 967 1
1035 979 1
1038 992 1
1041 1005 1
1042 1017 1
1044 1029 1
1046 1040 1
1047 1048 1
1048 1054 1
1050 1061 1
1051 1070 1
1052 1079 1
1053 1091 1
1053 1101 1
1054 1111 1
1054 1118 1
1055 1130 1
1055 1141 1
1056 1156 1
1056 1170 1
1056 1182 1
1056 1196 1
1056 1209 1
1055 1225 1
1055 1240 1
1055 1254 1
1053 1268 1
1054 1281 1
1053 1297 1
1051 1309 1
1050 1323 1
1048 1335 1
1047 1347 1
1046 1359 1
1044 1371 1
1042 1384 1
1040 1395 1
1037 1403 1
1033 1413 1
1029 1423 1
1022 1434 1
1015 1445 1
1005 1459 1
992 1470 1
977 1481 1
961 1492 1
944 1501 1
927 1511 1
912 1519 1
893 1527 1
876 1534 1
857 1540 1
838 1544 1
820 1548 1
801 1549 1
783 1550 1
763 1549 1
744 1547 1
726 1545 1
708 1540 1
689 1535 1
671 1530 1
647 1522 1
625 1514 1
604 1505 1
583 1495 1
564 1485 1
544 1473 1
524 1460 1
502 1444 1
479 1425 1
459 1407 1
443 1394 1
424 1377 1
407 1362 1
390 1348 1
371 1332 1
349 1315 1
328 1298 1
308 1282 1
287 1264 1
263 1243 1
242 1223 1
224 1204 1
210 1187 1
197 1175 1
189 1163 1
186 1159 1
189 1163 0
