103 1336 1
103 1334 1
104 1331 1
106 1324 1
112 1310 1
120 1293 1
131 1273 1
143 1243 1
158 1208 1
174 1169 1
196 1098 1
211 1040 1
216 991 1
217 944 1
212 909 1
202 884 1
188 866 1
169 857 1
146 854 1
121 860 1
97 880 1
78 906 1
67 933 1
67 962 1
71 985 1
99 1007 1
129 1029 1
168 1053 1
198 1072 1
224 1094 1
241 1118 1
254 1144 1
261 1174 1
254 1207 1
245 1238 1
230 1267 1
209 1295 1
189 1319 1
194 1314 0
370 1329 1
371 1325 1
373 1320 1
378 1311 1
384 1299 1
393 1283 1
405 1261 1
420 1233 1
438 1196 1
460 1149 1
494 1067 1
503 1019 1
506 971 1
504 931 1
497 895 1
482 861 1
462 839 1
439 821 1
417 812 1
396 812 1
378 814 1
364 825 1
353 838 1
344 857 1
341 877 1
342 902 1
350 933 1
368 957 1
393 984 1
426 1010 1
463 1035 1
497 1058 1
523 1079 1
545 1101 1
559 1124 1
567 1148 1
569 1173 1
560 1202 1
545 1227 1
523 1247 1
493 1266 1
481 1273 1
491 1268 0
702 1217 1
702 1217 1
702 1217 1
702 1217 1
702 1217 1
702 1213 1
703 1208 1
708 1192 1
716 1169 1
726 1137 1
737 1099 1
752 1048 1
768 978 1
778 915 1
784 865 1
784 825 1
784 788 1
782 761 1
780 742 1
772 729 1
768 723 1
760 716 1
752 715 1
739 718 1
724 726 1
703 745 1
685 767 1
668 796 1
659 819 1
654 841 1
653 861 1
659 880 1
671 899 1
687 917 1
707 933 1
732 948 1
760 959 1
789 968 1
824 977 1
855 983 1
885 989 1
909 994 1
924 1000 1
935 1006 1
941 1009 1
945 1014 1
947 1024 1
935 1039 1
910 1062 1
869 1095 1
824 1128 1
776 1165 1
743 1190 1
712 1213 1
694 1227 1
681 1235 1
674 1240 1
671 1243 1
673 1242 0
