863 535 1
863 535 1
863 535 1
863 535 1
867 543 1
873 555 1
887 579 1
902 604 1
919 631 1
937 659 1
953 685 1
971 724 1
980 749 1
987 776 1
988 796 1
987 815 1
986 834 1
972 863 1
953 891 1
924 922 1
897 948 1
879 963 1
867 968 1
859 972 1
852 974 1
846 976 1
842 976 1
841 976 1
839 976 1
838 974 1
838 974 1
838 972 1
838 970 1
841 967 1
844 965 1
852 961 1
860 958 1
868 957 1
876 957 1
883 959 1
890 963 1
897 970 1
902 980 1
907 992 1
910 1005 1
911 1023 1
908 1045 1
900 1074 1
891 1103 1
881 1127 1
874 1142 1
869 1150 1
872 1146 0
595 714 1
597 716 1
606 725 1
626 750 1
649 776 1
678 811 1
705 846 1
752 909 1
778 953 1
805 998 1
825 1040 1
831 1068 1
834 1091 1
832 1111 1
821 1127 1
810 1139 1
796 1151 1
778 1159 1
765 1163 1
755 1164 1
748 1162 1
743 1159 1
739 1155 1
734 1149 1
733 1142 1
733 1134 1
734 1127 1
739 1123 1
744 1120 1
752 1121 1
760 1124 1
769 1129 1
777 1137 1
784 1149 1
789 1161 1
791 1182 1
790 1202 1
785 1223 1
777 1242 1
770 1255 1
773 1251 0
388 931 1
396 936 1
414 950 1
449 978 1
481 1007 1
511 1034 1
544 1066 1
566 1093 1
580 1119 1
590 1150 1
594 1182 1
585 1215 1
566 1250 1
537 1286 1
502 1314 1
478 1331 1
461 1338 1
449 1342 1
439 1343 1
435 1341 1
431 1336 1
432 1329 1
436 1320 1
443 1312 1
452 1307 1
461 1304 1
471 1302 1
478 1305 1
486 1311 1
492 1321 1
497 1336 1
500 1355 1
498 1382 1
491 1410 1
480 1438 1
472 1455 1
476 1447 0
200 1231 1
200 1231 1
203 1231 1
214 1237 1
236 1250 1
264 1269 1
295 1290 1
323 1314 1
346 1340 1
376 1393 1
373 1419 1
366 1459 1
344 1510 1
307 1564 1
271 1606 1
243 1627 1
224 1636 1
207 1638 1
197 1633 1
188 1623 1
186 1604 1
188 1585 1
198 1563 1
212 1544 1
225 1532 1
238 1529 1
249 1532 1
259 1543 1
264 1570 1
266 1609 1
261 1657 1
249 1708 1
243 1732 1
248 1714 0
