60 1418 1
60 1418 1
60 1418 1
60 1418 1
60 1418 1
60 1418 1
60 1418 1
60 1418 1
60 1418 1
60 1418 1
60 1418 1
60 1417 1
60 1414 1
61 1411 1
63 1406 1
65 1400 1
67 1392 1
70 1382 1
73 1369 1
75 1357 1
78 1344 1
81 1334 1
84 1323 1
87 1310 1
90 1296 1
93 1283 1
95 1271 1
98 1261 1
99 1252 1
102 1232 1
105 1216 1
108 1200 1
112 1183 1
118 1168 1
121 1154 1
124 1141 1
128 1127 1
131 1118 1
134 1107 1
137 1094 1
141 1074 1
143 1061 1
145 1047 1
147 1034 1
147 1020 1
147 1004 1
146 989 1
146 976 1
144 965 1
145 956 1
143 950 1
143 945 1
141 941 1
142 939 1
140 937 1
141 937 1
141 937 1
141 937 1
141 937 1
137 939 1
132 945 1
128 951 1
125 958 1
120 971 1
116 987 1
115 1003 1
116 1020 1
116 1033 1
116 1044 1
116 1060 1
116 1074 1
115 1087 1
115 1098 1
115 1107 1
115 1116 1
115 1126 1
116 1139 1
118 1152 1
119 1166 1
122 1178 1
125 1191 1
131 1207 1
137 1225 1
142 1240 1
146 1252 1
151 1266 1
155 1282 1
158 1297 1
162 1312 1
166 1326 1
170 1340 1
175 1356 1
180 1372 1
184 1387 1
188 1401 1
192 1409 1
195 1420 1
198 1425 1
201 1430 1
202 1432 1
204 1433 1
207 1433 1
210 1431 1
214 1423 1
220 1412 1
226 1396 1
233 1374 1
240 1349 1
245 1320 1
249 1291 1
253 1263 1
256 1237 1
259 1214 1
263 1194 1
269 1177 1
273 1162 1
278 1150 1
283 1136 1
288 1123 1
292 1110 1
296 1095 1
299 1078 1
301 1061 1
302 1046 1
302 1033 1
302 1021 1
300 1011 1
300 1003 1
298 996 1
298 991 1
297 987 1
295 984 1
294 981 1
291 978 1
290 977 1
288 975 1
286 975 1
284 974 1
283 974 1
281 974 1
278 976 1
275 980 1
271 984 1
268 993 1
265 1001 1
261 1013 1
260 1024 1
257 1036 1
257 1049 1
258 1061 1
258 1072 1
260 1085 1
261 1097 1
262 1108 1
265 1120 1
268 1132 1
271 1145 1
276 1160 1
281 1175 1
287 1191 1
292 1207 1
298 1224 1
304 1243 1
312 1261 1
321 1281 1
329 1302 1
338 1322 1
346 1343 1
352 1360 1
358 1378 1
362 1392 1
366 1404 1
369 1413 1
373 1421 1
375 1426 1
378 1431 1
379 1434 1
380 1436 1
381 1438 1
381 1438 1
382 1439 1
384 1437 1
389 1435 1
394 1430 1
399 1424 1
407 1414 1
414 1405 1
420 1392 1
428 1376 1
435 1358 1
442 1336 1
449 1311 1
454 1285 1
459 1259 1
465 1233 1
469 1208 1
471 1186 1
474 1163 1
475 1145 1
476 1127 1
474 1113 1
472 1099 1
469 1087 1
466 1077 1
463 1069 1
461 1061 1
459 1055 1
456 1048 1
453 1043 1
451 1036 1
449 1031 1
446 1025 1
443 1019 1
440 1014 1
438 1011 1
436 1007 1
435 1005 1
433 1002 1
432 1001 1
431 1001 1
431 999 1
430 1000 1
428 1001 1
427 1002 1
424 1006 1
421 1011 1
418 1020 1
415 1031 1
412 1043 1
412 1059 1
413 1074 1
415 1090 1
418 1107 1
422 1121 1
425 1136 1
428 1151 1
432 1164 1
435 1178 1
439 1191 1
441 1205 1
445 1222 1
449 1239 1
453 1256 1
457 1273 1
462 1290 1
468 1308 1
473 1324 1
478 1341 1
482 1357 1
488 1375 1
493 1389 1
497 1402 1
501 1414 1
506 1425 1
510 1435 1
514 1443 1
517 1449 1
520 1455 1
522 1457 1
525 1460 1
528 1462 1
531 1463 1
535 1461 1
540 1458 1
547 1454 1
554 1447 1
561 1436 1
568 1425 1
574 1409 1
579 1393 1
583 1375 1
586 1355 1
589 1334 1
591 1311 1
592 1285 1
594 1263 1
595 1239 1
596 1217 1
596 1197 1
596 1175 1
596 1155 1
594 1138 1
592 1123 1
590 1109 1
589 1098 1
587 1087 1
586 1078 1
585 1071 1
583 1065 1
582 1061 1
582 1056 1
580 1054 1
579 1051 1
577 1048 1
576 1046 1
575 1044 1
573 1042 1
571 1041 1
569 1039 1
568 1040 1
565 1040 1
562 1042 1
558 1045 1
554 1050 1
549 1056 1
547 1062 1
543 1070 1
541 1080 1
539 1093 1
537 1107 1
539 1123 1
541 1140 1
544 1157 1
550 1173 1
554 1186 1
558 1200 1
562 1214 1
566 1229 1
570 1243 1
574 1256 1
580 1271 1
586 1286 1
592 1301 1
598 1318 1
604 1334 1
611 1352 1
619 1369 1
627 1388 1
635 1407 1
644 1423 1
652 1441 1
660 1460 1
667 1477 1
675 1496 1
680 1507 1
685 1517 1
689 1523 1
692 1527 1
695 1530 1
699 1530 1
702 1530 1
704 1527 1
708 1521 1
714 1514 1
718 1504 1
722 1494 1
727 1479 1
731 1462 1
734 1442 1
736 1421 1
737 1399 1
738 1375 1
736 1350 1
733 1325 1
731 1303 1
726 1281 1
723 1259 1
719 1237 1
715 1217 1
711 1197 1
707 1178 1
702 1158 1
698 1141 1
694 1125 1
689 1112 1
687 1101 1
684 1091 1
682 1083 1
679 1078 1
677 1074 1
676 1070 1
674 1068 1
675 1067 1
674 1067 1
674 1065 1
672 1066 1
672 1066 1
671 1067 1
669 1069 1
666 1072 1
664 1074 1
661 1080 1
659 1085 1
658 1092 1
658 1100 1
658 1109 1
658 1117 1
660 1125 1
663 1137 1
667 1151 1
673 1167 1
678 1180 1
684 1198 1
690 1215 1
698 1234 1
706 1251 1
715 1270 1
724 1290 1
733 1308 1
743 1326 1
752 1344 1
759 1359 1
766 1375 1
773 1391 1
780 1405 1
787 1418 1
795 1431 1
801 1443 1
807 1453 1
810 1459 1
812 1464 1
815 1469 1
816 1470 1
818 1472 1
819 1475 1
819 1475 1
820 1475 1
820 1475 1
822 1473 1
824 1471 1
827 1467 1
831 1462 1
836 1454 1
840 1445 1
846 1431 1
849 1414 1
852 1395 1
853 1374 1
851 1350 1
848 1325 1
843 1299 1
837 1272 1
830 1244 1
821 1216 1
811 1188 1
804 1163 1
794 1135 1
787 1112 1
779 1092 1
772 1073 1
765 1057 1
758 1046 1
753 1036 1
748 1030 1
745 1026 1
742 1023 1
741 1021 1
739 1019 1
739 1019 1
739 1019 1
739 1019 1
739 1020 1
738 1021 1
736 1024 1
736 1029 1
736 1035 1
735 1042 1
736 1050 1
737 1058 1
740 1069 1
743 1081 1
748 1095 1
754 1109 1
761 1126 1
768 1141 1
778 1160 1
786 1176 1
794 1191 1
804 1208 1
814 1226 1
824 1243 1
834 1261 1
844 1278 1
854 1296 1
865 1315 1
876 1332 1
885 1348 1
895 1367 1
903 1381 1
910 1395 1
919 1410 1
926 1421 1
933 1433 1
939 1442 1
944 1449 1
948 1455 1
951 1459 1
954 1462 1
955 1463 1
957 1462 1
959 1461 1
962 1455 1
967 1444 1
972 1425 1
977 1404 1
980 1379 1
981 1353 1
979 1325 1
976 1299 1
970 1273 1
964 1246 1
954 1219 1
942 1191 1
932 1162 1
920 1136 1
911 1112 1
900 1086 1
889 1065 1
880 1048 1
872 1034 1
865 1023 1
858 1012 1
853 1005 1
849 1000 1
845 996 1
844 994 1
842 992 1
842 992 1
842 992 1
840 992 1
840 993 1
840 997 1
839 1003 1
839 1012 1
840 1024 1
845 1038 1
851 1054 1
860 1075 1
871 1095 1
882 1116 1
894 1137 1
906 1157 1
917 1177 1
927 1195 1
937 1212 1
947 1230 1
956 1246 1
964 1261 1
970 1273 1
977 1285 1
983 1298 1
987 1308 1
991 1317 1
994 1324 1
997 1329 1
998 1333 1
1000 1336 1
1002 1338 1
1002 1340 1
1003 1341 1
1004 1342 1
1004 1342 1
1004 1342 1
1005 1340 1
1007 1336 1
1008 1331 1
1011 1321 1
1014 1308 1
1015 1293 1
1017 1276 1
1018 1259 1
1018 1242 1
1016 1223 1
1015 1201 1
1012 1179 1
1006 1157 1
1000 1134 1
994 1112 1
987 1088 1
981 1067 1
974 1046 1
969 1028 1
963 1010 1
956 993 1
950 979 1
944 966 1
940 956 1
935 947 1
932 942 1
930 937 1
927 934 1
925 932 1
925 931 1
925 931 1
925 931 1
925 931 1
925 931 1
925 931 1
924 931 1
922 932 1
922 935 1
920 939 1
919 946 1
919 955 1
919 965 1
921 976 1
922 986 1
927 1000 1
933 1014 1
941 1029 1
947 1041 1
955 1055 1
962 1066 1
969 1077 1
975 1089 1
982 1101 1
987 1111 1
991 1119 1
995 1126 1
999 1134 1
1003 1142 1
1005 1150 1
1008 1159 1
1011 1168 1
1013 1177 1
1016 1185 1
1021 1196 1
1025 1208 1
1031 1224 1
1035 1234 1
1033 1229 0
