610 386 1
610 386 1
610 386 1
610 386 1
610 386 1
609 386 1
609 386 1
609 386 1
605 388 1
603 392 1
597 399 1
590 409 1
578 423 1
565 441 1
549 461 1
536 482 1
522 503 1
506 530 1
493 553 1
482 573 1
470 594 1
459 616 1
448 638 1
438 661 1
429 686 1
420 708 1
410 731 1
401 753 1
391 777 1
381 802 1
372 828 1
364 853 1
357 880 1
350 909 1
344 935 1
339 963 1
333 993 1
331 1024 1
328 1053 1
325 1082 1
325 1108 1
325 1132 1
325 1156 1
327 1176 1
333 1196 1
339 1216 1
346 1235 1
353 1252 1
360 1266 1
368 1280 1
379 1293 1
390 1306 1
401 1316 1
412 1324 1
423 1331 1
438 1338 1
453 1344 1
472 1349 1
489 1351 1
507 1352 1
525 1350 1
544 1346 1
563 1339 1
582 1330 1
600 1321 1
616 1311 1
633 1300 1
651 1287 1
668 1273 1
686 1257 1
703 1239 1
721 1220 1
737 1198 1
755 1174 1
772 1150 1
786 1123 1
800 1098 1
813 1069 1
826 1038 1
837 1006 1
847 972 1
855 937 1
863 903 1
869 869 1
875 835 1
879 802 1
883 769 1
885 739 1
887 710 1
889 680 1
888 654 1
886 628 1
885 603 1
883 580 1
879 558 1
874 535 1
869 515 1
864 496 1
857 478 1
851 460 1
843 444 1
834 429 1
826 414 1
816 403 1
808 393 1
799 384 1
789 376 1
781 371 1
772 367 1
762 364 1
753 362 1
742 360 1
731 361 1
720 362 1
706 365 1
692 370 1
678 376 1
664 383 1
648 393 1
634 403 1
621 414 1
608 425 1
598 437 1
585 449 1
574 463 1
563 478 1
553 494 1
543 509 1
531 529 1
519 547 1
507 565 1
497 581 1
486 598 1
477 612 1
469 626 1
462 639 1
453 653 1
445 668 1
437 682 1
429 697 1
419 712 1
412 729 1
403 746 1
396 762 1
389 779 1
382 797 1
376 814 1
370 833 1
363 852 1
357 873 1
352 894 1
347 913 1
344 933 1
341 950 1
339 966 1
338 981 1
337 995 1
337 1011 1
336 1026 1
336 1041 1
336 1057 1
336 1073 1
338 1089 1
341 1104 1
343 1122 1
348 1138 1
353 1154 1
358 1170 1
365 1184 1
372 1200 1
379 1216 1
388 1230 1
397 1243 1
407 1255 1
417 1265 1
428 1275 1
439 1281 1
450 1287 1
461 1293 1
473 1295 1
486 1297 1
500 1298 1
514 1296 1
528 1295 1
541 1293 1
554 1290 1
567 1285 1
582 1280 1
596 1275 1
611 1267 1
626 1260 1
641 1252 1
657 1243 1
672 1234 1
689 1223 1
705 1211 1
722 1196 1
738 1183 1
755 1167 1
773 1150 1
790 1131 1
806 1113 1
823 1087 1
838 1064 1
851 1038 1
862 1013 1
874 987 1
883 955 1
891 921 1
899 887 1
905 854 1
912 824 1
915 796 1
918 771 1
921 748 1
923 725 1
924 700 1
925 674 1
925 648 1
923 623 1
921 600 1
918 580 1
914 561 1
910 542 1
905 521 1
901 502 1
896 484 1
888 466 1
879 449 1
869 435 1
859 422 1
852 410 1
842 401 1
832 391 1
822 384 1
811 378 1
801 373 1
788 369 1
776 366 1
761 365 1
746 365 1
731 365 1
714 368 1
697 374 1
680 380 1
662 389 1
645 398 1
630 410 1
613 422 1
597 435 1
580 450 1
563 467 1
548 482 1
534 496 1
522 511 1
508 528 1
496 544 1
484 563 1
473 580 1
462 598 1
451 616 1
442 632 1
433 649 1
424 667 1
416 685 1
408 703 1
401 721 1
393 739 1
386 756 1
379 773 1
373 787 1
367 801 1
361 815 1
356 829 1
352 844 1
346 858 1
341 875 1
336 891 1
330 907 1
326 924 1
322 942 1
317 959 1
313 977 1
310 995 1
307 1013 1
304 1029 1
302 1046 1
301 1062 1
301 1078 1
302 1095 1
303 1109 1
306 1124 1
311 1140 1
316 1156 1
321 1172 1
327 1190 1
334 1206 1
341 1223 1
350 1238 1
359 1253 1
369 1266 1
377 1277 1
384 1289 1
392 1297 1
401 1306 1
411 1313 1
421 1318 1
432 1323 1
441 1325 1
451 1328 1
461 1329 1
473 1329 1
485 1327 1
501 1324 1
518 1319 1
538 1312 1
558 1306 1
580 1298 1
600 1290 1
619 1280 1
638 1271 1
658 1260 1
677 1249 1
695 1238 1
714 1227 1
730 1216 1
746 1204 1
762 1193 1
777 1180 1
790 1167 1
803 1152 1
817 1135 1
829 1117 1
841 1097 1
853 1077 1
864 1055 1
876 1031 1
887 1004 1
898 979 1
907 948 1
915 922 1
920 902 1
924 880 1
928 860 1
930 838 1
932 814 1
934 791 1
936 765 1
937 739 1
938 710 1
938 681 1
935 650 1
931 620 1
926 593 1
920 568 1
915 546 1
911 530 1
906 515 1
901 504 1
895 492 1
890 483 1
883 475 1
875 466 1
865 458 1
854 447 1
840 437 1
825 428 1
810 419 1
793 412 1
775 405 1
757 399 1
740 395 1
723 393 1
707 392 1
691 393 1
675 396 1
661 401 1
647 407 1
631 415 1
617 426 1
601 437 1
586 450 1
571 464 1
557 480 1
542 495 1
529 510 1
516 526 1
505 541 1
492 558 1
483 571 1
474 585 1
466 599 1
457 613 1
450 625 1
441 637 1
433 650 1
424 664 1
415 678 1
406 694 1
397 709 1
388 726 1
380 744 1
372 762 1
366 779 1
360 797 1
354 816 1
349 836 1
344 857 1
338 877 1
333 897 1
329 917 1
325 937 1
322 956 1
319 976 1
317 994 1
315 1013 1
314 1029 1
315 1045 1
317 1060 1
319 1076 1
322 1092 1
324 1110 1
328 1128 1
333 1148 1
339 1166 1
345 1185 1
351 1203 1
358 1221 1
365 1238 1
370 1252 1
376 1265 1
382 1277 1
389 1286 1
397 1294 1
406 1304 1
416 1310 1
426 1316 1
439 1320 1
451 1323 1
466 1323 1
484 1321 1
501 1319 1
523 1313 1
544 1308 1
563 1302 1
583 1296 1
601 1289 1
621 1278 1
639 1267 1
657 1258 1
673 1247 1
687 1237 1
701 1228 1
716 1216 1
731 1204 1
747 1190 1
762 1175 1
778 1158 1
793 1140 1
807 1122 1
820 1105 1
833 1088 1
843 1070 1
853 1048 1
865 1027 1
875 1001 1
885 975 1
893 950 1
900 923 1
905 897 1
910 870 1
913 843 1
915 818 1
917 795 1
918 773 1
918 755 1
918 736 1
916 717 1
914 698 1
913 678 1
911 656 1
908 637 1
904 617 1
901 598 1
897 578 1
892 557 1
886 539 1
882 522 1
877 508 1
872 494 1
867 484 1
861 474 1
857 466 1
851 459 1
846 452 1
839 446 1
833 439 1
825 434 1
816 428 1
806 424 1
794 420 1
782 416 1
769 413 1
757 411 1
743 412 1
729 413 1
715 416 1
699 419 1
685 425 1
670 432 1
656 438 1
641 446 1
626 456 1
611 469 1
596 482 1
582 496 1
567 511 1
553 529 1
538 547 1
525 564 1
513 583 1
501 600 1
488 618 1
478 636 1
468 652 1
459 669 1
450 687 1
442 705 1
433 721 1
425 738 1
418 756 1
412 774 1
407 793 1
400 812 1
395 831 1
388 851 1
382 873 1
376 895 1
371 915 1
367 936 1
363 956 1
361 974 1
358 991 1
356 1009 1
354 1026 1
353 1044 1
352 1061 1
350 1078 1
351 1095 1
351 1112 1
351 1127 1
353 1143 1
356 1158 1
359 1173 1
362 1189 1
366 1203 1
371 1220 1
377 1235 1
383 1249 1
388 1259 1
394 1269 1
400 1275 1
406 1281 1
413 1287 1
422 1292 1
432 1298 1
443 1301 1
456 1304 1
471 1306 1
492 1307 1
517 1305 1
546 1302 1
575 1298 1
599 1293 1
622 1286 1
642 1278 1
659 1269 1
676 1260 1
691 1250 1
707 1238 1
723 1226 1
738 1211 1
754 1196 1
770 1180 1
785 1165 1
799 1148 1
813 1130 1
827 1111 1
840 1091 1
851 1072 1
862 1053 1
871 1034 1
880 1013 1
888 992 1
896 969 1
903 947 1
908 923 1
912 898 1
918 869 1
922 839 1
926 810 1
929 782 1
932 755 1
933 727 1
934 699 1
933 671 1
932 647 1
929 628 1
927 612 1
924 598 1
921 583 1
917 569 1
911 551 1
907 534 1
900 521 1
894 508 1
887 496 1
879 483 1
871 470 1
860 457 1
848 444 1
837 434 1
825 424 1
814 416 1
803 410 1
790 405 1
777 402 1
763 400 1
749 401 1
734 403 1
717 407 1
700 414 1
681 422 1
663 432 1
642 442 1
621 453 1
602 466 1
582 479 1
566 491 1
550 502 1
535 513 1
523 524 1
512 535 1
502 546 1
493 557 1
485 568 1
477 581 1
468 595 1
459 611 1
449 628 1
439 647 1
428 668 1
419 688 1
410 707 1
403 727 1
394 747 1
387 766 1
380 787 1
374 805 1
369 824 1
365 842 1
361 860 1
358 879 1
356 898 1
354 916 1
353 936 1
351 956 1
350 976 1
347 995 1
346 1014 1
345 1033 1
343 1051 1
344 1067 1
344 1083 1
344 1097 1
346 1111 1
348 1124 1
351 1139 1
354 1154 1
359 1170 1
362 1182 1
366 1195 1
370 1206 1
376 1217 1
382 1228 1
389 1238 1
396 1248 1
405 1257 1
411 1262 1
417 1268 1
424 1272 1
431 1275 1
440 1278 1
450 1280 1
461 1283 1
473 1284 1
487 1285 1
500 1285 1
517 1283 1
533 1281 1
551 1278 1
570 1274 1
588 1270 1
607 1264 1
625 1257 1
641 1251 1
659 1244 1
677 1237 1
695 1229 1
712 1220 1
729 1210 1
744 1200 1
759 1190 1
773 1177 1
788 1164 1
801 1147 1
815 1131 1
828 1113 1
838 1093 1
849 1072 1
859 1048 1
868 1023 1
876 999 1
883 972 1
889 947 1
893 924 1
897 904 1
900 885 1
902 868 1
904 851 1
907 834 1
907 816 1
909 799 1
909 783 1
909 766 1
909 751 1
906 729 1
907 711 1
906 691 1
904 671 1
905 653 1
903 632 1
900 611 1
896 590 1
892 570 1
888 552 1
884 536 1
879 522 1
875 511 1
871 499 1
867 490 1
864 483 1
859 476 1
854 470 1
850 464 1
843 458 1
835 451 1
827 445 1
817 437 1
807 430 1
797 424 1
785 418 1
774 414 1
762 411 1
751 408 1
739 407 1
727 407 1
716 408 1
703 410 1
691 414 1
677 419 1
664 425 1
650 432 1
637 441 1
624 452 1
611 463 1
597 478 1
584 493 1
572 507 1
559 522 1
549 539 1
536 556 1
523 574 1
513 593 1
501 611 1
492 631 1
481 648 1
471 668 1
461 684 1
453 699 1
445 713 1
438 726 1
431 741 1
425 755 1
419 769 1
414 782 1
409 795 1
403 808 1
399 822 1
394 838 1
389 854 1
383 874 1
378 895 1
372 919 1
367 943 1
361 966 1
358 986 1
355 1005 1
353 1022 1
352 1038 1
352 1052 1
352 1066 1
352 1080 1
352 1095 1
353 1111 1
356 1125 1
357 1140 1
360 1155 1
363 1169 1
365 1182 1
369 1193 1
373 1204 1
377 1215 1
382 1226 1
387 1237 1
393 1247 1
399 1257 1
406 1265 1
413 1270 1
420 1275 1
428 1279 1
438 1282 1
449 1285 1
459 1287 1
469 1288 1
480 1289 1
492 1288 1
506 1286 1
521 1285 1
536 1284 1
553 1280 1
569 1278 1
588 1272 1
607 1266 1
622 1260 1
637 1256 1
652 1252 1
667 1247 1
681 1242 1
694 1237 1
709 1232 1
724 1223 1
737 1213 1
752 1202 1
766 1188 1
779 1174 1
791 1162 1
804 1146 1
815 1131 1
827 1115 1
838 1096 1
850 1077 1
859 1057 1
867 1037 1
874 1019 1
880 1001 1
885 981 1
890 961 1
894 941 1
897 920 1
900 898 1
901 874 1
902 850 1
904 826 1
905 803 1
906 782 1
906 763 1
905 740 1
905 719 1
904 697 1
902 675 1
901 654 1
901 636 1
899 617 1
898 602 1
896 585 1
894 569 1
891 550 1
887 530 1
881 508 1
873 487 1
863 465 1
851 445 1
842 427 1
830 411 1
820 397 1
810 386 1
802 378 1
793 373 1
787 368 1
778 366 1
768 364 1
756 366 1
742 370 1
727 377 1
707 390 1
686 405 1
664 423 1
641 442 1
620 463 1
602 481 1
585 498 1
571 515 1
559 530 1
546 547 1
534 564 1
523 580 1
512 599 1
502 617 1
491 636 1
482 654 1
471 673 1
461 694 1
449 713 1
439 734 1
429 753 1
421 772 1
413 790 1
403 806 1
395 824 1
388 840 1
382 857 1
378 873 1
374 890 1
371 907 1
369 923 1
367 938 1
367 955 1
366 970 1
366 984 1
366 1001 1
366 1018 1
366 1035 1
367 1050 1
368 1065 1
371 1080 1
372 1096 1
375 1110 1
379 1124 1
384 1137 1
388 1151 1
396 1166 1
404 1181 1
412 1194 1
421 1207 1
432 1220 1
443 1231 1
453 1241 1
463 1251 1
473 1258 1
484 1264 1
492 1269 1
502 1273 1
511 1276 1
521 1278 1
531 1280 1
542 1282 1
555 1284 1
569 1285 1
585 1285 1
601 1283 1
618 1280 1
635 1276 1
650 1272 1
666 1266 1
682 1259 1
697 1251 1
714 1241 1
731 1228 1
747 1213 1
761 1197 1
775 1183 1
787 1166 1
796 1150 1
806 1131 1
813 1113 1
821 1092 1
828 1071 1
835 1051 1
841 1029 1
848 1009 1
855 988 1
861 965 1
868 945 1
874 926 1
881 907 1
887 888 1
894 869 1
900 851 1
905 833 1
909 818 1
912 803 1
915 786 1
916 768 1
917 747 1
918 725 1
918 699 1
918 674 1
916 648 1
916 620 1
914 595 1
913 572 1
911 552 1
910 535 1
909 519 1
907 506 1
904 496 1
901 488 1
899 481 1
895 475 1
889 468 1
881 460 1
873 453 1
862 445 1
848 436 1
832 428 1
814 420 1
795 414 1
776 409 1
761 406 1
746 404 1
732 405 1
719 408 1
705 412 1
692 419 1
678 428 1
663 440 1
647 453 1
631 467 1
616 485 1
599 503 1
584 522 1
568 542 1
553 563 1
537 588 1
521 611 1
506 634 1
493 655 1
480 675 1
470 692 1
460 709 1
451 726 1
442 742 1
434 759 1
426 776 1
419 792 1
412 806 1
407 821 1
400 836 1
395 853 1
389 871 1
382 889 1
377 908 1
372 926 1
367 945 1
363 964 1
360 981 1
357 997 1
355 1013 1
354 1028 1
353 1044 1
353 1058 1
353 1074 1
354 1090 1
354 1107 1
355 1123 1
357 1140 1
359 1156 1
362 1172 1
363 1187 1
366 1201 1
370 1215 1
375 1228 1
379 1239 1
385 1251 1
391 1261 1
398 1270 1
405 1276 1
413 1283 1
422 1289 1
432 1294 1
443 1300 1
457 1305 1
472 1309 1
486 1313 1
502 1314 1
517 1314 1
535 1312 1
553 1309 1
571 1305 1
591 1300 1
610 1292 1
631 1281 1
651 1268 1
671 1255 1
691 1237 1
712 1217 1
732 1197 1
750 1174 1
768 1154 1
786 1133 1
801 1112 1
814 1091 1
827 1069 1
839 1049 1
849 1026 1
859 1001 1
867 975 1
875 947 1
882 922 1
890 893 1
899 866 1
904 839 1
909 811 1
914 784 1
917 757 1
920 733 1
922 710 1
925 688 1
926 668 1
927 650 1
928 632 1
929 614 1
929 596 1
927 577 1
926 561 1
923 547 1
920 534 1
915 521 1
910 509 1
903 495 1
894 481 1
885 469 1
873 456 1
862 445 1
848 435 1
834 425 1
821 415 1
807 407 1
792 402 1
780 397 1
763 395 1
748 393 1
731 395 1
715 399 1
697 405 1
679 413 1
662 421 1
644 432 1
628 444 1
613 457 1
598 470 1
584 484 1
571 499 1
557 515 1
545 531 1
531 551 1
517 571 1
505 591 1
491 616 1
478 639 1
468 664 1
458 686 1
448 709 1
440 729 1
432 748 1
426 766 1
419 784 1
414 800 1
406 818 1
400 835 1
395 852 1
390 870 1
388 885 1
384 901 1
381 916 1
378 934 1
376 953 1
375 973 1
374 993 1
372 1014 1
372 1035 1
370 1055 1
371 1075 1
370 1096 1
370 1116 1
371 1134 1
373 1152 1
374 1167 1
376 1179 1
379 1189 1
382 1197 1
386 1206 1
390 1214 1
396 1223 1
401 1233 1
409 1243 1
417 1253 1
425 1261 1
433 1269 1
442 1278 1
451 1286 1
463 1293 1
475 1300 1
487 1307 1
499 1311 1
513 1315 1
530 1317 1
547 1318 1
565 1315 1
584 1310 1
602 1304 1
621 1296 1
637 1287 1
655 1275 1
672 1263 1
689 1247 1
706 1229 1
723 1210 1
738 1189 1
754 1170 1
766 1150 1
778 1131 1
788 1111 1
799 1090 1
809 1068 1
818 1049 1
829 1025 1
838 1003 1
846 978 1
855 953 1
863 928 1
868 901 1
874 876 1
879 853 1
883 833 1
886 812 1
888 792 1
891 771 1
893 747 1
895 723 1
896 697 1
898 674 1
901 652 1
903 633 1
905 614 1
906 596 1
906 577 1
906 561 1
904 546 1
901 535 1
899 524 1
895 515 1
892 507 1
887 498 1
881 491 1
876 483 1
869 477 1
862 471 1
854 468 1
846 463 1
838 461 1
828 458 1
819 456 1
807 455 1
795 456 1
783 456 1
769 458 1
754 462 1
738 467 1
722 472 1
708 479 1
693 486 1
680 493 1
667 502 1
653 512 1
637 524 1
624 536 1
610 549 1
595 562 1
582 575 1
568 590 1
554 607 1
540 625 1
528 642 1
516 659 1
505 675 1
494 692 1
483 710 1
472 728 1
463 746 1
453 763 1
445 778 1
437 792 1
429 807 1
422 823 1
415 838 1
409 854 1
403 870 1
399 886 1
394 904 1
389 922 1
385 941 1
381 962 1
378 981 1
376 1003 1
374 1024 1
373 1044 1
373 1064 1
371 1083 1
373 1103 1
374 1122 1
377 1142 1
378 1160 1
382 1178 1
386 1194 1
389 1208 1
393 1222 1
399 1236 1
405 1249 1
412 1261 1
419 1272 1
426 1282 1
434 1291 1
444 1299 1
453 1306 1
464 1312 1
475 1316 1
487 1319 1
500 1320 1
514 1320 1
529 1317 1
546 1313 1
566 1307 1
585 1300 1
605 1289 1
625 1277 1
645 1263 1
663 1248 1
680 1232 1
696 1215 1
711 1199 1
726 1183 1
740 1167 1
752 1150 1
764 1133 1
776 1115 1
789 1094 1
800 1073 1
811 1049 1
822 1024 1
832 995 1
842 967 1
851 937 1
858 908 1
867 881 1
873 853 1
880 825 1
884 799 1
889 774 1
892 753 1
894 732 1
896 712 1
898 692 1
900 669 1
900 647 1
900 624 1
898 600 1
897 578 1
894 555 1
892 533 1
888 511 1
884 492 1
880 476 1
874 461 1
870 449 1
863 438 1
858 428 1
851 419 1
843 411 1
834 404 1
825 398 1
815 394 1
806 392 1
794 390 1
780 388 1
765 388 1
749 390 1
734 393 1
718 399 1
703 405 1
688 413 1
674 420 1
660 430 1
646 439 1
635 450 1
623 460 1
612 473 1
601 484 1
591 496 1
579 511 1
567 527 1
556 543 1
544 560 1
533 577 1
524 595 1
514 613 1
504 630 1
497 647 1
489 666 1
481 682 1
473 700 1
466 717 1
459 735 1
452 752 1
445 768 1
440 784 1
435 800 1
430 815 1
425 831 1
420 848 1
417 864 1
414 882 1
409 901 1
404 924 1
398 948 1
393 971 1
387 994 1
381 1016 1
377 1037 1
374 1056 1
372 1076 1
370 1094 1
370 1110 1
369 1122 1
370 1135 1
370 1147 1
373 1161 1
376 1173 1
379 1186 1
383 1199 1
387 1212 1
392 1228 1
398 1242 1
403 1257 1
409 1270 1
414 1283 1
420 1297 1
428 1310 1
436 1322 1
444 1332 1
451 1339 1
460 1345 1
470 1349 1
481 1353 1
493 1354 1
507 1356 1
522 1354 1
540 1351 1
560 1346 1
580 1336 1
600 1326 1
619 1314 1
635 1303 1
652 1289 1
670 1274 1
686 1259 1
702 1244 1
719 1227 1
737 1209 1
753 1190 1
770 1170 1
785 1149 1
800 1131 1
814 1113 1
824 1098 1
832 1081 1
842 1063 1
849 1045 1
856 1027 1
863 1004 1
869 980 1
875 954 1
881 929 1
888 902 1
895 876 1
901 850 1
905 825 1
909 801 1
913 781 1
915 764 1
918 748 1
920 731 1
922 716 1
923 700 1
923 682 1
923 664 1
921 647 1
918 630 1
916 615 1
913 599 1
908 583 1
903 567 1
898 550 1
893 538 1
887 524 1
880 512 1
872 500 1
865 490 1
857 481 1
847 472 1
837 463 1
827 456 1
816 450 1
806 445 1
795 440 1
784 437 1
773 435 1
762 433 1
752 434 1
739 434 1
727 437 1
711 441 1
696 447 1
680 454 1
664 465 1
648 477 1
632 492 1
617 507 1
601 525 1
587 542 1
575 559 1
562 577 1
549 595 1
537 615 1
526 632 1
514 650 1
504 669 1
494 686 1
484 705 1
477 720 1
470 735 1
464 749 1
457 764 1
452 778 1
445 791 1
439 804 1
435 816 1
430 828 1
426 840 1
422 853 1
418 867 1
414 878 1
409 893 1
407 905 1
403 918 1
400 930 1
399 942 1
396 957 1
393 970 1
391 981 1
389 994 1
388 1006 1
387 1019 1
387 1032 1
386 1044 1
386 1054 1
386 1064 1
387 1076 1
390 1089 1
392 1101 1
395 1113 1
397 1122 1
401 1132 1
404 1142 1
408 1153 1
413 1163 1
418 1171 1
422 1179 1
426 1186 1
431 1190 1
437 1196 1
443 1200 1
451 1203 1
459 1206 1
468 1210 1
479 1213 1
488 1215 1
500 1217 1
511 1219 1
522 1220 1
532 1222 1
540 1222 1
548 1223 1
557 1224 1
566 1224 1
576 1224 1
586 1222 1
599 1222 1
609 1220 1
622 1219 1
634 1218 1
646 1215 1
659 1212 1
675 1208 1
689 1203 1
706 1193 1
723 1184 1
743 1171 1
762 1155 1
782 1140 1
799 1122 1
812 1106 1
827 1088 1
838 1072 1
848 1052 1
857 1034 1
864 1015 1
872 994 1
879 969 1
886 945 1
891 916 1
897 890 1
902 864 1
908 837 1
912 812 1
916 785 1
919 759 1
922 733 1
923 708 1
925 683 1
926 660 1
928 636 1
928 615 1
925 591 1
923 571 1
920 553 1
916 535 1
914 518 1
909 504 1
906 490 1
900 478 1
896 469 1
891 459 1
884 452 1
877 445 1
868 439 1
860 434 1
852 430 1
841 429 1
831 427 1
819 427 1
806 428 1
792 429 1
776 432 1
760 436 1
743 441 1
726 447 1
711 453 1
694 463 1
677 473 1
663 483 1
649 492 1
636 504 1
621 518 1
605 533 1
591 547 1
575 567 1
558 587 1
543 606 1
528 627 1
513 646 1
500 667 1
488 687 1
476 707 1
466 727 1
455 747 1
446 770 1
437 792 1
430 811 1
422 835 1
415 857 1
408 879 1
401 903 1
394 923 1
388 944 1
382 962 1
377 978 1
373 993 1
370 1008 1
367 1023 1
365 1037 1
363 1050 1
361 1062 1
359 1075 1
357 1089 1
356 1101 1
356 1114 1
356 1125 1
356 1137 1
356 1149 1
357 1162 1
358 1172 1
361 1183 1
363 1192 1
366 1201 1
368 1210 1
373 1221 1
377 1232 1
383 1241 1
387 1249 1
391 1256 1
397 1261 1
403 1267 1
408 1271 1
416 1276 1
424 1280 1
433 1284 1
443 1288 1
453 1290 1
464 1292 1
473 1294 1
485 1295 1
499 1293 1
515 1292 1
529 1291 1
546 1287 1
563 1282 1
580 1275 1
597 1267 1
616 1255 1
634 1245 1
651 1234 1
669 1222 1
687 1208 1
707 1191 1
726 1174 1
746 1156 1
770 1131 1
792 1106 1
815 1080 1
837 1055 1
856 1031 1
873 1004 1
888 979 1
900 951 1
912 922 1
922 892 1
930 862 1
936 831 1
940 802 1
943 772 1
945 740 1
946 706 1
944 674 1
942 642 1
938 612 1
934 585 1
927 561 1
919 540 1
911 519 1
901 498 1
890 479 1
878 465 1
865 452 1
852 443 1
837 436 1
820 431 1
801 429 1
783 429 1
760 432 1
737 438 1
716 445 1
696 454 1
675 465 1
656 479 1
635 493 1
614 508 1
596 526 1
579 543 1
563 560 1
546 579 1
531 597 1
516 616 1
502 636 1
489 656 1
474 680 1
460 705 1
448 729 1
436 754 1
425 778 1
412 804 1
399 832 1
386 861 1
376 887 1
368 910 1
361 925 1
355 940 1
352 950 1
354 946 0
