573 1002 1
573 1002 1
573 1002 1
573 1002 1
573 1002 1
573 1002 1
573 1002 1
573 1002 1
572 1001 1
570 999 1
568 998 1
566 995 1
565 994 1
565 990 1
565 986 1
565 982 1
567 978 1
570 975 1
573 971 1
577 969 1
581 968 1
584 968 1
589 969 1
592 970 1
596 973 1
597 977 1
599 980 1
600 985 1
599 989 1
597 993 1
596 996 1
593 1000 1
588 1003 1
584 1007 1
580 1010 1
575 1011 1
567 1013 1
560 1015 1
553 1015 1
546 1015 1
539 1015 1
535 1014 1
529 1012 1
526 1008 1
520 1002 1
518 995 1
515 988 1
513 982 1
514 976 1
515 971 1
518 965 1
523 961 1
529 958 1
538 956 1
546 954 1
556 952 1
566 953 1
576 956 1
586 959 1
595 964 1
604 970 1
611 977 1
619 984 1
626 991 1
630 998 1
634 1007 1
637 1015 1
639 1024 1
640 1034 1
638 1041 1
635 1050 1
631 1058 1
627 1065 1
620 1074 1
612 1081 1
604 1089 1
593 1095 1
580 1099 1
567 1102 1
552 1103 1
538 1100 1
524 1096 1
510 1087 1
496 1075 1
484 1059 1
475 1043 1
468 1027 1
464 1013 1
462 997 1
464 982 1
468 968 1
473 954 1
483 942 1
492 932 1
504 923 1
516 916 1
530 910 1
545 907 1
559 904 1
574 905 1
589 907 1
601 910 1
614 915 1
627 920 1
636 927 1
647 935 1
656 944 1
664 954 1
671 964 1
676 975 1
680 987 1
684 999 1
686 1011 1
687 1024 1
687 1036 1
684 1049 1
681 1062 1
676 1073 1
669 1087 1
662 1101 1
655 1112 1
646 1123 1
639 1132 1
629 1140 1
618 1147 1
608 1154 1
597 1159 1
577 1168 1
567 1166 1
555 1165 1
541 1163 1
523 1157 1
502 1148 1
481 1132 1
461 1113 1
447 1094 1
435 1076 1
426 1061 1
421 1048 1
417 1036 1
415 1024 1
413 1010 1
415 994 1
419 978 1
423 961 1
430 946 1
438 931 1
446 917 1
456 904 1
468 894 1
478 884 1
489 875 1
500 868 1
512 863 1
524 858 1
538 854 1
551 851 1
564 850 1
576 851 1
590 853 1
603 857 1
618 863 1
632 868 1
646 877 1
660 886 1
672 896 1
685 908 1
696 919 1
706 931 1
715 944 1
723 957 1
729 971 1
734 985 1
737 1001 1
740 1019 1
741 1036 1
742 1054 1
740 1073 1
737 1091 1
733 1107 1
728 1123 1
722 1139 1
717 1156 1
711 1171 1
704 1184 1
697 1195 1
689 1204 1
681 1212 1
671 1218 1
660 1224 1
648 1228 1
633 1231 1
616 1232 1
597 1231 1
576 1228 1
553 1221 1
528 1210 1
503 1196 1
480 1182 1
461 1170 1
446 1158 1
429 1143 1
415 1127 1
404 1111 1
394 1093 1
387 1075 1
382 1060 1
379 1044 1
377 1029 1
375 1011 1
377 993 1
379 970 1
383 947 1
389 928 1
395 908 1
402 890 1
409 874 1
417 859 1
425 847 1
433 836 1
440 826 1
449 818 1
458 811 1
468 805 1
479 799 1
490 795 1
502 791 1
516 788 1
528 787 1
542 786 1
558 787 1
573 787 1
588 790 1
603 794 1
620 798 1
635 804 1
652 811 1
667 819 1
685 828 1
698 839 1
712 849 1
727 861 1
740 874 1
752 888 1
763 903 1
774 917 1
783 930 1
790 944 1
797 958 1
801 970 1
805 981 1
809 994 1
812 1008 1
814 1022 1
815 1037 1
817 1052 1
817 1068 1
818 1085 1
818 1102 1
816 1120 1
814 1136 1
812 1154 1
809 1171 1
805 1186 1
801 1200 1
795 1214 1
788 1227 1
779 1241 1
769 1255 1
757 1267 1
744 1278 1
728 1288 1
712 1296 1
693 1303 1
675 1307 1
657 1310 1
639 1310 1
619 1307 1
600 1302 1
576 1294 1
553 1283 1
533 1273 1
510 1258 1
490 1244 1
472 1228 1
453 1212 1
436 1196 1
420 1177 1
404 1160 1
392 1142 1
380 1123 1
370 1108 1
361 1088 1
351 1070 1
344 1051 1
338 1033 1
333 1014 1
330 995 1
330 974 1
331 951 1
336 926 1
343 899 1
352 872 1
363 848 1
374 826 1
387 806 1
401 786 1
415 770 1
429 756 1
442 745 1
455 737 1
466 731 1
477 725 1
488 721 1
500 717 1
512 716 1
527 716 1
541 716 1
557 717 1
574 720 1
594 724 1
612 729 1
630 734 1
647 739 1
664 747 1
681 754 1
698 762 1
712 770 1
725 778 1
738 786 1
749 794 1
761 803 1
771 812 1
780 821 1
790 832 1
799 842 1
806 852 1
813 862 1
819 874 1
826 887 1
832 899 1
838 912 1
845 927 1
852 943 1
859 960 1
866 977 1
873 995 1
879 1011 1
885 1028 1
889 1043 1
892 1056 1
895 1068 1
897 1081 1
900 1095 1
901 1108 1
901 1121 1
901 1133 1
900 1146 1
898 1158 1
897 1171 1
894 1183 1
891 1196 1
886 1210 1
879 1224 1
874 1240 1
866 1253 1
858 1267 1
850 1283 1
840 1298 1
829 1316 1
815 1335 1
799 1356 1
780 1376 1
762 1394 1
743 1410 1
726 1419 1
709 1427 1
693 1431 1
678 1434 1
664 1434 1
650 1432 1
635 1428 1
620 1423 1
600 1411 1
580 1396 1
560 1382 1
542 1366 1
522 1348 1
501 1327 1
479 1305 1
457 1281 1
435 1259 1
415 1241 1
395 1221 1
376 1201 1
359 1179 1
344 1156 1
328 1132 1
317 1108 1
309 1085 1
303 1063 1
297 1042 1
293 1019 1
291 998 1
289 973 1
290 949 1
291 924 1
293 900 1
297 877 1
301 854 1
308 832 1
315 808 1
324 785 1
334 763 1
346 740 1
357 722 1
368 704 1
379 690 1
391 680 1
403 670 1
418 662 1
432 654 1
446 647 1
462 642 1
477 637 1
492 635 1
509 634 1
529 634 1
550 635 1
571 639 1
592 641 1
613 647 1
634 653 1
655 660 1
676 668 1
699 678 1
720 690 1
741 701 1
758 713 1
776 724 1
792 738 1
809 753 1
826 767 1
841 783 1
856 798 1
870 815 1
883 831 1
895 848 1
906 865 1
916 881 1
925 899 1
934 915 1
942 932 1
949 948 1
956 965 1
961 982 1
967 999 1
971 1017 1
975 1034 1
979 1051 1
982 1068 1
985 1085 1
988 1103 1
989 1119 1
990 1136 1
991 1151 1
990 1168 1
990 1185 1
989 1202 1
988 1219 1
986 1238 1
983 1256 1
980 1274 1
975 1293 1
971 1311 1
963 1330 1
958 1345 1
949 1361 1
942 1375 1
931 1391 1
919 1405 1
906 1418 1
892 1431 1
877 1443 1
858 1457 1
838 1471 1
819 1483 1
799 1494 1
780 1503 1
762 1510 1
744 1517 1
729 1521 1
712 1524 1
697 1525 1
678 1524 1
659 1522 1
638 1516 1
617 1511 1
597 1504 1
576 1493 1
555 1482 1
536 1469 1
516 1456 1
494 1437 1
470 1415 1
445 1391 1
422 1366 1
401 1343 1
381 1318 1
364 1288 1
347 1257 1
329 1225 1
316 1190 1
302 1156 1
292 1132 1
283 1109 1
273 1089 1
266 1067 1
257 1044 1
252 1021 1
248 1000 1
246 979 1
246 959 1
246 938 1
248 916 1
252 892 1
256 866 1
261 840 1
265 815 1
268 795 1
272 776 1
276 759 1
279 746 1
283 732 1
287 717 1
293 702 1
299 688 1
307 672 1
316 658 1
324 645 1
334 633 1
346 622 1
362 611 1
381 599 1
402 588 1
426 576 1
449 567 1
471 559 1
493 552 1
516 548 1
537 546 1
559 544 1
580 546 1
601 549 1
621 553 1
642 561 1
663 569 1
686 581 1
709 594 1
732 606 1
753 620 1
771 633 1
788 644 1
803 657 1
818 669 1
834 683 1
849 698 1
862 710 1
876 723 1
889 737 1
902 751 1
916 765 1
929 778 1
941 791 1
952 803 1
962 815 1
972 827 1
979 839 1
986 852 1
992 863 1
998 877 1
1002 891 1
1007 908 1
1013 925 1
1015 945 1
1019 964 1
1023 984 1
1026 1007 1
1029 1029 1
1031 1053 1
1033 1076 1
1034 1097 1
1035 1117 1
1036 1134 1
1036 1152 1
1036 1169 1
1034 1185 1
1034 1202 1
1032 1220 1
1030 1238 1
1027 1255 1
1025 1272 1
1023 1289 1
1021 1307 1
1018 1326 1
1014 1346 1
1010 1369 1
1005 1389 1
999 1409 1
992 1426 1
985 1445 1
978 1461 1
969 1479 1
959 1496 1
949 1513 1
938 1529 1
929 1544 1
917 1556 1
906 1567 1
895 1576 1
882 1587 1
868 1597 1
849 1606 1
829 1614 1
804 1620 1
774 1624 1
740 1624 1
697 1615 1
653 1602 1
603 1581 1
551 1552 1
496 1515 1
447 1474 1
402 1432 1
360 1385 1
318 1330 1
279 1267 1
250 1198 1
227 1137 1
213 1088 1
204 1052 1
200 1023 1
200 1004 1
201 1014 0
