74 1381 1
74 1379 1
76 1376 1
80 1372 1
86 1360 1
94 1344 1
105 1320 1
119 1289 1
135 1251 1
156 1203 1
194 1116 1
216 1066 1
236 1008 1
254 957 1
268 917 1
279 880 1
286 851 1
289 829 1
292 811 1
292 797 1
290 786 1
289 779 1
288 775 1
286 772 1
280 770 1
270 771 1
258 773 1
240 786 1
217 803 1
192 825 1
167 849 1
143 874 1
124 898 1
108 918 1
96 932 1
91 943 1
86 953 1
87 962 1
89 971 1
97 981 1
121 990 1
148 999 1
179 1006 1
216 1012 1
258 1016 1
304 1021 1
346 1024 1
380 1028 1
404 1032 1
422 1036 1
429 1039 1
434 1042 1
436 1045 1
436 1049 1
431 1055 1
417 1064 1
392 1079 1
354 1097 1
306 1120 1
259 1139 1
217 1157 1
182 1171 1
155 1183 1
137 1192 1
122 1198 1
113 1204 1
106 1206 1
102 1208 1
99 1209 1
97 1210 1
97 1210 1
95 1211 1
95 1211 1
95 1211 1
95 1211 0
398 1331 1
398 1330 1
398 1330 1
398 1327 1
399 1322 1
402 1315 1
408 1302 1
418 1278 1
431 1249 1
451 1206 1
475 1155 1
518 1060 1
533 1022 1
550 976 1
563 937 1
574 904 1
582 873 1
587 849 1
590 828 1
591 811 1
592 800 1
590 791 1
590 786 1
588 781 1
587 776 1
577 771 1
566 769 1
550 770 1
532 772 1
511 774 1
485 786 1
459 799 1
437 814 1
418 828 1
403 842 1
393 852 1
386 861 1
382 868 1
379 876 1
380 891 1
390 901 1
410 912 1
445 921 1
488 927 1
540 932 1
584 933 1
621 936 1
651 937 1
671 939 1
686 945 1
693 949 1
700 958 1
704 966 1
702 979 1
695 994 1
678 1018 1
656 1044 1
625 1072 1
590 1100 1
557 1123 1
528 1143 1
505 1158 1
486 1170 1
473 1178 1
465 1183 1
461 1187 1
457 1189 1
454 1192 1
451 1193 1
449 1195 1
450 1195 0
630 1338 1
630 1335 1
632 1331 1
644 1313 1
659 1289 1
680 1257 1
702 1220 1
725 1180 1
756 1119 1
776 1078 1
793 1039 1
814 997 1
837 953 1
856 916 1
874 882 1
887 851 1
895 823 1
900 797 1
898 778 1
894 763 1
880 753 1
857 747 1
833 745 1
802 753 1
770 766 1
741 783 1
715 801 1
700 815 1
691 826 1
687 837 1
691 847 1
708 860 1
739 873 1
791 885 1
842 894 1
890 903 1
925 912 1
951 921 1
964 929 1
975 937 1
981 946 1
982 957 1
980 970 1
968 995 1
943 1025 1
907 1061 1
859 1100 1
811 1136 1
763 1167 1
723 1192 1
693 1210 1
673 1219 1
661 1225 1
654 1229 1
650 1232 1
647 1235 1
648 1235 0
