1021 448 1
1020 448 1
1020 448 1
1020 451 1
1020 455 1
1020 461 1
1021 468 1
1021 479 1
1022 488 1
1023 501 1
1024 519 1
1025 537 1
1026 554 1
1027 572 1
1027 589 1
1025 606 1
1022 634 1
1017 648 1
1010 665 1
1002 679 1
989 696 1
974 710 1
958 724 1
943 735 1
929 745 1
919 750 1
910 754 1
903 755 1
896 756 1
890 756 1
886 754 1
882 752 1
879 749 1
880 744 1
881 739 1
882 731 1
889 727 1
897 724 1
904 724 1
911 724 1
919 724 1
930 730 1
936 739 1
941 754 1
944 770 1
944 790 1
941 812 1
934 836 1
927 859 1
918 879 1
911 895 1
907 903 1
903 910 1
904 909 0
753 612 1
753 613 1
754 619 1
757 629 1
762 643 1
767 660 1
776 680 1
784 699 1
793 719 1
802 737 1
810 755 1
818 779 1
820 797 1
818 811 1
816 831 1
804 848 1
789 866 1
773 879 1
755 892 1
737 898 1
722 901 1
711 901 1
702 899 1
695 897 1
692 889 1
690 880 1
694 869 1
701 858 1
709 850 1
720 846 1
731 846 1
742 847 1
751 853 1
760 863 1
767 879 1
772 897 1
775 920 1
773 947 1
769 972 1
760 1000 1
752 1024 1
742 1042 1
736 1052 1
729 1059 1
726 1064 1
728 1062 0
496 789 1
496 789 1
496 789 1
497 790 1
504 796 1
516 804 1
533 817 1
551 831 1
570 847 1
588 863 1
603 881 1
614 897 1
625 922 1
627 937 1
622 967 1
611 982 1
597 999 1
584 1014 1
570 1026 1
557 1035 1
547 1040 1
537 1043 1
526 1045 1
516 1045 1
508 1042 1
504 1039 1
499 1034 1
498 1030 1
498 1026 1
499 1022 1
503 1019 1
509 1015 1
518 1010 1
528 1009 1
540 1009 1
551 1009 1
561 1012 1
571 1017 1
579 1026 1
585 1037 1
588 1051 1
590 1069 1
587 1091 1
580 1118 1
571 1144 1
558 1168 1
550 1183 1
555 1175 0
252 1009 1
252 1009 1
252 1009 1
252 1009 1
256 1010 1
269 1018 1
284 1026 1
302 1039 1
318 1052 1
331 1062 1
342 1074 1
350 1086 1
355 1100 1
359 1114 1
359 1129 1
349 1155 1
334 1174 1
312 1191 1
288 1204 1
263 1216 1
238 1222 1
215 1226 1
200 1227 1
191 1225 1
186 1223 1
186 1218 1
188 1211 1
199 1202 1
212 1196 1
229 1192 1
245 1195 1
259 1199 1
270 1208 1
279 1221 1
286 1239 1
285 1269 1
277 1307 1
257 1355 1
230 1404 1
201 1446 1
179 1471 1
189 1459 0
