61 1329 1
61 1327 1
61 1327 1
61 1326 1
61 1323 1
63 1315 1
65 1303 1
73 1279 1
82 1250 1
93 1219 1
104 1183 1
115 1151 1
132 1103 1
145 1069 1
160 1034 1
168 998 1
173 967 1
173 946 1
171 929 1
170 920 1
169 914 1
167 910 1
165 907 1
161 905 1
156 906 1
143 907 1
135 912 1
128 919 1
119 931 1
111 946 1
104 964 1
100 981 1
98 999 1
98 1016 1
98 1029 1
98 1040 1
99 1058 1
99 1075 1
100 1092 1
102 1109 1
104 1126 1
109 1144 1
113 1161 1
119 1180 1
126 1197 1
131 1213 1
137 1227 1
141 1238 1
145 1247 1
149 1253 1
154 1260 1
159 1266 1
164 1271 1
169 1275 1
176 1278 1
183 1281 1
190 1283 1
197 1283 1
206 1280 1
215 1274 1
225 1267 1
234 1258 1
244 1247 1
254 1230 1
264 1212 1
273 1194 1
280 1167 1
287 1143 1
293 1116 1
297 1089 1
299 1065 1
301 1042 1
302 1020 1
301 1002 1
299 987 1
297 976 1
296 969 1
294 965 1
292 963 1
290 963 1
288 964 1
284 969 1
280 976 1
276 985 1
270 1002 1
264 1022 1
260 1042 1
257 1065 1
255 1086 1
255 1106 1
255 1124 1
256 1141 1
259 1158 1
261 1175 1
265 1189 1
269 1204 1
274 1218 1
279 1231 1
285 1243 1
290 1253 1
295 1260 1
301 1267 1
307 1273 1
314 1279 1
323 1282 1
330 1285 1
337 1285 1
345 1283 1
353 1279 1
364 1269 1
375 1256 1
388 1240 1
399 1214 1
412 1186 1
421 1157 1
429 1129 1
436 1101 1
439 1072 1
442 1040 1
443 1013 1
444 992 1
444 974 1
443 969 1
443 964 1
441 962 1
439 962 1
436 965 1
432 973 1
426 982 1
421 994 1
413 1010 1
405 1027 1
398 1046 1
390 1067 1
384 1088 1
379 1105 1
376 1122 1
374 1136 1
372 1150 1
373 1162 1
373 1175 1
376 1185 1
378 1195 1
387 1214 1
392 1225 1
399 1235 1
406 1243 1
412 1250 1
418 1255 1
426 1259 1
434 1262 1
442 1263 1
452 1260 1
463 1255 1
474 1247 1
487 1234 1
501 1215 1
513 1193 1
525 1169 1
534 1144 1
543 1120 1
549 1100 1
553 1079 1
556 1061 1
558 1048 1
558 1037 1
558 1029 1
556 1024 1
554 1020 1
553 1017 1
551 1015 1
550 1014 1
547 1014 1
544 1014 1
540 1015 1
536 1018 1
532 1024 1
526 1033 1
520 1043 1
515 1055 1
510 1068 1
505 1084 1
502 1102 1
499 1117 1
497 1133 1
497 1148 1
497 1163 1
498 1177 1
500 1188 1
501 1198 1
504 1209 1
507 1221 1
510 1231 1
514 1241 1
518 1250 1
521 1256 1
525 1262 1
528 1265 1
532 1268 1
536 1271 1
541 1273 1
545 1274 1
552 1272 1
561 1268 1
572 1260 1
586 1248 1
601 1233 1
617 1212 1
632 1190 1
646 1167 1
658 1143 1
669 1121 1
677 1100 1
683 1082 1
688 1063 1
690 1050 1
692 1039 1
693 1032 1
693 1026 1
691 1021 1
690 1019 1
687 1017 1
686 1016 1
682 1017 1
677 1019 1
673 1024 1
668 1030 1
662 1040 1
655 1052 1
649 1068 1
643 1084 1
638 1100 1
636 1115 1
633 1129 1
631 1143 1
631 1155 1
631 1167 1
631 1180 1
632 1189 1
634 1196 1
637 1205 1
640 1213 1
644 1221 1
649 1232 1
653 1239 1
658 1245 1
663 1251 1
667 1255 1
672 1257 1
677 1259 1
683 1259 1
689 1256 1
696 1252 1
704 1246 1
712 1236 1
724 1223 1
737 1205 1
749 1187 1
761 1167 1
770 1148 1
777 1128 1
783 1109 1
787 1091 1
790 1076 1
792 1063 1
792 1052 1
792 1046 1
790 1040 1
790 1036 1
788 1033 1
786 1031 1
784 1029 1
782 1027 1
779 1028 1
775 1029 1
771 1031 1
767 1037 1
762 1044 1
757 1053 1
752 1066 1
748 1080 1
745 1094 1
742 1108 1
742 1121 1
740 1134 1
742 1147 1
742 1160 1
744 1172 1
746 1185 1
748 1199 1
749 1215 1
752 1231 1
755 1247 1
758 1260 1
761 1273 1
763 1282 1
766 1290 1
768 1296 1
771 1302 1
773 1304 1
775 1306 1
779 1306 1
783 1306 1
787 1303 1
795 1296 1
804 1286 1
815 1273 1
826 1256 1
838 1241 1
852 1220 1
863 1201 1
873 1177 1
882 1153 1
888 1133 1
892 1115 1
894 1101 1
895 1091 1
894 1083 1
895 1076 1
892 1071 1
889 1067 1
886 1064 1
883 1062 1
881 1063 1
877 1063 1
874 1065 1
869 1070 1
863 1078 1
858 1090 1
853 1106 1
849 1124 1
845 1143 1
844 1164 1
844 1182 1
844 1198 1
846 1213 1
847 1227 1
849 1239 1
851 1249 1
854 1257 1
856 1263 1
860 1269 1
863 1273 1
869 1278 1
875 1280 1
882 1282 1
893 1280 1
903 1276 1
915 1267 1
927 1254 1
939 1239 1
948 1223 1
957 1204 1
964 1188 1
969 1171 1
973 1155 1
975 1140 1
975 1129 1
975 1119 1
972 1110 1
970 1103 1
969 1099 1
967 1095 1
964 1092 1
963 1090 1
961 1088 1
959 1087 1
958 1088 1
956 1089 1
954 1090 1
952 1097 1
949 1108 1
947 1127 1
948 1147 1
949 1167 1
954 1188 1
960 1206 1
970 1223 1
980 1239 1
990 1250 1
1000 1256 1
1008 1259 1
1016 1261 1
1020 1261 1
1018 1261 0
