219 353 1
219 353 1
219 353 1
219 353 1
219 353 1
219 353 1
220 353 1
224 356 1
235 361 1
249 370 1
269 381 1
292 397 1
315 415 1
340 437 1
367 462 1
407 504 1
432 536 1
454 566 1
475 598 1
493 625 1
510 651 1
529 677 1
548 705 1
573 737 1
598 770 1
620 802 1
641 831 1
661 860 1
681 893 1
697 923 1
713 958 1
728 993 1
743 1030 1
755 1066 1
766 1104 1
773 1140 1
778 1172 1
779 1202 1
777 1229 1
773 1257 1
760 1284 1
745 1310 1
727 1334 1
705 1352 1
683 1368 1
657 1378 1
629 1385 1
597 1386 1
559 1378 1
519 1364 1
475 1338 1
431 1305 1
389 1267 1
354 1232 1
321 1193 1
292 1151 1
262 1103 1
236 1051 1
216 997 1
199 945 1
183 897 1
168 851 1
155 806 1
145 760 1
137 715 1
133 674 1
130 640 1
129 606 1
130 574 1
132 542 1
135 513 1
140 486 1
145 466 1
151 448 1
156 433 1
164 421 1
171 411 1
178 404 1
187 398 1
196 394 1
206 392 1
217 390 1
231 392 1
251 397 1
276 405 1
304 418 1
335 434 1
369 454 1
404 481 1
438 509 1
466 538 1
492 568 1
517 598 1
543 636 1
569 676 1
593 716 1
615 755 1
638 793 1
658 827 1
678 860 1
698 895 1
716 930 1
733 962 1
745 992 1
757 1024 1
766 1052 1
772 1080 1
778 1106 1
780 1131 1
781 1156 1
781 1181 1
775 1211 1
769 1243 1
760 1279 1
751 1315 1
740 1353 1
732 1382 1
723 1405 1
718 1419 1
712 1429 1
705 1438 1
696 1442 1
685 1447 1
666 1448 1
640 1446 1
604 1434 1
560 1412 1
511 1380 1
461 1335 1
411 1284 1
365 1231 1
325 1180 1
290 1133 1
259 1090 1
231 1050 1
210 1010 1
190 970 1
171 931 1
157 893 1
147 859 1
142 828 1
138 795 1
137 759 1
138 719 1
138 677 1
138 635 1
140 595 1
142 557 1
143 522 1
145 488 1
144 458 1
142 429 1
143 402 1
142 381 1
143 364 1
146 352 1
150 343 1
155 338 1
166 335 1
182 336 1
205 344 1
233 357 1
267 376 1
306 404 1
346 435 1
384 467 1
421 499 1
455 532 1
485 562 1
516 594 1
543 625 1
570 656 1
594 687 1
613 717 1
629 747 1
645 779 1
659 810 1
672 842 1
682 874 1
692 906 1
702 938 1
710 967 1
718 996 1
724 1021 1
729 1047 1
737 1073 1
744 1099 1
751 1127 1
757 1155 1
762 1181 1
767 1206 1
771 1230 1
773 1252 1
775 1271 1
775 1289 1
771 1304 1
767 1317 1
760 1327 1
752 1336 1
739 1343 1
722 1351 1
701 1360 1
677 1368 1
646 1374 1
613 1378 1
582 1379 1
551 1377 1
518 1372 1
486 1359 1
455 1344 1
426 1324 1
398 1299 1
369 1267 1
341 1223 1
312 1176 1
286 1126 1
265 1083 1
248 1041 1
236 1007 1
224 973 1
213 938 1
200 898 1
185 855 1
173 810 1
162 767 1
155 727 1
150 689 1
146 650 1
144 608 1
142 568 1
143 532 1
144 496 1
147 463 1
148 432 1
151 402 1
153 376 1
156 354 1
158 334 1
161 323 1
164 315 1
170 311 1
183 311 1
204 318 1
241 339 1
280 369 1
323 405 1
367 445 1
411 486 1
450 523 1
486 561 1
520 597 1
549 632 1
577 668 1
598 699 1
618 730 1
636 760 1
653 792 1
669 825 1
686 864 1
702 906 1
719 948 1
736 992 1
755 1035 1
773 1077 1
789 1117 1
802 1153 1
813 1186 1
822 1215 1
826 1239 1
829 1261 1
829 1280 1
827 1297 1
821 1314 1
813 1329 1
802 1344 1
790 1358 1
772 1370 1
755 1380 1
736 1385 1
715 1387 1
690 1385 1
663 1382 1
632 1377 1
601 1369 1
567 1361 1
532 1351 1
497 1341 1
461 1328 1
425 1314 1
386 1296 1
347 1273 1
308 1248 1
271 1220 1
243 1189 1
217 1158 1
198 1126 1
184 1095 1
174 1061 1
168 1017 1
162 972 1
154 925 1
148 882 1
141 841 1
136 801 1
133 761 1
132 721 1
132 681 1
133 643 1
132 603 1
130 562 1
128 524 1
125 490 1
123 456 1
119 424 1
116 390 1
114 360 1
112 334 1
113 315 1
113 302 1
116 293 1
119 287 1
123 283 1
128 281 1
136 281 1
149 286 1
172 298 1
202 318 1
240 345 1
277 379 1
312 411 1
342 440 1
370 467 1
395 492 1
419 518 1
443 544 1
464 572 1
487 602 1
508 633 1
528 664 1
547 697 1
566 731 1
584 768 1
604 804 1
621 841 1
639 879 1
655 912 1
670 945 1
685 974 1
699 1003 1
710 1030 1
722 1058 1
731 1086 1
739 1114 1
747 1141 1
752 1168 1
755 1199 1
755 1229 1
752 1258 1
745 1289 1
736 1319 1
723 1345 1
708 1367 1
691 1386 1
672 1401 1
652 1414 1
633 1422 1
615 1428 1
596 1431 1
575 1430 1
553 1426 1
530 1421 1
506 1410 1
482 1398 1
457 1376 1
429 1348 1
398 1314 1
365 1277 1
333 1239 1
300 1201 1
269 1161 1
241 1119 1
219 1079 1
202 1037 1
188 996 1
174 952 1
162 909 1
153 866 1
145 828 1
140 793 1
137 760 1
135 728 1
132 695 1
129 661 1
127 632 1
125 605 1
124 582 1
125 559 1
125 535 1
128 509 1
133 481 1
138 453 1
145 430 1
152 410 1
159 397 1
166 385 1
173 377 1
180 371 1
188 367 1
194 365 1
201 364 1
210 364 1
220 365 1
231 369 1
243 373 1
259 381 1
275 392 1
291 404 1
309 418 1
326 430 1
343 445 1
361 460 1
377 478 1
396 499 1
417 523 1
438 551 1
461 581 1
485 612 1
508 645 1
534 680 1
558 719 1
581 755 1
603 792 1
623 829 1
643 865 1
660 903 1
676 940 1
692 979 1
707 1016 1
722 1053 1
734 1086 1
746 1117 1
755 1144 1
761 1168 1
767 1192 1
768 1213 1
769 1236 1
768 1256 1
764 1277 1
759 1295 1
748 1313 1
736 1328 1
719 1344 1
700 1361 1
681 1381 1
654 1402 1
629 1421 1
604 1435 1
580 1445 1
557 1452 1
535 1452 1
513 1449 1
492 1441 1
469 1428 1
446 1410 1
418 1379 1
392 1347 1
365 1308 1
339 1268 1
313 1227 1
286 1184 1
260 1141 1
234 1091 1
214 1042 1
196 998 1
174 947 1
155 904 1
139 862 1
124 821 1
114 780 1
106 742 1
98 703 1
97 668 1
95 636 1
95 604 1
96 575 1
98 547 1
103 523 1
108 502 1
115 484 1
124 465 1
137 446 1
150 429 1
164 412 1
179 398 1
196 385 1
212 374 1
227 366 1
242 360 1
257 355 1
270 352 1
283 350 1
295 351 1
309 354 1
324 360 1
341 370 1
360 385 1
383 404 1
407 426 1
433 453 1
460 482 1
486 513 1
508 541 1
530 571 1
551 599 1
569 625 1
588 652 1
605 679 1
622 706 1
639 735 1
653 764 1
667 794 1
681 825 1
695 857 1
709 892 1
723 927 1
738 965 1
754 1001 1
768 1035 1
782 1071 1
794 1106 1
806 1140 1
816 1173 1
825 1206 1
832 1239 1
835 1265 1
837 1291 1
837 1312 1
834 1333 1
829 1354 1
820 1373 1
808 1392 1
797 1405 1
778 1418 1
760 1426 1
740 1432 1
718 1435 1
693 1436 1
666 1435 1
638 1433 1
606 1426 1
572 1418 1
536 1405 1
498 1391 1
459 1376 1
420 1358 1
381 1340 1
348 1321 1
318 1301 1
290 1279 1
266 1254 1
243 1227 1
222 1199 1
203 1170 1
186 1137 1
171 1104 1
159 1068 1
148 1022 1
136 970 1
123 916 1
113 866 1
106 822 1
106 786 1
107 749 1
108 709 1
110 664 1
112 619 1
113 578 1
114 544 1
115 513 1
115 487 1
115 463 1
115 437 1
117 413 1
119 390 1
124 371 1
130 355 1
136 343 1
142 333 1
149 326 1
156 321 1
164 318 1
175 316 1
187 317 1
200 319 1
216 328 1
234 337 1
253 349 1
274 364 1
295 380 1
319 397 1
342 415 1
364 432 1
387 449 1
408 465 1
431 483 1
454 500 1
473 517 1
495 537 1
514 558 1
533 582 1
552 608 1
568 637 1
586 672 1
602 704 1
617 739 1
632 774 1
649 809 1
667 851 1
687 893 1
707 934 1
724 974 1
739 1009 1
752 1041 1
764 1074 1
775 1111 1
785 1150 1
792 1187 1
797 1218 1
800 1246 1
802 1271 1
803 1296 1
804 1322 1
802 1344 1
799 1364 1
794 1381 1
787 1395 1
780 1406 1
769 1416 1
757 1426 1
742 1434 1
724 1443 1
705 1450 1
682 1454 1
657 1457 1
631 1458 1
596 1453 1
563 1449 1
530 1439 1
497 1427 1
461 1410 1
429 1391 1
399 1370 1
371 1346 1
344 1322 1
321 1299 1
295 1269 1
273 1240 1
252 1212 1
232 1182 1
214 1153 1
200 1123 1
187 1089 1
174 1043 1
160 990 1
142 934 1
125 878 1
111 832 1
102 795 1
95 759 1
90 725 1
85 686 1
80 648 1
77 611 1
75 576 1
74 548 1
75 520 1
77 496 1
80 476 1
83 457 1
86 439 1
89 423 1
93 409 1
98 398 1
104 387 1
111 375 1
118 365 1
126 355 1
133 348 1
140 342 1
146 338 1
152 335 1
159 332 1
167 331 1
176 331 1
186 331 1
196 331 1
208 334 1
222 337 1
238 342 1
256 347 1
275 355 1
295 362 1
314 371 1
334 381 1
353 392 1
374 406 1
393 422 1
412 439 1
432 460 1
451 484 1
471 511 1
492 542 1
512 571 1
537 605 1
561 635 1
584 667 1
606 697 1
628 725 1
648 755 1
667 783 1
686 812 1
705 843 1
721 874 1
739 911 1
757 949 1
772 987 1
786 1027 1
798 1065 1
811 1108 1
823 1152 1
833 1193 1
843 1232 1
849 1263 1
853 1291 1
858 1315 1
860 1335 1
862 1351 1
863 1363 1
861 1375 1
859 1384 1
852 1392 1
843 1401 1
830 1410 1
803 1428 1
774 1443 1
739 1458 1
702 1470 1
666 1479 1
631 1484 1
599 1488 1
569 1490 1
542 1491 1
516 1491 1
487 1485 1
462 1479 1
440 1469 1
417 1456 1
395 1436 1
372 1409 1
345 1374 1
315 1331 1
284 1286 1
257 1249 1
227 1207 1
197 1168 1
172 1132 1
152 1096 1
136 1056 1
123 1014 1
111 964 1
94 914 1
79 871 1
70 841 1
65 816 1
62 790 1
61 759 1
62 723 1
64 682 1
68 643 1
70 608 1
74 578 1
78 547 1
83 516 1
87 488 1
93 461 1
99 433 1
105 408 1
112 385 1
120 368 1
127 355 1
133 347 1
139 341 1
143 337 1
146 336 1
151 336 1
156 336 1
163 337 1
173 340 1
184 344 1
197 350 1
212 357 1
228 364 1
246 373 1
267 383 1
286 394 1
306 406 1
325 419 1
345 434 1
368 453 1
391 473 1
416 498 1
443 525 1
472 555 1
499 588 1
528 622 1
554 659 1
579 695 1
604 731 1
626 765 1
646 795 1
665 825 1
682 854 1
698 882 1
709 910 1
722 941 1
732 973 1
742 1005 1
750 1038 1
758 1072 1
765 1105 1
771 1143 1
777 1180 1
782 1218 1
788 1258 1
793 1295 1
798 1329 1
801 1357 1
802 1380 1
802 1397 1
802 1411 1
798 1422 1
794 1432 1
789 1443 1
776 1454 1
759 1465 1
735 1476 1
707 1487 1
677 1497 1
641 1505 1
603 1511 1
564 1514 1
524 1515 1
484 1510 1
450 1501 1
417 1489 1
387 1471 1
359 1449 1
332 1423 1
305 1392 1
280 1357 1
252 1317 1
226 1277 1
197 1234 1
174 1198 1
151 1161 1
137 1126 1
128 1083 1
123 1027 1
111 953 1
97 892 1
85 850 1
78 815 1
74 778 1
74 738 1
74 696 1
75 658 1
77 623 1
78 589 1
80 556 1
83 522 1
86 489 1
91 459 1
95 433 1
100 410 1
105 388 1
112 369 1
119 352 1
127 338 1
135 329 1
144 321 1
151 318 1
159 314 1
166 313 1
176 314 1
186 315 1
198 318 1
213 324 1
226 330 1
245 341 1
263 353 1
283 367 1
305 385 1
329 405 1
351 427 1
376 450 1
399 473 1
424 498 1
448 522 1
470 545 1
493 570 1
515 596 1
539 626 1
562 657 1
582 688 1
602 720 1
619 749 1
636 782 1
650 815 1
665 853 1
679 894 1
693 935 1
706 978 1
717 1019 1
727 1055 1
736 1090 1
744 1125 1
751 1161 1
757 1197 1
760 1233 1
761 1272 1
759 1313 1
753 1351 1
747 1385 1
741 1410 1
734 1430 1
726 1447 1
716 1458 1
704 1470 1
689 1477 1
672 1484 1
651 1488 1
627 1489 1
601 1485 1
574 1476 1
546 1465 1
518 1454 1
490 1438 1
459 1420 1
426 1399 1
390 1373 1
353 1343 1
318 1310 1
287 1277 1
261 1249 1
239 1221 1
221 1192 1
205 1152 1
192 1105 1
183 1050 1
174 993 1
161 934 1
149 881 1
136 830 1
126 785 1
118 741 1
113 698 1
109 657 1
106 618 1
107 585 1
110 553 1
112 523 1
118 497 1
122 472 1
128 449 1
133 429 1
138 411 1
143 397 1
147 386 1
151 375 1
156 366 1
160 359 1
167 353 1
176 348 1
188 344 1
203 342 1
220 344 1
241 349 1
266 357 1
295 373 1
329 394 1
366 417 1
405 447 1
443 476 1
477 502 1
510 529 1
538 554 1
564 581 1
589 607 1
612 636 1
632 667 1
650 695 1
665 724 1
679 752 1
693 782 1
705 818 1
716 855 1
729 894 1
741 936 1
753 978 1
766 1023 1
777 1064 1
788 1102 1
797 1138 1
806 1177 1
813 1216 1
820 1255 1
824 1294 1
826 1331 1
826 1365 1
822 1396 1
816 1421 1
811 1443 1
804 1463 1
796 1482 1
784 1503 1
770 1523 1
754 1540 1
736 1555 1
716 1565 1
694 1572 1
672 1574 1
646 1571 1
618 1562 1
589 1545 1
559 1525 1
533 1504 1
508 1484 1
484 1466 1
459 1446 1
432 1425 1
404 1401 1
375 1377 1
347 1351 1
324 1325 1
299 1293 1
277 1258 1
253 1208 1
232 1152 1
215 1097 1
204 1040 1
194 994 1
181 955 1
170 917 1
157 878 1
146 838 1
135 794 1
127 745 1
120 694 1
116 644 1
114 595 1
112 547 1
114 500 1
117 460 1
120 425 1
124 399 1
128 375 1
133 358 1
137 342 1
141 330 1
144 322 1
148 315 1
152 310 1
156 307 1
160 305 1
168 301 1
178 299 1
191 298 1
209 299 1
230 302 1
259 310 1
290 322 1
322 340 1
354 360 1
386 383 1
414 409 1
442 434 1
467 460 1
491 487 1
513 513 1
537 543 1
563 579 1
590 616 1
614 653 1
633 686 1
650 715 1
666 746 1
680 775 1
697 812 1
715 850 1
732 893 1
750 936 1
767 978 1
783 1018 1
796 1056 1
811 1098 1
825 1142 1
839 1189 1
848 1243 1
855 1291 1
858 1334 1
858 1370 1
848 1433 1
837 1458 1
823 1484 1
782 1534 1
758 1555 1
733 1569 1
681 1581 1
654 1578 1
588 1554 1
551 1535 1
515 1513 1
479 1491 1
442 1466 1
404 1437 1
363 1403 1
325 1366 1
290 1326 1
258 1285 1
231 1246 1
207 1207 1
188 1170 1
174 1132 1
161 1086 1
153 1032 1
144 972 1
133 920 1
119 875 1
106 834 1
94 792 1
87 743 1
81 695 1
77 656 1
75 621 1
75 588 1
74 558 1
74 526 1
74 494 1
74 463 1
75 435 1
78 410 1
81 389 1
84 371 1
88 354 1
94 340 1
100 329 1
107 319 1
116 313 1
127 308 1
141 302 1
156 300 1
173 298 1
190 299 1
210 301 1
231 306 1
253 315 1
278 327 1
306 344 1
337 369 1
368 395 1
395 422 1
421 448 1
447 476 1
476 509 1
504 544 1
533 584 1
562 627 1
589 667 1
612 707 1
634 746 1
650 780 1
666 814 1
681 845 1
695 881 1
710 920 1
725 964 1
741 1008 1
755 1052 1
768 1093 1
778 1131 1
785 1166 1
792 1201 1
797 1238 1
801 1278 1
805 1321 1
809 1366 1
811 1407 1
812 1441 1
810 1468 1
807 1493 1
802 1512 1
796 1529 1
788 1541 1
780 1551 1
770 1557 1
758 1562 1
743 1566 1
727 1569 1
706 1569 1
685 1568 1
663 1567 1
642 1564 1
619 1559 1
595 1552 1
572 1545 1
545 1536 1
518 1527 1
489 1516 1
459 1502 1
428 1484 1
398 1460 1
370 1434 1
346 1408 1
324 1382 1
303 1356 1
286 1333 1
271 1311 1
257 1287 1
244 1260 1
228 1229 1
215 1199 1
202 1170 1
192 1143 1
183 1112 1
176 1073 1
170 1010 1
161 940 1
147 872 1
126 759 1
122 714 1
120 668 1
121 622 1
121 575 1
122 529 1
123 492 1
126 458 1
127 429 1
129 403 1
132 378 1
134 359 1
136 342 1
137 328 1
139 320 1
142 314 1
146 309 1
151 304 1
156 302 1
163 300 1
171 298 1
181 299 1
193 300 1
206 302 1
221 307 1
239 314 1
257 325 1
278 337 1
300 351 1
322 368 1
343 385 1
364 404 1
385 423 1
404 442 1
424 463 1
445 485 1
466 508 1
488 534 1
511 562 1
531 587 1
550 611 1
568 637 1
586 663 1
603 690 1
619 719 1
634 748 1
648 778 1
662 809 1
676 840 1
690 873 1
704 906 1
717 940 1
730 975 1
743 1010 1
752 1044 1
760 1077 1
766 1111 1
770 1143 1
772 1174 1
773 1205 1
774 1233 1
772 1259 1
769 1284 1
763 1307 1
757 1327 1
749 1348 1
739 1372 1
729 1399 1
719 1424 1
709 1446 1
698 1465 1
687 1482 1
674 1497 1
658 1511 1
642 1524 1
625 1534 1
603 1540 1
581 1542 1
556 1540 1
532 1532 1
510 1523 1
488 1513 1
470 1502 1
452 1490 1
433 1475 1
413 1459 1
394 1439 1
371 1415 1
349 1389 1
326 1361 1
301 1330 1
274 1295 1
246 1252 1
216 1204 1
192 1152 1
170 1099 1
154 1053 1
143 1006 1
132 959 1
115 913 1
98 872 1
85 844 1
78 824 1
73 805 1
74 784 1
75 761 1
77 735 1
79 709 1
82 681 1
86 655 1
89 628 1
91 599 1
95 567 1
98 535 1
102 503 1
106 473 1
110 444 1
116 417 1
124 393 1
131 376 1
140 360 1
149 349 1
158 339 1
167 332 1
177 327 1
186 323 1
196 320 1
206 318 1
216 318 1
227 319 1
239 321 1
254 327 1
271 336 1
289 347 1
308 363 1
328 382 1
349 405 1
370 429 1
392 456 1
415 486 1
439 517 1
463 548 1
484 580 1
505 610 1
526 639 1
547 669 1
569 700 1
590 730 1
610 762 1
627 792 1
643 821 1
658 849 1
672 876 1
686 902 1
698 932 1
711 965 1
724 999 1
736 1032 1
748 1066 1
758 1097 1
767 1128 1
776 1159 1
780 1190 1
784 1221 1
787 1251 1
786 1279 1
783 1308 1
777 1332 1
771 1357 1
762 1382 1
751 1405 1
740 1424 1
728 1442 1
714 1459 1
700 1475 1
686 1488 1
671 1501 1
656 1510 1
642 1517 1
628 1521 1
614 1522 1
598 1523 1
580 1520 1
563 1516 1
545 1510 1
526 1501 1
505 1485 1
480 1465 1
455 1441 1
429 1413 1
406 1384 1
384 1354 1
363 1322 1
343 1289 1
325 1253 1
308 1217 1
294 1183 1
281 1148 1
270 1114 1
261 1079 1
253 1040 1
244 998 1
235 956 1
225 914 1
214 874 1
201 836 1
187 797 1
174 760 1
162 726 1
150 694 1
139 662 1
128 630 1
121 599 1
115 569 1
111 543 1
109 517 1
109 496 1
109 475 1
111 457 1
114 441 1
118 426 1
121 415 1
125 405 1
129 397 1
135 389 1
141 381 1
148 374 1
156 367 1
164 362 1
173 356 1
184 351 1
196 348 1
210 345 1
224 343 1
240 345 1
259 349 1
278 355 1
299 366 1
322 378 1
346 395 1
371 414 1
399 438 1
428 465 1
457 494 1
487 525 1
516 557 1
542 587 1
565 615 1
584 641 1
600 667 1
616 696 1
631 728 1
647 763 1
662 799 1
676 835 1
689 870 1
700 905 1
713 946 1
727 988 1
742 1036 1
759 1085 1
773 1135 1
785 1184 1
794 1229 1
803 1272 1
809 1311 1
812 1349 1
811 1383 1
807 1412 1
801 1437 1
792 1457 1
782 1477 1
767 1495 1
751 1514 1
732 1532 1
713 1547 1
695 1558 1
679 1563 1
661 1566 1
641 1561 1
619 1554 1
594 1541 1
568 1526 1
542 1509 1
514 1490 1
488 1471 1
461 1448 1
436 1425 1
411 1403 1
388 1377 1
367 1349 1
346 1316 1
326 1269 1
307 1215 1
288 1153 1
270 1093 1
252 1035 1
235 976 1
215 911 1
194 840 1
173 768 1
155 704 1
141 652 1
131 608 1
124 574 1
121 545 1
119 520 1
119 499 1
120 480 1
123 462 1
127 445 1
133 429 1
138 413 1
144 396 1
149 382 1
153 369 1
157 359 1
163 351 1
170 345 1
178 340 1
186 336 1
197 334 1
209 333 1
223 334 1
242 337 1
262 344 1
285 353 1
309 365 1
334 378 1
360 397 1
386 416 1
411 436 1
436 459 1
460 481 1
483 505 1
505 531 1
528 560 1
548 589 1
567 619 1
584 650 1
602 683 1
620 718 1
640 758 1
661 801 1
681 845 1
699 886 1
714 927 1
728 970 1
742 1014 1
758 1061 1
771 1107 1
781 1152 1
789 1192 1
794 1231 1
797 1267 1
799 1302 1
799 1337 1
795 1372 1
789 1406 1
780 1437 1
769 1466 1
758 1490 1
745 1510 1
731 1526 1
719 1538 1
704 1548 1
688 1556 1
670 1560 1
651 1561 1
629 1557 1
604 1549 1
578 1537 1
550 1525 1
523 1512 1
495 1496 1
465 1479 1
433 1459 1
400 1436 1
367 1414 1
338 1393 1
309 1371 1
284 1350 1
261 1328 1
241 1308 1
224 1289 1
209 1271 1
197 1253 1
184 1234 1
171 1209 1
157 1177 1
146 1142 1
138 1105 1
134 1064 1
131 1019 1
127 967 1
118 912 1
104 862 1
94 820 1
87 786 1
84 757 1
83 729 1
83 704 1
85 678 1
87 649 1
89 619 1
90 589 1
93 559 1
95 529 1
98 502 1
101 477 1
103 452 1
106 427 1
110 410 1
114 396 1
118 386 1
122 378 1
128 370 1
134 363 1
140 357 1
149 352 1
162 350 1
179 350 1
196 352 1
214 357 1
234 365 1
256 375 1
281 391 1
310 412 1
341 437 1
372 464 1
404 493 1
436 525 1
469 558 1
507 598 1
546 645 1
586 696 1
627 751 1
663 803 1
696 854 1
724 902 1
750 951 1
769 997 1
786 1042 1
800 1084 1
811 1127 1
821 1169 1
829 1206 1
835 1247 1
839 1286 1
842 1326 1
841 1366 1
839 1401 1
834 1428 1
826 1449 1
816 1467 1
803 1480 1
791 1490 1
774 1496 1
755 1502 1
732 1504 1
706 1504 1
677 1500 1
645 1495 1
613 1487 1
583 1478 1
551 1467 1
521 1454 1
492 1442 1
462 1427 1
436 1411 1
408 1389 1
380 1364 1
352 1336 1
327 1306 1
303 1275 1
279 1245 1
257 1215 1
235 1184 1
214 1152 1
196 1119 1
182 1084 1
171 1045 1
163 1005 1
154 964 1
144 919 1
134 879 1
127 845 1
122 811 1
120 778 1
119 743 1
118 707 1
118 670 1
117 636 1
117 606 1
116 580 1
116 555 1
114 529 1
114 504 1
114 480 1
114 458 1
114 439 1
120 412 1
123 402 1
127 394 1
133 385 1
139 378 1
148 372 1
158 365 1
171 361 1
187 357 1
205 355 1
230 357 1
257 361 1
288 369 1
324 386 1
364 408 1
406 438 1
447 472 1
484 508 1
519 546 1
552 586 1
582 628 1
609 672 1
634 715 1
656 758 1
678 797 1
697 836 1
715 876 1
733 919 1
752 967 1
769 1016 1
782 1059 1
790 1104 1
797 1147 1
801 1188 1
802 1229 1
800 1265 1
796 1297 1
792 1324 1
784 1345 1
777 1364 1
767 1380 1
756 1396 1
743 1411 1
729 1426 1
714 1440 1
697 1451 1
680 1460 1
663 1467 1
646 1472 1
628 1473 1
608 1471 1
588 1467 1
566 1459 1
546 1450 1
525 1441 1
482 1416 1
459 1402 1
437 1389 1
414 1375 1
390 1361 1
365 1346 1
340 1329 1
315 1311 1
291 1291 1
268 1272 1
247 1253 1
227 1233 1
193 1195 1
180 1178 1
168 1160 1
158 1143 1
149 1127 1
142 1111 1
137 1094 1
132 1073 1
126 1047 1
119 1011 1
98 925 1
85 886 1
75 856 1
69 828 1
63 803 1
60 780 1
59 760 1
58 742 1
58 723 1
59 691 1
61 676 1
65 660 1
69 646 1
73 632 1
78 617 1
85 601 1
93 581 1
101 561 1
122 517 1
134 495 1
146 473 1
156 452 1
167 431 1
177 411 1
188 389 1
202 366 1
227 329 1
236 317 1
233 322 0
