556 845 1
556 845 1
556 845 1
556 845 1
556 845 1
557 845 1
560 847 1
565 851 1
571 856 1
577 864 1
583 874 1
588 886 1
592 901 1
594 915 1
595 929 1
593 942 1
589 953 1
584 961 1
579 966 1
574 968 1
568 969 1
563 967 1
558 964 1
552 960 1
546 954 1
539 947 1
533 938 1
527 929 1
522 918 1
517 908 1
513 898 1
509 888 1
506 878 1
505 868 1
504 858 1
505 851 1
506 845 1
509 840 1
513 835 1
518 832 1
525 829 1
532 829 1
542 830 1
553 831 1
564 836 1
575 843 1
586 850 1
596 859 1
606 871 1
614 883 1
621 897 1
628 912 1
630 927 1
631 943 1
630 960 1
627 977 1
622 995 1
607 1022 1
595 1038 1
584 1048 1
571 1058 1
558 1066 1
544 1071 1
530 1074 1
514 1076 1
496 1076 1
476 1071 1
455 1061 1
437 1050 1
422 1035 1
409 1018 1
396 998 1
387 977 1
379 955 1
375 934 1
375 915 1
376 894 1
383 878 1
391 861 1
403 845 1
418 829 1
436 815 1
455 802 1
476 788 1
498 776 1
518 766 1
537 759 1
553 753 1
569 750 1
585 749 1
600 749 1
613 754 1
625 759 1
636 766 1
645 776 1
654 787 1
662 799 1
668 816 1
673 834 1
677 856 1
681 885 1
683 914 1
682 950 1
678 987 1
671 1023 1
662 1058 1
649 1091 1
634 1118 1
616 1142 1
594 1164 1
572 1181 1
549 1195 1
525 1204 1
500 1210 1
477 1211 1
455 1208 1
434 1203 1
416 1192 1
396 1178 1
379 1158 1
362 1136 1
345 1109 1
332 1079 1
321 1048 1
314 1017 1
309 989 1
310 962 1
311 937 1
314 913 1
320 891 1
328 870 1
337 849 1
350 830 1
364 812 1
382 794 1
401 778 1
422 762 1
442 749 1
464 738 1
485 726 1
507 716 1
528 706 1
549 698 1
569 689 1
586 685 1
605 682 1
622 683 1
634 685 1
647 690 1
659 698 1
671 709 1
682 721 1
691 740 1
700 760 1
709 785 1
717 813 1
726 844 1
732 879 1
736 915 1
739 951 1
740 987 1
737 1020 1
733 1050 1
728 1078 1
723 1103 1
713 1130 1
703 1155 1
691 1181 1
678 1207 1
665 1232 1
648 1255 1
632 1275 1
613 1292 1
594 1306 1
573 1316 1
549 1322 1
524 1325 1
497 1324 1
469 1320 1
439 1312 1
408 1300 1
379 1285 1
353 1266 1
329 1247 1
308 1228 1
292 1209 1
279 1192 1
270 1179 1
262 1165 1
255 1151 1
249 1138 1
243 1122 1
238 1105 1
233 1084 1
228 1060 1
223 1030 1
220 996 1
217 958 1
217 918 1
217 879 1
218 842 1
222 806 1
227 776 1
233 749 1
240 725 1
251 703 1
260 686 1
273 669 1
288 654 1
305 640 1
321 629 1
339 619 1
357 610 1
377 602 1
397 597 1
420 592 1
443 588 1
466 585 1
488 583 1
512 584 1
535 585 1
558 588 1
580 591 1
601 597 1
621 602 1
637 609 1
652 617 1
666 626 1
679 636 1
692 647 1
707 661 1
721 677 1
734 693 1
745 710 1
757 727 1
765 747 1
774 765 1
780 782 1
785 801 1
790 819 1
792 839 1
793 860 1
793 882 1
792 906 1
790 931 1
789 956 1
787 981 1
787 1007 1
786 1031 1
784 1054 1
781 1079 1
777 1104 1
773 1129 1
768 1156 1
762 1181 1
756 1206 1
748 1231 1
740 1255 1
730 1279 1
726 1289 1
721 1301 1
709 1323 1
696 1344 1
680 1365 1
662 1384 1
644 1402 1
624 1417 1
604 1430 1
583 1442 1
560 1452 1
539 1459 1
519 1464 1
499 1469 1
481 1471 1
464 1472 1
447 1472 1
431 1467 1
415 1461 1
398 1453 1
379 1440 1
360 1426 1
339 1408 1
320 1391 1
300 1372 1
280 1352 1
260 1332 1
243 1313 1
225 1293 1
208 1274 1
191 1252 1
172 1228 1
156 1204 1
141 1179 1
127 1154 1
119 1129 1
113 1102 1
112 1067 1
109 1027 1
107 980 1
99 930 1
90 888 1
83 863 1
78 842 1
76 824 1
77 803 1
82 782 1
88 758 1
99 732 1
111 706 1
129 677 1
147 652 1
169 627 1
191 603 1
215 579 1
240 558 1
264 538 1
290 522 1
318 508 1
346 496 1
374 486 1
403 479 1
430 475 1
456 473 1
482 474 1
506 475 1
528 478 1
548 483 1
569 489 1
590 496 1
612 505 1
633 516 1
656 529 1
677 543 1
699 559 1
720 574 1
741 591 1
761 609 1
781 627 1
801 646 1
818 665 1
833 684 1
846 702 1
858 719 1
869 737 1
878 756 1
887 775 1
894 795 1
901 815 1
906 837 1
911 861 1
915 886 1
918 910 1
919 934 1
921 960 1
922 983 1
921 1006 1
920 1028 1
919 1049 1
916 1070 1
913 1093 1
910 1114 1
905 1135 1
900 1156 1
894 1176 1
887 1199 1
879 1220 1
872 1240 1
861 1261 1
851 1283 1
839 1303 1
827 1324 1
813 1345 1
798 1366 1
783 1387 1
767 1407 1
750 1427 1
734 1443 1
717 1460 1
701 1473 1
688 1485 1
674 1497 1
660 1508 1
647 1520 1
634 1530 1
623 1539 1
612 1547 1
601 1554 1
591 1558 1
580 1563 1
569 1567 1
557 1571 1
546 1573 1
534 1575 1
522 1577 1
509 1578 1
496 1578 1
484 1576 1
469 1575 1
454 1573 1
439 1570 1
422 1566 1
406 1562 1
390 1559 1
374 1555 1
356 1550 1
337 1545 1
319 1540 1
301 1533 1
282 1528 1
265 1520 1
248 1512 1
230 1502 1
212 1492 1
195 1479 1
178 1465 1
161 1451 1
146 1434 1
133 1416 1
120 1398 1
109 1379 1
99 1361 1
89 1342 1
83 1324 1
76 1307 1
72 1289 1
68 1272 1
66 1256 1
63 1241 1
61 1227 1
59 1212 1
57 1199 1
58 1186 1
57 1176 1
55 1167 1
56 1158 1
56 1147 1
54 1134 1
55 1121 1
55 1115 1
55 1120 0
