74 1202 1
74 1200 1
75 1197 1
77 1193 1
82 1185 1
87 1177 1
96 1167 1
108 1154 1
121 1139 1
142 1122 1
161 1102 1
180 1082 1
209 1047 1
229 1023 1
245 997 1
263 971 1
278 944 1
292 918 1
303 894 1
311 873 1
316 854 1
318 836 1
318 822 1
316 809 1
311 799 1
303 790 1
290 783 1
273 780 1
252 780 1
229 782 1
208 788 1
191 796 1
177 805 1
162 817 1
149 832 1
140 850 1
133 872 1
129 901 1
127 934 1
127 962 1
128 990 1
129 1015 1
136 1034 1
144 1053 1
158 1070 1
173 1088 1
188 1105 1
203 1119 1
215 1129 1
224 1137 1
231 1144 1
235 1148 1
238 1151 1
240 1154 1
241 1156 1
241 1158 1
241 1160 1
240 1162 1
237 1165 1
232 1169 1
225 1173 1
215 1178 1
198 1182 1
180 1186 1
163 1188 1
146 1189 1
132 1187 1
120 1186 1
111 1183 1
103 1180 1
96 1177 1
92 1175 1
88 1173 1
86 1170 1
84 1169 1
85 1170 0
406 1246 1
406 1244 1
409 1241 1
411 1237 1
414 1234 1
418 1228 1
423 1222 1
429 1213 1
436 1202 1
447 1185 1
461 1163 1
480 1136 1
503 1104 1
539 1050 1
558 1016 1
576 984 1
587 953 1
596 926 1
603 901 1
604 880 1
604 862 1
601 847 1
597 837 1
592 830 1
587 824 1
582 820 1
575 816 1
568 813 1
560 811 1
549 809 1
539 809 1
529 807 1
520 808 1
512 809 1
505 810 1
497 812 1
490 814 1
483 823 1
476 832 1
471 844 1
466 859 1
462 876 1
460 898 1
458 922 1
460 949 1
464 975 1
468 1002 1
474 1027 1
481 1047 1
488 1065 1
496 1081 1
503 1095 1
510 1105 1
516 1115 1
521 1122 1
526 1129 1
528 1133 1
531 1136 1
533 1139 1
534 1141 1
535 1144 1
535 1145 1
536 1148 1
536 1151 1
534 1155 1
531 1161 1
527 1168 1
520 1175 1
512 1182 1
504 1188 1
494 1194 1
485 1199 1
474 1203 1
464 1207 1
457 1210 1
450 1211 1
443 1213 1
436 1215 1
429 1217 1
423 1217 1
419 1218 1
417 1219 1
419 1219 0
690 1183 1
690 1181 1
692 1178 1
693 1176 1
697 1172 1
701 1168 1
706 1163 1
712 1156 1
721 1147 1
735 1133 1
751 1115 1
772 1089 1
795 1060 1
821 1025 1
854 968 1
872 933 1
886 903 1
894 872 1
900 847 1
901 824 1
900 804 1
899 788 1
894 777 1
889 769 1
882 765 1
876 760 1
863 756 1
855 758 1
844 759 1
832 765 1
819 771 1
806 780 1
790 793 1
772 809 1
755 827 1
739 848 1
724 870 1
715 893 1
706 917 1
701 940 1
698 961 1
696 981 1
698 1000 1
701 1017 1
707 1033 1
712 1046 1
721 1057 1
727 1065 1
734 1074 1
740 1079 1
744 1085 1
749 1091 1
754 1098 1
759 1105 1
763 1110 1
767 1117 1
772 1123 1
777 1130 1
781 1137 1
785 1144 1
789 1151 1
792 1160 1
796 1166 1
798 1173 1
800 1180 1
800 1185 1
801 1190 1
800 1193 1
797 1197 1
795 1200 1
788 1203 1
778 1208 1
764 1210 1
748 1213 1
734 1214 1
718 1215 1
704 1216 1
693 1216 1
685 1217 1
678 1217 1
674 1217 1
671 1217 1
668 1217 1
666 1217 1
665 1217 1
666 1217 0
