996 443 1
994 443 1
994 443 1
994 443 1
992 476 1
992 501 1
992 528 1
993 562 1
993 599 1
992 657 1
991 712 1
991 756 1
989 795 1
986 827 1
979 860 1
970 889 1
962 912 1
953 932 1
945 949 1
937 962 1
928 973 1
920 980 1
913 985 1
905 988 1
897 989 1
882 989 1
873 986 1
862 977 1
851 965 1
840 949 1
830 929 1
819 905 1
809 882 1
800 859 1
794 840 1
784 812 1
782 800 1
780 791 1
780 782 1
780 777 1
781 773 1
782 772 1
786 772 1
792 773 1
800 779 1
809 785 1
818 795 1
826 808 1
835 823 1
842 843 1
849 866 1
852 891 1
853 917 1
850 943 1
845 968 1
839 994 1
832 1022 1
824 1052 1
818 1083 1
813 1112 1
807 1139 1
802 1167 1
796 1185 1
799 1176 0
597 479 1
602 498 1
612 530 1
621 566 1
629 602 1
636 636 1
645 681 1
650 717 1
653 745 1
654 773 1
656 802 1
656 830 1
658 858 1
659 888 1
660 913 1
663 937 1
668 958 1
671 977 1
673 995 1
674 1005 1
674 1013 1
674 1020 1
672 1027 1
671 1031 1
662 1038 1
651 1041 1
636 1042 1
620 1040 1
604 1038 1
587 1029 1
569 1018 1
549 1003 1
530 985 1
517 969 1
507 951 1
499 932 1
498 904 1
500 868 1
505 824 1
521 795 1
532 776 1
540 769 1
546 767 1
552 768 1
558 773 1
565 780 1
572 795 1
579 817 1
585 843 1
589 876 1
592 910 1
595 944 1
595 978 1
595 1013 1
593 1050 1
590 1086 1
583 1120 1
574 1153 1
566 1183 1
560 1209 1
553 1233 1
548 1253 1
537 1278 1
532 1290 1
536 1281 0
355 510 1
356 517 1
362 539 1
374 574 1
392 626 1
410 673 1
429 730 1
440 771 1
446 799 1
449 827 1
453 856 1
456 886 1
460 918 1
463 949 1
463 974 1
464 999 1
463 1021 1
461 1041 1
459 1062 1
449 1080 1
439 1096 1
431 1106 1
421 1114 1
410 1120 1
398 1122 1
386 1124 1
374 1122 1
363 1118 1
352 1105 1
337 1075 1
321 1033 1
308 981 1
300 941 1
298 913 1
299 903 1
300 896 1
301 893 1
303 890 1
307 889 1
317 898 1
329 911 1
345 936 1
360 965 1
374 1000 1
385 1044 1
391 1087 1
393 1136 1
389 1192 1
375 1250 1
356 1300 1
338 1342 1
320 1376 1
304 1404 1
290 1425 1
278 1439 1
273 1445 1
277 1441 0
164 557 1
164 558 1
164 567 1
166 581 1
171 604 1
179 633 1
187 664 1
199 702 1
211 741 1
234 806 1
241 834 1
250 868 1
255 903 1
258 934 1
259 963 1
259 992 1
257 1020 1
252 1048 1
246 1076 1
237 1106 1
229 1131 1
219 1156 1
209 1170 1
198 1185 1
189 1193 1
181 1198 1
169 1204 1
161 1202 1
151 1198 1
141 1188 1
131 1172 1
122 1154 1
118 1134 1
116 1111 1
124 1054 1
130 1026 1
135 1007 1
138 993 1
142 984 1
145 979 1
150 974 1
155 970 1
160 968 1
164 967 1
172 970 1
176 977 1
182 988 1
186 1003 1
189 1024 1
189 1051 1
186 1083 1
180 1115 1
172 1148 1
161 1185 1
141 1228 1
119 1275 1
96 1322 1
76 1363 1
59 1396 1
51 1413 1
56 1404 0
