52 1408 1
52 1408 1
52 1408 1
52 1408 1
52 1408 1
52 1406 1
52 1406 1
53 1404 1
56 1400 1
60 1393 1
64 1385 1
70 1372 1
75 1359 1
82 1343 1
89 1324 1
96 1303 1
104 1277 1
112 1253 1
122 1222 1
128 1207 1
133 1194 1
137 1182 1
141 1168 1
144 1158 1
145 1147 1
147 1139 1
147 1131 1
147 1124 1
145 1119 1
144 1113 1
141 1107 1
138 1104 1
134 1101 1
132 1100 1
128 1100 1
124 1100 1
118 1100 1
111 1103 1
104 1107 1
93 1121 1
87 1132 1
82 1147 1
77 1162 1
75 1179 1
73 1196 1
71 1214 1
72 1232 1
73 1249 1
74 1264 1
76 1275 1
80 1285 1
85 1295 1
91 1306 1
98 1317 1
104 1326 1
111 1336 1
121 1344 1
130 1352 1
140 1358 1
148 1363 1
155 1365 1
161 1366 1
167 1367 1
173 1365 1
179 1361 1
186 1354 1
193 1344 1
201 1333 1
208 1322 1
216 1310 1
223 1296 1
228 1284 1
233 1273 1
237 1263 1
240 1254 1
243 1245 1
244 1235 1
246 1225 1
247 1214 1
246 1203 1
244 1192 1
243 1181 1
240 1172 1
237 1161 1
233 1152 1
231 1144 1
229 1136 1
227 1133 1
225 1131 1
224 1129 1
224 1129 1
224 1129 1
223 1130 1
220 1132 1
218 1136 1
215 1145 1
209 1158 1
205 1173 1
203 1190 1
199 1209 1
196 1227 1
194 1245 1
192 1262 1
192 1278 1
192 1292 1
194 1305 1
197 1316 1
202 1328 1
206 1336 1
211 1342 1
215 1346 1
220 1351 1
224 1354 1
228 1355 1
230 1356 1
234 1356 1
239 1354 1
245 1350 1
252 1345 1
259 1335 1
267 1325 1
275 1311 1
284 1295 1
292 1275 1
301 1256 1
308 1238 1
315 1221 1
321 1206 1
326 1193 1
330 1182 1
333 1172 1
336 1162 1
338 1153 1
339 1146 1
340 1139 1
340 1133 1
339 1129 1
337 1124 1
335 1120 1
333 1118 1
331 1115 1
328 1113 1
326 1111 1
325 1112 1
323 1112 1
320 1113 1
316 1115 1
312 1121 1
308 1126 1
304 1137 1
301 1151 1
299 1168 1
299 1189 1
299 1211 1
302 1235 1
305 1258 1
308 1278 1
311 1297 1
316 1315 1
320 1328 1
323 1340 1
327 1349 1
329 1355 1
332 1360 1
335 1364 1
338 1367 1
341 1368 1
344 1369 1
349 1370 1
352 1368 1
356 1364 1
360 1359 1
364 1350 1
368 1340 1
372 1328 1
375 1315 1
378 1302 1
380 1286 1
382 1270 1
384 1254 1
385 1237 1
386 1222 1
386 1210 1
386 1199 1
385 1191 1
385 1183 1
385 1176 1
385 1169 1
383 1162 1
383 1156 1
383 1151 1
381 1147 1
379 1144 1
377 1142 1
375 1141 1
373 1139 1
372 1140 1
370 1140 1
368 1141 1
366 1144 1
362 1147 1
359 1153 1
354 1163 1
351 1174 1
349 1186 1
347 1201 1
347 1216 1
348 1233 1
351 1251 1
354 1269 1
359 1287 1
364 1304 1
369 1315 1
373 1326 1
377 1333 1
381 1338 1
386 1344 1
390 1347 1
394 1350 1
398 1351 1
402 1351 1
405 1351 1
410 1346 1
414 1340 1
418 1333 1
423 1321 1
427 1307 1
432 1290 1
436 1273 1
439 1260 1
441 1246 1
444 1234 1
446 1222 1
449 1212 1
450 1202 1
451 1196 1
453 1189 1
454 1185 1
454 1180 1
454 1175 1
453 1170 1
453 1166 1
451 1161 1
449 1157 1
447 1152 1
445 1149 1
443 1146 1
441 1145 1
440 1146 1
440 1146 1
438 1146 1
436 1148 1
435 1151 1
434 1156 1
432 1166 1
432 1181 1
433 1197 1
433 1217 1
435 1235 1
437 1253 1
440 1269 1
442 1286 1
444 1299 1
445 1312 1
448 1323 1
451 1333 1
454 1340 1
457 1347 1
460 1353 1
465 1358 1
469 1362 1
472 1364 1
476 1367 1
480 1367 1
485 1367 1
489 1366 1
494 1363 1
500 1359 1
506 1354 1
512 1345 1
518 1337 1
523 1326 1
529 1317 1
532 1304 1
535 1294 1
537 1284 1
539 1276 1
540 1268 1
541 1261 1
541 1254 1
540 1247 1
538 1241 1
537 1234 1
536 1226 1
533 1217 1
531 1212 1
526 1203 1
524 1198 1
521 1192 1
518 1189 1
516 1186 1
514 1183 1
513 1182 1
512 1182 1
510 1182 1
509 1182 1
507 1183 1
506 1185 1
504 1189 1
501 1196 1
498 1208 1
495 1221 1
494 1238 1
493 1256 1
491 1274 1
492 1290 1
493 1304 1
493 1315 1
494 1325 1
496 1332 1
498 1338 1
501 1344 1
505 1349 1
508 1354 1
512 1357 1
517 1361 1
523 1363 1
527 1364 1
532 1364 1
536 1362 1
542 1360 1
549 1354 1
556 1347 1
564 1339 1
571 1329 1
577 1319 1
583 1308 1
590 1296 1
597 1282 1
602 1269 1
608 1259 1
613 1250 1
615 1241 1
617 1232 1
619 1222 1
620 1212 1
618 1203 1
616 1195 1
612 1188 1
608 1181 1
606 1177 1
602 1174 1
600 1171 1
598 1170 1
596 1170 1
595 1168 1
594 1169 1
592 1171 1
590 1174 1
588 1178 1
586 1185 1
583 1194 1
580 1206 1
577 1220 1
575 1236 1
574 1254 1
573 1270 1
573 1286 1
574 1301 1
577 1314 1
580 1326 1
584 1335 1
588 1343 1
593 1351 1
598 1358 1
604 1365 1
609 1370 1
615 1374 1
619 1378 1
624 1380 1
628 1381 1
631 1380 1
634 1380 1
638 1377 1
643 1374 1
647 1370 1
654 1364 1
661 1356 1
668 1345 1
673 1335 1
681 1323 1
687 1310 1
692 1295 1
697 1280 1
700 1264 1
703 1248 1
705 1232 1
706 1216 1
705 1205 1
703 1193 1
702 1185 1
700 1179 1
696 1174 1
693 1169 1
689 1165 1
684 1162 1
680 1161 1
677 1159 1
674 1160 1
672 1160 1
669 1163 1
665 1169 1
661 1177 1
657 1186 1
654 1199 1
652 1214 1
653 1235 1
654 1257 1
657 1279 1
661 1300 1
666 1317 1
672 1332 1
678 1346 1
687 1358 1
696 1372 1
706 1386 1
717 1397 1
726 1406 1
734 1411 1
731 1409 0
