508 374 1
508 374 1
508 374 1
508 374 1
507 374 1
505 374 1
502 375 1
496 380 1
486 387 1
470 399 1
451 413 1
429 428 1
410 443 1
392 458 1
376 472 1
359 490 1
349 500 1
343 508 1
335 519 1
326 536 1
320 551 1
314 567 1
311 585 1
307 603 1
304 622 1
300 640 1
295 659 1
289 679 1
282 701 1
276 724 1
269 747 1
260 771 1
251 794 1
243 816 1
237 833 1
231 849 1
225 867 1
220 886 1
217 905 1
214 928 1
212 952 1
213 976 1
213 998 1
213 1020 1
214 1040 1
216 1062 1
218 1087 1
222 1115 1
225 1142 1
227 1168 1
228 1199 1
228 1232 1
227 1264 1
227 1295 1
227 1323 1
225 1350 1
225 1375 1
223 1396 1
221 1414 1
220 1430 1
220 1443 1
219 1454 1
219 1465 1
220 1485 1
225 1501 1
238 1518 1
251 1532 1
267 1541 1
286 1549 1
312 1555 1
342 1556 1
370 1551 1
401 1538 1
429 1523 1
458 1505 1
485 1485 1
509 1464 1
531 1442 1
549 1422 1
564 1403 1
578 1379 1
590 1354 1
600 1331 1
606 1304 1
611 1274 1
619 1235 1
626 1194 1
632 1157 1
635 1126 1
638 1102 1
643 1075 1
648 1047 1
656 1012 1
667 976 1
680 938 1
697 901 1
713 867 1
729 831 1
743 795 1
760 760 1
776 723 1
792 688 1
806 654 1
818 622 1
827 593 1
834 565 1
839 535 1
844 503 1
847 469 1
851 433 1
854 396 1
853 361 1
847 328 1
837 302 1
823 278 1
806 258 1
787 241 1
767 226 1
745 217 1
720 210 1
692 210 1
658 215 1
622 226 1
586 239 1
554 254 1
523 272 1
491 295 1
463 323 1
437 353 1
417 383 1
400 410 1
387 436 1
376 461 1
368 491 1
360 525 1
353 563 1
344 598 1
335 631 1
324 662 1
311 694 1
294 723 1
277 751 1
260 777 1
243 803 1
227 826 1
215 849 1
205 871 1
195 895 1
186 919 1
179 944 1
171 971 1
163 998 1
155 1024 1
151 1050 1
146 1076 1
144 1102 1
143 1131 1
144 1160 1
149 1192 1
156 1223 1
163 1252 1
170 1280 1
176 1308 1
181 1331 1
185 1350 1
186 1366 1
185 1380 1
184 1390 1
181 1399 1
176 1408 1
171 1418 1
165 1429 1
157 1441 1
151 1454 1
146 1466 1
142 1480 1
140 1498 1
140 1517 1
143 1535 1
149 1552 1
159 1566 1
171 1580 1
184 1589 1
202 1597 1
222 1600 1
248 1597 1
276 1591 1
307 1578 1
339 1561 1
368 1540 1
397 1516 1
427 1489 1
455 1459 1
480 1431 1
501 1405 1
517 1381 1
529 1353 1
541 1321 1
551 1287 1
561 1250 1
571 1213 1
580 1174 1
591 1134 1
600 1096 1
610 1058 1
623 1024 1
636 994 1
652 964 1
669 934 1
688 899 1
711 859 1
735 816 1
757 778 1
775 746 1
789 714 1
800 683 1
813 648 1
825 610 1
837 575 1
848 543 1
854 515 1
860 490 1
864 465 1
867 440 1
867 414 1
866 389 1
865 363 1
859 337 1
850 314 1
836 290 1
819 268 1
798 252 1
778 239 1
755 232 1
732 226 1
707 226 1
682 226 1
652 230 1
623 237 1
593 248 1
563 265 1
531 285 1
497 309 1
463 334 1
433 359 1
403 385 1
378 410 1
353 438 1
330 466 1
309 497 1
292 532 1
280 566 1
272 599 1
266 633 1
262 666 1
255 698 1
248 729 1
241 759 1
234 786 1
226 815 1
220 843 1
211 871 1
204 901 1
197 931 1
190 963 1
182 994 1
174 1025 1
167 1053 1
159 1082 1
151 1112 1
146 1144 1
144 1175 1
143 1210 1
143 1243 1
145 1273 1
148 1304 1
155 1335 1
168 1366 1
181 1395 1
196 1418 1
212 1438 1
228 1456 1
244 1472 1
260 1485 1
279 1497 1
300 1508 1
323 1517 1
348 1523 1
372 1525 1
394 1524 1
414 1520 1
437 1513 1
460 1504 1
483 1491 1
504 1476 1
520 1460 1
534 1443 1
543 1424 1
550 1404 1
556 1376 1
561 1344 1
566 1303 1
571 1260 1
578 1218 1
587 1179 1
597 1143 1
605 1111 1
615 1080 1
628 1047 1
642 1014 1
660 985 1
678 960 1
696 939 1
711 919 1
728 899 1
745 876 1
765 850 1
783 825 1
802 799 1
815 776 1
827 754 1
837 731 1
848 705 1
860 668 1
871 625 1
880 584 1
884 550 1
885 524 1
880 500 1
873 478 1
861 455 1
847 430 1
832 404 1
818 379 1
803 361 1
791 348 1
780 338 1
769 330 1
760 322 1
750 316 1
738 310 1
725 304 1
708 299 1
686 298 1
663 299 1
633 307 1
601 318 1
568 333 1
536 351 1
505 369 1
478 392 1
450 417 1
422 443 1
395 471 1
370 506 1
346 544 1
330 584 1
318 618 1
307 649 1
298 680 1
291 712 1
283 749 1
277 786 1
273 826 1
270 868 1
265 910 1
263 949 1
258 987 1
253 1023 1
245 1059 1
237 1095 1
228 1133 1
216 1171 1
204 1211 1
195 1251 1
184 1292 1
177 1330 1
173 1366 1
170 1398 1
170 1425 1
172 1449 1
176 1469 1
182 1487 1
188 1506 1
197 1525 1
212 1540 1
229 1550 1
248 1557 1
271 1556 1
299 1548 1
329 1534 1
358 1519 1
386 1502 1
414 1482 1
438 1463 1
458 1443 1
474 1424 1
486 1406 1
496 1387 1
502 1365 1
509 1337 1
511 1300 1
513 1262 1
513 1223 1
513 1187 1
515 1159 1
518 1134 1
525 1110 1
533 1085 1
544 1060 1
559 1033 1
578 1005 1
595 981 1
614 960 1
632 935 1
652 908 1
670 875 1
689 843 1
704 810 1
719 778 1
733 748 1
750 717 1
767 683 1
788 642 1
809 601 1
825 565 1
836 533 1
844 509 1
852 488 1
857 466 1
862 442 1
866 420 1
867 400 1
864 383 1
858 366 1
851 349 1
841 331 1
829 314 1
812 297 1
794 282 1
773 271 1
754 264 1
735 260 1
714 260 1
693 263 1
670 273 1
646 285 1
620 306 1
595 328 1
571 352 1
549 377 1
523 409 1
501 442 1
480 473 1
462 501 1
441 531 1
418 564 1
391 596 1
364 626 1
338 654 1
312 678 1
291 701 1
275 720 1
261 740 1
249 759 1
238 778 1
230 796 1
223 816 1
219 838 1
214 860 1
209 882 1
204 904 1
198 925 1
191 949 1
183 973 1
173 997 1
162 1019 1
151 1040 1
141 1058 1
132 1078 1
123 1098 1
117 1120 1
111 1143 1
106 1168 1
101 1194 1
98 1221 1
95 1247 1
95 1275 1
95 1300 1
97 1325 1
102 1350 1
109 1377 1
120 1403 1
132 1426 1
144 1445 1
158 1461 1
173 1476 1
188 1489 1
206 1501 1
226 1513 1
248 1521 1
271 1527 1
294 1530 1
319 1532 1
343 1530 1
363 1527 1
382 1523 1
400 1519 1
420 1512 1
443 1502 1
467 1490 1
492 1476 1
516 1460 1
538 1443 1
561 1425 1
582 1405 1
602 1385 1
621 1363 1
638 1340 1
652 1319 1
663 1295 1
672 1273 1
679 1247 1
686 1222 1
690 1198 1
695 1175 1
698 1151 1
700 1127 1
701 1101 1
701 1072 1
701 1042 1
700 1016 1
698 992 1
697 970 1
695 947 1
692 920 1
687 892 1
682 857 1
676 822 1
668 786 1
660 754 1
652 726 1
644 704 1
636 682 1
631 660 1
626 638 1
625 617 1
626 592 1
633 568 1
646 541 1
661 513 1
680 485 1
700 458 1
720 428 1
740 396 1
758 365 1
776 336 1
793 312 1
807 292 1
816 275 1
823 261 1
828 246 1
832 233 1
834 219 1
834 208 1
832 199 1
829 192 1
824 184 1
816 177 1
804 169 1
785 163 1
758 161 1
725 162 1
684 169 1
645 180 1
609 196 1
578 213 1
552 231 1
527 251 1
503 277 1
479 306 1
455 343 1
430 380 1
406 414 1
384 446 1
359 477 1
329 514 1
298 552 1
272 589 1
249 622 1
230 650 1
213 677 1
200 703 1
188 730 1
180 755 1
173 778 1
169 800 1
168 820 1
166 841 1
165 866 1
164 893 1
162 923 1
159 951 1
152 979 1
142 1008 1
133 1037 1
122 1064 1
111 1087 1
103 1105 1
96 1122 1
91 1136 1
86 1153 1
84 1172 1
84 1195 1
84 1218 1
86 1244 1
89 1271 1
96 1298 1
103 1325 1
113 1350 1
122 1375 1
137 1398 1
155 1419 1
174 1437 1
197 1452 1
220 1463 1
247 1470 1
275 1472 1
307 1466 1
343 1455 1
380 1438 1
418 1417 1
446 1394 1
473 1371 1
497 1348 1
520 1324 1
544 1302 1
567 1283 1
587 1265 1
606 1249 1
623 1229 1
639 1207 1
651 1185 1
659 1159 1
665 1133 1
671 1108 1
679 1081 1
685 1054 1
691 1025 1
697 996 1
703 966 1
708 936 1
715 906 1
719 879 1
722 852 1
723 824 1
724 794 1
724 765 1
727 738 1
729 715 1
731 693 1
733 673 1
735 653 1
742 632 1
753 607 1
768 581 1
782 558 1
793 536 1
804 516 1
812 496 1
823 475 1
832 454 1
843 429 1
854 402 1
861 376 1
868 348 1
872 322 1
873 300 1
871 280 1
867 264 1
861 248 1
852 235 1
843 223 1
832 214 1
820 206 1
803 199 1
785 196 1
765 197 1
742 201 1
720 209 1
702 218 1
684 227 1
667 238 1
650 250 1
635 262 1
620 276 1
601 292 1
581 311 1
558 333 1
535 354 1
514 374 1
494 394 1
475 412 1
458 428 1
441 448 1
423 472 1
403 501 1
382 531 1
364 558 1
350 585 1
339 610 1
330 635 1
318 660 1
303 686 1
287 711 1
269 739 1
252 758 1
238 779 1
223 794 1
209 809 1
196 823 1
183 838 1
172 855 1
162 874 1
153 899 1
146 930 1
139 965 1
131 1005 1
120 1045 1
108 1084 1
99 1121 1
93 1160 1
89 1197 1
87 1235 1
88 1269 1
90 1300 1
96 1326 1
105 1351 1
116 1372 1
129 1391 1
151 1413 1
177 1431 1
203 1448 1
229 1461 1
255 1471 1
282 1478 1
308 1481 1
334 1483 1
361 1477 1
389 1464 1
415 1445 1
437 1424 1
455 1403 1
470 1383 1
481 1364 1
489 1347 1
495 1330 1
501 1310 1
506 1282 1
514 1250 1
522 1214 1
529 1184 1
537 1155 1
546 1130 1
557 1103 1
570 1074 1
585 1043 1
598 1015 1
609 988 1
618 968 1
627 950 1
636 930 1
648 903 1
658 872 1
670 837 1
680 804 1
690 779 1
700 755 1
709 733 1
719 709 1
734 677 1
750 644 1
770 607 1
794 571 1
815 540 1
830 516 1
841 495 1
849 479 1
857 463 1
864 443 1
870 419 1
878 389 1
883 362 1
888 332 1
889 308 1
889 288 1
886 273 1
883 260 1
875 250 1
866 242 1
854 233 1
836 225 1
819 219 1
803 217 1
782 215 1
761 218 1
742 222 1
724 227 1
709 235 1
695 242 1
683 250 1
668 261 1
650 274 1
629 289 1
602 307 1
575 330 1
548 350 1
522 368 1
499 388 1
476 407 1
454 424 1
433 443 1
411 461 1
390 482 1
368 508 1
349 536 1
333 566 1
319 593 1
308 619 1
298 645 1
287 671 1
278 699 1
270 726 1
262 751 1
254 773 1
246 791 1
240 807 1
232 821 1
226 832 1
219 843 1
214 853 1
208 866 1
203 881 1
197 902 1
189 931 1
182 963 1
172 997 1
163 1030 1
154 1062 1
145 1093 1
138 1121 1
134 1147 1
131 1172 1
129 1195 1
126 1218 1
126 1238 1
126 1257 1
126 1274 1
127 1293 1
128 1311 1
132 1328 1
134 1349 1
138 1370 1
143 1392 1
148 1413 1
155 1434 1
162 1455 1
168 1479 1
177 1505 1
185 1530 1
192 1549 1
199 1565 1
208 1579 1
218 1591 1
231 1602 1
244 1609 1
263 1612 1
288 1606 1
317 1592 1
349 1569 1
372 1546 1
393 1524 1
412 1501 1
431 1480 1
447 1461 1
460 1441 1
471 1420 1
484 1398 1
495 1371 1
509 1343 1
524 1314 1
539 1289 1
553 1265 1
568 1242 1
583 1215 1
599 1186 1
615 1159 1
627 1135 1
638 1113 1
647 1095 1
656 1075 1
665 1051 1
672 1025 1
677 998 1
679 970 1
680 945 1
679 922 1
677 899 1
674 874 1
669 844 1
666 815 1
664 788 1
665 765 1
666 742 1
669 721 1
671 700 1
675 680 1
680 658 1
686 638 1
693 618 1
701 599 1
710 578 1
719 559 1
730 535 1
744 511 1
758 487 1
774 464 1
788 439 1
803 414 1
819 388 1
835 360 1
847 336 1
859 313 1
867 292 1
873 274 1
877 259 1
879 247 1
878 236 1
875 225 1
868 214 1
861 203 1
852 194 1
841 185 1
829 180 1
815 176 1
799 174 1
776 176 1
750 180 1
727 189 1
706 198 1
684 211 1
662 224 1
638 239 1
614 254 1
590 270 1
570 286 1
543 306 1
517 328 1
493 347 1
473 367 1
451 389 1
429 413 1
407 437 1
386 463 1
368 489 1
349 521 1
332 554 1
317 588 1
308 616 1
298 643 1
287 671 1
274 702 1
261 729 1
247 754 1
234 773 1
223 790 1
211 806 1
201 820 1
191 833 1
181 844 1
173 855 1
165 868 1
157 885 1
150 905 1
144 930 1
137 958 1
131 988 1
126 1016 1
122 1045 1
117 1073 1
115 1101 1
113 1131 1
114 1160 1
114 1190 1
115 1220 1
117 1249 1
119 1277 1
120 1305 1
122 1332 1
125 1358 1
129 1381 1
135 1402 1
142 1421 1
155 1437 1
170 1454 1
191 1468 1
216 1481 1
244 1492 1
273 1501 1
302 1507 1
332 1510 1
361 1512 1
391 1511 1
421 1506 1
448 1495 1
475 1480 1
498 1460 1
517 1438 1
535 1414 1
551 1387 1
568 1358 1
586 1326 1
603 1292 1
619 1256 1
635 1218 1
645 1181 1
653 1149 1
661 1122 1
667 1097 1
672 1069 1
678 1035 1
683 996 1
688 955 1
692 916 1
696 887 1
699 861 1
702 839 1
706 818 1
713 795 1
721 771 1
728 748 1
736 728 1
744 709 1
752 694 1
762 677 1
772 659 1
782 641 1
793 622 1
804 604 1
813 585 1
821 568 1
827 553 1
835 537 1
843 519 1
853 496 1
865 474 1
874 451 1
882 432 1
886 418 1
891 407 1
893 396 1
892 383 1
890 369 1
887 349 1
883 328 1
875 307 1
867 288 1
857 273 1
846 261 1
833 247 1
823 237 1
812 228 1
803 221 1
792 216 1
780 210 1
764 207 1
744 205 1
720 203 1
695 206 1
667 212 1
640 220 1
614 229 1
592 238 1
576 245 1
562 250 1
552 257 1
540 265 1
528 272 1
516 281 1
504 290 1
491 301 1
477 316 1
464 330 1
450 344 1
440 355 1
429 368 1
416 380 1
403 394 1
391 406 1
378 416 1
365 426 1
351 436 1
337 449 1
322 463 1
308 478 1
295 497 1
281 518 1
268 539 1
256 560 1
247 581 1
238 601 1
232 621 1
226 640 1
222 658 1
217 677 1
214 694 1
209 711 1
204 729 1
197 749 1
190 768 1
182 787 1
173 806 1
165 825 1
158 844 1
151 866 1
146 889 1
141 914 1
136 939 1
133 964 1
130 989 1
127 1014 1
125 1035 1
122 1056 1
121 1075 1
121 1093 1
121 1109 1
123 1125 1
128 1144 1
133 1165 1
139 1187 1
147 1208 1
155 1229 1
164 1250 1
172 1272 1
183 1292 1
192 1312 1
201 1332 1
212 1352 1
221 1371 1
230 1389 1
238 1405 1
245 1421 1
253 1439 1
263 1458 1
272 1475 1
281 1491 1
290 1506 1
304 1522 1
317 1535 1
337 1548 1
359 1557 1
382 1562 1
404 1564 1
428 1562 1
458 1552 1
485 1539 1
508 1526 1
528 1514 1
542 1500 1
556 1485 1
570 1468 1
582 1445 1
593 1420 1
600 1399 1
607 1380 1
611 1360 1
614 1340 1
618 1312 1
623 1280 1
629 1244 1
634 1217 1
639 1193 1
644 1174 1
648 1154 1
654 1129 1
660 1103 1
667 1075 1
672 1050 1
674 1031 1
676 1014 1
678 1000 1
680 985 1
684 967 1
689 948 1
694 928 1
699 909 1
705 891 1
710 873 1
715 853 1
722 830 1
730 807 1
739 784 1
746 764 1
753 742 1
758 722 1
763 700 1
770 680 1
776 659 1
784 639 1
793 619 1
801 599 1
811 579 1
820 558 1
829 538 1
835 516 1
841 491 1
846 465 1
853 439 1
858 413 1
860 390 1
862 370 1
860 353 1
859 340 1
855 328 1
851 317 1
845 307 1
836 297 1
827 286 1
816 277 1
805 271 1
795 264 1
783 259 1
771 253 1
760 251 1
745 247 1
729 247 1
713 248 1
694 251 1
672 257 1
649 266 1
628 278 1
605 293 1
581 313 1
552 340 1
523 368 1
500 392 1
481 412 1
466 427 1
452 438 1
438 451 1
425 463 1
410 475 1
393 488 1
378 500 1
360 516 1
340 534 1
321 556 1
304 575 1
289 596 1
277 615 1
266 636 1
256 658 1
246 681 1
236 705 1
227 728 1
215 754 1
204 779 1
195 802 1
187 823 1
179 845 1
174 866 1
170 890 1
167 917 1
167 943 1
167 969 1
168 994 1
169 1018 1
169 1041 1
170 1062 1
171 1084 1
173 1107 1
174 1134 1
176 1162 1
176 1186 1
178 1211 1
180 1233 1
183 1251 1
184 1267 1
186 1284 1
189 1301 1
194 1317 1
200 1332 1
207 1350 1
216 1368 1
226 1386 1
235 1401 1
246 1417 1
257 1432 1
269 1448 1
285 1462 1
301 1474 1
321 1485 1
341 1494 1
362 1499 1
384 1502 1
408 1498 1
429 1492 1
448 1480 1
464 1467 1
478 1454 1
490 1440 1
501 1426 1
511 1412 1
519 1394 1
530 1368 1
542 1333 1
559 1287 1
575 1243 1
593 1206 1
611 1175 1
629 1142 1
645 1115 1
660 1087 1
673 1059 1
684 1033 1
694 1009 1
701 986 1
706 966 1
711 950 1
716 929 1
720 909 1
724 882 1
726 856 1
729 832 1
731 809 1
734 789 1
737 771 1
740 756 1
745 738 1
751 720 1
759 701 1
766 682 1
772 662 1
778 642 1
783 623 1
789 605 1
793 587 1
797 570 1
800 555 1
802 534 1
806 513 1
810 491 1
812 473 1
814 457 1
815 443 1
817 431 1
817 415 1
817 400 1
814 386 1
811 372 1
803 356 1
792 341 1
779 327 1
763 313 1
743 302 1
723 294 1
704 287 1
686 286 1
667 287 1
651 291 1
634 297 1
617 305 1
600 313 1
586 322 1
570 330 1
554 340 1
534 350 1
511 359 1
489 367 1
467 376 1
444 390 1
419 406 1
395 421 1
374 436 1
353 451 1
336 468 1
319 486 1
303 507 1
286 531 1
268 555 1
251 580 1
234 608 1
217 636 1
203 667 1
188 696 1
175 728 1
166 758 1
158 787 1
152 814 1
147 841 1
142 868 1
138 900 1
134 940 1
131 979 1
128 1016 1
125 1048 1
121 1076 1
118 1102 1
116 1125 1
116 1148 1
117 1170 1
118 1191 1
119 1211 1
119 1234 1
120 1259 1
124 1288 1
129 1320 1
137 1356 1
148 1393 1
161 1427 1
176 1456 1
192 1480 1
206 1501 1
222 1521 1
238 1539 1
255 1553 1
273 1563 1
292 1571 1
315 1576 1
342 1578 1
370 1575 1
393 1565 1
417 1548 1
438 1526 1
458 1500 1
476 1477 1
492 1454 1
507 1429 1
521 1405 1
535 1376 1
548 1341 1
559 1306 1
568 1273 1
576 1243 1
581 1218 1
588 1195 1
596 1171 1
605 1143 1
614 1113 1
623 1082 1
632 1055 1
640 1033 1
646 1014 1
652 997 1
658 978 1
666 958 1
677 935 1
688 908 1
701 879 1
714 848 1
727 818 1
740 791 1
752 769 1
763 749 1
773 728 1
782 706 1
794 680 1
805 655 1
816 631 1
828 608 1
840 585 1
849 565 1
858 546 1
866 526 1
872 503 1
874 480 1
877 455 1
878 430 1
877 407 1
874 384 1
869 361 1
861 339 1
852 321 1
843 303 1
832 291 1
822 281 1
809 273 1
794 265 1
777 259 1
760 255 1
736 253 1
712 253 1
686 255 1
661 259 1
640 265 1
618 273 1
595 283 1
570 294 1
542 306 1
515 318 1
491 328 1
467 337 1
446 349 1
424 362 1
402 379 1
381 397 1
360 417 1
340 439 1
321 462 1
304 485 1
288 510 1
271 537 1
257 567 1
245 597 1
234 625 1
224 653 1
215 680 1
206 707 1
197 734 1
189 763 1
183 793 1
180 823 1
177 854 1
173 890 1
170 928 1
164 969 1
157 1009 1
153 1046 1
149 1077 1
144 1106 1
142 1131 1
139 1158 1
138 1184 1
138 1212 1
140 1239 1
142 1264 1
146 1290 1
152 1316 1
160 1340 1
170 1366 1
183 1392 1
199 1415 1
216 1438 1
235 1458 1
254 1477 1
272 1493 1
291 1505 1
310 1513 1
330 1516 1
353 1515 1
379 1509 1
407 1497 1
438 1476 1
469 1454 1
502 1422 1
537 1383 1
574 1336 1
607 1286 1
637 1236 1
658 1194 1
677 1156 1
694 1121 1
708 1086 1
723 1043 1
731 1002 1
739 966 1
744 935 1
747 907 1
749 878 1
752 847 1
756 813 1
758 781 1
759 749 1
762 720 1
765 692 1
769 665 1
776 638 1
784 607 1
792 576 1
799 547 1
804 521 1
810 499 1
818 477 1
823 457 1
830 437 1
833 417 1
836 396 1
838 377 1
837 356 1
835 335 1
832 317 1
828 301 1
823 290 1
817 281 1
811 273 1
806 268 1
800 263 1
792 259 1
783 253 1
774 248 1
764 244 1
754 239 1
740 236 1
726 232 1
711 230 1
693 229 1
676 229 1
660 231 1
643 234 1
626 239 1
608 247 1
591 256 1
572 268 1
554 282 1
535 295 1
516 308 1
502 318 1
488 326 1
476 335 1
463 342 1
450 350 1
438 357 1
427 364 1
416 372 1
401 382 1
384 395 1
364 408 1
346 423 1
329 437 1
314 453 1
300 471 1
287 489 1
276 508 1
265 528 1
255 546 1
244 566 1
234 588 1
223 610 1
211 629 1
199 646 1
188 661 1
179 675 1
168 688 1
160 700 1
151 712 1
140 728 1
130 744 1
120 759 1
111 775 1
103 789 1
97 803 1
94 818 1
91 835 1
92 851 1
97 893 1
102 939 1
104 982 1
105 1018 1
103 1040 1
101 1057 1
98 1071 1
95 1086 1
94 1099 1
95 1113 1
97 1128 1
100 1147 1
105 1167 1
113 1189 1
121 1213 1
131 1239 1
140 1265 1
149 1290 1
159 1316 1
171 1338 1
184 1361 1
199 1385 1
215 1404 1
230 1421 1
246 1438 1
263 1453 1
280 1466 1
294 1476 1
307 1487 1
317 1497 1
329 1509 1
342 1522 1
356 1533 1
369 1541 1
381 1548 1
393 1552 1
408 1555 1
429 1556 1
452 1553 1
478 1543 1
503 1532 1
528 1517 1
551 1499 1
571 1481 1
590 1461 1
606 1443 1
617 1423 1
627 1406 1
634 1389 1
641 1371 1
646 1349 1
650 1325 1
654 1301 1
657 1280 1
660 1262 1
663 1244 1
666 1227 1
668 1210 1
670 1193 1
674 1177 1
680 1161 1
686 1146 1
691 1133 1
697 1120 1
703 1107 1
711 1092 1
718 1074 1
724 1056 1
730 1038 1
735 1019 1
739 1001 1
744 983 1
747 961 1
750 941 1
754 924 1
756 908 1
759 896 1
762 885 1
766 875 1
771 866 1
776 860 1
781 853 1
787 845 1
795 837 1
803 830 1
812 821 1
821 810 1
829 799 1
834 787 1
839 778 1
844 769 1
847 760 1
850 748 1
855 733 1
856 716 1
858 701 1
859 685 1
859 670 1
859 655 1
857 640 1
857 627 1
857 614 1
857 601 1
857 586 1
859 570 1
861 555 1
865 541 1
868 526 1
871 513 1
875 501 1
876 491 1
878 483 1
880 476 1
882 469 1
884 462 1
886 457 1
887 453 1
888 448 1
890 444 1
891 439 1
893 432 1
896 423 1
899 415 1
901 408 1
903 403 1
904 396 1
906 389 1
906 379 1
906 370 1
906 363 1
907 356 1
907 352 1
906 348 1
906 344 1
905 339 1
903 335 1
901 328 1
897 320 1
890 310 1
884 301 1
876 290 1
870 281 1
863 274 1
859 268 1
853 263 1
850 260 1
845 256 1
839 252 1
835 249 1
828 245 1
820 243 1
810 241 1
799 240 1
786 240 1
769 242 1
751 247 1
731 253 1
712 262 1
681 282 1
664 295 1
646 311 1
626 325 1
603 339 1
579 352 1
554 364 1
533 375 1
515 386 1
500 397 1
486 407 1
473 415 1
461 424 1
449 431 1
439 438 1
429 444 1
420 450 1
414 457 1
407 465 1
400 475 1
392 487 1
384 501 1
375 520 1
363 539 1
354 557 1
344 574 1
337 588 1
330 601 1
322 613 1
312 625 1
301 634 1
289 643 1
275 653 1
263 662 1
251 672 1
241 681 1
230 691 1
221 701 1
213 713 1
205 727 1
199 740 1
192 755 1
186 771 1
179 787 1
173 804 1
168 823 1
162 841 1
156 859 1
151 876 1
146 894 1
142 914 1
138 936 1
133 956 1
128 976 1
117 1018 1
109 1038 1
102 1058 1
95 1077 1
89 1094 1
84 1108 1
81 1124 1
79 1142 1
77 1164 1
77 1187 1
77 1209 1
78 1230 1
81 1250 1
86 1268 1
94 1288 1
103 1306 1
113 1323 1
122 1340 1
135 1358 1
152 1378 1
176 1402 1
200 1424 1
224 1445 1
244 1462 1
263 1478 1
283 1491 1
302 1503 1
321 1514 1
363 1527 1
386 1529 1
411 1525 1
437 1516 1
465 1503 1
490 1483 1
512 1459 1
532 1428 1
552 1391 1
569 1340 1
583 1288 1
596 1240 1
607 1197 1
621 1155 1
635 1109 1
645 1062 1
650 1019 1
657 979 1
666 945 1
677 909 1
692 871 1
709 829 1
726 789 1
740 755 1
756 721 1
772 689 1
789 656 1
807 628 1
823 602 1
837 579 1
849 557 1
859 536 1
876 499 1
881 480 1
886 462 1
887 441 1
888 419 1
886 398 1
883 379 1
880 365 1
875 353 1
869 341 1
860 327 1
850 315 1
837 302 1
820 291 1
800 282 1
776 274 1
751 274 1
727 276 1
705 284 1
683 293 1
661 302 1
640 313 1
618 326 1
591 343 1
562 361 1
534 381 1
507 401 1
481 422 1
456 443 1
430 469 1
401 499 1
369 533 1
340 571 1
313 609 1
287 650 1
263 692 1
243 734 1
225 777 1
210 818 1
196 857 1
183 900 1
170 946 1
158 996 1
144 1046 1
120 1136 1
111 1178 1
109 1220 1
112 1266 1
119 1316 1
131 1365 1
148 1409 1
199 1474 1
236 1503 1
279 1529 1
337 1556 1
370 1569 1
350 1561 0
