647 955 1
647 955 1
647 955 1
647 955 1
647 955 1
646 955 1
644 953 1
642 954 1
639 954 1
635 953 1
632 951 1
629 951 1
627 949 1
624 947 1
622 947 1
620 945 1
619 944 1
619 944 1
618 943 1
618 943 1
618 943 1
618 943 1
619 943 1
620 941 1
624 940 1
627 940 1
631 940 1
634 940 1
637 940 1
640 940 1
642 941 1
644 941 1
646 942 1
649 944 1
650 945 1
652 947 1
654 951 1
656 956 1
657 963 1
659 968 1
660 974 1
661 977 1
661 981 1
661 984 1
661 987 1
661 991 1
661 993 1
659 996 1
660 997 1
660 998 1
660 999 1
660 1000 1
660 1000 1
660 1000 1
660 1001 1
660 1001 1
660 1001 1
660 1001 1
660 1002 1
660 1002 1
660 1002 1
660 1003 1
660 1003 1
660 1003 1
659 1004 1
659 1004 1
659 1004 1
659 1005 1
659 1005 1
658 1006 1
656 1007 1
654 1009 1
653 1010 1
651 1012 1
649 1013 1
646 1014 1
644 1015 1
641 1016 1
639 1016 1
636 1016 1
633 1016 1
628 1016 1
624 1015 1
619 1012 1
612 1008 1
605 1004 1
598 997 1
591 989 1
586 981 1
582 974 1
580 967 1
578 959 1
578 952 1
578 945 1
578 937 1
578 931 1
579 923 1
582 917 1
584 911 1
587 906 1
591 902 1
595 898 1
599 895 1
603 892 1
607 889 1
612 887 1
614 885 1
617 885 1
620 882 1
622 882 1
625 880 1
628 881 1
632 881 1
636 881 1
640 882 1
644 882 1
649 884 1
653 884 1
656 886 1
661 888 1
667 891 1
672 895 1
676 897 1
679 899 1
682 901 1
684 903 1
686 903 1
688 905 1
690 906 1
692 908 1
693 909 1
695 911 1
698 914 1
701 917 1
705 920 1
708 923 1
711 926 1
714 929 1
717 932 1
719 935 1
722 938 1
723 940 1
725 942 1
726 944 1
727 946 1
728 949 1
730 954 1
732 959 1
733 965 1
735 971 1
736 977 1
737 982 1
738 988 1
740 992 1
740 998 1
741 1004 1
742 1010 1
742 1015 1
741 1023 1
739 1029 1
738 1034 1
738 1039 1
736 1043 1
735 1047 1
735 1050 1
734 1054 1
732 1058 1
732 1065 1
732 1071 1
733 1079 1
733 1087 1
733 1097 1
734 1104 1
734 1111 1
735 1116 1
735 1121 1
735 1125 1
736 1128 1
736 1131 1
736 1134 1
736 1136 1
736 1138 1
736 1139 1
736 1140 1
736 1141 1
735 1142 1
733 1143 1
732 1143 1
729 1145 1
722 1146 1
715 1147 1
706 1148 1
698 1148 1
690 1149 1
679 1149 1
670 1149 1
660 1150 1
653 1150 1
647 1149 1
642 1149 1
638 1149 1
635 1149 1
630 1148 1
624 1148 1
618 1147 1
612 1145 1
604 1143 1
598 1142 1
592 1140 1
587 1139 1
581 1137 1
575 1135 1
570 1132 1
564 1129 1
558 1126 1
550 1122 1
541 1117 1
532 1113 1
523 1109 1
516 1104 1
510 1100 1
504 1096 1
499 1091 1
495 1088 1
492 1083 1
489 1078 1
486 1074 1
484 1069 1
481 1063 1
481 1056 1
479 1049 1
480 1041 1
481 1031 1
482 1018 1
484 1004 1
486 991 1
489 980 1
491 970 1
493 961 1
494 951 1
496 942 1
498 932 1
499 923 1
501 915 1
502 907 1
505 901 1
506 895 1
509 890 1
511 885 1
516 880 1
520 875 1
526 869 1
534 861 1
545 853 1
556 845 1
566 837 1
574 829 1
581 822 1
587 814 1
592 810 1
595 806 1
599 802 1
602 799 1
604 795 1
608 792 1
610 787 1
613 784 1
617 779 1
622 774 1
627 768 1
635 761 1
642 755 1
649 749 1
657 743 1
663 737 1
671 731 1
679 727 1
685 723 1
690 721 1
694 720 1
697 718 1
699 718 1
702 718 1
704 718 1
707 718 1
709 718 1
711 719 1
714 720 1
717 721 1
721 724 1
725 727 1
731 731 1
737 737 1
743 741 1
748 749 1
753 755 1
757 762 1
761 770 1
765 779 1
769 788 1
771 799 1
773 811 1
776 822 1
777 833 1
779 844 1
779 853 1
780 862 1
780 870 1
780 879 1
781 888 1
782 895 1
784 903 1
786 910 1
789 918 1
792 924 1
795 932 1
799 941 1
802 948 1
804 956 1
808 963 1
810 970 1
810 975 1
812 979 1
812 982 1
813 984 1
813 987 1
814 990 1
814 995 1
816 1001 1
817 1009 1
821 1020 1
823 1030 1
826 1040 1
828 1048 1
830 1056 1
832 1064 1
833 1072 1
834 1078 1
833 1086 1
833 1092 1
831 1099 1
828 1107 1
825 1114 1
823 1119 1
821 1124 1
820 1130 1
818 1137 1
817 1146 1
817 1157 1
817 1169 1
817 1180 1
818 1188 1
816 1195 1
817 1203 1
815 1211 1
812 1219 1
808 1228 1
802 1236 1
793 1245 1
784 1253 1
776 1258 1
767 1263 1
755 1267 1
740 1269 1
726 1271 1
714 1271 1
703 1270 1
694 1270 1
685 1268 1
676 1266 1
667 1264 1
657 1261 1
648 1257 1
640 1255 1
631 1253 1
624 1251 1
613 1250 1
603 1247 1
593 1245 1
584 1243 1
575 1240 1
567 1238 1
561 1236 1
553 1233 1
545 1230 1
539 1227 1
532 1225 1
527 1224 1
524 1222 1
522 1221 1
519 1219 1
517 1218 1
512 1216 1
509 1212 1
504 1207 1
498 1201 1
492 1194 1
485 1187 1
476 1177 1
467 1167 1
456 1152 1
444 1137 1
435 1122 1
426 1109 1
421 1098 1
415 1089 1
410 1081 1
407 1075 1
403 1070 1
399 1065 1
395 1061 1
390 1055 1
385 1049 1
378 1044 1
372 1038 1
368 1033 1
363 1028 1
361 1024 1
359 1019 1
358 1015 1
360 1011 1
362 1005 1
365 997 1
370 988 1
377 977 1
385 965 1
393 951 1
399 939 1
403 927 1
406 915 1
407 906 1
408 897 1
409 885 1
409 872 1
410 859 1
412 848 1
416 836 1
422 824 1
430 813 1
438 803 1
446 793 1
451 784 1
457 775 1
465 767 1
472 760 1
481 754 1
490 748 1
498 742 1
507 734 1
514 726 1
521 718 1
527 712 1
530 706 1
535 701 1
537 696 1
540 692 1
544 686 1
550 679 1
557 671 1
566 660 1
575 648 1
586 637 1
597 625 1
613 609 1
629 595 1
648 580 1
664 567 1
682 558 1
696 552 1
707 547 1
713 545 1
717 543 1
721 544 1
726 545 1
735 548 1
748 554 1
767 564 1
788 574 1
807 584 1
821 592 1
831 599 1
837 603 1
840 606 1
842 608 1
844 610 1
844 610 1
845 611 1
846 613 1
849 617 1
852 622 1
856 630 1
860 638 1
865 652 1
869 667 1
873 683 1
876 698 1
882 714 1
887 731 1
893 747 1
898 762 1
902 775 1
905 786 1
907 797 1
908 807 1
908 816 1
907 826 1
907 836 1
907 848 1
907 862 1
908 877 1
908 893 1
908 907 1
906 924 1
903 940 1
899 956 1
895 969 1
892 978 1
889 988 1
889 995 1
890 1004 1
896 1016 1
904 1030 1
912 1042 1
917 1053 1
922 1061 1
925 1070 1
928 1077 1
929 1084 1
930 1090 1
931 1099 1
932 1109 1
933 1118 1
932 1130 1
929 1145 1
924 1161 1
916 1178 1
907 1193 1
898 1208 1
892 1225 1
886 1240 1
882 1253 1
880 1265 1
878 1277 1
878 1292 1
876 1306 1
876 1317 1
874 1326 1
871 1334 1
866 1340 1
856 1347 1
845 1352 1
832 1358 1
820 1361 1
810 1365 1
805 1367 1
798 1369 1
796 1370 1
793 1372 1
789 1373 1
783 1376 1
776 1378 1
765 1380 1
750 1383 1
728 1383 1
704 1384 1
677 1385 1
653 1383 1
635 1383 1
617 1380 1
604 1378 1
592 1376 1
585 1375 1
578 1373 1
573 1371 1
567 1370 1
559 1367 1
544 1363 1
527 1357 1
511 1350 1
499 1344 1
490 1338 1
484 1333 1
481 1330 1
476 1328 1
472 1324 1
466 1320 1
457 1313 1
441 1302 1
421 1287 1
400 1269 1
381 1252 1
367 1238 1
356 1224 1
349 1212 1
343 1200 1
341 1192 1
339 1185 1
337 1179 1
336 1173 1
334 1166 1
329 1153 1
323 1138 1
315 1117 1
308 1094 1
304 1071 1
299 1049 1
299 1027 1
299 1007 1
300 990 1
300 974 1
302 959 1
303 944 1
306 929 1
311 913 1
317 897 1
324 882 1
332 868 1
337 855 1
344 844 1
348 834 1
352 822 1
356 808 1
360 792 1
362 775 1
364 758 1
366 739 1
367 723 1
369 706 1
370 690 1
372 675 1
373 658 1
373 642 1
375 629 1
377 617 1
381 607 1
386 597 1
392 586 1
403 575 1
415 563 1
430 554 1
443 546 1
456 539 1
470 531 1
482 523 1
494 515 1
504 507 1
517 499 1
532 489 1
553 479 1
573 470 1
594 462 1
615 457 1
632 451 1
651 448 1
669 448 1
691 448 1
715 451 1
742 456 1
766 461 1
779 463 1
788 466 1
793 467 1
797 468 1
798 469 1
799 469 1
800 470 1
802 471 1
806 475 1
813 481 1
824 490 1
837 503 1
851 515 1
865 532 1
879 550 1
893 566 1
903 580 1
911 592 1
916 600 1
919 607 1
921 613 1
924 619 1
925 626 1
927 632 1
930 643 1
934 658 1
943 682 1
955 710 1
969 742 1
982 771 1
992 795 1
997 815 1
999 829 1
1000 839 1
1000 848 1
998 854 1
999 859 1
999 865 1
1000 874 1
1001 884 1
1003 900 1
1005 915 1
1005 937 1
1006 959 1
1004 983 1
1004 1009 1
1004 1037 1
1004 1068 1
1005 1098 1
1002 1126 1
999 1149 1
992 1169 1
986 1186 1
980 1197 1
975 1208 1
973 1220 1
974 1234 1
976 1248 1
977 1262 1
979 1277 1
977 1295 1
972 1313 1
966 1333 1
958 1355 1
952 1375 1
947 1397 1
943 1419 1
939 1439 1
933 1458 1
920 1473 1
900 1487 1
864 1498 1
825 1504 1
791 1508 1
766 1509 1
746 1509 1
731 1508 1
717 1506 1
700 1502 1
677 1496 1
647 1487 1
615 1475 1
585 1462 1
558 1453 1
539 1444 1
521 1436 1
500 1425 1
476 1411 1
452 1396 1
428 1380 1
407 1365 1
395 1351 1
387 1340 1
383 1333 1
380 1328 1
376 1323 1
371 1319 1
356 1308 1
332 1291 1
305 1271 1
283 1250 1
265 1229 1
255 1208 1
248 1188 1
247 1166 1
244 1144 1
242 1117 1
240 1090 1
236 1061 1
233 1031 1
229 999 1
224 966 1
221 930 1
221 890 1
225 844 1
244 778 1
276 707 1
304 662 1
292 684 0
