229 784 1
229 784 1
229 784 1
229 784 1
229 784 1
229 784 1
229 784 1
229 784 1
229 784 1
228 784 1
228 784 1
227 784 1
225 785 1
222 787 1
219 790 1
216 793 1
211 798 1
206 804 1
203 809 1
200 814 1
196 820 1
194 824 1
191 828 1
190 832 1
188 836 1
187 839 1
185 842 1
184 845 1
184 847 1
183 850 1
183 854 1
184 859 1
184 863 1
185 867 1
186 872 1
187 876 1
188 881 1
190 885 1
191 890 1
193 893 1
195 898 1
198 904 1
202 908 1
205 912 1
208 916 1
212 919 1
216 923 1
220 926 1
224 929 1
230 933 1
233 936 1
236 938 1
239 940 1
242 941 1
245 943 1
250 945 1
253 946 1
257 948 1
261 951 1
266 955 1
271 961 1
276 965 1
282 970 1
287 975 1
292 979 1
298 982 1
303 986 1
308 989 1
312 992 1
316 994 1
320 996 1
322 997 1
325 998 1
328 999 1
330 1000 1
331 1001 1
333 1002 1
334 1004 1
336 1007 1
338 1014 1
342 1022 1
345 1029 1
349 1036 1
351 1041 1
354 1046 1
356 1049 1
357 1052 1
358 1055 1
359 1058 1
360 1061 1
360 1065 1
362 1070 1
363 1074 1
364 1077 1
365 1080 1
366 1082 1
367 1085 1
367 1089 1
368 1092 1
368 1095 1
369 1098 1
370 1101 1
370 1106 1
370 1109 1
369 1114 1
369 1119 1
368 1123 1
366 1127 1
366 1129 1
364 1132 1
364 1134 1
362 1136 1
362 1137 1
362 1138 1
361 1139 1
359 1140 1
359 1141 1
357 1141 1
355 1143 1
354 1144 1
352 1146 1
350 1147 1
348 1148 1
345 1149 1
342 1151 1
337 1151 1
332 1153 1
325 1157 1
319 1160 1
314 1163 1
308 1165 1
302 1168 1
295 1170 1
291 1172 1
285 1173 1
280 1174 1
277 1175 1
274 1175 1
269 1176 1
266 1176 1
262 1177 1
259 1177 1
256 1177 1
253 1177 1
250 1177 1
247 1177 1
244 1177 1
240 1176 1
235 1176 1
230 1175 1
225 1175 1
220 1174 1
216 1172 1
211 1172 1
205 1170 1
200 1168 1
194 1167 1
190 1165 1
184 1164 1
179 1162 1
175 1161 1
170 1158 1
166 1154 1
162 1150 1
157 1143 1
153 1138 1
148 1132 1
144 1127 1
142 1123 1
140 1120 1
138 1118 1
138 1116 1
138 1114 1
137 1113 1
137 1111 1
137 1111 1
136 1109 1
136 1109 1
136 1107 1
136 1105 1
136 1102 1
137 1096 1
138 1091 1
140 1085 1
142 1080 1
145 1075 1
151 1071 1
155 1067 1
159 1065 1
162 1063 1
165 1061 1
168 1061 1
170 1059 1
172 1059 1
174 1059 1
175 1059 1
176 1057 1
176 1057 1
177 1056 1
178 1057 1
178 1056 1
180 1056 1
180 1056 1
182 1055 1
183 1055 1
185 1055 1
187 1055 1
190 1055 1
194 1055 1
197 1056 1
201 1056 1
204 1056 1
206 1057 1
207 1057 1
209 1057 1
210 1058 1
212 1058 1
213 1059 1
216 1060 1
221 1061 1
226 1063 1
230 1064 1
233 1065 1
237 1066 1
239 1067 1
241 1067 1
242 1068 1
243 1068 1
244 1068 1
245 1069 1
245 1069 1
247 1069 1
247 1068 1
249 1068 1
251 1066 1
252 1066 1
254 1064 1
257 1061 1
262 1056 1
268 1051 1
275 1044 1
281 1038 1
287 1032 1
293 1026 1
299 1018 1
307 1011 1
315 1003 1
322 994 1
328 988 1
334 982 1
339 977 1
342 973 1
347 969 1
350 966 1
353 962 1
356 959 1
358 955 1
361 950 1
365 944 1
367 937 1
369 927 1
371 915 1
373 903 1
374 891 1
375 881 1
374 873 1
372 867 1
371 862 1
369 857 1
366 852 1
363 847 1
359 842 1
354 837 1
350 832 1
343 827 1
336 823 1
329 817 1
321 813 1
312 808 1
303 803 1
292 798 1
280 795 1
268 790 1
257 784 1
247 777 1
249 779 0
635 878 1
635 878 1
635 878 1
635 878 1
635 878 1
635 878 1
635 878 1
635 878 1
635 878 1
635 878 1
635 878 1
635 878 1
635 878 1
634 878 1
633 878 1
631 878 1
629 878 1
628 879 1
626 879 1
626 879 1
624 880 1
623 880 1
620 881 1
617 882 1
614 884 1
611 886 1
607 888 1
605 890 1
603 890 1
601 892 1
599 893 1
597 895 1
595 896 1
593 898 1
591 899 1
589 901 1
587 903 1
585 905 1
581 908 1
579 910 1
577 913 1
575 914 1
573 916 1
571 918 1
569 920 1
568 921 1
566 923 1
565 924 1
563 927 1
561 929 1
560 932 1
558 935 1
556 939 1
553 944 1
551 950 1
549 957 1
548 962 1
546 968 1
545 971 1
545 976 1
544 978 1
544 982 1
543 986 1
543 989 1
543 992 1
544 994 1
544 997 1
544 998 1
545 1000 1
545 1002 1
547 1005 1
548 1008 1
550 1012 1
552 1013 1
553 1014 1
556 1016 1
561 1016 1
565 1018 1
571 1018 1
576 1019 1
579 1019 1
584 1020 1
587 1020 1
592 1022 1
596 1023 1
599 1024 1
604 1025 1
608 1026 1
612 1027 1
616 1028 1
621 1030 1
623 1030 1
626 1032 1
630 1032 1
634 1034 1
637 1035 1
640 1036 1
642 1038 1
644 1039 1
646 1041 1
647 1042 1
649 1044 1
650 1047 1
652 1050 1
653 1053 1
654 1056 1
655 1058 1
656 1061 1
656 1063 1
657 1066 1
657 1069 1
658 1072 1
658 1075 1
659 1080 1
659 1084 1
660 1089 1
661 1094 1
662 1099 1
663 1104 1
663 1107 1
664 1111 1
665 1114 1
666 1117 1
666 1120 1
667 1122 1
668 1124 1
669 1127 1
670 1129 1
671 1131 1
672 1133 1
673 1136 1
674 1138 1
675 1140 1
677 1143 1
678 1146 1
680 1148 1
681 1151 1
682 1153 1
683 1155 1
684 1158 1
685 1160 1
686 1163 1
687 1166 1
687 1168 1
687 1172 1
687 1176 1
685 1180 1
685 1184 1
685 1187 1
684 1191 1
682 1194 1
681 1199 1
679 1203 1
675 1207 1
671 1212 1
667 1217 1
662 1222 1
657 1225 1
650 1229 1
644 1232 1
638 1234 1
632 1237 1
626 1239 1
622 1240 1
618 1241 1
613 1241 1
607 1239 1
601 1239 1
595 1237 1
589 1236 1
584 1234 1
579 1233 1
574 1231 1
569 1228 1
565 1226 1
560 1223 1
554 1220 1
549 1215 1
543 1211 1
536 1205 1
530 1200 1
524 1195 1
517 1190 1
511 1184 1
505 1180 1
500 1175 1
496 1171 1
493 1168 1
489 1165 1
485 1162 1
483 1160 1
480 1157 1
477 1155 1
474 1153 1
471 1150 1
468 1147 1
466 1145 1
463 1142 1
462 1140 1
459 1138 1
459 1136 1
457 1134 1
457 1133 1
457 1130 1
456 1129 1
456 1126 1
456 1124 1
458 1122 1
459 1119 1
460 1117 1
461 1115 1
462 1113 1
464 1111 1
465 1110 1
468 1108 1
470 1107 1
472 1107 1
474 1105 1
477 1103 1
482 1101 1
487 1100 1
492 1098 1
497 1097 1
502 1095 1
507 1095 1
512 1093 1
521 1092 1
528 1090 1
535 1090 1
541 1088 1
547 1088 1
552 1087 1
558 1085 1
562 1085 1
567 1083 1
571 1082 1
575 1080 1
580 1079 1
586 1076 1
594 1073 1
600 1070 1
608 1066 1
613 1061 1
618 1058 1
622 1057 1
625 1054 1
627 1052 1
631 1049 1
634 1046 1
638 1044 1
640 1042 1
643 1040 1
645 1039 1
648 1037 1
649 1036 1
651 1036 1
652 1035 1
652 1035 1
652 1033 1
652 1033 1
653 1034 1
653 1034 1
655 1033 1
657 1031 1
660 1029 1
665 1027 1
671 1025 1
677 1022 1
681 1021 1
685 1019 1
688 1018 1
690 1016 1
692 1015 1
695 1013 1
696 1013 1
698 1011 1
698 1011 1
699 1009 1
699 1009 1
699 1009 1
700 1007 1
700 1005 1
699 1002 1
699 997 1
699 991 1
697 987 1
695 982 1
695 980 1
695 975 1
694 972 1
693 969 1
693 965 1
693 961 1
693 956 1
693 949 1
694 943 1
694 936 1
695 929 1
695 924 1
694 919 1
694 915 1
693 912 1
691 909 1
689 905 1
686 901 1
682 898 1
676 894 1
668 890 1
659 885 1
662 887 0
917 935 1
917 935 1
917 935 1
917 935 1
917 935 1
917 935 1
917 935 1
917 935 1
917 935 1
917 935 1
917 935 1
917 935 1
917 935 1
917 935 1
916 935 1
916 935 1
913 935 1
912 935 1
910 935 1
909 936 1
907 936 1
905 937 1
902 938 1
900 939 1
897 940 1
895 942 1
893 943 1
891 945 1
889 947 1
886 949 1
884 951 1
881 954 1
878 959 1
875 964 1
873 968 1
871 973 1
868 977 1
867 980 1
865 985 1
865 988 1
863 991 1
863 995 1
861 998 1
861 1001 1
861 1006 1
861 1008 1
861 1013 1
861 1016 1
861 1021 1
862 1026 1
863 1029 1
864 1034 1
865 1038 1
866 1042 1
867 1046 1
869 1049 1
870 1052 1
872 1055 1
874 1058 1
876 1061 1
878 1063 1
881 1066 1
884 1069 1
887 1071 1
890 1073 1
892 1075 1
895 1077 1
898 1078 1
901 1080 1
904 1080 1
907 1082 1
910 1082 1
912 1084 1
915 1085 1
916 1085 1
918 1087 1
919 1087 1
921 1089 1
922 1089 1
924 1091 1
925 1091 1
927 1093 1
928 1094 1
930 1095 1
932 1096 1
932 1097 1
934 1098 1
935 1099 1
937 1101 1
938 1101 1
939 1103 1
940 1104 1
942 1105 1
943 1106 1
945 1108 1
946 1109 1
947 1111 1
949 1113 1
950 1116 1
951 1120 1
952 1125 1
954 1130 1
955 1137 1
957 1141 1
958 1148 1
960 1154 1
961 1160 1
962 1167 1
964 1173 1
964 1179 1
966 1185 1
966 1190 1
967 1193 1
968 1198 1
969 1201 1
969 1205 1
971 1210 1
972 1215 1
973 1218 1
974 1224 1
975 1229 1
976 1234 1
976 1240 1
976 1247 1
975 1255 1
973 1262 1
973 1269 1
971 1274 1
969 1279 1
970 1282 1
967 1285 1
967 1288 1
965 1290 1
964 1292 1
962 1294 1
961 1294 1
958 1295 1
953 1296 1
945 1296 1
938 1296 1
930 1295 1
922 1295 1
915 1293 1
908 1293 1
901 1289 1
893 1286 1
887 1281 1
880 1277 1
873 1272 1
867 1267 1
861 1263 1
855 1258 1
848 1253 1
843 1249 1
836 1244 1
830 1239 1
823 1232 1
816 1222 1
810 1212 1
805 1205 1
802 1198 1
799 1193 1
797 1190 1
797 1187 1
795 1184 1
796 1181 1
795 1178 1
795 1175 1
795 1173 1
795 1171 1
796 1169 1
797 1166 1
797 1162 1
799 1157 1
802 1152 1
810 1147 1
818 1141 1
826 1135 1
835 1130 1
841 1127 1
848 1123 1
854 1119 1
860 1116 1
866 1113 1
870 1110 1
875 1109 1
880 1107 1
884 1107 1
889 1105 1
893 1105 1
898 1103 1
902 1102 1
905 1102 1
908 1100 1
910 1100 1
912 1100 1
913 1099 1
914 1097 1
914 1097 1
915 1097 1
915 1095 1
916 1093 1
916 1088 1
917 1081 1
918 1073 1
918 1064 1
919 1056 1
920 1050 1
921 1045 1
922 1039 1
925 1034 1
929 1029 1
932 1024 1
939 1018 1
943 1014 1
948 1009 1
953 1005 1
958 1000 1
963 994 1
966 990 1
970 985 1
972 980 1
974 977 1
975 975 1
975 971 1
974 968 1
972 964 1
969 959 1
964 953 1
957 946 1
949 940 1
951 942 0
