1000 515 1
1000 515 1
1000 515 1
1000 515 1
1000 515 1
1000 515 1
1000 515 1
1000 515 1
998 515 1
998 515 1
999 516 1
998 519 1
998 522 1
997 527 1
995 532 1
996 539 1
996 545 1
996 550 1
996 556 1
996 563 1
996 570 1
996 576 1
997 584 1
997 590 1
996 597 1
996 603 1
994 610 1
992 618 1
990 624 1
987 630 1
984 636 1
981 643 1
978 651 1
975 659 1
972 667 1
969 675 1
966 682 1
965 687 1
963 692 1
962 697 1
963 701 1
962 707 1
961 712 1
959 720 1
960 726 1
958 733 1
960 741 1
960 749 1
961 757 1
962 763 1
964 771 1
967 777 1
970 784 1
974 790 1
978 796 1
983 802 1
986 807 1
989 812 1
991 815 1
992 820 1
994 824 1
995 829 1
995 834 1
997 840 1
997 848 1
999 855 1
999 864 1
1000 873 1
1001 882 1
1002 890 1
1002 897 1
1002 902 1
1003 906 1
1003 909 1
1003 912 1
1003 914 1
1003 917 1
1004 920 1
1004 922 1
1004 924 1
1004 926 1
1005 927 1
1005 929 1
1005 931 1
1006 932 1
1006 934 1
1006 937 1
1007 941 1
1007 945 1
1007 951 1
1008 956 1
1008 961 1
1009 966 1
1010 973 1
1011 978 1
1011 983 1
1012 989 1
1012 994 1
1013 999 1
1013 1003 1
1014 1006 1
1014 1009 1
1014 1011 1
1014 1013 1
1014 1014 1
1014 1015 1
1014 1015 1
1014 1016 1
1014 1016 1
1015 1017 1
1015 1019 1
1015 1024 1
1015 1029 1
1016 1035 1
1016 1041 1
1016 1046 1
1016 1051 1
1016 1058 1
1016 1066 1
1016 1077 1
1014 1088 1
1014 1098 1
1012 1106 1
1010 1112 1
1011 1115 1
1008 1119 1
1008 1121 1
1006 1123 1
1006 1124 1
1004 1125 1
1003 1126 1
1001 1126 1
1000 1125 1
998 1125 1
997 1124 1
994 1122 1
988 1119 1
983 1116 1
977 1111 1
972 1106 1
968 1103 1
964 1098 1
960 1095 1
957 1091 1
954 1088 1
952 1084 1
948 1079 1
945 1075 1
942 1072 1
939 1067 1
936 1061 1
932 1057 1
929 1052 1
926 1047 1
921 1044 1
916 1039 1
913 1036 1
908 1032 1
903 1028 1
899 1025 1
893 1022 1
888 1020 1
885 1017 1
880 1016 1
876 1014 1
872 1013 1
869 1011 1
864 1010 1
860 1009 1
857 1006 1
854 1003 1
851 1000 1
850 996 1
848 993 1
848 990 1
846 987 1
847 985 1
847 982 1
846 980 1
846 977 1
847 975 1
847 972 1
848 969 1
848 966 1
849 963 1
850 958 1
852 954 1
853 948 1
855 944 1
858 939 1
861 934 1
865 931 1
870 926 1
875 922 1
879 917 1
885 911 1
891 907 1
896 901 1
902 897 1
905 895 1
908 893 1
911 891 1
912 891 1
914 891 1
915 890 1
915 890 1
915 890 1
915 890 1
915 890 1
915 890 1
915 890 1
915 890 1
916 891 1
916 892 1
918 897 1
919 905 1
923 918 1
928 939 1
931 952 1
933 963 1
934 973 1
936 982 1
937 993 1
939 1004 1
940 1015 1
942 1024 1
943 1033 1
944 1043 1
945 1052 1
946 1070 1
947 1085 1
947 1097 1
947 1108 1
945 1124 1
943 1141 1
942 1159 1
939 1178 1
929 1196 1
918 1215 1
904 1234 1
889 1251 1
875 1266 1
861 1282 1
846 1300 1
832 1316 1
814 1334 1
795 1352 1
803 1345 0
798 573 1
798 573 1
798 573 1
798 573 1
798 573 1
798 573 1
798 573 1
798 573 1
798 573 1
798 573 1
798 573 1
797 573 1
797 573 1
797 574 1
796 576 1
794 579 1
794 583 1
794 588 1
793 594 1
792 599 1
792 605 1
793 610 1
794 614 1
795 618 1
797 622 1
797 626 1
799 629 1
799 633 1
801 636 1
803 642 1
804 645 1
807 650 1
808 654 1
809 658 1
810 663 1
812 667 1
813 672 1
814 677 1
815 680 1
816 685 1
817 689 1
817 692 1
817 695 1
816 698 1
816 701 1
816 705 1
816 709 1
816 714 1
816 719 1
815 725 1
815 733 1
815 741 1
814 748 1
814 754 1
814 758 1
812 763 1
813 768 1
813 772 1
812 776 1
812 779 1
812 784 1
812 789 1
811 794 1
811 800 1
811 807 1
811 812 1
811 817 1
811 823 1
809 827 1
810 832 1
810 835 1
809 840 1
809 845 1
808 850 1
808 858 1
805 867 1
804 877 1
802 887 1
800 895 1
797 903 1
795 910 1
793 916 1
792 921 1
792 926 1
791 932 1
791 937 1
791 942 1
791 946 1
791 950 1
791 954 1
791 958 1
791 962 1
792 967 1
792 971 1
792 974 1
792 979 1
793 984 1
793 989 1
794 993 1
794 999 1
795 1005 1
796 1012 1
796 1019 1
797 1025 1
798 1030 1
799 1035 1
800 1040 1
801 1045 1
802 1050 1
803 1054 1
803 1057 1
804 1060 1
805 1063 1
805 1066 1
806 1069 1
806 1071 1
807 1074 1
807 1075 1
807 1077 1
807 1078 1
807 1079 1
807 1082 1
806 1086 1
804 1090 1
803 1094 1
800 1097 1
797 1100 1
792 1103 1
788 1106 1
783 1108 1
779 1110 1
775 1110 1
772 1110 1
769 1110 1
765 1110 1
760 1109 1
755 1109 1
750 1107 1
744 1105 1
739 1103 1
733 1102 1
727 1099 1
722 1094 1
717 1088 1
711 1082 1
707 1074 1
701 1067 1
695 1059 1
690 1053 1
685 1047 1
682 1043 1
679 1038 1
674 1034 1
670 1030 1
666 1025 1
663 1020 1
659 1016 1
656 1010 1
653 1005 1
651 1001 1
648 996 1
647 993 1
647 990 1
645 985 1
646 982 1
644 977 1
645 972 1
645 967 1
645 958 1
643 947 1
643 936 1
641 925 1
641 915 1
641 909 1
640 902 1
639 897 1
639 893 1
638 890 1
638 887 1
638 885 1
638 883 1
638 881 1
638 879 1
638 878 1
639 876 1
640 876 1
641 874 1
643 872 1
645 871 1
648 869 1
654 869 1
661 867 1
667 868 1
674 868 1
681 869 1
686 871 1
690 872 1
694 876 1
698 881 1
701 887 1
704 894 1
706 902 1
709 911 1
712 931 1
715 948 1
716 961 1
718 973 1
719 986 1
723 1011 1
728 1022 1
731 1034 1
733 1044 1
736 1054 1
738 1065 1
740 1085 1
741 1098 1
742 1111 1
742 1132 1
742 1151 1
742 1173 1
741 1199 1
738 1226 1
734 1255 1
724 1286 1
712 1317 1
699 1349 1
686 1376 1
673 1401 1
668 1410 1
673 1402 0
521 651 1
519 651 1
519 651 1
519 651 1
519 651 1
519 651 1
519 651 1
519 651 1
517 651 1
517 651 1
515 652 1
514 653 1
512 655 1
510 656 1
508 659 1
506 660 1
504 662 1
503 664 1
501 667 1
499 670 1
498 673 1
496 676 1
495 679 1
493 683 1
493 686 1
491 689 1
491 692 1
491 697 1
490 699 1
490 702 1
491 705 1
491 708 1
491 710 1
492 712 1
492 715 1
493 717 1
494 719 1
494 721 1
495 723 1
496 725 1
497 727 1
499 730 1
500 733 1
502 736 1
503 739 1
505 742 1
506 745 1
508 748 1
509 752 1
512 755 1
513 759 1
517 764 1
518 767 1
519 771 1
521 775 1
522 780 1
524 785 1
525 793 1
527 802 1
528 811 1
528 821 1
529 829 1
529 837 1
529 845 1
529 852 1
529 860 1
529 867 1
529 873 1
529 879 1
529 884 1
529 890 1
530 894 1
530 900 1
531 905 1
531 910 1
532 918 1
532 925 1
533 934 1
533 944 1
534 954 1
534 960 1
535 966 1
535 970 1
536 975 1
537 980 1
538 985 1
540 990 1
542 998 1
544 1006 1
546 1015 1
547 1026 1
549 1036 1
550 1047 1
551 1057 1
552 1066 1
553 1074 1
553 1082 1
553 1090 1
554 1098 1
554 1104 1
555 1109 1
555 1113 1
555 1116 1
555 1120 1
556 1123 1
556 1126 1
557 1131 1
558 1135 1
559 1142 1
560 1148 1
560 1155 1
560 1162 1
560 1169 1
560 1173 1
560 1178 1
558 1183 1
558 1185 1
556 1190 1
556 1192 1
553 1196 1
546 1198 1
538 1201 1
530 1203 1
520 1204 1
511 1204 1
502 1204 1
492 1202 1
483 1201 1
474 1199 1
467 1197 1
459 1192 1
451 1187 1
446 1183 1
440 1179 1
435 1175 1
430 1171 1
424 1165 1
418 1159 1
413 1150 1
407 1143 1
402 1134 1
397 1128 1
395 1124 1
392 1119 1
390 1116 1
389 1113 1
389 1110 1
388 1107 1
388 1104 1
388 1101 1
388 1098 1
388 1088 1
390 1080 1
391 1071 1
392 1065 1
394 1058 1
395 1054 1
396 1049 1
397 1046 1
398 1042 1
398 1035 1
400 1027 1
403 1019 1
406 1009 1
410 1001 1
415 991 1
420 979 1
427 967 1
431 956 1
435 947 1
438 940 1
440 935 1
442 932 1
443 928 1
445 925 1
446 921 1
447 918 1
448 916 1
450 913 1
450 913 1
451 912 1
452 912 1
453 912 1
453 913 1
454 914 1
455 917 1
456 932 1
458 946 1
459 965 1
460 979 1
460 992 1
461 1012 1
462 1027 1
463 1039 1
464 1050 1
465 1064 1
466 1077 1
466 1091 1
467 1103 1
467 1114 1
468 1123 1
468 1139 1
469 1155 1
470 1170 1
471 1183 1
473 1194 1
474 1209 1
476 1227 1
477 1243 1
477 1260 1
476 1275 1
474 1292 1
473 1307 1
471 1319 1
469 1329 1
468 1341 1
466 1354 1
459 1376 1
450 1391 1
442 1405 1
434 1416 1
428 1426 1
420 1436 1
408 1448 1
396 1455 1
383 1456 1
367 1453 1
350 1446 1
329 1426 1
310 1400 1
299 1363 1
298 1358 1
298 1358 0
291 761 1
291 761 1
291 761 1
291 761 1
291 761 1
291 761 1
291 761 1
291 761 1
291 761 1
290 761 1
290 761 1
290 762 1
289 764 1
287 767 1
285 771 1
284 774 1
282 779 1
280 782 1
278 787 1
276 792 1
274 795 1
274 799 1
272 802 1
272 805 1
270 808 1
271 811 1
271 815 1
269 819 1
270 823 1
270 828 1
270 834 1
270 839 1
269 845 1
267 852 1
267 857 1
267 863 1
266 867 1
264 870 1
265 874 1
263 878 1
264 882 1
265 885 1
265 888 1
265 891 1
266 893 1
266 896 1
267 899 1
267 902 1
268 907 1
268 911 1
268 916 1
268 924 1
268 931 1
268 939 1
268 947 1
268 953 1
268 960 1
268 966 1
268 969 1
269 972 1
269 976 1
271 979 1
271 981 1
273 985 1
274 988 1
274 993 1
275 1005 1
274 1019 1
274 1030 1
273 1038 1
273 1045 1
272 1050 1
272 1056 1
271 1060 1
271 1065 1
272 1070 1
272 1074 1
274 1079 1
275 1085 1
277 1089 1
277 1094 1
279 1097 1
280 1101 1
281 1104 1
282 1109 1
283 1115 1
284 1120 1
284 1125 1
285 1130 1
286 1135 1
287 1139 1
288 1144 1
290 1149 1
290 1153 1
292 1156 1
292 1160 1
293 1164 1
292 1173 1
287 1185 1
276 1198 1
263 1215 1
250 1231 1
241 1239 1
233 1245 1
230 1249 1
225 1252 1
222 1256 1
220 1257 1
217 1258 1
216 1258 1
214 1259 1
213 1259 1
211 1259 1
207 1259 1
199 1257 1
193 1256 1
186 1254 1
181 1254 1
177 1252 1
174 1250 1
171 1250 1
168 1248 1
167 1247 1
165 1244 1
165 1239 1
163 1233 1
163 1224 1
163 1215 1
162 1207 1
160 1201 1
159 1196 1
159 1191 1
159 1184 1
157 1169 1
155 1158 1
155 1148 1
153 1140 1
153 1134 1
153 1129 1
152 1126 1
152 1123 1
150 1120 1
151 1119 1
151 1117 1
152 1117 1
152 1115 1
153 1114 1
155 1112 1
157 1111 1
159 1111 1
161 1109 1
163 1109 1
164 1108 1
164 1106 1
165 1107 1
165 1107 1
166 1107 1
166 1107 1
167 1110 1
168 1119 1
171 1132 1
176 1152 1
179 1172 1
183 1190 1
187 1209 1
191 1228 1
194 1244 1
196 1255 1
197 1265 1
197 1283 1
196 1300 1
194 1315 1
193 1328 1
190 1342 1
184 1352 1
179 1364 1
172 1375 1
164 1386 1
155 1397 1
139 1414 1
145 1408 0
