136 1408 1
136 1408 1
136 1408 1
136 1408 1
136 1408 1
136 1408 1
136 1408 1
136 1408 1
136 1408 1
136 1408 1
136 1408 1
136 1408 1
136 1408 1
136 1408 1
135 1407 1
135 1407 1
135 1405 1
135 1405 1
135 1404 1
133 1402 1
134 1401 1
134 1399 1
134 1397 1
134 1392 1
135 1386 1
135 1380 1
136 1372 1
136 1365 1
137 1357 1
138 1350 1
139 1342 1
140 1336 1
142 1327 1
143 1317 1
145 1308 1
146 1299 1
147 1291 1
148 1284 1
149 1279 1
151 1274 1
152 1268 1
154 1263 1
155 1257 1
157 1251 1
157 1245 1
158 1239 1
159 1231 1
160 1222 1
162 1211 1
163 1201 1
166 1192 1
168 1183 1
171 1175 1
174 1169 1
177 1161 1
180 1153 1
182 1144 1
183 1137 1
183 1131 1
184 1124 1
184 1118 1
184 1111 1
184 1101 1
184 1092 1
183 1082 1
183 1074 1
182 1065 1
180 1057 1
180 1050 1
178 1041 1
175 1032 1
174 1025 1
171 1018 1
170 1010 1
168 1002 1
168 994 1
168 985 1
168 975 1
169 964 1
169 953 1
171 941 1
175 927 1
181 914 1
187 902 1
193 888 1
199 876 1
210 859 1
218 845 1
224 835 1
229 827 1
233 815 1
238 804 1
242 792 1
245 782 1
248 772 1
249 763 1
250 755 1
250 745 1
250 736 1
249 727 1
247 719 1
246 711 1
243 705 1
239 699 1
233 694 1
226 689 1
219 685 1
212 681 1
202 679 1
193 676 1
184 676 1
175 676 1
167 676 1
161 677 1
153 678 1
147 680 1
139 685 1
133 691 1
125 700 1
117 710 1
111 721 1
105 734 1
101 746 1
97 758 1
94 768 1
93 778 1
91 789 1
92 799 1
92 809 1
94 819 1
94 830 1
96 840 1
98 858 1
104 874 1
103 871 0
136 985 1
136 985 1
136 988 1
139 993 1
142 1001 1
145 1009 1
148 1017 1
152 1025 1
155 1033 1
159 1041 1
163 1049 1
166 1056 1
169 1062 1
172 1069 1
174 1077 1
176 1085 1
179 1093 1
182 1102 1
185 1108 1
188 1116 1
191 1122 1
196 1132 1
200 1141 1
205 1150 1
210 1161 1
215 1172 1
219 1181 1
223 1192 1
228 1201 1
231 1210 1
235 1220 1
237 1229 1
241 1237 1
245 1245 1
248 1253 1
250 1261 1
253 1267 1
255 1275 1
257 1283 1
258 1292 1
259 1299 1
260 1306 1
261 1311 1
262 1315 1
262 1320 1
263 1323 1
264 1326 1
265 1328 1
266 1331 1
267 1333 1
268 1334 1
270 1336 1
270 1336 1
271 1337 1
272 1337 1
273 1338 1
274 1339 1
274 1339 1
275 1340 1
276 1340 1
277 1340 1
277 1340 1
277 1341 1
277 1340 1
278 1340 1
278 1340 1
278 1337 1
278 1334 1
278 1329 1
278 1323 1
278 1316 1
276 1308 1
276 1300 1
276 1292 1
275 1284 1
273 1278 1
273 1272 1
273 1267 1
271 1262 1
272 1258 1
272 1252 1
272 1245 1
272 1237 1
273 1227 1
273 1216 1
274 1207 1
275 1198 1
275 1191 1
277 1182 1
278 1174 1
279 1167 1
280 1161 1
281 1156 1
281 1153 1
282 1149 1
282 1146 1
283 1142 1
284 1139 1
284 1134 1
286 1128 1
290 1119 1
293 1111 1
298 1099 1
303 1086 1
308 1074 1
312 1063 1
315 1054 1
320 1045 1
325 1035 1
329 1026 1
335 1015 1
340 1005 1
344 997 1
347 989 1
348 983 1
350 977 1
351 972 1
352 967 1
352 962 1
353 957 1
353 949 1
353 938 1
350 921 1
349 907 1
346 891 1
343 878 1
341 866 1
338 854 1
335 842 1
334 830 1
334 819 1
334 809 1
334 801 1
334 793 1
335 786 1
337 779 1
340 771 1
344 762 1
349 753 1
356 745 1
362 735 1
367 726 1
370 717 1
373 708 1
378 699 1
380 691 1
382 682 1
383 674 1
383 666 1
383 659 1
383 653 1
382 648 1
380 643 1
378 639 1
376 634 1
374 631 1
374 628 1
372 626 1
371 624 1
369 622 1
367 621 1
365 619 1
363 619 1
360 617 1
359 617 1
356 617 1
352 618 1
348 619 1
343 622 1
338 627 1
331 631 1
324 640 1
317 649 1
310 660 1
305 674 1
300 690 1
297 706 1
295 722 1
294 735 1
292 748 1
292 758 1
292 766 1
292 774 1
290 780 1
292 785 1
292 792 1
293 798 1
293 805 1
294 812 1
295 823 1
297 833 1
298 847 1
301 862 1
303 878 1
305 893 1
308 909 1
309 923 1
311 937 1
312 951 1
313 962 1
314 972 1
315 982 1
315 991 1
315 1000 1
315 1010 1
316 1019 1
316 1028 1
316 1037 1
316 1046 1
317 1053 1
317 1061 1
317 1071 1
317 1080 1
317 1090 1
319 1101 1
321 1112 1
323 1123 1
325 1134 1
327 1145 1
330 1156 1
332 1166 1
334 1176 1
335 1183 1
337 1191 1
339 1199 1
340 1205 1
343 1213 1
345 1221 1
347 1229 1
349 1236 1
352 1244 1
354 1252 1
356 1258 1
359 1265 1
363 1272 1
367 1278 1
371 1284 1
375 1289 1
378 1295 1
381 1299 1
384 1303 1
386 1306 1
387 1309 1
389 1311 1
390 1314 1
391 1315 1
391 1315 1
391 1316 1
391 1316 1
391 1316 1
391 1316 1
391 1316 1
391 1316 1
392 1315 1
392 1311 1
392 1308 1
394 1301 1
395 1292 1
396 1282 1
398 1271 1
400 1260 1
401 1248 1
403 1236 1
405 1224 1
405 1214 1
407 1206 1
408 1199 1
409 1193 1
410 1188 1
411 1184 1
411 1177 1
411 1169 1
411 1161 1
411 1152 1
412 1142 1
413 1133 1
415 1124 1
418 1114 1
421 1105 1
425 1098 1
428 1090 1
432 1083 1
435 1077 1
438 1072 1
442 1067 1
445 1062 1
449 1058 1
452 1053 1
455 1048 1
458 1043 1
461 1035 1
465 1026 1
469 1015 1
472 1005 1
475 994 1
477 983 1
479 974 1
480 965 1
481 956 1
482 947 1
482 939 1
482 930 1
480 922 1
481 915 1
479 908 1
478 901 1
477 893 1
476 886 1
475 878 1
473 870 1
474 862 1
472 856 1
473 850 1
473 846 1
473 842 1
473 837 1
474 835 1
475 832 1
477 826 1
479 821 1
482 814 1
485 806 1
488 796 1
490 789 1
492 781 1
495 775 1
498 768 1
501 762 1
503 754 1
505 746 1
506 738 1
507 728 1
507 718 1
507 709 1
505 700 1
503 691 1
501 680 1
499 671 1
496 663 1
494 655 1
489 649 1
487 645 1
485 642 1
484 640 1
482 638 1
480 638 1
478 636 1
476 637 1
471 638 1
465 639 1
460 641 1
451 645 1
443 649 1
436 654 1
428 662 1
420 672 1
414 682 1
410 693 1
406 702 1
404 712 1
403 725 1
402 737 1
402 750 1
402 761 1
403 772 1
404 785 1
407 798 1
411 814 1
415 828 1
420 843 1
424 858 1
430 873 1
435 890 1
440 906 1
445 923 1
450 938 1
454 952 1
457 964 1
458 974 1
460 985 1
462 997 1
465 1011 1
468 1026 1
470 1040 1
472 1050 1
474 1060 1
476 1070 1
477 1082 1
478 1093 1
479 1105 1
479 1115 1
479 1125 1
480 1136 1
480 1147 1
481 1160 1
483 1172 1
485 1182 1
487 1192 1
488 1199 1
490 1207 1
492 1214 1
494 1222 1
496 1229 1
500 1237 1
503 1246 1
506 1254 1
510 1261 1
513 1267 1
516 1274 1
518 1278 1
521 1281 1
523 1284 1
526 1287 1
531 1291 1
534 1293 1
537 1295 1
540 1296 1
542 1297 1
544 1298 1
546 1298 1
547 1298 1
549 1296 1
550 1295 1
552 1291 1
553 1285 1
552 1273 1
549 1258 1
545 1238 1
542 1215 1
539 1196 1
536 1180 1
535 1171 1
533 1163 1
533 1157 1
532 1153 1
532 1149 1
532 1147 1
532 1144 1
533 1139 1
534 1134 1
535 1127 1
537 1119 1
540 1107 1
544 1093 1
550 1078 1
554 1063 1
559 1051 1
564 1039 1
567 1029 1
570 1017 1
573 1004 1
575 994 1
578 985 1
580 976 1
581 967 1
583 959 1
585 949 1
587 940 1
589 931 1
592 922 1
594 912 1
597 905 1
600 895 1
602 884 1
606 873 1
609 863 1
612 851 1
615 840 1
618 829 1
620 817 1
623 806 1
624 796 1
625 788 1
626 781 1
628 773 1
629 765 1
630 757 1
632 749 1
632 740 1
632 730 1
631 721 1
629 711 1
629 703 1
627 695 1
624 688 1
620 680 1
617 675 1
616 671 1
614 668 1
613 666 1
611 663 1
610 663 1
608 661 1
606 661 1
603 659 1
600 660 1
595 660 1
590 661 1
587 662 1
583 663 1
578 665 1
574 668 1
569 673 1
564 679 1
561 686 1
558 692 1
554 701 1
553 707 1
550 714 1
549 719 1
547 724 1
547 727 1
545 729 1
546 731 1
544 733 1
545 734 1
545 735 1
544 737 1
543 741 1
543 747 1
543 755 1
544 762 1
545 771 1
547 780 1
551 790 1
556 802 1
560 813 1
566 822 1
571 830 1
576 837 1
581 842 1
586 848 1
591 853 1
596 859 1
600 864 1
606 870 1
611 875 1
615 878 1
620 883 1
623 885 1
626 890 1
630 893 1
632 895 1
635 897 1
636 899 1
638 901 1
639 902 1
640 903 1
640 903 1
640 903 1
640 903 1
640 903 1
641 904 1
641 904 1
642 907 1
643 910 1
644 913 1
644 917 1
646 922 1
646 928 1
648 936 1
651 946 1
653 955 1
655 963 1
658 971 1
660 978 1
662 984 1
665 989 1
666 993 1
668 996 1
668 998 1
669 1000 1
671 1003 1
671 1006 1
672 1007 1
672 1010 1
673 1013 1
673 1019 1
673 1026 1
672 1033 1
672 1041 1
671 1046 1
669 1051 1
668 1055 1
669 1058 1
669 1062 1
668 1065 1
668 1068 1
667 1072 1
667 1075 1
666 1082 1
666 1088 1
666 1097 1
666 1106 1
667 1114 1
667 1121 1
667 1129 1
667 1135 1
668 1143 1
668 1151 1
668 1159 1
668 1165 1
669 1173 1
669 1179 1
669 1183 1
669 1187 1
669 1190 1
669 1193 1
669 1196 1
667 1199 1
667 1203 1
666 1206 1
666 1211 1
666 1215 1
665 1219 1
665 1223 1
666 1228 1
666 1233 1
666 1237 1
667 1241 1
667 1245 1
668 1248 1
668 1251 1
669 1254 1
669 1256 1
670 1258 1
670 1258 1
670 1259 1
670 1259 1
670 1259 1
670 1259 1
670 1259 1
670 1259 1
670 1259 1
670 1259 1
670 1259 1
670 1259 1
672 1257 1
675 1255 1
679 1253 1
684 1250 1
689 1246 1
694 1241 1
698 1236 1
703 1230 1
708 1224 1
711 1217 1
714 1209 1
716 1202 1
719 1194 1
720 1187 1
721 1178 1
720 1166 1
718 1153 1
716 1141 1
716 1132 1
716 1123 1
714 1114 1
712 1105 1
711 1097 1
709 1089 1
707 1081 1
707 1073 1
706 1069 1
706 1063 1
705 1057 1
705 1052 1
705 1046 1
705 1041 1
705 1036 1
705 1029 1
705 1022 1
705 1013 1
705 1005 1
705 999 1
705 991 1
704 986 1
704 981 1
704 975 1
704 968 1
702 960 1
703 951 1
701 944 1
702 936 1
702 928 1
702 922 1
702 916 1
701 910 1
701 906 1
701 901 1
701 895 1
702 887 1
703 881 1
705 875 1
706 868 1
707 862 1
710 854 1
711 848 1
714 842 1
715 836 1
717 831 1
718 826 1
719 822 1
719 818 1
720 813 1
721 807 1
722 803 1
724 797 1
724 794 1
725 789 1
726 785 1
727 781 1
728 776 1
729 771 1
729 766 1
730 761 1
730 754 1
730 748 1
730 743 1
730 738 1
730 734 1
730 730 1
730 727 1
729 724 1
729 721 1
728 719 1
728 717 1
727 717 1
727 716 1
727 716 1
726 715 1
724 713 1
724 713 1
722 711 1
722 711 1
720 709 1
720 709 1
720 709 1
718 709 1
716 709 1
713 710 1
709 710 1
705 712 1
701 714 1
698 717 1
694 720 1
689 725 1
685 731 1
679 739 1
674 747 1
671 754 1
667 760 1
665 767 1
665 773 1
664 780 1
664 787 1
664 795 1
665 803 1
665 810 1
665 816 1
664 822 1
664 825 1
664 828 1
664 830 1
664 833 1
664 835 1
664 837 1
664 839 1
664 842 1
664 845 1
664 850 1
664 855 1
664 861 1
664 868 1
664 876 1
664 885 1
664 891 1
665 897 1
665 902 1
667 907 1
668 911 1
670 916 1
673 921 1
674 925 1
677 931 1
680 938 1
684 946 1
687 952 1
691 960 1
694 967 1
699 975 1
700 979 1
704 983 1
706 988 1
710 991 1
714 997 1
719 1003 1
723 1009 1
728 1016 1
731 1022 1
734 1027 1
737 1032 1
741 1036 1
743 1040 1
745 1043 1
746 1045 1
748 1047 1
749 1049 1
751 1052 1
752 1054 1
754 1057 1
755 1060 1
758 1065 1
761 1072 1
762 1079 1
765 1087 1
766 1096 1
768 1102 1
770 1110 1
772 1117 1
772 1122 1
773 1125 1
773 1130 1
774 1133 1
774 1136 1
774 1139 1
775 1143 1
775 1148 1
775 1152 1
775 1158 1
776 1164 1
776 1169 1
776 1174 1
776 1178 1
776 1182 1
776 1185 1
776 1188 1
776 1191 1
776 1195 1
776 1198 1
777 1201 1
777 1206 1
779 1210 1
780 1214 1
781 1218 1
782 1222 1
784 1227 1
785 1233 1
787 1237 1
788 1240 1
789 1243 1
790 1244 1
790 1246 1
791 1247 1
791 1248 1
791 1248 1
791 1248 1
791 1248 1
791 1248 1
791 1248 1
791 1249 1
794 1250 1
796 1250 1
798 1250 1
800 1251 1
800 1250 1
801 1250 1
801 1250 1
801 1250 1
802 1248 1
804 1246 1
806 1242 1
808 1238 1
811 1231 1
813 1223 1
815 1215 1
816 1207 1
817 1200 1
818 1193 1
818 1187 1
818 1181 1
817 1175 1
817 1168 1
816 1161 1
816 1152 1
814 1145 1
812 1136 1
812 1128 1
812 1120 1
811 1114 1
811 1106 1
808 1097 1
806 1086 1
804 1076 1
803 1066 1
803 1058 1
801 1051 1
799 1044 1
798 1037 1
798 1030 1
797 1022 1
795 1016 1
796 1007 1
796 1001 1
796 995 1
796 989 1
796 984 1
797 977 1
799 969 1
800 960 1
802 949 1
804 939 1
807 930 1
808 923 1
810 917 1
812 911 1
812 907 1
814 903 1
814 899 1
815 894 1
816 889 1
818 883 1
819 875 1
820 868 1
821 860 1
823 851 1
823 844 1
824 838 1
824 833 1
824 828 1
824 822 1
825 816 1
826 810 1
826 804 1
828 798 1
828 792 1
830 787 1
830 780 1
830 775 1
831 770 1
831 764 1
831 760 1
831 756 1
831 752 1
831 747 1
829 744 1
830 741 1
830 738 1
829 736 1
829 736 1
829 734 1
829 734 1
829 734 1
829 734 1
829 734 1
829 734 1
829 734 1
829 734 1
829 734 1
829 734 1
828 735 1
828 735 1
825 736 1
823 736 1
820 739 1
816 742 1
811 745 1
808 751 1
803 756 1
799 762 1
796 768 1
793 774 1
790 781 1
786 790 1
783 801 1
780 814 1
778 827 1
776 838 1
775 847 1
773 856 1
773 866 1
772 873 1
772 881 1
772 887 1
770 892 1
771 896 1
771 898 1
771 900 1
771 903 1
771 905 1
769 907 1
770 910 1
770 913 1
770 915 1
770 918 1
770 922 1
770 927 1
770 932 1
771 939 1
773 947 1
775 955 1
777 961 1
778 966 1
780 971 1
781 975 1
781 977 1
782 980 1
783 982 1
783 984 1
783 987 1
784 989 1
784 992 1
785 997 1
786 1003 1
787 1009 1
790 1017 1
791 1025 1
793 1031 1
794 1036 1
796 1040 1
796 1043 1
797 1045 1
797 1048 1
798 1051 1
798 1054 1
799 1055 1
799 1059 1
800 1061 1
801 1064 1
802 1068 1
804 1073 1
805 1078 1
807 1084 1
808 1092 1
809 1099 1
811 1105 1
812 1110 1
813 1115 1
814 1119 1
815 1122 1
815 1125 1
816 1128 1
816 1130 1
817 1134 1
817 1136 1
817 1138 1
818 1140 1
819 1142 1
819 1145 1
820 1150 1
822 1156 1
824 1163 1
827 1171 1
831 1177 1
835 1185 1
838 1190 1
841 1195 1
843 1200 1
846 1204 1
848 1207 1
849 1209 1
851 1212 1
852 1214 1
854 1216 1
856 1218 1
857 1219 1
859 1221 1
860 1222 1
862 1224 1
864 1225 1
866 1227 1
868 1228 1
870 1230 1
872 1231 1
874 1233 1
876 1234 1
877 1235 1
878 1235 1
878 1235 1
878 1235 1
878 1236 1
879 1236 1
879 1236 1
879 1236 1
879 1236 1
879 1236 1
879 1236 1
879 1236 1
879 1236 1
879 1236 1
879 1236 1
879 1236 1
879 1236 1
879 1236 1
879 1236 1
880 1233 1
882 1231 1
885 1227 1
887 1222 1
890 1218 1
893 1213 1
895 1209 1
896 1205 1
898 1202 1
899 1199 1
900 1196 1
901 1191 1
902 1188 1
903 1184 1
903 1179 1
903 1171 1
903 1163 1
903 1154 1
903 1144 1
901 1136 1
901 1129 1
901 1121 1
900 1115 1
899 1109 1
899 1104 1
898 1098 1
896 1090 1
896 1084 1
894 1078 1
894 1073 1
894 1067 1
893 1061 1
891 1057 1
892 1050 1
892 1043 1
892 1035 1
893 1024 1
893 1014 1
893 1004 1
893 994 1
894 987 1
894 979 1
894 972 1
895 964 1
896 957 1
897 950 1
898 943 1
899 936 1
900 929 1
900 924 1
901 918 1
902 913 1
903 907 1
904 899 1
906 888 1
907 877 1
908 868 1
909 858 1
909 850 1
910 842 1
911 833 1
912 824 1
912 811 1
913 799 1
915 787 1
917 777 1
920 766 1
922 755 1
924 744 1
924 734 1
925 726 1
926 719 1
926 713 1
926 709 1
926 704 1
924 700 1
924 697 1
922 694 1
920 690 1
917 687 1
914 684 1
911 681 1
910 680 1
907 678 1
906 678 1
906 676 1
904 677 1
904 677 1
904 676 1
904 676 1
901 677 1
899 678 1
895 681 1
890 686 1
884 692 1
878 699 1
873 705 1
868 712 1
865 719 1
862 727 1
859 734 1
857 741 1
856 747 1
854 754 1
854 759 1
854 767 1
853 776 1
853 787 1
854 801 1
856 814 1
859 828 1
860 840 1
862 851 1
863 863 1
865 874 1
866 883 1
868 891 1
869 896 1
871 903 1
873 907 1
874 912 1
876 917 1
878 923 1
880 932 1
883 942 1
886 954 1
888 966 1
891 976 1
893 987 1
895 998 1
900 1007 1
903 1016 1
907 1024 1
911 1031 1
913 1036 1
915 1040 1
917 1043 1
918 1046 1
920 1049 1
922 1053 1
923 1056 1
925 1060 1
926 1063 1
929 1069 1
930 1076 1
933 1085 1
935 1095 1
937 1104 1
938 1112 1
940 1120 1
943 1129 1
945 1137 1
947 1146 1
949 1157 1
951 1165 1
951 1173 1
953 1178 1
954 1181 1
955 1184 1
955 1187 1
955 1188 1
955 1189 1
956 1189 1
956 1190 1
956 1190 1
957 1190 1
958 1190 1
960 1191 1
962 1191 1
964 1190 1
967 1190 1
969 1188 1
972 1186 1
975 1184 1
977 1181 1
979 1177 1
980 1171 1
981 1162 1
981 1152 1
981 1140 1
982 1127 1
982 1115 1
982 1103 1
980 1092 1
980 1082 1
978 1071 1
979 1062 1
979 1053 1
979 1045 1
979 1038 1
980 1029 1
980 1020 1
980 1009 1
980 999 1
981 988 1
982 981 1
983 972 1
984 965 1
986 956 1
987 948 1
988 940 1
989 934 1
990 927 1
992 919 1
992 912 1
993 904 1
994 895 1
996 886 1
997 878 1
999 870 1
1001 862 1
1002 856 1
1003 851 1
1004 845 1
1005 840 1
1006 834 1
1008 828 1
1009 820 1
1011 811 1
1013 798 1
1015 787 1
1016 778 1
1017 769 1
1019 761 1
1020 753 1
1022 745 1
1022 736 1
1024 727 1
1025 716 1
1025 707 1
1023 697 1
1023 687 1
1023 675 1
1021 664 1
1018 653 1
1016 644 1
1013 636 1
1009 629 1
1006 624 1
1002 620 1
1000 617 1
997 614 1
994 611 1
992 608 1
989 606 1
987 603 1
984 601 1
982 598 1
977 595 1
974 593 1
969 591 1
966 590 1
963 588 1
961 588 1
958 586 1
956 586 1
954 586 1
954 586 1
954 585 1
953 585 1
953 585 1
953 585 1
953 585 1
953 586 1
951 588 1
949 594 1
948 602 1
946 611 1
946 619 1
946 627 1
945 635 1
945 644 1
945 653 1
945 664 1
945 674 1
945 683 1
947 692 1
948 702 1
950 712 1
953 726 1
957 742 1
961 757 1
964 771 1
966 784 1
968 797 1
971 811 1
972 823 1
973 835 1
974 846 1
976 855 1
978 862 1
980 869 1
981 873 1
982 876 1
982 878 1
983 881 1
983 885 1
983 889 1
983 895 1
982 900 1
982 905 1
980 912 1
980 919 1
980 927 1
979 937 1
979 948 1
978 958 1
978 965 1
978 973 1
978 979 1
978 985 1
979 992 1
981 999 1
983 1007 1
985 1014 1
988 1023 1
991 1031 1
993 1039 1
996 1046 1
998 1055 1
1001 1064 1
1005 1078 1
1007 1091 1
1009 1104 1
1011 1114 1
1013 1124 1
1014 1134 1
1016 1145 1
1018 1159 1
1020 1171 1
1022 1182 1
1026 1195 1
1029 1207 1
1032 1223 1
1037 1239 1
1041 1257 1
1045 1277 1
1048 1300 1
1050 1310 1
1049 1303 0
