375 271 1
375 271 1
375 271 1
375 271 1
375 271 1
375 271 1
375 271 1
375 271 1
373 273 1
373 279 1
373 289 1
370 304 1
367 322 1
363 340 1
359 356 1
356 371 1
353 383 1
350 394 1
347 401 1
344 409 1
341 416 1
339 422 1
335 438 1
332 452 1
328 471 1
325 491 1
321 512 1
316 532 1
312 554 1
311 575 1
309 598 1
310 620 1
310 641 1
311 661 1
312 681 1
315 702 1
320 723 1
325 745 1
329 764 1
333 782 1
339 801 1
343 819 1
351 839 1
357 857 1
362 876 1
367 893 1
371 909 1
373 925 1
375 941 1
376 953 1
376 963 1
377 973 1
377 995 1
378 1012 1
376 1035 1
375 1058 1
373 1080 1
367 1099 1
364 1114 1
361 1127 1
360 1144 1
360 1162 1
360 1178 1
360 1192 1
361 1211 1
363 1230 1
365 1248 1
370 1264 1
375 1281 1
379 1297 1
381 1311 1
384 1323 1
387 1334 1
396 1353 1
404 1369 1
411 1380 1
417 1391 1
428 1405 1
440 1417 1
451 1428 1
463 1437 1
477 1448 1
488 1457 1
498 1463 1
505 1468 1
513 1473 1
519 1476 1
524 1479 1
528 1481 1
533 1484 1
540 1486 1
546 1487 1
554 1488 1
562 1488 1
570 1488 1
582 1487 1
601 1484 1
614 1476 1
629 1467 1
644 1458 1
655 1450 1
664 1443 1
671 1438 1
678 1428 1
684 1419 1
690 1410 1
695 1397 1
700 1381 1
703 1360 1
705 1339 1
706 1317 1
706 1293 1
705 1269 1
705 1249 1
705 1229 1
704 1210 1
704 1196 1
703 1180 1
701 1164 1
700 1146 1
698 1130 1
698 1114 1
696 1097 1
695 1081 1
693 1063 1
690 1045 1
688 1025 1
688 1003 1
688 984 1
690 966 1
692 948 1
695 929 1
698 911 1
700 893 1
700 872 1
700 854 1
700 836 1
700 819 1
698 802 1
699 785 1
699 773 1
699 756 1
699 737 1
699 722 1
700 709 1
701 697 1
702 684 1
704 671 1
706 657 1
707 642 1
708 628 1
706 611 1
704 591 1
698 568 1
686 541 1
671 513 1
658 490 1
647 474 1
641 465 1
636 457 1
632 451 1
628 445 1
625 438 1
622 429 1
619 421 1
617 414 1
614 405 1
612 393 1
609 379 1
603 362 1
599 347 1
593 332 1
588 320 1
582 307 1
578 299 1
573 288 1
566 278 1
558 269 1
550 258 1
539 246 1
525 233 1
512 220 1
501 209 1
490 200 1
478 191 1
468 184 1
455 176 1
443 172 1
431 167 1
424 165 1
418 166 1
411 166 1
405 168 1
396 173 1
385 185 1
373 198 1
360 214 1
347 228 1
338 240 1
329 252 1
320 263 1
312 277 1
305 294 1
299 316 1
297 341 1
298 371 1
300 400 1
304 425 1
307 448 1
310 472 1
312 498 1
315 529 1
318 561 1
321 589 1
322 612 1
324 628 1
323 641 1
321 651 1
318 662 1
315 676 1
310 693 1
306 715 1
301 741 1
298 764 1
295 786 1
295 804 1
293 821 1
291 835 1
289 849 1
287 862 1
285 876 1
283 890 1
284 905 1
285 919 1
285 933 1
286 949 1
286 964 1
286 981 1
286 1000 1
288 1018 1
291 1038 1
294 1060 1
298 1082 1
300 1102 1
302 1120 1
304 1136 1
306 1155 1
306 1173 1
307 1188 1
305 1202 1
302 1217 1
300 1231 1
297 1245 1
294 1256 1
291 1267 1
288 1276 1
287 1289 1
287 1304 1
288 1321 1
291 1340 1
295 1359 1
299 1379 1
305 1397 1
313 1417 1
322 1436 1
333 1453 1
345 1469 1
358 1484 1
374 1499 1
389 1509 1
404 1516 1
417 1521 1
430 1523 1
441 1525 1
452 1524 1
465 1521 1
480 1516 1
494 1510 1
507 1503 1
520 1495 1
535 1486 1
549 1478 1
561 1469 1
573 1461 1
584 1452 1
595 1445 1
603 1437 1
611 1430 1
616 1424 1
619 1418 1
623 1413 1
624 1407 1
625 1402 1
626 1396 1
627 1389 1
627 1382 1
627 1374 1
628 1367 1
628 1355 1
629 1344 1
632 1331 1
635 1316 1
639 1300 1
643 1284 1
649 1268 1
655 1251 1
662 1232 1
670 1213 1
676 1197 1
682 1183 1
687 1168 1
693 1149 1
697 1128 1
700 1107 1
702 1086 1
703 1066 1
704 1047 1
704 1027 1
703 1006 1
703 985 1
703 966 1
702 949 1
702 933 1
701 915 1
701 896 1
700 874 1
700 850 1
699 826 1
699 803 1
697 784 1
695 766 1
695 743 1
693 721 1
691 702 1
690 690 1
688 679 1
688 669 1
686 658 1
685 646 1
683 634 1
679 623 1
677 614 1
675 605 1
674 593 1
674 578 1
675 561 1
678 541 1
681 522 1
684 505 1
685 492 1
687 478 1
688 463 1
688 448 1
689 434 1
689 422 1
689 411 1
688 399 1
688 385 1
687 367 1
687 345 1
686 324 1
686 304 1
686 285 1
685 266 1
685 248 1
683 235 1
681 221 1
679 211 1
676 201 1
673 193 1
670 184 1
665 176 1
661 170 1
656 165 1
650 159 1
644 155 1
636 150 1
627 145 1
617 142 1
608 139 1
598 136 1
590 135 1
582 133 1
575 134 1
570 135 1
564 135 1
560 137 1
551 139 1
541 142 1
529 145 1
516 149 1
505 152 1
495 156 1
486 159 1
477 160 1
470 162 1
465 163 1
461 165 1
456 166 1
453 167 1
447 170 1
439 175 1
429 184 1
419 192 1
408 202 1
397 211 1
384 220 1
371 234 1
356 249 1
343 265 1
332 280 1
323 292 1
315 308 1
308 323 1
302 340 1
297 355 1
294 371 1
291 386 1
289 401 1
287 415 1
285 431 1
283 448 1
283 467 1
283 487 1
286 509 1
289 532 1
293 554 1
299 573 1
303 590 1
311 607 1
316 621 1
319 634 1
323 646 1
325 659 1
326 672 1
329 684 1
332 698 1
336 715 1
342 734 1
348 754 1
355 774 1
364 796 1
373 815 1
380 832 1
388 849 1
393 864 1
397 878 1
400 890 1
402 899 1
402 909 1
402 919 1
400 928 1
398 941 1
395 953 1
393 969 1
387 989 1
378 1010 1
367 1034 1
354 1056 1
342 1078 1
334 1095 1
328 1111 1
324 1122 1
321 1133 1
318 1145 1
317 1159 1
317 1174 1
317 1188 1
315 1201 1
316 1213 1
314 1227 1
315 1243 1
316 1258 1
317 1276 1
318 1293 1
319 1310 1
320 1326 1
322 1343 1
323 1361 1
325 1378 1
326 1394 1
328 1409 1
332 1427 1
337 1443 1
343 1458 1
351 1474 1
363 1490 1
377 1503 1
391 1514 1
406 1522 1
421 1528 1
438 1528 1
458 1525 1
479 1517 1
502 1504 1
523 1491 1
540 1478 1
555 1466 1
570 1453 1
584 1439 1
600 1420 1
614 1401 1
626 1382 1
638 1363 1
645 1347 1
653 1329 1
660 1307 1
668 1278 1
674 1249 1
680 1223 1
684 1204 1
686 1189 1
688 1173 1
689 1152 1
687 1125 1
683 1093 1
678 1058 1
669 1024 1
659 991 1
653 965 1
649 940 1
646 915 1
646 885 1
646 853 1
646 821 1
647 791 1
649 769 1
650 747 1
652 726 1
654 704 1
657 681 1
660 653 1
662 626 1
662 598 1
662 570 1
663 544 1
663 521 1
666 497 1
670 475 1
674 453 1
676 432 1
677 412 1
675 392 1
672 372 1
669 351 1
664 325 1
657 298 1
650 275 1
641 254 1
631 235 1
621 219 1
611 207 1
602 198 1
591 190 1
581 184 1
570 179 1
558 174 1
546 171 1
536 169 1
525 169 1
511 169 1
493 172 1
472 178 1
452 189 1
432 200 1
415 214 1
396 229 1
378 246 1
360 263 1
346 280 1
333 300 1
321 324 1
311 350 1
303 377 1
296 406 1
292 431 1
287 455 1
283 474 1
278 491 1
272 508 1
266 525 1
261 544 1
255 569 1
250 598 1
249 634 1
247 674 1
249 710 1
251 745 1
254 773 1
257 798 1
261 823 1
266 848 1
272 874 1
276 899 1
279 923 1
279 945 1
280 965 1
280 987 1
281 1009 1
280 1036 1
278 1065 1
278 1096 1
277 1125 1
274 1150 1
271 1172 1
268 1190 1
264 1204 1
262 1218 1
261 1234 1
262 1252 1
265 1274 1
271 1302 1
281 1333 1
294 1364 1
307 1391 1
317 1413 1
328 1434 1
337 1452 1
348 1467 1
360 1480 1
375 1491 1
392 1500 1
413 1505 1
438 1506 1
465 1502 1
494 1494 1
522 1481 1
549 1465 1
573 1450 1
595 1433 1
611 1417 1
625 1400 1
639 1384 1
650 1363 1
661 1337 1
669 1303 1
673 1269 1
673 1241 1
670 1214 1
667 1191 1
662 1167 1
656 1128 1
650 1088 1
646 1053 1
645 1027 1
645 1005 1
645 987 1
647 967 1
649 943 1
652 915 1
655 889 1
657 864 1
659 840 1
658 816 1
656 792 1
656 766 1
654 737 1
652 702 1
647 664 1
643 629 1
640 600 1
638 576 1
640 557 1
643 540 1
647 522 1
651 505 1
655 492 1
658 480 1
660 471 1
663 461 1
664 445 1
664 427 1
664 403 1
660 376 1
654 350 1
648 325 1
640 305 1
633 290 1
627 278 1
623 269 1
620 263 1
617 258 1
615 255 1
613 253 1
611 250 1
608 247 1
602 245 1
596 242 1
590 239 1
584 236 1
575 234 1
566 231 1
552 229 1
540 228 1
526 226 1
511 227 1
497 227 1
485 227 1
474 228 1
462 229 1
449 231 1
432 234 1
411 239 1
387 247 1
364 257 1
344 267 1
326 282 1
309 298 1
294 320 1
283 346 1
277 378 1
274 412 1
274 447 1
277 479 1
282 511 1
288 543 1
295 573 1
301 602 1
305 629 1
308 653 1
311 676 1
313 700 1
314 723 1
313 748 1
311 773 1
305 796 1
302 816 1
297 838 1
295 864 1
295 892 1
296 924 1
299 955 1
303 981 1
308 1006 1
310 1027 1
311 1046 1
312 1066 1
312 1085 1
313 1104 1
314 1122 1
316 1141 1
317 1161 1
318 1181 1
316 1199 1
316 1217 1
316 1236 1
316 1259 1
320 1284 1
324 1310 1
328 1333 1
331 1357 1
334 1381 1
337 1404 1
344 1426 1
350 1443 1
357 1456 1
364 1464 1
374 1471 1
384 1478 1
402 1481 1
426 1480 1
457 1473 1
490 1462 1
519 1452 1
547 1442 1
574 1434 1
599 1426 1
620 1415 1
639 1405 1
653 1396 1
664 1390 1
670 1385 1
673 1382 1
677 1379 1
683 1364 1
691 1339 1
698 1313 1
702 1290 1
704 1269 1
702 1248 1
699 1224 1
697 1193 1
695 1161 1
694 1131 1
694 1105 1
692 1082 1
690 1060 1
687 1040 1
686 1017 1
686 991 1
687 963 1
692 935 1
697 909 1
703 886 1
709 861 1
715 834 1
720 805 1
721 778 1
722 755 1
719 734 1
716 713 1
712 697 1
709 683 1
707 670 1
704 656 1
702 642 1
703 625 1
703 604 1
703 582 1
704 563 1
704 546 1
702 532 1
700 519 1
697 505 1
693 493 1
688 479 1
683 464 1
680 445 1
676 424 1
672 398 1
667 370 1
661 344 1
655 320 1
650 300 1
645 284 1
640 273 1
634 264 1
629 256 1
625 250 1
619 245 1
613 240 1
606 237 1
598 233 1
591 230 1
582 230 1
574 228 1
570 229 1
567 229 1
564 230 1
563 230 1
563 230 1
561 230 1
559 230 1
558 229 1
555 229 1
552 227 1
549 225 1
546 225 1
541 223 1
539 223 1
536 223 1
532 223 1
530 224 1
527 225 1
524 227 1
520 230 1
512 235 1
501 240 1
490 246 1
480 250 1
469 255 1
458 261 1
444 270 1
427 282 1
406 298 1
386 315 1
370 330 1
355 343 1
342 356 1
329 368 1
316 382 1
302 400 1
290 420 1
279 447 1
269 477 1
262 509 1
257 538 1
258 561 1
259 583 1
262 603 1
265 620 1
269 639 1
271 660 1
273 685 1
276 715 1
281 746 1
285 779 1
291 811 1
294 842 1
297 874 1
299 905 1
301 938 1
304 968 1
305 999 1
307 1027 1
307 1058 1
309 1085 1
311 1110 1
312 1132 1
313 1154 1
313 1176 1
314 1198 1
315 1215 1
317 1234 1
321 1251 1
326 1268 1
332 1287 1
339 1309 1
347 1331 1
355 1354 1
365 1376 1
374 1395 1
380 1412 1
384 1425 1
386 1437 1
389 1447 1
390 1454 1
393 1459 1
396 1462 1
400 1465 1
407 1468 1
418 1470 1
435 1469 1
458 1467 1
487 1461 1
516 1455 1
543 1448 1
566 1444 1
585 1439 1
603 1433 1
618 1424 1
635 1411 1
652 1396 1
666 1377 1
677 1359 1
684 1340 1
689 1323 1
693 1302 1
694 1272 1
695 1236 1
692 1194 1
688 1153 1
680 1113 1
670 1074 1
659 1034 1
650 998 1
643 969 1
639 945 1
634 925 1
630 908 1
628 892 1
628 876 1
629 862 1
634 848 1
642 838 1
650 830 1
658 824 1
666 820 1
672 817 1
679 815 1
685 811 1
692 805 1
699 789 1
704 770 1
705 742 1
703 712 1
697 680 1
691 650 1
684 619 1
679 588 1
674 555 1
664 522 1
650 487 1
629 448 1
604 410 1
579 373 1
556 338 1
537 305 1
522 276 1
511 254 1
505 240 1
503 230 1
504 224 1
506 221 1
509 218 1
512 215 1
514 214 1
516 212 1
518 208 1
519 205 1
519 198 1
518 191 1
515 183 1
512 176 1
509 173 1
504 171 1
496 174 1
477 187 1
450 209 1
419 234 1
392 256 1
369 276 1
351 293 1
335 313 1
324 331 1
315 348 1
308 364 1
302 381 1
296 399 1
292 418 1
287 440 1
281 464 1
274 492 1
268 522 1
263 553 1
260 584 1
258 615 1
256 650 1
259 687 1
263 727 1
273 765 1
282 802 1
292 833 1
300 862 1
306 889 1
311 914 1
316 940 1
319 963 1
323 984 1
323 1005 1
323 1028 1
323 1053 1
323 1077 1
323 1100 1
323 1123 1
323 1148 1
321 1173 1
319 1199 1
315 1226 1
312 1254 1
312 1287 1
312 1316 1
313 1342 1
316 1365 1
322 1389 1
331 1412 1
341 1431 1
355 1450 1
369 1464 1
386 1478 1
402 1489 1
421 1497 1
441 1504 1
465 1510 1
489 1515 1
513 1517 1
537 1520 1
561 1518 1
583 1514 1
599 1510 1
612 1505 1
622 1501 1
633 1487 1
648 1462 1
661 1428 1
672 1399 1
676 1381 1
680 1367 1
680 1359 1
679 1351 1
677 1340 1
678 1331 1
678 1322 1
678 1317 1
678 1310 1
678 1298 1
678 1284 1
679 1265 1
680 1243 1
682 1220 1
684 1198 1
685 1178 1
686 1162 1
689 1148 1
693 1136 1
698 1126 1
702 1118 1
705 1112 1
710 1103 1
714 1090 1
718 1073 1
721 1055 1
723 1037 1
724 1023 1
724 1011 1
722 998 1
720 984 1
718 967 1
715 949 1
713 929 1
713 914 1
713 900 1
713 891 1
714 882 1
715 873 1
716 863 1
716 850 1
716 835 1
712 818 1
706 799 1
699 777 1
690 755 1
681 733 1
670 709 1
658 686 1
649 667 1
642 650 1
638 640 1
636 631 1
636 624 1
636 617 1
638 608 1
640 596 1
642 579 1
644 558 1
646 532 1
647 500 1
645 465 1
640 428 1
632 392 1
622 355 1
610 323 1
598 296 1
586 275 1
577 259 1
570 247 1
565 238 1
558 231 1
552 223 1
545 219 1
537 213 1
529 208 1
518 203 1
499 196 1
482 194 1
466 195 1
448 199 1
431 205 1
416 211 1
405 217 1
396 221 1
388 228 1
378 239 1
365 258 1
350 284 1
335 317 1
322 350 1
314 381 1
306 408 1
302 436 1
299 465 1
295 504 1
295 545 1
299 586 1
303 619 1
309 647 1
314 672 1
318 696 1
319 719 1
320 744 1
319 771 1
317 796 1
315 821 1
315 847 1
313 874 1
313 906 1
311 940 1
309 974 1
307 1010 1
307 1046 1
309 1080 1
312 1110 1
315 1136 1
318 1159 1
318 1177 1
318 1190 1
314 1198 1
311 1203 1
306 1208 1
301 1211 1
294 1216 1
286 1221 1
278 1230 1
270 1241 1
261 1254 1
252 1274 1
246 1296 1
242 1322 1
240 1351 1
241 1380 1
246 1405 1
251 1426 1
259 1445 1
270 1464 1
281 1479 1
293 1493 1
309 1506 1
327 1522 1
349 1537 1
372 1551 1
396 1562 1
418 1570 1
438 1574 1
455 1578 1
473 1580 1
492 1581 1
513 1582 1
532 1581 1
550 1579 1
566 1575 1
580 1569 1
590 1561 1
601 1552 1
612 1541 1
626 1529 1
642 1513 1
657 1497 1
668 1484 1
676 1475 1
680 1468 1
685 1461 1
690 1448 1
696 1422 1
704 1389 1
711 1350 1
714 1313 1
716 1278 1
715 1244 1
711 1209 1
705 1172 1
699 1136 1
697 1104 1
694 1075 1
693 1046 1
694 1021 1
696 999 1
697 979 1
700 961 1
701 946 1
704 929 1
709 905 1
714 877 1
720 848 1
724 819 1
726 793 1
726 769 1
724 749 1
724 727 1
725 705 1
725 684 1
725 665 1
724 651 1
722 639 1
722 628 1
720 619 1
720 612 1
720 605 1
718 597 1
719 586 1
717 573 1
717 557 1
715 540 1
710 519 1
706 496 1
701 471 1
695 448 1
690 427 1
687 412 1
684 397 1
682 385 1
677 371 1
673 355 1
667 338 1
658 320 1
650 303 1
643 287 1
634 272 1
625 256 1
613 239 1
602 222 1
595 209 1
590 200 1
588 195 1
586 190 1
584 188 1
584 187 1
584 185 1
584 185 1
584 184 1
584 184 1
583 185 1
581 183 1
578 183 1
574 182 1
566 180 1
551 183 1
533 187 1
517 193 1
503 198 1
492 205 1
483 209 1
476 214 1
468 218 1
458 226 1
444 237 1
429 251 1
415 266 1
404 279 1
395 292 1
385 305 1
377 316 1
371 327 1
365 337 1
361 343 1
355 351 1
348 360 1
341 370 1
331 388 1
318 407 1
304 428 1
292 453 1
279 477 1
271 502 1
263 526 1
260 553 1
258 582 1
260 612 1
264 643 1
269 672 1
274 696 1
279 721 1
285 743 1
291 763 1
295 780 1
300 798 1
303 815 1
308 833 1
314 852 1
320 872 1
327 891 1
334 909 1
340 926 1
348 942 1
354 958 1
357 970 1
360 982 1
362 992 1
362 1003 1
359 1015 1
356 1028 1
352 1042 1
347 1055 1
341 1068 1
334 1080 1
327 1092 1
319 1105 1
313 1117 1
306 1130 1
299 1147 1
292 1166 1
286 1185 1
280 1204 1
275 1222 1
268 1241 1
265 1259 1
262 1277 1
261 1297 1
262 1317 1
266 1338 1
271 1360 1
276 1382 1
282 1406 1
290 1430 1
300 1451 1
312 1473 1
324 1490 1
337 1507 1
349 1521 1
362 1534 1
372 1542 1
381 1549 1
391 1555 1
401 1559 1
414 1563 1
430 1568 1
447 1571 1
468 1574 1
487 1576 1
506 1574 1
522 1573 1
537 1569 1
550 1565 1
564 1559 1
576 1550 1
590 1540 1
604 1529 1
621 1516 1
642 1494 1
664 1471 1
686 1447 1
703 1426 1
716 1410 1
723 1397 1
728 1387 1
731 1377 1
736 1363 1
738 1348 1
741 1329 1
743 1309 1
743 1289 1
744 1267 1
743 1245 1
743 1222 1
742 1197 1
740 1173 1
740 1148 1
740 1124 1
738 1098 1
736 1072 1
732 1043 1
730 1015 1
730 985 1
730 956 1
730 930 1
731 903 1
733 877 1
734 849 1
734 822 1
734 796 1
732 772 1
733 756 1
733 743 1
735 729 1
736 717 1
738 706 1
739 695 1
740 685 1
740 675 1
741 663 1
741 652 1
741 642 1
741 632 1
741 623 1
739 617 1
740 609 1
740 601 1
739 591 1
739 581 1
739 569 1
739 557 1
739 544 1
739 532 1
740 519 1
742 507 1
744 496 1
747 483 1
750 471 1
755 460 1
758 449 1
764 440 1
768 432 1
776 421 1
784 409 1
791 396 1
797 378 1
800 358 1
800 338 1
797 320 1
790 300 1
782 282 1
772 263 1
761 246 1
751 232 1
741 219 1
732 208 1
723 200 1
717 193 1
712 190 1
706 185 1
697 181 1
690 179 1
680 175 1
667 173 1
650 170 1
630 169 1
610 169 1
590 169 1
572 170 1
555 171 1
538 176 1
522 181 1
507 187 1
491 196 1
477 204 1
463 214 1
450 222 1
439 230 1
430 238 1
420 248 1
407 259 1
395 270 1
383 282 1
370 297 1
357 315 1
345 336 1
335 362 1
326 392 1
319 424 1
316 458 1
316 490 1
316 519 1
317 550 1
317 578 1
317 606 1
315 633 1
315 658 1
315 684 1
313 711 1
311 737 1
312 763 1
312 788 1
312 811 1
312 834 1
312 858 1
312 883 1
313 912 1
316 942 1
319 973 1
323 1002 1
327 1032 1
328 1060 1
329 1086 1
329 1105 1
327 1122 1
325 1133 1
322 1143 1
318 1149 1
314 1156 1
310 1162 1
306 1168 1
301 1174 1
298 1183 1
293 1193 1
288 1205 1
285 1220 1
281 1237 1
280 1254 1
280 1272 1
281 1294 1
282 1314 1
282 1332 1
284 1350 1
286 1367 1
290 1385 1
295 1402 1
303 1421 1
311 1438 1
319 1451 1
326 1465 1
340 1478 1
357 1492 1
381 1504 1
408 1512 1
437 1517 1
466 1518 1
490 1518 1
508 1516 1
527 1513 1
546 1507 1
569 1495 1
595 1478 1
616 1462 1
633 1440 1
648 1416 1
660 1386 1
671 1346 1
680 1303 1
687 1257 1
690 1215 1
691 1176 1
692 1136 1
691 1097 1
691 1062 1
693 1029 1
696 1001 1
700 975 1
705 951 1
711 926 1
716 897 1
722 871 1
729 845 1
735 820 1
738 792 1
739 764 1
741 735 1
741 712 1
741 693 1
741 677 1
741 661 1
741 644 1
740 626 1
738 606 1
738 585 1
736 564 1
736 541 1
734 518 1
734 496 1
734 476 1
733 459 1
731 442 1
730 424 1
731 404 1
731 384 1
732 361 1
734 339 1
735 321 1
737 306 1
737 292 1
738 278 1
734 263 1
727 247 1
718 232 1
707 218 1
693 205 1
678 197 1
663 190 1
644 186 1
621 183 1
597 183 1
578 183 1
563 186 1
549 189 1
536 193 1
522 198 1
509 206 1
496 213 1
481 220 1
463 230 1
445 243 1
426 261 1
409 280 1
389 302 1
375 319 1
364 331 1
356 339 1
350 344 1
345 348 1
340 353 1
334 357 1
328 363 1
318 372 1
308 387 1
297 404 1
287 429 1
277 457 1
267 488 1
258 518 1
252 546 1
247 573 1
246 604 1
246 636 1
251 672 1
258 709 1
264 744 1
271 774 1
277 804 1
282 832 1
288 860 1
294 887 1
301 913 1
306 938 1
307 965 1
306 991 1
303 1019 1
299 1045 1
293 1069 1
290 1093 1
288 1112 1
286 1129 1
285 1145 1
285 1162 1
285 1181 1
286 1200 1
288 1220 1
292 1244 1
296 1269 1
304 1298 1
313 1327 1
321 1358 1
331 1389 1
340 1418 1
352 1445 1
366 1470 1
379 1494 1
392 1514 1
403 1530 1
417 1543 1
433 1552 1
450 1559 1
470 1563 1
490 1559 1
512 1549 1
537 1527 1
563 1499 1
586 1465 1
607 1429 1
626 1390 1
641 1353 1
651 1313 1
660 1278 1
667 1248 1
672 1221 1
676 1194 1
678 1170 1
681 1145 1
684 1121 1
687 1097 1
688 1070 1
691 1043 1
696 1006 1
700 966 1
705 926 1
708 886 1
709 847 1
708 808 1
705 768 1
702 733 1
699 704 1
700 680 1
701 657 1
704 635 1
707 615 1
709 597 1
711 579 1
712 563 1
713 548 1
713 530 1
711 508 1
709 487 1
705 466 1
702 447 1
696 429 1
691 413 1
687 398 1
683 379 1
680 359 1
676 338 1
671 318 1
667 303 1
662 290 1
656 274 1
648 257 1
639 240 1
628 226 1
615 212 1
603 203 1
592 196 1
580 191 1
566 188 1
548 189 1
528 193 1
506 201 1
482 213 1
458 224 1
439 236 1
422 248 1
408 260 1
392 275 1
372 300 1
352 327 1
334 355 1
318 379 1
306 401 1
297 421 1
287 443 1
279 470 1
270 499 1
263 528 1
257 556 1
253 583 1
250 607 1
247 629 1
245 652 1
243 677 1
241 702 1
239 731 1
237 762 1
235 792 1
234 825 1
234 857 1
235 889 1
238 917 1
241 948 1
243 978 1
247 1007 1
251 1037 1
255 1069 1
262 1100 1
268 1131 1
275 1158 1
282 1184 1
286 1206 1
293 1228 1
299 1247 1
308 1262 1
317 1277 1
331 1293 1
346 1308 1
362 1322 1
377 1335 1
391 1346 1
405 1355 1
419 1363 1
434 1372 1
449 1380 1
466 1389 1
484 1396 1
505 1399 1
525 1400 1
546 1393 1
571 1377 1
601 1353 1
626 1323 1
649 1292 1
669 1255 1
689 1200 1
706 1126 1
718 1053 1
726 989 1
730 934 1
732 882 1
733 828 1
732 770 1
732 704 1
732 638 1
732 580 1
734 523 1
731 465 1
731 409 1
732 346 1
732 296 1
729 259 1
722 237 1
713 221 1
699 210 1
684 201 1
666 193 1
642 185 1
598 182 1
539 192 1
474 219 1
413 270 1
358 338 1
310 423 1
271 511 1
248 606 1
239 700 1
246 798 1
259 884 1
274 964 1
288 1041 1
302 1114 1
323 1188 1
333 1223 1
326 1197 0
