667 964 1
667 964 1
667 964 1
667 964 1
667 964 1
667 964 1
667 964 1
667 964 1
667 964 1
667 964 1
667 964 1
667 964 1
667 964 1
666 963 1
666 963 1
664 963 1
662 963 1
660 962 1
657 962 1
651 960 1
646 958 1
640 957 1
634 955 1
628 953 1
622 950 1
616 946 1
612 944 1
608 939 1
605 935 1
602 931 1
601 927 1
599 924 1
599 920 1
599 917 1
599 914 1
599 909 1
599 907 1
601 904 1
603 901 1
603 900 1
606 898 1
607 898 1
609 898 1
611 897 1
614 897 1
616 897 1
618 898 1
620 898 1
622 899 1
625 900 1
626 901 1
628 904 1
629 905 1
631 907 1
632 908 1
633 911 1
634 912 1
635 915 1
635 917 1
636 920 1
636 924 1
636 928 1
636 932 1
636 936 1
636 941 1
636 945 1
636 948 1
636 951 1
636 954 1
637 956 1
637 959 1
638 961 1
639 965 1
641 968 1
642 971 1
644 975 1
647 980 1
651 985 1
655 991 1
658 997 1
662 1001 1
664 1004 1
666 1007 1
669 1009 1
671 1012 1
672 1014 1
674 1016 1
674 1018 1
675 1020 1
676 1020 1
676 1021 1
676 1021 1
676 1021 1
676 1021 1
676 1021 1
676 1021 1
676 1021 1
676 1021 1
676 1021 1
676 1021 1
676 1021 1
675 1022 1
672 1023 1
670 1026 1
667 1028 1
664 1031 1
660 1033 1
656 1036 1
653 1038 1
649 1040 1
646 1042 1
643 1043 1
640 1045 1
636 1045 1
631 1047 1
627 1047 1
622 1047 1
620 1047 1
617 1047 1
613 1045 1
610 1045 1
607 1043 1
602 1042 1
597 1039 1
589 1033 1
578 1027 1
565 1017 1
552 1006 1
542 995 1
533 986 1
526 978 1
521 970 1
515 962 1
511 955 1
508 948 1
505 941 1
502 935 1
500 927 1
497 920 1
496 912 1
494 903 1
495 892 1
495 881 1
496 868 1
498 858 1
502 847 1
505 837 1
510 829 1
515 822 1
518 815 1
523 810 1
529 805 1
533 801 1
539 797 1
544 793 1
548 792 1
553 790 1
559 789 1
567 787 1
576 787 1
587 785 1
595 786 1
604 787 1
610 787 1
617 787 1
622 787 1
626 788 1
632 789 1
637 791 1
641 793 1
644 794 1
647 796 1
649 797 1
652 799 1
654 800 1
656 804 1
661 808 1
666 814 1
672 821 1
678 828 1
683 836 1
689 843 1
693 851 1
699 859 1
704 865 1
707 872 1
711 879 1
714 884 1
716 888 1
718 893 1
720 898 1
722 902 1
724 908 1
726 912 1
727 917 1
729 920 1
730 925 1
732 930 1
733 934 1
735 939 1
737 944 1
738 949 1
740 954 1
741 960 1
743 966 1
743 971 1
745 976 1
745 981 1
746 985 1
747 989 1
747 991 1
747 993 1
747 995 1
748 998 1
748 1000 1
748 1002 1
748 1004 1
748 1008 1
748 1010 1
748 1013 1
748 1016 1
748 1020 1
748 1024 1
748 1028 1
748 1033 1
748 1035 1
748 1038 1
748 1041 1
748 1043 1
748 1046 1
748 1048 1
748 1051 1
748 1054 1
749 1056 1
748 1060 1
748 1063 1
747 1069 1
745 1076 1
743 1081 1
742 1086 1
740 1092 1
738 1097 1
735 1102 1
732 1106 1
729 1111 1
726 1112 1
723 1115 1
720 1116 1
718 1116 1
716 1116 1
713 1116 1
711 1116 1
709 1116 1
706 1114 1
703 1114 1
700 1112 1
697 1112 1
692 1110 1
690 1109 1
686 1107 1
683 1105 1
679 1105 1
676 1103 1
671 1102 1
666 1100 1
660 1099 1
654 1097 1
650 1096 1
646 1095 1
642 1093 1
636 1092 1
629 1089 1
618 1087 1
606 1084 1
592 1082 1
579 1079 1
566 1075 1
554 1070 1
544 1067 1
535 1062 1
528 1059 1
523 1057 1
519 1054 1
517 1053 1
514 1053 1
512 1051 1
510 1049 1
509 1047 1
507 1047 1
507 1046 1
507 1044 1
504 1042 1
501 1038 1
497 1033 1
490 1025 1
480 1012 1
467 999 1
457 987 1
449 977 1
443 969 1
440 964 1
437 958 1
434 954 1
431 949 1
428 943 1
423 933 1
417 921 1
409 907 1
401 890 1
392 874 1
386 857 1
379 841 1
373 827 1
367 810 1
362 793 1
358 779 1
355 767 1
352 758 1
351 751 1
349 745 1
350 741 1
353 736 1
359 731 1
366 727 1
375 722 1
384 717 1
392 714 1
399 710 1
404 707 1
409 705 1
414 702 1
420 698 1
427 695 1
433 691 1
439 688 1
445 685 1
451 683 1
459 681 1
468 678 1
479 676 1
488 675 1
496 675 1
503 673 1
508 673 1
514 671 1
518 671 1
522 671 1
528 669 1
533 669 1
540 667 1
547 665 1
552 665 1
557 663 1
561 663 1
566 661 1
573 662 1
579 662 1
585 663 1
590 664 1
594 664 1
597 664 1
603 665 1
613 666 1
625 671 1
640 677 1
654 685 1
667 692 1
677 697 1
685 701 1
690 703 1
694 706 1
698 707 1
701 709 1
705 711 1
709 713 1
713 716 1
716 717 1
721 720 1
726 723 1
730 726 1
735 729 1
741 734 1
747 739 1
753 744 1
759 750 1
762 754 1
766 757 1
768 760 1
771 763 1
774 767 1
777 770 1
780 774 1
782 777 1
784 781 1
787 786 1
790 792 1
791 799 1
794 808 1
795 820 1
797 834 1
798 848 1
800 865 1
802 884 1
805 904 1
807 923 1
811 943 1
812 960 1
814 974 1
816 986 1
816 996 1
818 1004 1
818 1011 1
819 1017 1
819 1020 1
819 1024 1
819 1026 1
819 1028 1
819 1031 1
819 1034 1
819 1037 1
819 1041 1
817 1046 1
817 1050 1
817 1056 1
815 1061 1
813 1068 1
811 1075 1
810 1082 1
808 1088 1
807 1094 1
807 1101 1
805 1106 1
803 1112 1
802 1116 1
799 1122 1
793 1128 1
787 1136 1
777 1144 1
768 1152 1
761 1159 1
755 1165 1
749 1169 1
743 1172 1
740 1175 1
738 1177 1
735 1179 1
734 1179 1
731 1181 1
728 1182 1
724 1183 1
720 1183 1
715 1184 1
706 1184 1
693 1183 1
676 1181 1
658 1180 1
640 1178 1
624 1176 1
611 1175 1
600 1173 1
590 1171 1
581 1169 1
575 1168 1
567 1166 1
560 1164 1
554 1161 1
546 1159 1
540 1157 1
531 1154 1
524 1152 1
516 1149 1
509 1146 1
500 1142 1
492 1137 1
483 1131 1
475 1125 1
465 1119 1
458 1113 1
450 1107 1
443 1101 1
438 1095 1
434 1089 1
431 1083 1
429 1077 1
429 1072 1
429 1069 1
429 1064 1
429 1059 1
429 1055 1
427 1049 1
426 1040 1
424 1029 1
418 1013 1
410 997 1
401 981 1
394 967 1
387 954 1
383 945 1
378 934 1
376 925 1
373 916 1
370 910 1
367 903 1
365 898 1
364 894 1
364 892 1
363 889 1
361 886 1
362 882 1
362 879 1
363 873 1
364 867 1
366 858 1
370 848 1
374 838 1
378 829 1
381 822 1
384 816 1
386 813 1
387 809 1
389 807 1
389 804 1
391 801 1
392 796 1
393 787 1
391 775 1
390 758 1
388 738 1
387 717 1
385 695 1
383 674 1
381 652 1
381 633 1
381 618 1
382 603 1
382 592 1
384 583 1
384 575 1
385 569 1
387 562 1
389 556 1
391 552 1
393 547 1
395 542 1
400 536 1
405 530 1
409 524 1
413 518 1
417 513 1
420 509 1
423 506 1
426 504 1
430 503 1
435 503 1
439 503 1
444 503 1
449 504 1
453 504 1
459 505 1
468 506 1
478 509 1
490 511 1
501 514 1
514 519 1
528 527 1
544 536 1
556 545 1
567 553 1
577 560 1
585 566 1
592 571 1
599 575 1
608 580 1
617 585 1
627 590 1
638 596 1
648 602 1
658 606 1
668 611 1
675 615 1
683 619 1
691 623 1
699 626 1
703 630 1
708 632 1
711 635 1
713 636 1
715 638 1
717 639 1
719 641 1
722 644 1
728 649 1
738 660 1
752 675 1
770 694 1
788 714 1
807 736 1
825 755 1
838 772 1
849 784 1
857 793 1
862 799 1
865 804 1
867 806 1
869 809 1
871 811 1
872 813 1
874 816 1
875 817 1
878 820 1
879 823 1
881 826 1
882 828 1
884 831 1
885 835 1
887 839 1
889 843 1
890 847 1
891 852 1
892 858 1
892 864 1
892 871 1
892 877 1
892 885 1
890 893 1
889 901 1
888 910 1
888 919 1
886 930 1
886 943 1
885 955 1
885 968 1
885 979 1
885 991 1
885 1003 1
887 1015 1
887 1026 1
889 1036 1
890 1045 1
891 1054 1
892 1062 1
893 1069 1
894 1077 1
894 1085 1
895 1093 1
896 1100 1
897 1105 1
899 1111 1
899 1114 1
901 1119 1
902 1122 1
904 1126 1
905 1131 1
906 1135 1
907 1140 1
910 1145 1
911 1150 1
913 1156 1
915 1160 1
915 1164 1
917 1167 1
917 1169 1
918 1172 1
918 1174 1
919 1177 1
919 1179 1
919 1182 1
918 1184 1
918 1188 1
917 1191 1
915 1194 1
912 1197 1
910 1200 1
908 1203 1
906 1205 1
904 1207 1
902 1208 1
900 1210 1
898 1211 1
896 1213 1
896 1214 1
895 1214 1
895 1214 1
894 1214 1
892 1215 1
889 1217 1
886 1220 1
881 1223 1
876 1228 1
872 1230 1
866 1234 1
858 1239 1
850 1242 1
842 1247 1
834 1251 1
826 1254 1
818 1257 1
812 1259 1
806 1260 1
801 1262 1
796 1263 1
790 1264 1
784 1264 1
776 1265 1
769 1265 1
758 1266 1
747 1266 1
735 1265 1
725 1265 1
716 1265 1
708 1266 1
701 1267 1
696 1268 1
691 1269 1
687 1269 1
684 1270 1
681 1270 1
679 1271 1
677 1272 1
677 1272 1
676 1272 1
676 1272 1
675 1272 1
675 1272 1
674 1273 1
674 1273 1
671 1273 1
667 1274 1
663 1276 1
657 1277 1
650 1280 1
640 1281 1
628 1283 1
611 1284 1
596 1285 1
583 1285 1
576 1285 1
570 1285 1
564 1285 1
559 1285 1
552 1285 1
543 1283 1
536 1282 1
528 1280 1
520 1277 1
513 1274 1
506 1271 1
499 1267 1
493 1262 1
484 1256 1
474 1249 1
461 1241 1
449 1232 1
436 1222 1
424 1210 1
414 1199 1
405 1190 1
398 1183 1
389 1173 1
380 1164 1
368 1151 1
357 1138 1
347 1125 1
338 1115 1
334 1107 1
329 1101 1
324 1093 1
321 1085 1
316 1074 1
312 1063 1
308 1049 1
304 1036 1
301 1022 1
298 1010 1
296 998 1
295 988 1
293 977 1
292 963 1
293 948 1
291 927 1
291 900 1
289 867 1
283 826 1
276 784 1
267 741 1
258 700 1
249 662 1
240 629 1
233 599 1
228 573 1
224 551 1
222 530 1
222 512 1
226 494 1
232 479 1
240 466 1
248 454 1
258 443 1
266 434 1
276 426 1
290 418 1
307 410 1
325 403 1
342 397 1
358 393 1
375 391 1
393 390 1
411 390 1
428 390 1
442 390 1
456 390 1
469 390 1
483 391 1
497 391 1
511 393 1
525 396 1
541 401 1
555 406 1
566 410 1
575 415 1
583 419 1
591 425 1
600 430 1
609 434 1
618 440 1
626 445 1
636 453 1
645 462 1
653 473 1
660 483 1
667 493 1
676 506 1
685 518 1
693 531 1
702 542 1
710 554 1
718 563 1
723 573 1
729 582 1
736 593 1
742 602 1
748 610 1
752 616 1
755 620 1
757 622 1
760 624 1
761 625 1
764 628 1
768 631 1
773 636 1
781 641 1
789 647 1
798 654 1
810 662 1
823 671 1
835 681 1
846 691 1
854 697 1
860 703 1
866 708 1
870 712 1
875 715 1
879 718 1
883 722 1
888 726 1
892 730 1
898 737 1
903 743 1
907 750 1
913 758 1
918 769 1
923 781 1
928 794 1
932 809 1
935 825 1
937 843 1
940 861 1
941 878 1
942 894 1
943 905 1
945 915 1
947 923 1
949 933 1
952 945 1
956 960 1
959 977 1
962 998 1
964 1021 1
965 1049 1
965 1078 1
963 1107 1
960 1133 1
957 1155 1
954 1174 1
951 1188 1
951 1198 1
949 1207 1
949 1212 1
947 1217 1
946 1221 1
947 1223 1
945 1225 1
945 1225 1
946 1226 1
944 1229 1
941 1234 1
935 1241 1
926 1250 1
912 1262 1
902 1274 1
885 1287 1
870 1301 1
855 1313 1
841 1323 1
830 1331 1
820 1337 1
809 1342 1
798 1344 1
787 1347 1
777 1349 1
768 1349 1
758 1348 1
746 1347 1
733 1344 1
717 1340 1
699 1335 1
679 1328 1
660 1322 1
646 1316 1
635 1314 1
623 1310 1
610 1309 1
597 1306 1
583 1305 1
571 1303 1
559 1303 1
548 1301 1
537 1301 1
526 1299 1
516 1299 1
507 1296 1
495 1293 1
480 1287 1
466 1281 1
454 1275 1
444 1269 1
440 1267 1
437 1265 1
434 1265 1
435 1264 1
433 1264 1
433 1264 1
433 1264 1
433 1264 1
433 1264 1
433 1264 1
433 1264 1
433 1264 1
433 1264 1
433 1264 1
433 1264 1
432 1265 1
432 1265 1
432 1265 1
432 1265 1
432 1265 1
429 1266 1
428 1266 1
426 1267 1
425 1267 1
423 1268 1
423 1269 1
421 1270 1
420 1270 1
418 1272 1
416 1274 1
414 1276 1
412 1279 1
411 1280 1
409 1282 1
408 1282 1
405 1283 1
399 1283 1
390 1280 1
374 1272 1
356 1263 1
337 1249 1
320 1237 1
306 1224 1
292 1211 1
279 1196 1
270 1184 1
260 1170 1
250 1154 1
239 1135 1
227 1113 1
219 1094 1
209 1069 1
201 1046 1
191 1022 1
182 997 1
174 972 1
167 949 1
162 928 1
158 909 1
155 891 1
152 873 1
151 856 1
149 837 1
148 816 1
146 793 1
146 772 1
144 750 1
144 730 1
144 709 1
144 692 1
144 674 1
142 654 1
140 631 1
137 605 1
136 581 1
136 560 1
138 543 1
141 526 1
146 510 1
152 494 1
159 479 1
167 464 1
175 450 1
182 438 1
188 425 1
192 413 1
197 402 1
201 392 1
205 384 1
209 378 1
214 372 1
221 365 1
230 360 1
239 354 1
252 348 1
271 340 1
291 335 1
312 332 1
332 330 1
350 330 1
365 330 1
379 330 1
396 332 1
412 335 1
426 337 1
438 340 1
448 341 1
459 345 1
470 348 1
482 351 1
494 355 1
505 358 1
518 363 1
535 368 1
552 372 1
569 377 1
584 383 1
602 390 1
619 397 1
635 404 1
648 411 1
659 417 1
668 423 1
676 427 1
684 430 1
691 435 1
697 438 1
703 442 1
710 446 1
716 450 1
723 454 1
730 458 1
737 465 1
745 471 1
752 478 1
760 486 1
767 491 1
772 496 1
778 501 1
783 506 1
787 510 1
791 515 1
794 520 1
799 525 1
806 532 1
810 537 1
814 541 1
818 545 1
820 548 1
822 550 1
824 552 1
826 555 1
827 556 1
829 558 1
831 560 1
832 561 1
834 563 1
836 564 1
838 565 1
840 567 1
846 570 1
852 574 1
858 577 1
866 583 1
873 589 1
881 595 1
890 603 1
896 609 1
903 617 1
909 623 1
913 628 1
918 633 1
921 638 1
926 643 1
929 648 1
932 652 1
934 657 1
937 662 1
939 666 1
940 672 1
942 677 1
942 682 1
943 687 1
944 692 1
944 696 1
944 701 1
944 708 1
944 720 1
944 734 1
944 748 1
944 764 1
946 777 1
948 793 1
951 808 1
954 823 1
958 836 1
962 847 1
967 858 1
973 869 1
977 879 1
982 888 1
985 899 1
989 909 1
993 921 1
997 935 1
1000 949 1
1002 961 1
1004 972 1
1005 980 1
1007 986 1
1009 994 1
1010 1001 1
1011 1008 1
1012 1015 1
1014 1022 1
1014 1029 1
1015 1037 1
1016 1043 1
1016 1048 1
1017 1054 1
1017 1060 1
1018 1066 1
1019 1076 1
1020 1087 1
1020 1098 1
1020 1108 1
1019 1118 1
1017 1127 1
1015 1137 1
1014 1148 1
1011 1157 1
1009 1168 1
1007 1176 1
1005 1182 1
1003 1187 1
1002 1190 1
1000 1194 1
998 1196 1
997 1198 1
995 1200 1
994 1202 1
992 1204 1
991 1206 1
991 1208 1
989 1210 1
989 1212 1
988 1213 1
986 1217 1
987 1218 1
987 1220 1
987 1223 1
987 1226 1
987 1229 1
987 1231 1
987 1234 1
987 1236 1
988 1238 1
989 1243 1
989 1246 1
990 1251 1
990 1254 1
991 1259 1
991 1264 1
992 1268 1
992 1273 1
993 1278 1
993 1282 1
993 1287 1
994 1291 1
994 1294 1
992 1297 1
993 1299 1
993 1302 1
992 1303 1
990 1305 1
989 1306 1
989 1307 1
988 1308 1
988 1308 1
988 1308 1
986 1308 1
983 1309 1
980 1309 1
977 1310 1
972 1310 1
966 1312 1
957 1316 1
945 1321 1
929 1329 1
914 1337 1
900 1346 1
886 1354 1
870 1363 1
858 1370 1
847 1378 1
839 1386 1
833 1392 1
829 1397 1
824 1400 1
821 1404 1
819 1406 1
817 1409 1
817 1410 1
815 1412 1
815 1413 1
815 1415 1
814 1416 1
814 1416 1
814 1417 1
814 1417 1
814 1418 1
813 1419 1
813 1421 1
813 1422 1
813 1425 1
813 1427 1
813 1430 1
813 1432 1
813 1435 1
813 1439 1
813 1441 1
813 1444 1
813 1447 1
813 1450 1
813 1454 1
813 1457 1
814 1460 1
814 1464 1
814 1468 1
814 1471 1
815 1474 1
815 1476 1
815 1479 1
815 1480 1
815 1483 1
815 1486 1
816 1487 1
816 1487 1
816 1488 1
816 1488 1
816 1489 1
816 1489 1
816 1489 1
815 1490 1
815 1490 1
815 1490 1
815 1490 1
815 1490 1
815 1490 1
815 1490 1
815 1490 1
813 1490 1
807 1487 1
799 1484 1
791 1480 1
784 1476 1
777 1472 1
772 1468 1
769 1465 1
764 1463 1
761 1460 1
756 1456 1
753 1453 1
750 1450 1
746 1447 1
743 1444 1
740 1441 1
735 1438 1
733 1434 1
730 1431 1
726 1427 1
724 1425 1
722 1422 1
719 1420 1
716 1418 1
711 1414 1
704 1410 1
693 1403 1
680 1397 1
664 1392 1
649 1387 1
639 1383 1
631 1381 1
626 1378 1
620 1376 1
614 1374 1
607 1371 1
600 1368 1
593 1366 1
585 1364 1
578 1360 1
573 1358 1
569 1356 1
567 1355 1
564 1355 1
559 1353 1
554 1351 1
550 1350 1
545 1348 1
541 1346 1
537 1346 1
534 1344 1
531 1344 1
528 1344 1
527 1344 1
525 1344 1
525 1344 1
525 1344 1
525 1344 1
525 1344 1
524 1344 1
525 1345 1
523 1346 1
523 1347 1
523 1348 1
522 1349 1
522 1351 1
521 1352 1
521 1353 1
520 1356 1
520 1359 1
518 1361 1
519 1363 1
517 1366 1
518 1368 1
516 1371 1
517 1373 1
517 1375 1
516 1377 1
516 1381 1
516 1383 1
515 1385 1
515 1388 1
514 1390 1
514 1392 1
513 1394 1
513 1397 1
511 1398 1
511 1400 1
511 1401 1
509 1401 1
510 1402 1
508 1402 1
505 1402 1
501 1401 1
493 1398 1
481 1392 1
465 1385 1
447 1374 1
431 1364 1
416 1351 1
402 1339 1
389 1327 1
375 1315 1
359 1305 1
342 1292 1
325 1278 1
308 1265 1
292 1254 1
280 1246 1
270 1237 1
261 1231 1
252 1223 1
241 1213 1
229 1202 1
216 1190 1
204 1178 1
194 1165 1
185 1154 1
175 1140 1
168 1125 1
162 1110 1
155 1091 1
147 1070 1
138 1046 1
128 1017 1
117 986 1
108 950 1
101 918 1
96 888 1
90 859 1
85 825 1
79 789 1
75 748 1
71 707 1
68 684 1
70 697 0
