151 1345 1
151 1345 1
151 1345 1
151 1345 1
151 1345 1
151 1345 1
151 1345 1
151 1345 1
151 1345 1
151 1345 1
151 1345 1
151 1345 1
151 1345 1
151 1345 1
151 1345 1
151 1345 1
151 1345 1
151 1345 1
151 1345 1
151 1345 1
151 1345 1
151 1345 1
151 1345 1
150 1344 1
150 1344 1
150 1343 1
148 1343 1
147 1340 1
147 1339 1
147 1337 1
146 1335 1
144 1333 1
144 1330 1
142 1327 1
142 1325 1
142 1322 1
141 1320 1
140 1316 1
140 1314 1
139 1312 1
137 1309 1
138 1307 1
136 1304 1
136 1302 1
136 1299 1
135 1297 1
133 1295 1
134 1292 1
132 1289 1
133 1284 1
132 1280 1
130 1274 1
131 1266 1
131 1258 1
131 1250 1
131 1241 1
131 1233 1
132 1224 1
132 1217 1
134 1209 1
136 1202 1
138 1197 1
141 1191 1
145 1186 1
149 1182 1
155 1176 1
161 1170 1
169 1162 1
181 1146 1
191 1134 1
197 1126 1
203 1119 1
208 1113 1
212 1107 1
216 1101 1
220 1095 1
224 1089 1
227 1083 1
230 1074 1
234 1065 1
237 1056 1
240 1047 1
244 1039 1
248 1031 1
251 1025 1
255 1017 1
257 1012 1
259 1009 1
260 1004 1
261 1003 1
261 1000 1
262 998 1
262 997 1
262 997 1
262 995 1
262 995 1
263 993 1
261 993 1
262 991 1
262 991 1
262 987 1
260 985 1
261 977 1
259 969 1
257 961 1
256 951 1
254 942 1
253 932 1
251 923 1
250 915 1
248 909 1
247 903 1
247 898 1
246 895 1
245 890 1
245 887 1
244 884 1
244 880 1
243 877 1
243 873 1
243 868 1
243 863 1
243 859 1
241 854 1
242 850 1
242 847 1
242 843 1
241 840 1
241 838 1
241 836 1
239 834 1
240 833 1
238 831 1
238 831 1
237 831 1
237 829 1
235 827 1
233 824 1
228 816 1
219 806 1
209 794 1
199 783 1
191 775 1
186 770 1
181 766 1
178 763 1
176 761 1
173 759 1
171 758 1
171 759 1
169 757 1
169 757 1
167 756 1
167 757 1
165 757 1
165 757 1
163 757 1
162 757 1
162 757 1
157 758 1
153 759 1
148 762 1
143 767 1
140 772 1
138 777 1
136 780 1
136 783 1
136 786 1
136 790 1
136 795 1
138 801 1
141 809 1
148 818 1
164 835 1
178 847 1
187 856 1
196 865 1
206 874 1
218 881 1
229 891 1
241 899 1
251 907 1
260 913 1
266 918 1
272 922 1
277 926 1
283 931 1
289 935 1
296 940 1
302 945 1
307 950 1
312 955 1
317 960 1
324 967 1
328 973 1
332 978 1
336 984 1
339 989 1
341 993 1
344 999 1
347 1007 1
350 1018 1
352 1027 1
353 1038 1
353 1048 1
351 1058 1
349 1068 1
347 1076 1
344 1084 1
341 1092 1
340 1097 1
337 1103 1
336 1106 1
333 1109 1
331 1114 1
329 1116 1
326 1119 1
324 1122 1
321 1124 1
316 1128 1
309 1132 1
301 1137 1
292 1143 1
283 1148 1
274 1154 1
264 1161 1
256 1168 1
244 1175 1
234 1181 1
226 1186 1
218 1191 1
211 1195 1
204 1199 1
198 1202 1
192 1205 1
186 1209 1
178 1212 1
171 1215 1
164 1218 1
157 1221 1
149 1224 1
143 1227 1
137 1229 1
134 1231 1
131 1233 1
127 1235 1
128 1235 0
514 1225 1
514 1225 1
514 1225 1
514 1225 1
514 1225 1
514 1225 1
514 1225 1
514 1225 1
514 1225 1
514 1225 1
514 1225 1
514 1225 1
512 1223 1
512 1223 1
513 1220 1
513 1216 1
513 1210 1
511 1204 1
512 1199 1
512 1193 1
512 1188 1
512 1181 1
512 1175 1
510 1169 1
510 1160 1
510 1149 1
507 1136 1
507 1121 1
507 1104 1
506 1085 1
506 1066 1
506 1049 1
506 1035 1
506 1022 1
507 1010 1
509 999 1
510 991 1
512 982 1
514 974 1
519 967 1
525 960 1
530 953 1
535 948 1
538 943 1
541 939 1
544 934 1
546 928 1
551 922 1
555 913 1
560 906 1
565 897 1
571 890 1
575 882 1
581 874 1
585 866 1
591 858 1
597 850 1
604 843 1
610 836 1
616 830 1
622 826 1
628 821 1
633 817 1
637 814 1
642 811 1
647 808 1
651 804 1
655 801 1
659 796 1
663 791 1
669 785 1
673 777 1
677 770 1
680 761 1
686 742 1
688 729 1
690 717 1
691 707 1
691 699 1
691 689 1
690 681 1
688 673 1
687 666 1
685 658 1
683 653 1
680 648 1
677 644 1
676 641 1
674 639 1
673 637 1
671 635 1
670 635 1
668 633 1
665 632 1
662 632 1
659 632 1
656 631 1
653 631 1
650 630 1
647 630 1
645 630 1
642 630 1
638 631 1
634 631 1
629 632 1
625 633 1
618 635 1
611 639 1
602 645 1
594 652 1
588 658 1
584 663 1
581 668 1
579 670 1
577 674 1
577 676 1
576 678 1
576 680 1
575 681 1
575 682 1
575 683 1
575 684 1
575 685 1
575 687 1
575 687 1
575 689 1
575 690 1
576 691 1
576 692 1
576 692 1
577 694 1
577 694 1
578 696 1
578 697 1
580 699 1
581 702 1
582 705 1
583 709 1
584 712 1
585 717 1
585 722 1
586 726 1
585 733 1
585 741 1
583 749 1
580 758 1
571 769 1
563 780 1
554 789 1
546 800 1
540 808 1
535 814 1
532 820 1
529 824 1
526 829 1
523 833 1
518 838 1
516 842 1
514 845 1
510 850 1
507 855 1
504 861 1
503 869 1
501 877 1
501 885 1
501 892 1
501 897 1
501 902 1
501 904 1
501 908 1
501 911 1
501 913 1
501 915 1
501 916 1
502 917 1
502 918 1
502 919 1
503 919 1
503 921 1
504 922 1
506 924 1
509 931 1
514 940 1
521 951 1
529 963 1
537 972 1
544 983 1
551 994 1
563 1014 1
572 1026 1
579 1037 1
583 1045 1
589 1052 1
593 1059 1
598 1066 1
603 1072 1
607 1080 1
611 1086 1
614 1092 1
618 1098 1
622 1105 1
624 1109 1
625 1114 1
626 1119 1
626 1125 1
624 1131 1
621 1141 1
618 1152 1
613 1163 1
608 1174 1
601 1183 1
595 1189 1
589 1194 1
583 1199 1
576 1203 1
568 1208 1
559 1214 1
546 1219 1
535 1224 1
526 1227 1
520 1229 1
517 1231 1
519 1230 0
789 1180 1
789 1180 1
789 1180 1
789 1180 1
789 1180 1
789 1180 1
789 1180 1
789 1180 1
789 1180 1
789 1180 1
789 1180 1
789 1180 1
789 1180 1
789 1180 1
789 1180 1
789 1180 1
789 1180 1
789 1180 1
789 1180 1
789 1180 1
789 1180 1
789 1180 1
789 1180 1
789 1180 1
789 1180 1
789 1179 1
789 1179 1
789 1177 1
789 1175 1
789 1171 1
789 1166 1
789 1158 1
789 1151 1
789 1142 1
790 1134 1
791 1125 1
793 1118 1
795 1110 1
797 1099 1
799 1089 1
801 1074 1
803 1059 1
805 1045 1
806 1028 1
808 1013 1
808 998 1
810 985 1
811 973 1
812 965 1
813 957 1
815 949 1
817 942 1
818 935 1
820 930 1
821 924 1
822 918 1
823 913 1
826 907 1
829 901 1
834 894 1
839 887 1
844 881 1
849 874 1
857 865 1
871 852 1
885 841 1
901 833 1
916 827 1
927 824 1
934 823 1
941 823 1
945 823 1
949 822 1
952 822 1
953 822 1
954 822 1
955 822 1
955 822 1
955 822 1
955 822 1
955 822 1
955 821 1
956 819 1
957 812 1
957 799 1
957 782 1
955 764 1
954 743 1
952 725 1
951 713 1
949 704 1
947 695 1
946 688 1
944 683 1
944 678 1
942 675 1
941 672 1
941 669 1
939 668 1
939 666 1
936 665 1
936 665 1
934 664 1
934 664 1
932 663 1
931 664 1
929 664 1
924 664 1
918 664 1
908 665 1
896 668 1
884 672 1
874 679 1
866 685 1
859 690 1
852 695 1
845 701 1
838 707 1
830 713 1
822 721 1
815 730 1
807 741 1
798 752 1
790 761 1
784 770 1
778 777 1
775 784 1
772 791 1
769 798 1
768 807 1
766 816 1
767 825 1
766 836 1
764 847 1
765 858 1
765 872 1
766 885 1
767 898 1
768 908 1
769 918 1
770 927 1
771 936 1
774 945 1
777 952 1
780 960 1
783 966 1
787 971 1
790 977 1
794 984 1
801 991 1
807 997 1
814 1006 1
824 1016 1
833 1027 1
841 1037 1
850 1047 1
857 1055 1
864 1063 1
870 1069 1
875 1075 1
881 1081 1
885 1087 1
890 1092 1
895 1098 1
900 1103 1
905 1108 1
910 1113 1
912 1115 1
914 1117 1
917 1119 1
918 1120 1
919 1120 1
919 1120 1
919 1121 1
919 1121 1
921 1122 1
926 1125 1
932 1131 1
946 1141 1
960 1153 1
973 1167 1
983 1178 1
991 1186 1
994 1191 1
997 1194 1
998 1196 1
1000 1198 1
1000 1198 1
1000 1199 1
1001 1199 1
1001 1201 1
1002 1204 1
1002 1209 1
1002 1215 1
1002 1220 1
1000 1226 1
998 1232 1
997 1237 1
994 1242 1
992 1247 1
989 1252 1
986 1256 1
983 1259 1
981 1263 1
978 1265 1
975 1269 1
973 1271 1
970 1273 1
965 1276 1
959 1280 1
949 1283 1
939 1287 1
927 1290 1
914 1292 1
904 1293 1
896 1294 1
890 1292 1
886 1293 1
882 1293 1
880 1293 1
878 1293 1
878 1293 1
876 1293 1
876 1292 1
874 1290 1
866 1285 1
856 1278 1
844 1267 1
831 1256 1
816 1242 1
799 1226 1
782 1209 1
767 1190 1
757 1173 1
749 1156 1
744 1142 1
742 1131 1
741 1121 1
740 1115 1
741 1119 0
