987 332 1
987 332 1
987 332 1
987 332 1
987 332 1
987 332 1
987 332 1
987 332 1
987 332 1
987 332 1
987 332 1
987 332 1
987 332 1
987 332 1
987 332 1
987 332 1
987 332 1
987 332 1
987 332 1
987 332 1
987 332 1
987 332 1
987 332 1
987 332 1
987 332 1
987 332 1
987 332 1
987 332 1
987 332 1
987 332 1
987 333 1
988 335 1
989 338 1
989 339 1
990 342 1
990 344 1
990 344 1
991 348 1
991 352 1
992 358 1
992 367 1
994 376 1
995 387 1
996 398 1
997 408 1
998 416 1
999 424 1
999 429 1
999 433 1
998 435 1
996 438 1
996 439 1
996 440 1
996 440 1
995 440 1
995 440 1
994 441 1
994 441 1
994 441 1
993 441 1
993 441 1
992 441 1
992 441 1
990 441 1
990 441 1
988 441 1
984 442 1
982 442 1
979 445 1
977 447 1
974 451 1
972 456 1
969 462 1
967 469 1
964 474 1
963 479 1
963 484 1
962 487 1
961 489 1
959 492 1
960 493 1
958 495 1
958 495 1
958 496 1
957 497 1
957 498 1
956 498 1
956 499 1
955 500 1
954 501 1
954 501 1
953 502 1
953 502 1
953 502 1
953 502 1
953 502 1
953 502 1
952 502 1
950 503 1
950 504 1
950 504 1
948 505 1
948 505 1
948 506 1
946 506 1
947 507 1
947 507 1
944 508 1
943 508 1
943 508 1
941 509 1
941 510 0
940 510 1
938 512 1
935 516 1
930 522 1
926 528 1
921 535 1
917 541 1
915 545 1
913 550 1
914 557 1
914 560 1
914 563 1
916 568 1
917 571 1
920 576 1
925 581 1
931 585 1
938 590 1
944 596 1
949 600 1
953 604 1
957 607 1
959 609 1
962 611 1
964 612 1
967 613 1
968 614 1
970 615 1
971 616 1
972 617 1
973 618 1
973 618 1
974 619 1
974 619 1
975 620 1
976 621 1
976 621 1
977 622 1
978 623 1
978 624 1
979 624 1
980 625 1
980 625 1
981 626 1
981 627 1
982 627 1
982 628 1
983 629 1
984 629 1
984 630 1
985 631 1
986 631 1
986 632 1
987 633 1
988 634 1
988 635 1
990 637 1
992 643 1
993 649 1
996 659 1
999 670 1
1003 681 1
1006 690 1
1009 698 1
1010 705 1
1012 710 1
1013 715 1
1013 718 1
1013 721 1
1013 723 1
1014 725 1
1014 725 1
1014 725 1
1014 725 1
1014 726 1
1013 726 1
1012 729 1
1010 733 1
1008 739 1
1004 745 1
998 752 1
991 759 1
985 764 1
981 767 1
977 770 1
974 772 1
972 773 1
970 775 1
968 775 1
968 776 1
966 776 1
966 776 1
964 777 1
964 777 1
962 778 1
961 778 1
961 778 1
956 779 1
951 779 1
935 780 1
918 781 1
897 781 1
877 780 1
862 778 1
852 778 1
845 776 1
841 775 1
836 775 1
833 772 1
832 772 1
830 772 1
830 771 1
828 769 1
828 769 1
827 769 1
828 768 1
828 766 1
827 766 1
826 762 1
824 749 1
822 726 1
816 699 1
807 671 1
799 644 1
794 618 1
789 595 1
787 579 1
785 566 1
786 557 1
786 549 1
787 543 1
788 540 1
789 537 1
790 535 1
791 533 1
793 532 1
796 530 1
801 530 1
806 528 1
809 529 1
811 528 1
813 528 1
815 528 1
817 528 1
819 528 1
822 529 1
826 531 1
829 534 1
834 537 1
837 540 1
841 543 1
844 546 1
847 549 1
850 553 1
853 556 1
856 564 1
859 576 1
865 595 1
872 615 1
877 637 1
883 658 1
888 676 1
893 691 1
898 706 1
904 722 1
910 739 1
917 755 1
923 767 1
928 780 1
932 790 1
935 801 1
939 815 1
944 830 1
947 846 1
952 862 1
955 878 1
958 891 1
960 902 1
961 913 1
962 923 1
963 937 1
963 952 1
963 969 1
960 991 1
954 1018 1
947 1049 1
940 1083 1
931 1119 1
922 1151 1
913 1179 1
909 1190 1
912 1182 0
670 359 1
670 359 1
670 359 1
670 359 1
670 359 1
670 359 1
670 359 1
670 359 1
670 359 1
670 359 1
670 359 1
670 359 1
670 359 1
670 359 1
670 359 1
670 359 1
670 359 1
670 359 1
670 359 1
670 359 1
670 359 1
670 359 1
670 361 1
670 363 1
670 366 1
671 369 1
672 375 1
673 379 1
675 384 1
676 388 1
679 393 1
681 397 1
682 399 1
684 401 1
685 403 1
685 405 1
686 407 1
686 409 1
685 410 1
683 412 1
683 413 1
681 414 1
678 415 1
676 415 1
673 415 1
670 415 1
667 415 1
663 414 1
660 414 1
656 413 1
653 411 1
649 411 1
644 411 1
640 412 1
637 415 1
634 419 1
634 425 1
634 434 1
636 443 1
639 452 1
642 460 1
645 466 1
647 470 1
649 473 1
652 476 1
654 479 1
656 481 1
658 484 1
660 486 1
662 488 1
664 490 1
666 491 1
668 494 1
670 495 1
672 498 1
675 500 1
676 501 1
678 502 1
678 503 1
679 504 1
680 504 1
680 505 1
681 505 1
682 506 1
682 507 1
683 508 1
685 513 1
686 520 1
689 529 1
692 540 1
696 548 1
698 556 1
700 562 1
701 565 1
701 568 1
701 570 1
701 572 1
701 573 1
701 573 1
701 573 1
701 573 1
701 573 1
701 573 1
701 573 1
701 573 1
701 573 1
701 573 1
701 573 1
701 573 1
701 574 1
699 574 1
700 575 1
700 576 1
700 578 1
700 581 1
701 586 1
702 591 1
702 595 1
703 598 1
704 601 1
705 605 1
706 608 1
706 610 1
707 613 1
707 614 1
708 616 1
708 616 1
709 618 1
709 618 1
709 619 1
708 619 1
708 620 1
706 620 1
706 620 1
706 620 1
706 620 1
705 620 1
704 620 1
701 620 1
696 621 1
690 621 1
685 622 1
681 624 1
676 626 1
674 629 1
672 633 1
672 639 1
672 646 1
672 651 1
673 657 1
674 662 1
675 665 1
676 670 1
677 673 1
679 677 1
679 680 1
681 682 1
682 684 1
683 686 1
684 687 1
685 688 1
686 689 1
687 689 1
687 690 1
688 691 1
689 691 1
689 691 1
690 692 1
692 693 1
696 695 1
702 699 1
708 705 1
714 710 1
720 716 1
723 720 1
726 723 1
729 726 1
730 727 1
731 729 1
732 729 1
732 729 1
732 729 1
732 729 1
732 729 1
732 729 1
732 729 1
732 729 1
732 729 1
732 729 1
732 731 1
732 738 1
733 748 1
734 759 1
735 770 1
736 779 1
737 785 1
738 791 1
739 793 1
739 796 1
739 798 1
739 799 1
739 799 1
739 799 1
739 799 1
739 799 1
739 799 1
739 799 1
739 799 1
739 800 1
739 801 1
738 802 1
736 805 1
734 812 1
730 820 1
724 826 1
718 832 1
714 836 1
709 841 1
706 844 1
704 845 1
702 847 1
701 848 1
701 849 1
700 849 1
700 849 1
700 849 1
700 849 1
700 849 1
700 849 1
700 849 1
700 849 1
700 849 1
700 849 1
700 849 1
700 849 1
700 849 1
700 849 1
700 849 1
700 849 1
700 849 1
700 849 1
700 849 1
700 849 1
700 849 1
700 849 1
700 849 1
700 849 1
700 849 1
700 849 1
700 849 1
700 849 1
700 849 1
700 849 1
700 849 1
700 849 1
700 849 1
700 849 1
700 849 1
700 849 1
700 849 1
700 849 1
700 849 1
700 849 1
700 849 1
698 849 1
697 849 1
693 849 1
676 848 1
659 846 1
638 844 1
616 838 1
600 830 1
587 825 1
580 821 1
575 818 1
570 815 1
566 813 1
563 810 1
559 806 1
555 802 1
551 795 1
548 788 1
545 781 1
543 773 1
541 766 1
542 760 1
540 754 1
541 748 1
541 743 1
541 739 1
542 734 1
542 732 1
542 730 1
542 727 1
542 726 1
542 726 1
542 726 1
542 726 1
542 726 1
542 726 1
542 726 1
542 723 1
543 719 1
549 707 1
557 697 1
563 690 1
568 684 1
573 679 1
578 675 1
582 673 1
585 671 1
588 671 1
591 671 1
593 670 1
596 670 1
598 670 1
598 669 1
599 669 1
599 669 1
599 669 1
599 669 1
599 669 1
599 671 1
602 678 1
608 686 1
613 692 1
617 699 1
620 704 1
623 709 1
625 713 1
628 717 1
631 722 1
634 727 1
637 735 1
639 743 1
640 751 1
641 761 1
642 771 1
642 790 1
644 805 1
645 818 1
646 830 1
647 842 1
649 854 1
650 877 1
652 890 1
652 900 1
654 909 1
656 916 1
659 923 1
662 928 1
665 932 1
668 935 1
669 936 1
671 938 1
672 939 1
674 941 1
679 942 1
687 944 1
698 948 1
708 951 1
718 954 1
724 957 1
731 959 1
734 960 1
737 961 1
739 961 1
742 962 1
744 962 1
745 963 1
746 963 1
746 964 1
747 964 1
747 965 1
748 966 1
748 966 1
748 967 1
749 968 1
749 969 1
749 969 1
749 971 1
749 973 1
749 979 1
747 987 1
745 998 1
744 1013 1
741 1026 1
727 1051 1
715 1070 1
701 1091 1
686 1110 1
669 1129 1
651 1148 1
658 1141 0
418 419 1
418 419 1
418 419 1
418 419 1
418 419 1
418 419 1
418 419 1
418 419 1
418 419 1
418 419 1
418 419 1
418 419 1
418 419 1
418 419 1
418 419 1
418 419 1
418 419 1
418 419 1
418 419 1
418 419 1
418 419 1
418 419 1
418 419 1
416 417 1
416 417 1
415 418 1
415 418 1
415 418 1
415 418 1
413 418 1
412 417 1
410 417 1
408 418 1
406 418 1
404 420 1
403 421 1
402 425 1
402 430 1
401 434 0
401 436 1
401 443 1
401 450 1
402 457 1
404 464 1
406 470 1
409 476 1
411 480 1
413 483 1
414 485 1
416 487 1
417 490 1
418 491 1
419 493 1
420 496 1
421 499 1
421 504 1
423 508 1
423 513 1
423 516 1
423 519 1
423 522 1
421 530 1
419 538 1
419 547 1
419 555 1
419 563 1
419 571 1
420 579 1
422 585 1
422 592 1
425 598 1
429 605 1
433 611 1
438 617 1
442 621 1
446 626 1
449 629 1
451 631 1
452 632 1
454 634 1
454 634 1
455 635 1
456 636 1
456 637 1
457 638 1
457 638 1
458 639 1
458 640 1
459 641 1
459 641 1
460 642 1
460 642 1
460 642 1
460 643 1
460 643 1
461 645 1
461 647 1
462 652 1
463 660 1
463 669 1
464 676 1
465 682 1
465 686 1
465 689 1
465 692 1
466 694 1
466 695 1
466 695 1
466 696 1
466 696 1
466 696 1
466 696 1
466 696 1
466 696 1
464 695 1
462 695 1
461 695 1
459 695 1
457 694 1
454 694 1
450 694 1
446 695 1
443 695 1
440 697 1
438 703 1
438 714 1
440 726 1
441 740 1
443 751 1
444 760 1
446 768 1
447 776 1
449 783 1
450 789 1
451 792 1
452 795 1
453 799 1
453 800 1
453 800 1
454 801 1
454 801 1
454 802 1
454 802 1
454 802 1
454 802 1
454 802 1
454 802 1
454 802 1
454 802 1
454 802 1
454 802 1
454 802 1
454 802 1
454 802 1
454 802 1
454 802 1
454 804 1
454 807 1
452 813 1
452 822 1
450 831 1
450 841 1
450 852 1
450 865 1
450 878 1
451 889 1
452 900 1
454 908 1
455 914 1
457 920 1
458 924 1
459 928 1
460 931 1
461 933 1
462 935 1
463 937 1
464 938 1
464 939 1
465 939 1
465 939 1
465 940 1
465 940 1
465 940 1
465 940 1
465 940 1
465 940 1
465 940 1
465 940 1
465 940 1
465 940 1
465 940 1
465 940 1
465 940 1
465 940 1
463 939 1
461 938 1
456 938 1
447 936 1
438 933 1
430 930 1
421 925 1
413 920 1
407 916 1
402 913 1
399 911 1
397 909 1
396 908 1
396 906 1
394 906 1
392 904 1
389 897 1
377 885 1
359 868 1
339 850 1
319 832 1
301 817 1
291 807 1
283 800 1
279 795 1
275 791 1
273 788 1
273 787 1
273 785 1
272 785 1
272 784 1
272 784 1
272 784 1
272 784 1
273 784 1
274 782 1
278 781 1
285 778 1
294 774 1
302 769 1
308 765 1
315 761 1
321 757 1
329 753 1
338 749 1
346 743 1
354 739 1
359 734 1
365 729 1
368 727 1
371 722 1
375 720 1
376 719 1
378 717 1
379 717 1
379 717 1
379 717 1
379 717 1
379 717 1
379 717 1
379 717 1
379 717 1
380 717 1
381 720 1
383 734 1
387 754 1
392 780 1
395 805 1
399 829 1
404 852 1
406 877 1
410 902 1
413 921 1
416 942 1
419 959 1
420 972 1
421 983 1
421 993 1
421 1014 1
420 1027 1
418 1041 1
417 1053 1
414 1066 1
409 1079 1
405 1091 1
400 1101 1
390 1111 1
378 1120 1
363 1129 1
346 1138 1
331 1142 1
338 1140 0
223 479 1
223 479 1
223 479 1
223 479 1
223 479 1
223 479 1
223 479 1
223 479 1
223 479 1
223 479 1
223 479 1
222 478 1
220 478 1
219 477 1
219 477 1
217 476 1
215 476 1
214 476 1
212 475 1
211 475 1
210 474 1
208 474 1
209 472 1
206 473 1
204 474 1
204 476 1
204 476 1
201 482 1
198 489 1
196 497 1
195 503 1
193 510 1
194 513 1
193 517 1
193 520 1
193 522 1
193 524 0
193 525 1
193 528 1
193 529 1
195 532 1
197 539 1
200 546 1
204 556 1
208 566 1
213 577 1
217 586 1
221 594 1
225 601 1
228 607 1
230 613 1
233 616 1
234 618 1
235 621 1
236 623 1
237 625 1
238 627 1
238 628 1
240 630 1
240 634 1
242 640 1
243 648 1
245 655 1
246 663 1
248 669 1
249 676 1
252 684 1
255 690 1
257 697 1
259 702 1
260 706 1
261 710 1
261 712 1
262 715 1
262 716 1
262 718 1
262 718 1
263 719 1
263 719 1
263 719 1
263 719 1
263 719 1
263 720 1
263 720 1
263 726 1
263 733 1
264 744 1
267 756 1
270 769 1
274 780 1
279 791 1
282 800 1
286 809 1
288 816 1
290 820 1
292 823 1
292 827 1
293 828 1
293 830 1
293 831 1
294 832 1
294 832 1
294 833 1
295 833 1
295 834 1
295 834 1
295 834 1
295 834 1
295 834 1
295 834 1
295 834 1
295 834 1
295 834 1
295 834 1
295 834 1
295 834 1
295 834 1
295 834 1
295 834 1
295 834 1
295 834 1
295 834 1
295 834 1
295 834 1
295 834 1
295 834 1
295 834 1
294 835 1
292 835 1
291 835 1
291 836 1
289 836 1
289 836 1
287 837 1
287 837 1
285 838 1
285 838 1
283 839 1
283 840 1
281 841 1
279 845 1
277 856 1
274 872 1
271 888 1
271 902 1
271 913 1
271 921 1
271 928 1
271 935 1
271 938 1
271 941 1
271 943 1
271 945 1
271 946 1
271 946 1
271 946 1
271 946 1
271 946 1
271 946 1
271 946 1
271 946 1
271 946 1
271 946 1
271 946 1
271 946 1
271 946 1
271 946 1
271 946 1
271 946 1
271 946 1
271 946 1
269 946 1
269 946 1
269 946 1
266 945 1
262 945 1
253 944 1
242 942 1
229 941 1
217 939 1
206 938 1
197 936 1
188 935 1
181 935 1
176 933 1
173 933 1
170 933 1
169 933 1
169 933 1
169 933 1
169 933 1
169 933 1
169 933 1
169 933 1
169 933 1
169 933 1
169 933 1
169 933 1
169 933 1
167 930 1
165 920 1
156 905 1
147 887 1
139 869 1
134 857 1
130 848 1
127 841 1
126 836 1
124 832 1
124 830 1
124 827 1
124 827 1
124 825 1
124 825 1
124 824 1
124 823 1
124 822 1
124 820 1
124 820 1
124 818 1
124 818 1
124 816 1
124 816 1
125 816 1
125 816 1
125 816 1
125 816 1
125 816 1
125 814 1
125 814 1
127 816 1
132 816 1
139 818 1
148 821 1
156 826 1
164 831 1
171 835 1
176 839 1
180 843 1
184 845 1
186 848 1
189 851 1
195 862 1
202 873 1
205 882 1
208 890 1
211 896 1
212 900 1
213 904 1
213 906 1
213 909 1
213 909 1
213 910 1
213 910 1
213 910 1
213 910 1
213 910 1
213 910 1
213 910 1
213 910 1
213 910 1
213 910 1
213 910 1
213 910 1
213 910 1
213 910 1
213 910 1
213 911 1
211 913 1
212 916 1
212 919 1
212 923 1
212 926 1
211 928 1
211 930 1
211 931 1
211 934 1
213 954 1
224 978 1
240 1009 1
251 1028 1
256 1039 1
260 1046 1
262 1051 1
263 1058 1
264 1065 1
264 1072 1
264 1077 1
264 1081 1
262 1085 1
263 1087 1
261 1090 1
258 1098 1
243 1108 1
222 1120 1
194 1137 1
163 1153 1
132 1172 1
102 1191 1
84 1202 1
93 1197 0
