104 1547 1
104 1547 1
104 1547 1
104 1547 1
104 1547 1
104 1547 1
104 1547 1
104 1547 1
104 1547 1
104 1547 1
104 1547 1
104 1547 1
104 1547 1
104 1547 1
104 1547 1
104 1547 1
104 1547 1
104 1547 1
104 1547 1
104 1547 1
104 1547 1
104 1547 1
104 1547 1
104 1547 1
104 1547 1
103 1546 1
103 1546 1
102 1546 1
102 1545 1
100 1545 1
100 1545 1
99 1543 1
98 1543 1
98 1543 1
96 1542 1
94 1540 1
93 1540 1
91 1539 1
89 1537 1
89 1537 1
87 1535 1
86 1533 1
83 1530 1
82 1525 1
82 1519 1
81 1510 1
81 1501 1
81 1491 1
81 1484 1
82 1476 1
83 1468 1
85 1461 1
87 1454 1
89 1447 1
91 1441 1
93 1436 1
94 1432 1
96 1429 1
99 1423 1
101 1420 1
103 1416 1
106 1413 1
109 1410 1
111 1406 1
114 1401 1
116 1397 1
118 1391 1
120 1382 1
121 1375 1
122 1367 1
123 1359 1
124 1351 1
124 1344 1
125 1336 1
125 1329 1
126 1323 1
126 1318 1
127 1312 1
128 1306 1
129 1298 1
130 1291 1
131 1283 1
133 1275 1
136 1268 1
141 1262 1
145 1257 1
148 1254 1
151 1250 1
153 1247 1
155 1244 1
156 1239 1
157 1233 1
157 1226 1
158 1221 1
159 1216 1
159 1211 1
160 1207 1
159 1203 1
159 1198 1
158 1193 1
158 1185 1
157 1178 1
155 1172 1
155 1165 1
153 1157 1
152 1150 1
152 1143 1
150 1136 1
150 1130 1
150 1122 1
148 1115 1
148 1108 1
146 1096 1
145 1084 1
143 1071 1
143 1062 1
141 1054 1
141 1048 1
141 1043 1
141 1036 1
141 1030 1
141 1021 1
141 1010 1
141 999 1
141 987 1
142 976 1
143 965 1
143 956 1
143 950 1
141 946 1
142 942 1
142 940 1
142 939 1
142 939 1
142 939 1
142 939 1
142 939 1
141 938 1
141 938 1
141 937 1
141 937 1
141 936 1
141 934 1
139 933 1
140 932 1
140 928 1
142 912 1
149 892 1
158 870 1
166 854 1
172 841 1
177 831 1
181 819 1
184 808 1
186 799 1
190 790 1
191 785 1
191 781 1
192 778 1
192 776 1
193 774 1
193 773 1
194 771 1
194 771 1
192 769 1
193 766 1
192 763 1
192 759 1
191 757 1
191 754 1
191 752 1
191 750 1
190 749 1
190 749 1
188 747 1
188 747 1
188 747 1
188 747 1
188 747 1
188 747 1
188 747 1
185 747 1
185 748 1
183 750 1
181 752 1
179 753 1
176 756 1
170 761 1
164 767 1
156 774 1
150 780 1
144 785 1
139 790 1
136 794 1
133 798 1
130 800 1
128 801 1
126 802 1
126 803 1
124 803 1
124 804 1
124 805 1
122 806 1
120 808 1
119 813 1
117 819 1
114 826 1
111 831 1
109 836 1
108 840 1
106 844 1
106 848 1
104 852 1
103 858 1
101 866 1
99 881 1
95 896 1
91 909 1
85 927 1
79 946 1
72 972 1
69 1004 1
74 1029 1
79 1049 1
83 1058 1
88 1066 1
90 1072 1
93 1077 1
95 1080 1
97 1083 1
99 1086 1
99 1087 1
100 1088 1
101 1088 1
102 1089 1
104 1090 1
107 1092 1
112 1093 1
118 1096 1
123 1103 1
132 1113 1
141 1124 1
150 1136 1
157 1148 1
164 1158 1
168 1166 1
172 1174 1
175 1181 1
178 1188 1
181 1193 1
182 1198 1
184 1201 1
185 1206 1
185 1210 1
186 1214 1
186 1218 1
187 1223 1
188 1230 1
188 1241 1
189 1251 1
191 1263 1
193 1277 1
195 1291 1
198 1305 1
201 1318 1
203 1328 1
203 1333 1
203 1338 1
202 1341 1
202 1343 1
201 1344 1
199 1345 1
198 1345 1
198 1345 1
198 1346 1
196 1346 1
196 1346 1
194 1347 1
194 1347 1
192 1347 1
192 1348 1
190 1349 1
188 1351 1
186 1359 1
185 1370 1
183 1383 1
182 1395 1
182 1406 1
181 1419 1
179 1431 1
179 1441 1
179 1450 1
179 1455 1
179 1462 1
179 1467 1
179 1471 1
180 1475 1
181 1479 1
182 1481 1
183 1483 1
185 1485 1
187 1486 1
189 1487 1
192 1488 1
194 1489 1
197 1489 1
199 1488 1
202 1488 1
204 1488 1
206 1486 1
209 1486 1
211 1484 1
213 1484 1
216 1482 1
219 1480 1
221 1480 1
224 1478 1
227 1474 1
231 1470 1
237 1463 1
243 1454 1
250 1443 1
257 1430 1
263 1418 1
267 1408 1
270 1398 1
274 1389 1
277 1380 1
279 1369 1
282 1357 1
283 1348 1
285 1340 1
287 1331 1
288 1321 1
290 1309 1
290 1297 1
288 1287 1
288 1279 1
286 1273 1
286 1270 1
283 1265 1
281 1262 1
280 1259 1
278 1257 1
278 1255 1
276 1253 1
277 1251 1
277 1251 1
278 1249 1
278 1247 1
278 1243 1
279 1237 1
279 1228 1
279 1217 1
279 1208 1
279 1198 1
279 1189 1
279 1178 1
280 1164 1
281 1145 1
283 1125 1
285 1108 1
287 1094 1
289 1083 1
290 1075 1
292 1068 1
293 1063 1
295 1058 1
295 1052 1
298 1048 1
299 1043 1
301 1040 1
302 1036 1
304 1031 1
307 1024 1
308 1015 1
311 1005 1
313 991 1
315 975 1
316 959 1
318 945 1
318 932 1
319 921 1
319 914 1
320 906 1
320 901 1
320 897 1
318 890 1
319 883 1
317 877 1
318 869 1
316 860 1
317 851 1
315 841 1
313 832 1
311 823 1
309 814 1
307 807 1
304 800 1
301 794 1
298 789 1
296 785 1
294 783 1
293 782 1
291 780 1
291 780 1
291 781 1
289 781 1
287 781 1
284 782 1
282 783 1
279 784 1
277 785 1
275 787 1
273 788 1
270 790 1
268 792 1
266 794 1
264 795 1
261 797 1
258 798 1
256 799 1
254 801 1
251 803 1
247 806 1
242 812 1
236 818 1
229 828 1
221 839 1
214 852 1
208 864 1
202 879 1
199 895 1
196 913 1
197 932 1
197 950 1
197 970 1
198 989 1
200 1012 1
204 1035 1
209 1057 1
216 1075 1
223 1091 1
230 1103 1
237 1113 1
241 1121 1
246 1128 1
251 1135 1
257 1143 1
264 1152 1
268 1161 1
275 1169 1
280 1178 1
286 1188 1
293 1198 1
301 1208 1
307 1218 1
312 1226 1
316 1234 1
321 1242 1
324 1250 1
329 1260 1
335 1269 1
340 1280 1
345 1292 1
350 1303 1
354 1314 1
357 1322 1
359 1331 1
362 1340 1
364 1349 1
366 1359 1
370 1369 1
370 1376 1
371 1383 1
371 1389 1
371 1393 1
371 1396 1
370 1399 1
368 1401 1
368 1402 1
366 1404 1
365 1405 1
365 1405 1
365 1405 1
365 1405 1
365 1405 1
365 1405 1
365 1405 1
365 1405 1
365 1405 1
365 1405 1
365 1406 1
364 1407 1
362 1409 1
360 1412 1
359 1417 1
357 1422 1
357 1429 1
357 1436 1
357 1443 1
358 1449 1
358 1453 1
359 1458 1
359 1461 1
359 1463 1
360 1465 1
360 1467 1
361 1468 1
362 1469 1
362 1469 1
362 1469 1
363 1469 1
364 1468 1
365 1468 1
367 1465 1
368 1463 1
371 1461 1
372 1460 1
374 1457 1
376 1456 1
378 1453 1
380 1448 1
383 1439 1
388 1426 1
392 1413 1
396 1399 1
398 1381 1
400 1364 1
401 1343 1
399 1323 1
399 1305 1
397 1289 1
396 1277 1
395 1269 1
394 1264 1
393 1259 1
391 1253 1
390 1245 1
388 1238 1
387 1228 1
384 1218 1
384 1207 1
384 1196 1
384 1184 1
385 1172 1
385 1160 1
386 1147 1
386 1136 1
387 1124 1
388 1113 1
389 1102 1
391 1093 1
392 1082 1
395 1073 1
396 1064 1
398 1052 1
396 1037 1
394 1020 1
391 1002 1
390 982 1
390 963 1
389 944 1
387 923 1
388 900 1
389 876 1
391 855 1
394 837 1
397 823 1
400 810 1
404 796 1
409 782 1
414 767 1
421 752 1
426 738 1
427 727 1
430 719 1
431 712 1
432 709 1
432 706 1
432 706 1
432 704 1
432 704 1
432 704 1
432 704 1
432 704 1
432 704 1
432 704 1
432 706 1
429 706 1
426 708 1
424 710 1
421 713 1
418 717 1
413 723 1
405 735 1
394 750 1
381 770 1
366 790 1
353 809 1
342 826 1
335 840 1
328 852 1
324 866 1
319 881 1
316 895 1
314 911 1
314 928 1
315 948 1
317 965 1
320 981 1
323 994 1
327 1007 1
332 1021 1
338 1034 1
342 1046 1
347 1057 1
351 1067 1
354 1076 1
357 1085 1
358 1093 1
360 1102 1
361 1111 1
362 1120 1
361 1129 1
361 1138 1
360 1151 1
358 1164 1
359 1179 1
360 1193 1
363 1211 1
366 1229 1
371 1249 1
377 1269 1
381 1286 1
387 1301 1
392 1314 1
395 1323 1
399 1333 1
401 1338 1
404 1343 1
406 1348 1
410 1354 1
413 1360 1
419 1368 1
424 1377 1
429 1386 1
436 1394 1
441 1403 1
446 1410 1
451 1416 1
454 1422 1
456 1426 1
458 1428 1
460 1431 1
461 1433 1
463 1435 1
464 1437 1
464 1437 1
465 1438 1
465 1438 1
465 1438 1
465 1438 1
465 1438 1
465 1438 1
466 1437 1
467 1435 1
467 1434 1
469 1432 1
470 1429 1
472 1427 1
472 1425 1
473 1422 1
474 1419 1
475 1416 1
475 1406 1
476 1396 1
476 1379 1
475 1362 1
475 1346 1
474 1335 1
472 1323 1
472 1314 1
472 1307 1
471 1301 1
471 1295 1
471 1290 1
471 1285 1
469 1277 1
469 1269 1
469 1260 1
468 1248 1
468 1235 1
468 1216 1
470 1198 1
472 1177 1
474 1157 1
476 1140 1
477 1126 1
478 1114 1
480 1102 1
484 1090 1
487 1081 1
490 1073 1
493 1068 1
496 1063 1
499 1061 1
501 1058 1
504 1056 1
505 1055 1
508 1052 1
510 1048 1
513 1042 1
515 1030 1
516 1014 1
515 995 1
512 972 1
509 942 1
506 910 1
501 875 1
498 842 1
494 811 1
491 783 1
488 757 1
486 731 1
484 705 1
485 683 1
486 667 1
487 659 1
488 654 1
486 651 1
486 650 1
486 650 1
486 650 1
486 650 1
486 650 1
486 650 1
486 650 1
484 650 1
484 650 1
483 652 1
483 654 1
481 657 1
478 662 1
475 670 1
471 682 1
464 698 1
457 717 1
451 740 1
445 761 1
442 780 1
440 796 1
438 812 1
438 826 1
438 840 1
438 854 1
440 868 1
442 884 1
444 901 1
447 919 1
450 939 1
453 959 1
456 980 1
459 1003 1
463 1029 1
466 1053 1
469 1079 1
471 1102 1
472 1123 1
473 1145 1
475 1165 1
476 1184 1
478 1202 1
478 1222 1
479 1244 1
479 1265 1
479 1284 1
479 1301 1
479 1317 1
480 1329 1
481 1339 1
484 1347 1
487 1354 1
490 1362 1
494 1370 1
497 1378 1
501 1382 1
504 1386 1
507 1389 1
508 1390 1
510 1392 1
512 1393 1
514 1394 1
516 1394 1
518 1394 1
521 1394 1
524 1393 1
528 1393 1
532 1391 1
536 1389 1
539 1388 1
542 1386 1
544 1384 1
546 1382 1
548 1379 1
548 1377 1
550 1373 1
551 1368 1
553 1362 1
555 1356 1
558 1347 1
562 1337 1
565 1323 1
567 1307 1
568 1292 1
569 1276 1
570 1262 1
572 1247 1
574 1233 1
576 1222 1
578 1215 1
580 1210 1
582 1208 1
585 1204 1
589 1201 1
592 1197 1
596 1191 1
601 1183 1
604 1173 1
605 1159 1
604 1142 1
600 1122 1
594 1100 1
584 1074 1
577 1053 1
568 1031 1
561 1011 1
555 992 1
552 977 1
550 964 1
551 952 1
552 938 1
554 924 1
559 907 1
567 892 1
574 880 1
581 869 1
585 860 1
590 853 1
593 844 1
596 833 1
599 821 1
601 805 1
602 792 1
604 778 1
605 768 1
606 757 1
607 744 1
607 728 1
609 712 1
609 695 1
610 680 1
611 667 1
611 654 1
611 647 1
611 640 1
611 636 1
611 633 1
611 630 1
610 630 1
610 628 1
610 628 1
608 629 1
608 629 1
608 629 1
607 629 1
607 629 1
605 631 1
601 634 1
596 639 1
584 651 1
571 666 1
556 683 1
542 703 1
528 727 1
516 753 1
505 782 1
497 808 1
491 832 1
488 853 1
486 875 1
487 896 1
487 918 1
488 940 1
489 960 1
492 981 1
497 1001 1
503 1022 1
510 1044 1
517 1066 1
526 1089 1
533 1111 1
537 1129 1
540 1145 1
545 1163 1
548 1178 1
555 1197 1
561 1215 1
568 1233 1
575 1247 1
580 1259 1
586 1270 1
589 1278 1
592 1286 1
595 1292 1
598 1298 1
600 1302 1
602 1305 1
603 1308 1
604 1310 1
605 1313 1
607 1316 1
609 1319 1
611 1324 1
613 1327 1
615 1332 1
618 1338 1
621 1345 1
626 1352 1
631 1362 1
635 1371 1
640 1378 1
643 1384 1
646 1388 1
649 1391 1
652 1395 1
653 1397 1
655 1399 1
656 1400 1
657 1401 1
657 1402 1
657 1402 1
657 1402 1
657 1402 1
657 1402 1
658 1401 1
658 1401 1
658 1401 1
658 1399 1
658 1399 1
656 1398 1
656 1398 1
657 1396 1
657 1395 1
656 1394 1
656 1391 1
655 1387 1
655 1380 1
655 1369 1
656 1355 1
658 1341 1
661 1328 1
663 1320 1
665 1313 1
667 1308 1
668 1304 1
669 1301 1
669 1298 1
670 1295 1
671 1292 1
672 1289 1
673 1281 1
673 1272 1
671 1257 1
668 1236 1
660 1209 1
655 1184 1
650 1160 1
648 1141 1
648 1125 1
647 1112 1
647 1100 1
646 1084 1
646 1068 1
646 1052 1
647 1040 1
649 1031 1
650 1026 1
652 1022 1
653 1020 1
654 1018 1
655 1018 1
655 1018 1
655 1017 1
655 1017 1
655 1015 1
655 1015 1
656 1016 1
656 1016 1
656 1015 1
656 1015 1
656 1015 1
656 1014 1
657 1014 1
659 1012 1
662 1010 1
665 1009 1
668 1010 1
670 1008 1
673 1009 1
675 1009 1
678 1009 1
680 1009 1
682 1009 1
685 1009 1
687 1008 1
688 1008 1
689 1008 1
690 1008 1
690 1003 1
691 998 1
692 990 1
693 981 1
693 972 1
693 964 1
693 953 1
692 941 1
692 928 1
690 911 1
688 894 1
687 877 1
688 866 1
688 857 1
688 851 1
689 846 1
689 842 1
690 839 1
690 836 1
691 833 1
692 829 1
696 823 1
701 816 1
707 806 1
713 794 1
721 781 1
727 769 1
732 756 1
735 744 1
739 732 1
741 721 1
743 713 1
744 708 1
744 703 1
743 700 1
743 698 1
743 698 1
743 696 1
743 696 1
743 696 1
743 696 1
743 696 1
743 696 1
743 696 1
743 696 1
743 696 1
743 696 1
743 696 1
743 696 1
743 696 1
743 696 1
743 696 1
743 696 1
743 696 1
743 696 1
743 696 1
743 696 1
743 696 1
741 697 1
741 697 1
741 697 1
741 697 1
738 697 1
736 697 1
733 697 1
731 698 1
728 698 1
725 699 1
722 700 1
718 701 1
713 703 1
710 705 1
705 707 1
699 710 1
693 713 1
687 718 1
679 723 1
672 728 1
666 735 1
660 743 1
654 750 1
648 759 1
642 770 1
638 783 1
633 799 1
630 818 1
626 838 1
624 860 1
624 880 1
625 899 1
626 916 1
628 934 1
631 954 1
634 977 1
639 1001 1
644 1029 1
649 1057 1
654 1083 1
659 1105 1
663 1123 1
667 1141 1
671 1159 1
674 1177 1
679 1193 1
684 1205 1
688 1218 1
693 1229 1
698 1237 1
702 1245 1
707 1254 1
713 1264 1
717 1274 1
723 1287 1
728 1300 1
733 1311 1
738 1324 1
745 1333 1
749 1341 1
753 1347 1
755 1352 1
757 1355 1
758 1357 1
759 1358 1
759 1359 1
760 1359 1
760 1359 1
760 1359 1
760 1359 1
760 1359 1
758 1359 1
758 1359 1
757 1356 1
756 1354 1
754 1351 1
753 1348 1
751 1343 1
751 1334 1
752 1319 1
756 1302 1
763 1284 1
769 1269 1
774 1261 1
777 1255 1
781 1250 1
784 1247 1
787 1244 1
789 1243 1
790 1241 1
791 1241 1
791 1241 1
792 1241 1
792 1241 1
792 1238 1
792 1233 1
790 1218 1
787 1200 1
781 1175 1
778 1153 1
776 1133 1
775 1120 1
773 1109 1
773 1099 1
773 1091 1
773 1085 1
773 1080 1
773 1077 1
773 1075 1
773 1072 1
773 1068 1
775 1062 1
776 1054 1
779 1044 1
782 1029 1
785 1011 1
789 985 1
790 956 1
791 924 1
792 893 1
792 866 1
793 846 1
794 829 1
796 816 1
801 803 1
804 794 1
808 786 1
812 782 1
815 781 1
817 779 1
819 779 1
821 779 1
822 777 1
823 775 1
824 774 1
824 771 1
825 766 1
826 762 1
827 757 1
827 751 1
828 746 1
828 740 1
828 735 1
828 731 1
826 726 1
827 724 1
826 722 1
824 720 1
825 720 1
825 718 1
825 718 1
825 718 1
825 718 1
825 718 1
825 718 1
825 718 1
825 718 1
825 718 1
825 718 1
825 718 1
825 718 1
824 718 1
824 718 1
824 718 1
824 717 1
823 715 1
823 715 1
823 714 1
822 715 1
822 715 1
822 714 1
820 714 1
820 714 1
821 712 1
820 713 1
820 713 1
819 713 1
819 713 1
818 714 1
816 714 1
813 716 1
812 718 1
809 721 1
804 728 1
798 736 1
790 748 1
782 760 1
776 773 1
770 785 1
763 798 1
759 810 1
756 824 1
753 837 1
751 849 1
751 865 1
752 883 1
753 902 1
755 924 1
758 946 1
763 965 1
767 983 1
770 997 1
773 1011 1
775 1025 1
778 1039 1
781 1053 1
784 1066 1
786 1081 1
788 1095 1
790 1109 1
794 1123 1
797 1139 1
801 1154 1
806 1169 1
807 1181 1
810 1193 1
813 1203 1
818 1217 1
824 1232 1
830 1245 1
834 1257 1
838 1266 1
841 1272 1
844 1278 1
848 1285 1
851 1288 1
853 1291 1
855 1293 1
856 1295 1
858 1297 1
859 1297 1
860 1297 1
860 1297 1
860 1297 1
860 1297 1
860 1297 1
860 1297 1
860 1297 1
860 1296 1
861 1296 1
861 1294 1
861 1293 1
861 1292 1
861 1290 1
861 1289 1
861 1289 1
861 1287 1
861 1285 1
861 1283 1
862 1281 1
863 1278 1
864 1275 1
866 1271 1
867 1268 1
869 1265 1
871 1263 1
873 1260 1
874 1258 1
876 1256 1
879 1253 1
882 1248 1
887 1242 1
892 1231 1
896 1215 1
899 1198 1
900 1183 1
900 1168 1
900 1154 1
899 1143 1
897 1132 1
896 1123 1
896 1116 1
894 1109 1
894 1104 1
892 1096 1
892 1086 1
890 1074 1
890 1058 1
890 1042 1
890 1024 1
890 1010 1
890 997 1
890 987 1
891 978 1
891 967 1
893 954 1
896 941 1
899 929 1
901 916 1
903 904 1
906 894 1
907 885 1
909 875 1
911 862 1
913 849 1
915 832 1
917 813 1
918 797 1
919 781 1
919 770 1
918 760 1
918 753 1
918 749 1
918 746 1
918 744 1
918 744 1
918 743 1
919 743 1
921 743 1
923 743 1
926 743 1
928 743 1
931 744 1
933 744 1
935 745 1
936 745 1
938 745 1
938 745 1
938 745 1
938 745 1
937 742 1
935 740 1
934 738 1
932 736 1
931 735 1
931 733 1
931 733 1
930 732 1
928 731 1
926 729 1
924 726 1
921 723 1
917 719 1
913 715 1
910 712 1
907 709 1
905 707 1
903 706 1
900 706 1
897 703 1
895 704 1
892 704 1
890 704 1
887 704 1
885 705 1
883 705 1
882 706 1
880 706 1
879 707 1
878 708 1
876 709 1
876 709 1
874 710 1
874 711 1
874 713 1
872 716 1
869 724 1
865 734 1
862 745 1
859 756 1
855 766 1
852 776 1
850 785 1
848 794 1
846 801 1
844 807 1
843 812 1
844 816 1
844 819 1
844 822 1
845 825 1
846 828 1
848 831 1
849 834 1
851 837 1
854 841 1
857 844 1
859 848 1
863 852 1
866 856 1
870 863 1
876 872 1
883 886 1
889 901 1
894 915 1
897 927 1
900 935 1
903 944 1
906 953 1
909 962 1
912 973 1
915 985 1
918 997 1
923 1009 1
926 1021 1
929 1033 1
932 1046 1
935 1060 1
940 1075 1
945 1089 1
948 1103 1
951 1114 1
955 1124 1
959 1133 1
964 1145 1
969 1156 1
975 1167 1
978 1177 1
983 1184 1
986 1191 1
989 1197 1
993 1202 1
995 1206 1
998 1212 1
1001 1217 1
1005 1224 1
1009 1227 1
1008 1226 0
