620 546 1
614 552 1
593 586 1
569 624 1
534 672 1
499 723 1
432 818 1
408 852 1
383 895 1
361 938 1
340 984 1
317 1032 1
296 1080 1
277 1126 1
262 1172 1
250 1223 1
240 1273 1
236 1323 1
234 1372 1
235 1416 1
241 1446 1
250 1474 1
264 1497 1
281 1519 1
301 1538 1
320 1547 1
340 1554 1
360 1559 1
382 1561 1
410 1559 1
439 1547 1
467 1531 1
493 1513 1
518 1494 1
544 1472 1
574 1443 1
606 1409 1
640 1369 1
673 1328 1
702 1287 1
728 1242 1
753 1196 1
778 1153 1
807 1093 1
833 1034 1
854 980 1
874 927 1
891 881 1
905 831 1
918 784 1
926 738 1
933 691 1
937 646 1
941 599 1
944 557 1
946 519 1
948 484 1
948 449 1
945 412 1
942 374 1
937 340 1
931 313 1
923 293 1
915 282 1
908 274 1
901 269 1
893 265 1
885 264 1
868 264 1
847 268 1
818 278 1
783 294 1
746 315 1
708 340 1
674 367 1
645 396 1
609 437 1
575 481 1
542 527 1
511 571 1
478 612 1
451 651 1
426 690 1
403 729 1
379 769 1
358 808 1
337 846 1
314 889 1
293 932 1
271 977 1
251 1021 1
234 1065 1
219 1106 1
209 1145 1
198 1187 1
189 1229 1
183 1273 1
178 1318 1
177 1360 1
179 1402 1
182 1440 1
187 1478 1
195 1516 1
206 1553 1
225 1584 1
243 1607 1
262 1621 1
280 1630 1
300 1635 1
325 1633 1
353 1624 1
385 1609 1
420 1590 1
453 1568 1
485 1543 1
518 1514 1
552 1479 1
587 1441 1
620 1399 1
652 1357 1
681 1315 1
709 1274 1
736 1233 1
764 1189 1
792 1145 1
819 1100 1
844 1055 1
866 1006 1
887 953 1
904 897 1
918 843 1
926 794 1
934 747 1
939 702 1
946 651 1
952 595 1
957 543 1
960 501 1
962 463 1
961 438 1
958 412 1
954 389 1
948 365 1
942 345 1
933 331 1
923 318 1
913 310 1
903 304 1
889 299 1
871 299 1
848 301 1
821 308 1
780 326 1
738 345 1
698 368 1
660 392 1
624 418 1
592 450 1
561 483 1
533 516 1
508 551 1
483 586 1
459 621 1
432 660 1
407 695 1
380 739 1
355 782 1
328 830 1
302 876 1
278 925 1
256 970 1
238 1009 1
225 1041 1
213 1073 1
202 1105 1
189 1140 1
178 1174 1
169 1209 1
162 1246 1
157 1282 1
155 1317 1
155 1352 1
157 1384 1
161 1415 1
165 1445 1
172 1466 1
180 1487 1
191 1504 1
203 1521 1
217 1538 1
233 1548 1
250 1558 1
266 1568 1
285 1575 1
304 1582 1
324 1586 1
346 1588 1
368 1588 1
390 1585 1
412 1581 1
436 1571 1
462 1556 1
490 1536 1
518 1510 1
549 1482 1
581 1448 1
614 1411 1
649 1362 1
683 1311 1
719 1251 1
750 1192 1
778 1136 1
799 1087 1
819 1042 1
837 996 1
853 945 1
868 890 1
879 838 1
888 786 1
895 738 1
899 694 1
903 647 1
909 598 1
913 546 1
919 494 1
922 443 1
925 400 1
929 367 1
932 338 1
933 314 1
932 298 1
930 286 1
926 277 1
920 271 1
908 268 1
884 269 1
851 277 1
811 294 1
753 326 1
698 363 1
637 412 1
580 464 1
526 519 1
474 577 1
429 632 1
392 686 1
361 738 1
335 785 1
315 828 1
297 870 1
280 909 1
266 949 1
251 989 1
237 1034 1
222 1079 1
210 1124 1
199 1166 1
189 1210 1
181 1262 1
174 1314 1
172 1362 1
172 1407 1
177 1444 1
185 1476 1
194 1506 1
206 1537 1
220 1563 1
235 1586 1
252 1602 1
270 1615 1
288 1625 1
307 1630 1
326 1634 1
348 1634 1
371 1629 1
397 1620 1
427 1596 1
461 1564 1
499 1523 1
539 1479 1
580 1431 1
619 1381 1
660 1331 1
697 1278 1
732 1225 1
766 1169 1
798 1110 1
828 1051 1
854 996 1
877 938 1
897 876 1
915 805 1
928 733 1
936 660 1
941 588 1
942 522 1
940 467 1
936 419 1
930 382 1
922 352 1
914 330 1
907 317 1
898 307 1
890 302 1
877 299 1
858 301 1
820 317 1
773 341 1
722 371 1
652 418 1
584 467 1
517 531 1
455 595 1
398 667 1
347 741 1
304 816 1
269 883 1
240 945 1
222 999 1
208 1046 1
196 1093 1
187 1138 1
178 1183 1
174 1224 1
170 1261 1
167 1294 1
168 1333 1
170 1372 1
173 1412 1
177 1442 1
183 1466 1
191 1482 1
200 1496 1
212 1514 1
226 1531 1
244 1548 1
263 1563 1
283 1576 1
301 1589 1
321 1598 1
339 1605 1
357 1608 1
377 1609 1
398 1606 1
423 1595 1
449 1581 1
483 1553 1
519 1520 1
557 1482 1
601 1436 1
649 1383 1
696 1325 1
739 1267 1
781 1210 1
815 1151 1
850 1090 1
880 1023 1
909 948 1
934 874 1
952 803 1
967 740 1
979 676 1
988 612 1
993 555 1
994 509 1
991 468 1
985 438 1
979 412 1
971 389 1
963 370 1
954 354 1
944 341 1
934 329 1
923 320 1
909 312 1
891 306 1
871 304 1
840 310 1
804 325 1
758 353 1
707 390 1
650 435 1
592 490 1
535 550 1
481 611 1
429 675 1
374 747 1
320 831 1
264 923 1
215 1020 1
174 1110 1
147 1187 1
135 1249 1
130 1313 1
133 1373 1
139 1431 1
148 1477 1
158 1511 1
168 1540 1
180 1562 1
193 1585 1
206 1603 1
219 1617 1
231 1627 1
246 1634 1
263 1638 1
284 1641 1
311 1642 1
341 1638 1
378 1630 1
420 1609 1
461 1583 1
504 1546 1
548 1504 1
592 1461 1
639 1405 1
680 1349 1
719 1292 1
754 1236 1
788 1181 1
824 1121 1
855 1060 1
883 1003 1
909 945 1
930 893 1
948 831 1
964 770 1
973 709 1
978 644 1
980 586 1
981 533 1
979 490 1
974 454 1
968 423 1
960 398 1
948 376 1
937 359 1
926 348 1
917 339 1
906 332 1
890 331 1
869 331 1
838 341 1
799 358 1
754 386 1
700 432 1
644 485 1
589 545 1
537 605 1
486 664 1
439 722 1
397 781 1
354 843 1
313 907 1
274 974 1
244 1036 1
221 1093 1
204 1148 1
194 1209 1
185 1268 1
181 1320 1
178 1366 1
179 1405 1
182 1436 1
189 1464 1
197 1491 1
206 1517 1
217 1540 1
231 1558 1
245 1572 1
263 1582 1
283 1589 1
309 1593 1
338 1594 1
370 1590 1
406 1579 1
444 1562 1
487 1534 1
528 1495 1
570 1449 1
615 1396 1
658 1341 1
699 1284 1
734 1229 1
767 1169 1
798 1100 1
828 1027 1
854 953 1
880 878 1
902 807 1
918 747 1
929 688 1
938 626 1
944 564 1
950 503 1
956 446 1
961 399 1
962 365 1
959 346 1
953 331 1
946 322 1
938 314 1
926 309 1
906 305 1
879 306 1
845 312 1
795 334 1
745 362 1
691 400 1
633 445 1
581 492 1
534 547 1
491 597 1
455 650 1
419 708 1
383 774 1
344 842 1
307 913 1
269 993 1
234 1070 1
204 1143 1
185 1201 1
170 1260 1
164 1320 1
161 1378 1
163 1433 1
170 1476 1
182 1516 1
196 1554 1
212 1592 1
229 1628 1
244 1655 1
258 1675 1
270 1685 1
282 1692 1
296 1696 1
312 1695 1
332 1691 1
358 1679 1
389 1661 1
426 1636 1
468 1600 1
513 1559 1
561 1505 1
611 1443 1
661 1374 1
703 1306 1
741 1238 1
775 1170 1
808 1103 1
841 1027 1
867 947 1
892 865 1
912 785 1
930 711 1
944 647 1
953 589 1
960 535 1
961 490 1
960 449 1
958 417 1
949 395 1
940 375 1
927 360 1
912 346 1
894 335 1
868 327 1
838 325 1
801 331 1
761 346 1
718 369 1
668 408 1
616 453 1
570 504 1
527 560 1
486 619 1
448 684 1
411 746 1
375 809 1
338 870 1
300 937 1
265 1017 1
231 1102 1
205 1180 1
185 1248 1
172 1301 1
166 1343 1
164 1382 1
165 1415 1
170 1445 1
180 1478 1
198 1516 1
219 1554 1
245 1589 1
271 1613 1
297 1632 1
327 1641 1
358 1648 1
390 1651 1
424 1648 1
458 1640 1
495 1620 1
533 1593 1
570 1555 1
614 1500 1
658 1440 1
699 1369 1
734 1300 1
764 1228 1
796 1155 1
825 1081 1
852 1007 1
876 937 1
899 870 1
913 814 1
925 757 1
933 704 1
939 650 1
941 598 1
940 543 1
936 485 1
929 434 1
921 391 1
914 358 1
908 335 1
903 316 1
896 304 1
889 294 1
880 290 1
865 290 1
843 294 1
813 309 1
770 340 1
724 378 1
675 431 1
623 488 1
578 546 1
532 606 1
487 665 1
443 731 1
399 797 1
355 862 1
309 933 1
267 1008 1
232 1086 1
205 1157 1
189 1213 1
181 1259 1
177 1305 1
179 1353 1
185 1401 1
193 1448 1
204 1490 1
215 1534 1
228 1576 1
242 1616 1
257 1648 1
271 1673 1
285 1692 1
299 1704 1
317 1714 1
336 1719 1
360 1722 1
386 1718 1
414 1707 1
448 1681 1
480 1650 1
515 1608 1
552 1560 1
591 1502 1
631 1442 1
674 1378 1
706 1319 1
736 1260 1
765 1198 1
799 1123 1
833 1049 1
865 977 1
895 911 1
921 852 1
945 792 1
965 730 1
980 668 1
992 608 1
1001 555 1
1002 504 1
1003 460 1
998 423 1
991 388 1
981 361 1
968 343 1
955 329 1
937 320 1
916 314 1
892 312 1
862 317 1
825 329 1
780 352 1
733 382 1
685 417 1
630 464 1
580 513 1
538 559 1
497 605 1
460 652 1
427 704 1
395 763 1
364 824 1
334 889 1
307 958 1
282 1033 1
259 1104 1
240 1167 1
224 1224 1
213 1273 1
206 1311 1
202 1346 1
202 1380 1
205 1412 1
210 1447 1
222 1491 1
237 1538 1
255 1582 1
273 1616 1
290 1636 1
302 1645 1
315 1651 1
327 1652 1
342 1652 1
362 1650 1
388 1642 1
418 1627 1
454 1602 1
490 1568 1
527 1527 1
565 1475 1
608 1417 1
649 1355 1
687 1296 1
719 1239 1
748 1184 1
775 1126 1
801 1064 1
825 999 1
847 931 1
869 865 1
891 798 1
913 735 1
936 663 1
954 595 1
968 532 1
976 479 1
980 438 1
979 413 1
976 395 1
971 386 1
966 378 1
956 370 1
942 362 1
924 355 1
898 351 1
867 351 1
833 353 1
791 365 1
749 382 1
701 410 1
647 447 1
595 489 1
550 540 1
504 594 1
465 646 1
430 705 1
398 763 1
368 821 1
339 881 1
313 946 1
287 1025 1
263 1110 1
246 1192 1
234 1263 1
229 1318 1
229 1356 1
232 1391 1
240 1421 1
251 1450 1
264 1477 1
280 1495 1
298 1512 1
321 1526 1
347 1539 1
376 1552 1
408 1559 1
443 1562 1
479 1559 1
518 1549 1
558 1529 1
606 1492 1
653 1450 1
698 1396 1
738 1342 1
772 1287 1
805 1232 1
839 1176 1
871 1120 1
900 1064 1
926 1005 1
946 945 1
963 883 1
976 827 1
984 777 1
990 732 1
989 696 1
988 659 1
985 616 1
980 572 1
976 523 1
969 478 1
962 437 1
953 407 1
946 382 1
938 363 1
930 348 1
921 335 1
910 326 1
897 318 1
880 313 1
857 315 1
827 322 1
793 337 1
745 370 1
699 409 1
644 465 1
594 525 1
553 582 1
511 641 1
475 700 1
440 761 1
402 817 1
367 867 1
331 918 1
297 975 1
269 1036 1
246 1093 1
230 1145 1
222 1183 1
218 1218 1
217 1251 1
218 1285 1
220 1323 1
227 1364 1
234 1404 1
243 1436 1
253 1467 1
264 1496 1
277 1522 1
290 1545 1
301 1561 1
316 1572 1
330 1579 1
348 1581 1
369 1580 1
394 1572 1
423 1557 1
455 1536 1
492 1501 1
529 1462 1
568 1420 1
615 1364 1
659 1310 1
697 1259 1
732 1206 1
766 1150 1
798 1085 1
827 1022 1
853 956 1
876 894 1
895 836 1
911 774 1
925 718 1
933 670 1
940 626 1
944 586 1
944 544 1
946 501 1
947 463 1
945 426 1
946 392 1
944 364 1
941 340 1
936 324 1
930 312 1
923 304 1
915 299 1
905 296 1
887 298 1
864 305 1
833 316 1
792 340 1
749 369 1
704 405 1
652 448 1
599 500 1
550 555 1
503 613 1
456 675 1
411 736 1
368 797 1
327 854 1
287 910 1
255 963 1
227 1014 1
208 1057 1
193 1092 1
183 1122 1
179 1148 1
178 1178 1
179 1213 1
184 1258 1
190 1306 1
200 1359 1
210 1411 1
221 1460 1
232 1511 1
243 1551 1
255 1581 1
268 1603 1
280 1618 1
294 1626 1
310 1632 1
330 1635 1
355 1634 1
383 1629 1
420 1611 1
459 1587 1
500 1552 1
544 1510 1
587 1467 1
634 1420 1
681 1369 1
720 1316 1
757 1264 1
792 1210 1
824 1157 1
855 1105 1
880 1061 1
906 1006 1
930 955 1
947 904 1
961 857 1
970 814 1
977 774 1
981 738 1
982 700 1
981 659 1
978 620 1
973 582 1
968 544 1
963 511 1
959 480 1
954 453 1
948 429 1
939 406 1
929 391 1
917 378 1
905 366 1
889 359 1
870 353 1
845 354 1
814 361 1
776 377 1
735 403 1
691 438 1
638 486 1
590 537 1
543 591 1
504 643 1
467 696 1
432 749 1
397 805 1
362 860 1
328 913 1
294 968 1
264 1026 1
236 1084 1
215 1137 1
202 1184 1
193 1227 1
190 1268 1
190 1307 1
191 1345 1
198 1376 1
206 1405 1
214 1427 1
224 1449 1
237 1473 1
253 1501 1
273 1532 1
293 1558 1
316 1578 1
339 1592 1
361 1599 1
388 1602 1
417 1597 1
447 1587 1
483 1567 1
518 1538 1
556 1503 1
595 1456 1
634 1399 1
672 1333 1
706 1260 1
739 1184 1
768 1109 1
792 1038 1
812 971 1
827 917 1
840 867 1
852 824 1
863 783 1
873 744 1
882 704 1
889 664 1
896 622 1
902 577 1
909 533 1
916 495 1
921 459 1
925 427 1
925 396 1
927 371 1
925 350 1
922 334 1
920 321 1
913 313 1
903 306 1
890 302 1
872 303 1
848 310 1
813 327 1
774 352 1
734 385 1
695 423 1
654 464 1
613 511 1
575 558 1
540 603 1
505 649 1
473 697 1
442 745 1
410 795 1
380 843 1
345 897 1
315 946 1
291 994 1
268 1042 1
251 1086 1
238 1124 1
229 1159 1
225 1189 1
222 1219 1
221 1251 1
221 1290 1
219 1330 1
221 1371 1
224 1407 1
228 1441 1
233 1472 1
241 1504 1
251 1535 1
264 1560 1
277 1580 1
292 1591 1
309 1600 1
331 1606 1
355 1609 1
385 1609 1
422 1600 1
461 1584 1
505 1555 1
550 1517 1
597 1468 1
650 1406 1
694 1343 1
732 1279 1
766 1215 1
798 1152 1
829 1088 1
859 1025 1
885 966 1
908 912 1
927 864 1
942 820 1
954 778 1
961 740 1
966 705 1
968 674 1
966 645 1
963 617 1
959 589 1
949 554 1
941 522 1
929 493 1
918 465 1
908 437 1
898 409 1
889 382 1
881 364 1
874 350 1
867 340 1
862 335 1
855 330 1
844 329 1
829 331 1
807 337 1
773 355 1
734 383 1
686 419 1
633 463 1
582 511 1
534 561 1
488 613 1
445 665 1
405 718 1
366 771 1
331 821 1
297 871 1
267 923 1
243 975 1
222 1026 1
207 1073 1
196 1118 1
187 1160 1
181 1202 1
177 1241 1
177 1282 1
178 1323 1
181 1361 1
186 1397 1
192 1430 1
202 1464 1
213 1499 1
224 1531 1
239 1559 1
256 1583 1
272 1600 1
290 1613 1
309 1621 1
330 1625 1
354 1626 1
381 1619 1
414 1608 1
448 1593 1
489 1565 1
527 1531 1
572 1484 1
622 1433 1
671 1380 1
715 1324 1
752 1270 1
787 1212 1
822 1149 1
858 1087 1
890 1019 1
920 958 1
942 904 1
962 852 1
979 802 1
988 752 1
995 707 1
997 670 1
997 636 1
992 604 1
988 569 1
982 534 1
979 501 1
974 472 1
969 447 1
963 428 1
959 408 1
953 392 1
947 378 1
942 367 1
936 358 1
927 351 1
915 345 1
898 342 1
876 342 1
844 350 1
808 366 1
768 389 1
723 422 1
680 460 1
634 503 1
592 547 1
553 593 1
514 642 1
476 695 1
440 750 1
403 807 1
366 864 1
327 930 1
291 999 1
259 1068 1
234 1134 1
216 1190 1
205 1236 1
199 1279 1
198 1318 1
200 1357 1
206 1391 1
215 1419 1
225 1446 1
237 1471 1
250 1498 1
267 1528 1
286 1555 1
306 1581 1
326 1600 1
349 1614 1
372 1624 1
396 1626 1
423 1623 1
454 1606 1
486 1576 1
518 1533 1
551 1474 1
589 1409 1
627 1347 1
663 1290 1
695 1237 1
723 1185 1
750 1130 1
774 1077 1
799 1021 1
824 972 1
843 929 1
862 885 1
879 839 1
894 792 1
907 743 1
918 695 1
926 651 1
933 616 1
935 582 1
937 548 1
937 517 1
935 486 1
933 459 1
927 436 1
921 415 1
914 396 1
907 378 1
899 361 1
893 350 1
886 341 1
880 333 1
872 327 1
866 325 1
851 323 1
833 325 1
806 336 1
771 353 1
732 379 1
683 418 1
630 465 1
583 514 1
540 570 1
499 623 1
467 677 1
434 736 1
403 794 1
370 852 1
337 909 1
305 966 1
274 1024 1
247 1086 1
227 1149 1
211 1209 1
203 1257 1
199 1298 1
200 1332 1
206 1359 1
213 1385 1
225 1409 1
238 1434 1
256 1461 1
277 1492 1
301 1526 1
323 1551 1
343 1570 1
361 1579 1
377 1580 1
393 1579 1
412 1571 1
434 1559 1
458 1542 1
486 1517 1
517 1487 1
552 1454 1
592 1417 1
634 1378 1
679 1336 1
717 1294 1
750 1247 1
782 1195 1
815 1136 1
843 1076 1
871 1013 1
896 955 1
918 895 1
938 840 1
954 786 1
966 739 1
974 702 1
981 666 1
985 631 1
986 596 1
986 561 1
982 529 1
977 503 1
972 480 1
965 463 1
957 446 1
946 431 1
934 416 1
922 402 1
907 391 1
893 381 1
879 373 1
863 367 1
845 362 1
823 362 1
798 365 1
768 376 1
734 394 1
697 419 1
651 457 1
605 501 1
564 546 1
522 600 1
481 654 1
445 710 1
410 765 1
374 821 1
338 872 1
303 927 1
271 987 1
244 1048 1
222 1107 1
209 1162 1
200 1212 1
197 1254 1
199 1298 1
205 1339 1
215 1383 1
226 1421 1
240 1454 1
255 1485 1
272 1514 1
294 1541 1
316 1565 1
341 1587 1
364 1601 1
387 1611 1
412 1615 1
438 1614 1
468 1607 1
500 1593 1
531 1571 1
567 1534 1
602 1486 1
640 1429 1
681 1361 1
712 1302 1
737 1252 1
760 1201 1
782 1148 1
802 1091 1
819 1034 1
832 986 1
845 938 1
857 891 1
868 839 1
881 785 1
890 734 1
897 690 1
901 653 1
903 623 1
905 594 1
908 569 1
909 536 1
911 504 1
913 472 1
914 445 1
914 422 1
911 402 1
908 384 1
904 369 1
900 356 1
895 346 1
889 337 1
880 330 1
866 326 1
847 326 1
822 330 1
786 348 1
746 373 1
704 405 1
660 443 1
614 486 1
571 536 1
530 585 1
494 637 1
462 688 1
434 739 1
408 784 1
381 830 1
354 878 1
328 929 1
303 984 1
281 1040 1
262 1098 1
247 1155 1
235 1211 1
227 1264 1
225 1310 1
225 1355 1
228 1393 1
235 1427 1
242 1455 1
249 1476 1
258 1496 1
268 1516 1
278 1533 1
290 1550 1
303 1561 1
316 1571 1
331 1577 1
350 1580 1
370 1581 1
394 1576 1
422 1564 1
450 1548 1
486 1518 1
521 1487 1
559 1448 1
600 1403 1
645 1348 1
683 1291 1
718 1236 1
749 1181 1
779 1124 1
806 1066 1
831 997 1
855 930 1
875 868 1
893 810 1
909 756 1
923 701 1
934 646 1
940 592 1
944 544 1
945 504 1
941 476 1
935 452 1
927 432 1
920 414 1
910 400 1
898 387 1
881 375 1
858 368 1
830 364 1
796 367 1
756 382 1
712 407 1
663 445 1
614 491 1
569 541 1
530 593 1
492 643 1
458 694 1
425 746 1
393 797 1
360 850 1
327 902 1
294 958 1
264 1012 1
237 1065 1
214 1120 1
195 1175 1
181 1225 1
172 1268 1
166 1306 1
165 1341 1
165 1373 1
166 1402 1
170 1427 1
176 1449 1
182 1473 1
191 1497 1
202 1524 1
218 1554 1
234 1583 1
255 1610 1
276 1631 1
297 1648 1
319 1655 1
344 1658 1
372 1654 1
402 1644 1
435 1627 1
473 1594 1
510 1554 1
549 1500 1
588 1443 1
631 1385 1
670 1326 1
704 1269 1
734 1212 1
764 1149 1
795 1081 1
824 1010 1
856 934 1
881 864 1
902 798 1
919 735 1
929 670 1
938 610 1
943 558 1
947 515 1
950 480 1
948 457 1
945 437 1
937 422 1
929 410 1
919 399 1
905 390 1
890 383 1
869 382 1
843 385 1
811 393 1
771 411 1
729 435 1
676 470 1
624 513 1
574 561 1
528 613 1
484 668 1
443 728 1
403 790 1
366 850 1
329 910 1
294 968 1
263 1027 1
236 1084 1
214 1140 1
199 1190 1
189 1238 1
184 1280 1
183 1320 1
185 1361 1
191 1404 1
199 1443 1
211 1479 1
223 1514 1
236 1547 1
253 1580 1
269 1605 1
285 1623 1
299 1632 1
315 1638 1
332 1640 1
352 1639 1
377 1635 1
407 1623 1
441 1605 1
478 1577 1
517 1541 1
559 1496 1
605 1440 1
652 1378 1
693 1317 1
728 1257 1
760 1199 1
792 1132 1
824 1061 1
856 979 1
884 900 1
908 830 1
928 774 1
946 721 1
962 669 1
976 615 1
985 563 1
989 515 1
990 475 1
986 444 1
982 417 1
977 396 1
969 376 1
961 358 1
952 343 1
942 329 1
930 318 1
915 312 1
895 310 1
865 318 1
824 335 1
777 361 1
724 401 1
668 446 1
613 495 1
560 555 1
513 609 1
474 661 1
437 716 1
403 774 1
361 840 1
321 905 1
282 976 1
249 1042 1
224 1103 1
206 1158 1
192 1209 1
187 1262 1
188 1318 1
191 1374 1
201 1417 1
211 1456 1
223 1486 1
238 1516 1
254 1546 1
279 1588 1
305 1628 1
327 1656 1
348 1674 1
365 1683 1
382 1685 1
400 1681 1
445 1660 1
474 1634 1
505 1597 1
539 1548 1
574 1494 1
610 1437 1
681 1319 1
710 1263 1
738 1208 1
765 1153 1
794 1094 1
822 1032 1
849 966 1
873 899 1
914 766 1
933 704 1
948 648 1
961 598 1
971 550 1
983 458 1
984 422 1
979 396 1
972 376 1
964 361 1
954 349 1
943 339 1
928 332 1
910 327 1
887 330 1
856 337 1
820 353 1
779 375 1
740 401 1
699 432 1
607 509 1
565 555 1
521 602 1
480 651 1
441 704 1
402 761 1
364 819 1
286 942 1
254 1009 1
228 1069 1
209 1123 1
194 1172 1
179 1261 1
177 1304 1
177 1343 1
179 1378 1
184 1409 1
198 1464 1
207 1491 1
217 1519 1
229 1546 1
243 1571 1
272 1610 1
291 1623 1
312 1634 1
339 1640 1
368 1643 1
404 1639 1
444 1627 1
488 1606 1
583 1529 1
635 1473 1
685 1412 1
726 1350 1
759 1292 1
822 1168 1
852 1098 1
879 1022 1
903 945 1
924 878 1
953 777 1
964 732 1
972 684 1
978 631 1
981 577 1
980 477 1
977 436 1
973 398 1
965 367 1
956 341 1
935 310 1
923 302 1
907 299 1
885 301 1
854 313 1
764 378 1
710 427 1
650 490 1
595 554 1
546 615 1
500 677 1
457 741 1
415 811 1
373 881 1
331 955 1
293 1028 1
236 1168 1
219 1228 1
210 1273 1
208 1310 1
210 1342 1
219 1371 1
232 1400 1
252 1430 1
275 1458 1
336 1510 1
368 1529 1
400 1540 1
432 1542 1
499 1519 1
543 1489 1
588 1455 1
638 1411 1
685 1360 1
765 1241 1
801 1177 1
836 1112 1
868 1047 1
897 975 1
948 819 1
965 740 1
976 670 1
985 611 1
988 562 1
985 485 1
979 453 1
971 424 1
963 399 1
952 378 1
925 354 1
907 347 1
883 344 1
853 348 1
815 360 1
723 417 1
656 472 1
595 534 1
539 601 1
488 671 1
396 821 1
348 904 1
296 1002 1
250 1107 1
211 1211 1
166 1368 1
161 1414 1
167 1447 1
177 1472 1
175 1466 0
