555 993 1
555 993 1
555 993 1
555 993 1
555 993 1
555 993 1
554 992 1
554 992 1
553 991 1
553 989 1
552 988 1
552 986 1
552 985 1
552 984 1
553 982 1
555 980 1
558 978 1
563 977 1
569 978 1
575 980 1
581 981 1
586 983 1
589 986 1
592 989 1
595 992 1
596 994 1
596 998 1
597 1001 1
594 1005 1
592 1009 1
587 1014 1
582 1018 1
578 1021 1
571 1024 1
566 1025 1
560 1026 1
553 1025 1
546 1023 1
541 1022 1
534 1018 1
529 1014 1
524 1009 1
520 1004 1
518 998 1
517 991 1
515 984 1
517 977 1
518 971 1
521 965 1
525 961 1
531 956 1
536 952 1
545 947 1
549 946 1
554 945 1
560 946 1
564 946 1
570 949 1
575 951 1
582 957 1
588 963 1
594 970 1
600 976 1
604 980 1
607 985 1
610 988 1
611 991 1
613 994 1
613 995 1
614 998 1
614 1001 1
614 1006 1
613 1011 1
611 1018 1
610 1024 1
607 1030 1
605 1037 1
602 1042 1
598 1048 1
593 1052 1
589 1057 1
584 1059 1
579 1063 1
575 1066 1
571 1068 1
565 1070 1
561 1071 1
556 1071 1
549 1070 1
541 1069 1
532 1066 1
523 1061 1
514 1055 1
506 1048 1
499 1040 1
494 1031 1
490 1023 1
486 1012 1
482 1000 1
481 988 1
481 974 1
482 963 1
483 953 1
486 943 1
490 933 1
495 927 1
501 921 1
506 916 1
513 911 1
520 908 1
529 906 1
539 905 1
552 906 1
563 908 1
575 912 1
586 918 1
596 926 1
604 936 1
614 946 1
621 957 1
626 968 1
630 980 1
633 990 1
634 1001 1
635 1010 1
633 1021 1
630 1031 1
627 1039 1
623 1047 1
619 1055 1
613 1063 1
607 1069 1
600 1076 1
592 1082 1
583 1089 1
576 1094 1
568 1098 1
561 1102 1
554 1105 1
547 1107 1
539 1109 1
529 1110 1
518 1109 1
506 1107 1
494 1103 1
483 1098 1
474 1091 1
463 1083 1
453 1072 1
446 1061 1
439 1051 1
434 1039 1
430 1027 1
427 1015 1
425 1004 1
425 991 1
425 979 1
427 967 1
429 955 1
432 942 1
437 930 1
443 916 1
450 904 1
459 892 1
468 881 1
478 872 1
489 865 1
499 858 1
507 854 1
516 850 1
533 846 1
545 844 1
556 845 1
567 846 1
579 850 1
591 855 1
602 861 1
612 869 1
624 879 1
634 890 1
643 903 1
651 918 1
658 934 1
664 948 1
668 963 1
671 976 1
673 987 1
675 999 1
676 1008 1
676 1018 1
676 1027 1
674 1037 1
672 1047 1
669 1056 1
665 1066 1
661 1074 1
655 1083 1
649 1092 1
642 1099 1
636 1106 1
628 1114 1
621 1120 1
614 1127 1
607 1132 1
599 1137 1
592 1139 1
585 1144 1
578 1147 1
571 1150 1
563 1153 1
556 1154 1
547 1156 1
537 1158 1
527 1159 1
516 1158 1
504 1156 1
492 1152 1
479 1147 1
466 1140 1
451 1130 1
437 1118 1
428 1107 1
420 1096 1
413 1085 1
408 1073 1
404 1062 1
400 1050 1
397 1037 1
396 1022 1
396 1009 1
394 993 1
395 981 1
396 965 1
398 951 1
400 938 1
403 924 1
405 912 1
408 899 1
412 887 1
416 876 1
422 865 1
427 854 1
434 844 1
441 833 1
450 823 1
458 815 1
468 807 1
478 799 1
488 792 1
499 787 1
511 781 1
524 777 1
539 773 1
552 771 1
565 772 1
576 772 1
586 773 1
595 776 1
604 779 1
614 784 1
625 792 1
636 802 1
646 812 1
656 822 1
666 835 1
675 848 1
684 863 1
694 878 1
702 894 1
709 910 1
715 924 1
720 937 1
724 949 1
726 961 1
729 973 1
730 986 1
732 999 1
732 1012 1
732 1025 1
730 1038 1
729 1050 1
726 1062 1
724 1071 1
721 1082 1
718 1092 1
714 1102 1
709 1112 1
703 1123 1
697 1134 1
690 1145 1
683 1157 1
675 1167 1
668 1175 1
661 1183 1
654 1189 1
647 1194 1
641 1200 1
632 1205 1
625 1210 1
617 1214 1
609 1218 1
599 1222 1
590 1226 1
580 1228 1
569 1230 1
557 1232 1
543 1232 1
528 1232 1
514 1229 1
499 1226 1
485 1223 1
472 1218 1
459 1213 1
447 1208 1
436 1202 1
426 1197 1
419 1192 1
411 1186 1
404 1179 1
397 1171 1
390 1163 1
383 1152 1
376 1141 1
369 1128 1
364 1117 1
358 1104 1
353 1092 1
349 1081 1
345 1068 1
343 1056 1
341 1043 1
338 1031 1
337 1014 1
335 996 1
336 977 1
336 958 1
338 940 1
340 924 1
343 909 1
345 896 1
350 884 1
354 872 1
360 859 1
365 845 1
372 830 1
379 817 1
386 805 1
394 791 1
402 780 1
411 769 1
421 759 1
430 750 1
439 743 1
447 737 1
455 731 1
465 726 1
479 721 1
492 717 1
508 714 1
526 710 1
546 709 1
569 711 1
589 714 1
610 719 1
628 725 1
643 731 1
654 737 1
663 744 1
673 751 1
683 762 1
694 773 1
704 786 1
713 800 1
723 816 1
731 832 1
739 847 1
746 863 1
753 878 1
758 894 1
764 908 1
770 922 1
774 937 1
778 951 1
782 966 1
783 982 1
786 997 1
788 1012 1
789 1026 1
790 1037 1
789 1048 1
789 1058 1
786 1067 1
784 1078 1
782 1089 1
777 1102 1
773 1114 1
769 1125 1
764 1137 1
758 1148 1
752 1159 1
746 1171 1
739 1181 1
732 1190 1
725 1199 1
718 1205 1
712 1212 1
705 1219 1
698 1225 1
691 1232 1
684 1239 1
676 1246 1
669 1253 1
659 1259 1
649 1264 1
641 1269 1
633 1272 1
626 1275 1
617 1278 1
607 1281 1
597 1285 1
587 1288 1
576 1291 1
565 1292 1
555 1294 1
545 1295 1
535 1297 1
524 1297 1
514 1296 1
504 1293 1
492 1291 1
479 1288 1
463 1284 1
448 1277 1
429 1270 1
413 1260 1
397 1251 1
380 1239 1
367 1227 1
354 1214 1
344 1202 1
335 1189 1
328 1177 1
320 1164 1
314 1150 1
307 1134 1
302 1118 1
297 1102 1
293 1085 1
288 1068 1
284 1053 1
282 1040 1
279 1027 1
278 1014 1
277 1000 1
275 985 1
275 971 1
275 957 1
275 943 1
276 926 1
278 910 1
280 894 1
283 878 1
285 863 1
289 850 1
292 836 1
296 823 1
300 808 1
304 794 1
310 782 1
315 769 1
322 756 1
329 743 1
336 730 1
343 718 1
352 705 1
360 694 1
369 685 1
378 675 1
387 668 1
398 658 1
408 650 1
420 641 1
431 634 1
441 627 1
453 621 1
462 617 1
472 612 1
482 608 1
492 606 1
501 603 1
510 601 1
518 601 1
526 601 1
535 601 1
544 603 1
555 606 1
567 609 1
583 613 1
600 619 1
618 625 1
637 632 1
652 639 1
665 645 1
676 652 1
687 659 1
698 666 1
704 673 1
713 681 1
721 689 1
731 701 1
741 715 1
752 730 1
762 746 1
772 761 1
779 774 1
785 785 1
790 795 1
794 804 1
797 811 1
801 820 1
804 828 1
808 838 1
813 848 1
817 860 1
821 872 1
826 886 1
830 897 1
834 908 1
837 917 1
840 926 1
843 934 1
845 944 1
848 955 1
849 967 1
850 982 1
851 998 1
852 1015 1
850 1030 1
850 1044 1
848 1055 1
848 1064 1
846 1072 1
845 1079 1
845 1086 1
843 1093 1
842 1101 1
840 1109 1
838 1116 1
835 1125 1
832 1135 1
828 1146 1
823 1158 1
818 1172 1
813 1184 1
806 1195 1
801 1208 1
793 1219 1
785 1230 1
779 1239 1
773 1246 1
768 1253 1
763 1258 1
758 1262 1
754 1266 1
751 1268 1
746 1271 1
743 1273 1
739 1276 1
735 1279 1
729 1281 1
723 1284 1
719 1286 1
713 1289 1
708 1291 1
701 1294 1
694 1297 1
684 1300 1
676 1303 1
666 1306 1
658 1310 1
650 1313 1
642 1316 1
636 1318 1
629 1321 1
622 1324 1
614 1327 1
607 1328 1
599 1330 1
592 1333 1
585 1334 1
580 1336 1
575 1337 1
572 1337 1
569 1338 1
565 1338 1
562 1339 1
560 1339 1
555 1340 1
549 1340 1
542 1340 1
535 1338 1
527 1339 1
519 1338 1
512 1338 1
504 1336 1
498 1335 1
489 1333 1
480 1332 1
471 1329 1
464 1327 1
455 1325 1
446 1322 1
438 1319 1
431 1316 1
423 1312 1
412 1305 1
399 1298 1
387 1289 1
373 1279 1
361 1268 1
352 1259 1
342 1249 1
334 1239 1
325 1228 1
315 1215 1
306 1201 1
299 1187 1
291 1174 1
285 1158 1
279 1142 1
275 1126 1
269 1109 1
264 1092 1
258 1076 1
254 1061 1
250 1048 1
246 1036 1
242 1024 1
239 1011 1
236 998 1
234 986 1
232 972 1
229 958 1
227 945 1
225 932 1
223 916 1
223 902 1
221 888 1
222 874 1
222 860 1
224 845 1
227 828 1
231 812 1
234 794 1
239 778 1
245 763 1
250 747 1
256 733 1
262 718 1
268 706 1
275 692 1
282 679 1
289 667 1
296 656 1
302 645 1
308 635 1
313 627 1
319 617 1
326 609 1
334 597 1
343 586 1
352 576 1
360 568 1
367 559 1
373 555 1
379 549 1
385 545 1
391 541 1
398 537 1
406 533 1
416 528 1
426 523 1
436 520 1
448 517 1
461 514 1
475 511 1
490 510 1
504 510 1
520 511 1
533 512 1
548 514 1
564 517 1
578 521 1
593 526 1
610 532 1
625 539 1
641 547 1
656 557 1
671 568 1
687 579 1
702 592 1
716 605 1
730 617 1
745 631 1
759 647 1
773 661 1
786 675 1
796 687 1
806 699 1
814 711 1
822 722 1
832 734 1
841 749 1
850 763 1
858 778 1
865 793 1
871 806 1
878 820 1
884 833 1
890 846 1
896 860 1
901 874 1
907 889 1
911 905 1
916 919 1
919 933 1
922 945 1
923 957 1
925 970 1
927 983 1
927 995 1
928 1009 1
928 1023 1
925 1038 1
923 1053 1
920 1068 1
917 1084 1
913 1101 1
910 1113 1
905 1126 1
901 1137 1
897 1148 1
893 1161 1
889 1173 1
885 1184 1
880 1197 1
874 1211 1
867 1227 1
859 1241 1
852 1254 1
844 1266 1
837 1276 1
832 1284 1
827 1292 1
821 1299 1
817 1306 1
811 1313 1
806 1320 1
800 1325 1
795 1330 1
788 1335 1
781 1340 1
774 1344 1
768 1349 1
762 1353 1
754 1359 1
744 1363 1
733 1369 1
722 1374 1
710 1379 1
700 1383 1
688 1387 1
676 1390 1
664 1392 1
653 1395 1
643 1396 1
633 1397 1
624 1398 1
615 1398 1
604 1396 1
594 1395 1
584 1395 1
575 1393 1
566 1393 1
559 1391 1
551 1390 1
543 1389 1
534 1387 1
527 1386 1
518 1384 1
509 1382 1
500 1380 1
489 1377 1
479 1375 1
466 1373 1
455 1371 1
445 1368 1
434 1365 1
424 1363 1
414 1359 1
404 1355 1
393 1350 1
382 1344 1
370 1339 1
358 1331 1
346 1325 1
336 1318 1
325 1311 1
314 1304 1
305 1295 1
297 1287 1
289 1277 1
281 1267 1
273 1256 1
266 1244 1
258 1231 1
250 1216 1
242 1200 1
234 1184 1
228 1168 1
222 1152 1
217 1135 1
214 1118 1
210 1099 1
206 1077 1
201 1055 1
197 1034 1
196 1016 1
196 999 1
194 984 1
195 967 1
195 950 1
193 933 1
193 917 1
191 904 1
191 890 1
189 878 1
189 868 1
189 857 1
189 847 1
189 838 1
189 828 1
189 819 1
189 807 1
190 796 1
190 785 1
191 773 1
192 761 1
193 747 1
196 735 1
198 723 1
202 710 1
204 699 1
208 688 1
211 677 1
215 667 1
219 656 1
224 645 1
228 635 1
233 625 1
239 615 1
247 603 1
254 592 1
263 581 1
272 570 1
280 561 1
289 551 1
298 541 1
309 531 1
319 521 1
332 510 1
344 500 1
356 491 1
369 483 1
381 475 1
390 468 1
398 465 1
407 460 1
414 456 1
423 453 1
434 450 1
446 446 1
462 444 1
480 441 1
499 439 1
519 439 1
538 439 1
556 439 1
571 441 1
586 443 1
599 446 1
610 449 1
622 454 1
634 460 1
649 469 1
667 480 1
685 493 1
702 508 1
716 520 1
728 532 1
738 542 1
748 552 1
757 564 1
767 575 1
776 587 1
784 599 1
793 614 1
801 627 1
809 642 1
818 657 1
826 671 1
835 687 1
843 701 1
851 715 1
857 728 1
863 739 1
869 751 1
874 762 1
880 773 1
885 782 1
891 793 1
896 803 1
902 812 1
906 820 1
910 828 1
914 837 1
918 845 1
921 855 1
925 864 1
929 873 1
933 883 1
935 893 1
939 901 1
942 911 1
945 921 1
948 930 1
950 939 1
953 947 1
956 956 1
959 964 1
961 973 1
964 982 1
966 990 1
969 999 1
971 1008 1
972 1016 1
975 1026 1
976 1036 1
977 1046 1
978 1055 1
979 1065 1
980 1078 1
980 1089 1
980 1102 1
980 1113 1
979 1123 1
977 1133 1
975 1145 1
973 1158 1
971 1171 1
969 1183 1
966 1196 1
963 1208 1
959 1218 1
957 1228 1
955 1237 1
952 1246 1
950 1253 1
948 1259 1
946 1265 1
942 1272 1
938 1279 1
934 1288 1
927 1298 1
921 1309 1
912 1320 1
904 1333 1
893 1349 1
878 1368 1
862 1386 1
845 1404 1
830 1418 1
816 1431 1
805 1439 1
796 1444 1
791 1449 1
786 1452 1
784 1454 1
781 1455 1
778 1456 1
776 1457 1
772 1459 1
768 1460 1
761 1461 1
754 1462 1
743 1463 1
731 1465 1
719 1466 1
706 1466 1
695 1466 1
682 1465 1
670 1465 1
658 1463 1
646 1462 1
635 1460 1
623 1458 1
611 1455 1
600 1453 1
591 1451 1
581 1448 1
572 1445 1
563 1443 1
552 1440 1
540 1436 1
528 1432 1
517 1429 1
507 1426 1
495 1423 1
484 1418 1
472 1414 1
459 1410 1
447 1405 1
436 1400 1
427 1397 1
418 1394 1
410 1392 1
400 1388 1
390 1384 1
381 1380 1
372 1376 1
362 1372 1
353 1368 1
345 1364 1
335 1358 1
325 1352 1
315 1345 1
307 1338 1
298 1330 1
290 1320 1
280 1309 1
272 1298 1
261 1284 1
251 1269 1
240 1255 1
231 1240 1
222 1226 1
215 1213 1
208 1199 1
203 1187 1
197 1175 1
191 1163 1
187 1150 1
181 1136 1
176 1120 1
171 1103 1
167 1085 1
164 1066 1
162 1047 1
161 1031 1
160 1013 1
158 995 1
157 980 1
155 959 1
153 941 1
151 925 1
149 909 1
150 893 1
149 878 1
149 862 1
149 844 1
150 825 1
151 804 1
152 783 1
155 763 1
158 744 1
158 726 1
161 710 1
164 696 1
167 682 1
171 668 1
174 655 1
178 641 1
182 626 1
187 612 1
193 600 1
198 586 1
204 574 1
211 561 1
219 549 1
225 538 1
234 526 1
243 514 1
253 500 1
263 487 1
276 473 1
287 463 1
297 451 1
306 443 1
315 435 1
324 426 1
334 419 1
345 411 1
358 404 1
368 399 1
381 393 1
393 389 1
408 384 1
425 381 1
441 377 1
460 375 1
479 372 1
500 369 1
521 367 1
542 366 1
565 367 1
586 369 1
607 372 1
626 376 1
644 380 1
659 384 1
673 388 1
688 395 1
706 404 1
724 413 1
743 427 1
765 441 1
787 458 1
808 474 1
829 492 1
845 507 1
860 523 1
874 537 1
883 548 1
891 559 1
898 569 1
905 580 1
912 592 1
918 607 1
925 623 1
932 642 1
939 661 1
944 679 1
951 696 1
957 713 1
961 728 1
966 743 1
970 759 1
973 771 1
977 784 1
980 797 1
983 810 1
985 824 1
989 842 1
993 859 1
996 874 1
1000 889 1
1002 904 1
1003 917 1
1005 930 1
1006 944 1
1008 958 1
1009 972 1
1010 986 1
1012 1001 1
1013 1015 1
1014 1030 1
1014 1044 1
1014 1056 1
1015 1070 1
1015 1083 1
1016 1097 1
1016 1110 1
1016 1122 1
1016 1136 1
1016 1150 1
1017 1164 1
1015 1177 1
1015 1191 1
1015 1205 1
1013 1218 1
1012 1230 1
1012 1241 1
1010 1252 1
1010 1261 1
1008 1268 1
1007 1275 1
1005 1282 1
1003 1290 1
1000 1298 1
996 1308 1
992 1320 1
986 1333 1
979 1349 1
970 1365 1
962 1382 1
951 1400 1
941 1417 1
931 1428 1
923 1438 1
916 1445 1
912 1450 1
908 1453 1
905 1457 1
903 1458 1
900 1461 1
897 1463 1
892 1466 1
887 1470 1
879 1474 1
869 1478 1
858 1484 1
847 1489 1
833 1494 1
819 1499 1
805 1505 1
791 1509 1
778 1514 1
762 1518 1
747 1521 1
731 1525 1
715 1528 1
699 1531 1
683 1532 1
667 1533 1
651 1534 1
635 1532 1
618 1531 1
603 1529 1
588 1526 1
574 1523 1
559 1521 1
541 1516 1
525 1512 1
507 1506 1
487 1499 1
466 1492 1
444 1485 1
423 1478 1
403 1470 1
383 1463 1
367 1456 1
351 1450 1
337 1443 1
322 1438 1
307 1431 1
294 1425 1
278 1416 1
262 1406 1
250 1399 1
238 1390 1
225 1381 1
214 1372 1
201 1363 1
188 1352 1
176 1340 1
164 1328 1
155 1316 1
145 1304 1
135 1290 1
127 1275 1
117 1258 1
109 1240 1
102 1222 1
97 1205 1
92 1186 1
88 1167 1
85 1149 1
82 1131 1
81 1115 1
80 1096 1
80 1077 1
80 1053 1
81 1026 1
82 996 1
85 963 1
88 932 1
93 905 1
97 880 1
101 858 1
103 839 1
106 820 1
108 802 1
110 784 1
112 769 1
114 755 1
117 743 1
120 733 1
121 720 1
124 709 1
127 698 1
130 686 1
134 675 1
136 660 1
140 646 1
144 633 1
148 620 1
153 607 1
157 594 1
161 582 1
165 570 1
170 558 1
176 546 1
180 536 1
185 524 1
190 514 1
195 502 1
201 491 1
207 482 1
214 473 1
221 465 1
228 457 1
235 449 1
242 441 1
249 433 1
259 424 1
270 415 1
281 405 1
293 395 1
305 386 1
316 378 1
329 370 1
340 362 1
353 355 1
365 347 1
376 340 1
387 334 1
399 329 1
412 323 1
427 318 1
442 312 1
459 308 1
477 304 1
495 300 1
513 298 1
531 295 1
549 293 1
566 292 1
584 293 1
600 294 1
617 296 1
636 299 1
656 303 1
675 308 1
693 315 1
711 321 1
730 328 1
746 336 1
764 346 1
781 355 1
796 368 1
814 382 1
831 396 1
849 411 1
867 426 1
881 441 1
894 454 1
905 467 1
914 475 1
921 485 1
928 495 1
935 506 1
942 519 1
952 534 1
961 548 1
970 563 1
978 577 1
985 589 1
989 599 1
993 609 1
996 618 1
999 628 1
1001 639 1
1005 652 1
1009 667 1
1012 681 1
1016 695 1
1018 709 1
1021 722 1
1023 735 1
1024 746 1
1026 756 1
1027 764 1
1028 772 1
1029 780 1
1030 788 1
1032 800 1
1033 811 1
1034 825 1
1035 838 1
1036 853 1
1037 867 1
1037 880 1
1038 892 1
1038 905 1
1039 918 1
1039 928 1
1040 939 1
1040 949 1
1041 959 1
1041 969 1
1041 979 1
1041 989 1
1041 1001 1
1041 1013 1
1042 1025 1
1042 1038 1
1042 1052 1
1042 1066 1
1043 1080 1
1043 1092 1
1043 1104 1
1043 1117 1
1043 1127 1
1043 1136 1
1043 1144 1
1043 1152 1
1041 1159 1
1042 1168 1
1040 1176 1
1041 1186 1
1039 1197 1
1040 1208 1
1040 1221 1
1038 1234 1
1039 1248 1
1039 1262 1
1039 1275 1
1038 1285 1
1038 1295 1
1038 1302 1
1037 1309 1
1037 1316 1
1036 1323 1
1036 1329 1
1036 1336 1
1035 1343 1
1033 1352 1
1032 1362 1
1030 1373 1
1028 1384 1
1025 1396 1
1020 1408 1
1016 1419 1
1012 1430 1
1008 1439 1
1003 1448 1
997 1457 1
993 1464 1
987 1471 1
980 1480 1
973 1490 1
965 1501 1
954 1516 1
940 1530 1
927 1545 1
911 1560 1
897 1574 1
881 1586 1
867 1597 1
853 1607 1
844 1613 1
835 1617 1
829 1621 1
821 1624 1
812 1627 1
802 1631 1
791 1634 1
780 1636 1
767 1638 1
753 1640 1
734 1642 1
718 1644 1
700 1645 1
683 1645 1
668 1645 1
657 1645 1
648 1645 1
641 1644 1
636 1644 1
630 1642 1
622 1641 1
611 1638 1
601 1636 1
585 1632 1
570 1628 1
552 1622 1
534 1617 1
519 1612 1
504 1607 1
492 1603 1
479 1599 1
466 1595 1
452 1593 1
439 1589 1
423 1585 1
406 1580 1
389 1576 1
372 1571 1
355 1566 1
338 1560 1
326 1556 1
314 1551 1
306 1547 1
300 1545 1
293 1541 1
285 1537 1
277 1531 1
269 1526 1
259 1520 1
249 1513 1
239 1507 1
229 1501 1
221 1494 1
211 1487 1
202 1480 1
194 1473 1
186 1468 1
179 1462 1
171 1455 1
164 1449 1
157 1441 1
149 1433 1
142 1424 1
134 1415 1
127 1406 1
120 1396 1
113 1386 1
106 1376 1
101 1368 1
94 1357 1
89 1347 1
84 1335 1
80 1324 1
76 1312 1
72 1300 1
70 1289 1
66 1276 1
63 1263 1
60 1250 1
57 1235 1
55 1220 1
53 1207 1
51 1196 1
50 1186 1
48 1176 1
47 1164 1
46 1152 1
44 1140 1
41 1124 1
39 1104 1
37 1081 1
35 1063 1
33 1047 1
32 1036 1
31 1025 1
29 1012 1
28 1000 1
28 987 1
28 972 1
31 950 1
37 930 1
41 913 1
45 899 1
48 890 1
48 885 1
50 881 1
51 877 1
51 879 0
