167 1349 1
170 1340 1
179 1328 1
195 1308 1
218 1281 1
241 1251 1
261 1219 1
287 1170 1
299 1138 1
305 1116 1
308 1095 1
311 1077 1
310 1060 1
310 1049 1
308 1043 1
304 1034 1
293 1027 1
274 1025 1
254 1026 1
234 1031 1
216 1042 1
199 1055 1
184 1071 1
169 1089 1
160 1107 1
154 1123 1
155 1138 1
163 1153 1
178 1168 1
202 1185 1
233 1201 1
266 1214 1
296 1224 1
321 1234 1
339 1242 1
349 1251 1
358 1260 1
360 1267 1
361 1274 1
358 1284 1
344 1298 1
326 1314 1
300 1332 1
272 1347 1
244 1358 1
225 1362 1
209 1364 1
199 1362 1
191 1357 1
184 1349 1
182 1340 1
179 1328 1
180 1320 1
182 1311 1
182 1312 0
543 1296 1
543 1296 1
543 1293 1
544 1289 1
549 1277 1
555 1262 1
566 1240 1
579 1204 1
593 1164 1
606 1120 1
615 1067 1
617 1036 1
609 1018 1
598 1002 1
583 988 1
564 980 1
541 976 1
520 978 1
497 987 1
478 1001 1
465 1020 1
455 1039 1
451 1055 1
451 1068 1
453 1081 1
463 1092 1
478 1103 1
497 1114 1
524 1122 1
550 1131 1
573 1137 1
593 1143 1
609 1148 1
624 1154 1
638 1163 1
650 1173 1
660 1184 1
665 1196 1
667 1208 1
668 1223 1
663 1241 1
651 1260 1
634 1278 1
613 1292 1
593 1301 1
576 1305 1
564 1303 1
554 1299 1
547 1290 1
542 1280 1
538 1266 1
540 1254 1
544 1240 1
544 1243 0
827 1244 1
827 1244 1
827 1243 1
827 1241 1
828 1239 1
833 1225 1
840 1203 1
850 1166 1
860 1124 1
869 1079 1
876 1022 1
879 982 1
872 956 1
862 935 1
847 919 1
827 909 1
804 906 1
782 911 1
760 925 1
742 942 1
732 960 1
725 976 1
724 989 1
728 1002 1
738 1015 1
753 1029 1
780 1043 1
808 1054 1
835 1065 1
859 1074 1
880 1083 1
899 1097 1
916 1114 1
927 1130 1
935 1147 1
939 1164 1
938 1181 1
933 1201 1
920 1221 1
903 1239 1
885 1253 1
868 1260 1
853 1262 1
843 1256 1
834 1247 1
829 1232 1
829 1210 1
836 1189 1
835 1193 0
