1017 572 1
1017 572 1
1017 572 1
1017 572 1
1017 572 1
1017 572 1
1017 572 1
1016 572 1
1016 576 1
1016 581 1
1016 588 1
1017 595 1
1017 607 1
1018 619 1
1019 631 1
1019 644 1
1020 655 1
1020 665 1
1021 673 1
1021 682 1
1021 689 1
1019 697 1
1020 706 1
1018 715 1
1019 726 1
1018 747 1
1018 762 1
1016 775 1
1016 788 1
1016 797 1
1015 808 1
1013 818 1
1014 826 1
1013 833 1
1013 839 1
1012 844 1
1012 848 1
1012 850 1
1011 853 1
1009 856 1
1008 860 1
1003 866 1
992 871 1
977 874 1
962 877 1
948 878 1
935 879 1
923 880 1
916 880 1
908 880 1
901 878 1
894 878 1
887 876 1
880 875 1
874 873 1
869 871 1
866 866 1
863 860 1
862 853 1
862 845 1
863 837 1
865 831 1
867 827 1
868 823 1
869 821 1
871 819 1
873 818 1
877 818 1
880 818 1
886 818 1
892 821 1
897 825 1
903 830 1
909 836 1
912 842 1
916 850 1
919 857 1
921 865 1
922 873 1
921 885 1
918 897 1
911 913 1
902 930 1
892 946 1
882 960 1
871 972 1
864 980 1
855 987 1
848 992 1
844 995 1
841 997 1
838 999 1
835 1001 1
834 1002 1
835 1002 0
739 622 1
739 622 1
739 622 1
739 622 1
739 622 1
739 622 1
739 622 1
739 624 1
739 629 1
740 638 1
741 651 1
744 666 1
747 681 1
749 696 1
752 710 1
752 723 1
754 736 1
756 749 1
758 761 1
759 774 1
760 783 1
761 793 1
761 804 1
761 814 1
761 822 1
762 828 1
762 835 1
762 841 1
762 846 1
763 851 1
763 853 1
763 856 1
763 859 1
763 860 1
763 862 1
763 863 1
763 864 1
763 865 1
762 865 1
762 867 1
760 867 1
757 869 1
748 874 1
740 876 1
732 879 1
727 880 1
720 881 1
713 883 1
709 883 1
704 884 1
699 884 1
693 884 1
687 884 1
681 884 1
674 882 1
669 883 1
665 883 1
661 883 1
657 882 1
654 880 1
652 879 1
650 879 1
647 877 1
645 876 1
644 874 1
644 872 1
643 871 1
643 869 1
643 868 1
643 868 1
642 866 1
642 866 1
642 864 1
643 863 1
643 863 1
643 861 1
643 861 1
644 861 1
644 859 1
644 859 1
646 859 1
648 859 1
653 859 1
662 859 1
670 860 1
677 862 1
683 863 1
687 864 1
690 866 1
694 867 1
697 870 1
699 877 1
701 885 1
702 896 1
703 907 1
701 926 1
699 938 1
697 951 1
693 960 1
691 968 1
686 974 1
682 981 1
676 988 1
670 995 1
663 1002 1
658 1008 1
653 1014 1
648 1018 1
643 1022 1
640 1027 1
636 1029 1
634 1031 1
632 1032 1
631 1033 1
631 1034 1
631 1034 0
536 582 1
536 582 1
536 582 1
536 582 1
535 583 1
534 585 1
534 589 1
534 598 1
534 609 1
535 622 1
536 639 1
538 661 1
541 683 1
545 705 1
549 726 1
553 750 1
557 775 1
559 787 1
560 795 1
560 801 1
560 806 1
561 810 1
561 813 1
561 815 1
561 817 1
561 817 1
561 817 1
561 818 1
561 818 1
561 818 1
552 820 1
538 824 1
520 828 1
500 832 1
484 833 1
473 834 1
464 834 1
458 832 1
453 833 1
448 833 1
444 833 1
441 832 1
439 831 1
436 831 1
433 829 1
431 827 1
429 828 1
428 825 1
426 821 1
426 814 1
424 806 1
423 799 1
423 792 1
423 785 1
422 782 1
422 777 1
422 775 1
422 773 1
423 770 1
423 769 1
424 768 1
425 766 1
425 766 1
426 764 1
426 764 1
427 765 1
429 765 1
432 765 1
435 766 1
439 768 1
444 770 1
448 774 1
452 777 1
455 781 1
458 787 1
461 794 1
464 803 1
465 816 1
466 830 1
465 846 1
462 863 1
458 879 1
454 893 1
447 904 1
441 914 1
436 922 1
431 928 1
427 934 1
425 938 1
422 941 1
419 945 1
417 948 1
416 949 1
414 951 1
412 953 1
412 955 1
410 956 1
411 957 1
411 957 0
281 609 1
281 609 1
281 609 1
281 609 1
281 609 1
281 611 1
282 621 1
285 635 1
289 655 1
294 675 1
298 692 1
302 707 1
305 723 1
309 738 1
311 756 1
315 775 1
320 802 1
322 814 1
323 822 1
323 827 1
323 831 1
323 835 1
323 837 1
321 840 1
318 846 1
307 850 1
288 856 1
257 860 1
231 863 1
209 865 1
194 866 1
184 866 1
178 866 1
172 864 1
168 865 1
163 863 1
161 864 1
158 863 1
155 860 1
152 854 1
148 844 1
147 835 1
148 826 1
148 817 1
149 813 1
149 807 1
150 801 1
151 798 1
153 795 1
154 794 1
157 793 1
168 793 1
176 793 1
185 795 1
200 799 1
210 809 1
220 820 1
228 831 1
232 838 1
236 846 1
240 858 1
242 873 1
242 888 1
236 906 1
227 927 1
218 947 1
209 964 1
204 975 1
201 982 1
197 987 1
194 993 1
192 998 1
187 1003 1
184 1009 1
180 1013 1
177 1017 1
174 1021 1
173 1022 1
172 1023 1
173 1023 0
