31 1330 1
31 1327 1
31 1326 1
32 1322 1
34 1318 1
35 1313 1
37 1307 1
38 1300 1
39 1290 1
42 1278 1
44 1266 1
46 1251 1
48 1231 1
52 1210 1
55 1192 1
59 1176 1
67 1148 1
74 1129 1
85 1108 1
98 1083 1
110 1058 1
120 1033 1
125 1011 1
128 990 1
130 967 1
129 943 1
127 921 1
126 900 1
126 880 1
124 859 1
123 841 1
124 818 1
125 796 1
125 772 1
126 748 1
127 725 1
128 703 1
129 682 1
129 661 1
127 642 1
128 627 1
126 617 1
124 608 1
123 599 1
121 589 1
119 581 1
115 574 1
111 570 1
109 566 1
105 565 1
99 565 1
95 567 1
91 573 1
86 583 1
80 602 1
76 623 1
71 649 1
68 673 1
67 695 1
68 712 1
68 732 1
70 751 1
73 767 1
77 779 1
82 794 1
88 810 1
95 828 1
106 851 1
117 880 1
127 911 1
135 941 1
140 969 1
143 991 1
146 1012 1
147 1031 1
148 1047 1
149 1062 1
150 1077 1
151 1094 1
152 1109 1
153 1125 1
155 1140 1
159 1158 1
163 1173 1
169 1188 1
174 1202 1
180 1217 1
186 1231 1
192 1242 1
198 1251 1
200 1257 1
204 1261 1
209 1265 1
215 1268 1
220 1269 1
228 1266 1
235 1262 1
242 1253 1
252 1240 1
261 1223 1
268 1201 1
275 1176 1
281 1150 1
283 1123 1
286 1098 1
287 1074 1
289 1053 1
289 1033 1
290 1011 1
290 990 1
291 970 1
291 949 1
291 928 1
291 908 1
291 887 1
291 866 1
291 825 1
291 805 1
291 785 1
289 768 1
287 752 1
285 738 1
282 723 1
278 710 1
275 698 1
271 687 1
266 677 1
262 670 1
258 663 1
254 658 1
251 653 1
247 649 1
244 646 1
241 644 1
240 643 1
239 644 1
237 644 1
236 647 1
235 651 1
232 661 1
228 677 1
225 695 1
224 716 1
225 738 1
227 760 1
230 778 1
234 798 1
238 816 1
241 835 1
245 853 1
249 874 1
252 896 1
254 917 1
256 939 1
259 959 1
262 979 1
265 1000 1
269 1022 1
275 1045 1
281 1067 1
286 1091 1
291 1111 1
297 1132 1
303 1153 1
309 1171 1
314 1190 1
321 1205 1
327 1219 1
333 1232 1
340 1244 1
347 1254 1
353 1262 1
359 1269 1
364 1272 1
369 1276 1
374 1278 1
378 1279 1
383 1277 1
390 1272 1
397 1264 1
405 1252 1
412 1233 1
420 1212 1
424 1190 1
429 1167 1
431 1145 1
432 1122 1
434 1099 1
434 1076 1
434 1053 1
435 1031 1
435 1009 1
436 987 1
436 965 1
436 941 1
433 915 1
428 888 1
422 863 1
417 839 1
410 818 1
403 797 1
396 780 1
389 762 1
380 745 1
375 730 1
369 715 1
364 703 1
358 692 1
353 683 1
349 677 1
346 673 1
344 669 1
343 668 1
341 666 1
341 665 1
341 665 1
339 665 1
339 665 1
338 668 1
338 677 1
338 689 1
339 706 1
340 727 1
342 748 1
345 768 1
348 788 1
352 807 1
355 826 1
359 845 1
363 866 1
367 887 1
373 908 1
377 930 1
383 951 1
389 972 1
393 991 1
397 1011 1
403 1030 1
409 1050 1
414 1070 1
422 1090 1
429 1108 1
435 1125 1
443 1141 1
450 1155 1
457 1168 1
465 1180 1
473 1191 1
480 1200 1
486 1206 1
491 1210 1
495 1213 1
500 1214 1
505 1214 1
512 1212 1
519 1206 1
527 1197 1
536 1186 1
544 1171 1
553 1152 1
559 1131 1
564 1109 1
569 1085 1
571 1064 1
574 1042 1
575 1022 1
575 999 1
575 980 1
573 957 1
570 934 1
569 909 1
566 884 1
564 860 1
561 838 1
558 816 1
554 794 1
551 772 1
546 751 1
541 731 1
535 713 1
529 696 1
525 684 1
521 672 1
517 663 1
515 658 1
513 654 1
512 651 1
510 649 1
511 648 1
510 649 1
508 649 1
507 652 1
504 659 1
502 671 1
497 690 1
493 712 1
489 738 1
486 765 1
485 792 1
487 818 1
490 842 1
493 863 1
497 885 1
500 907 1
505 928 1
510 949 1
515 970 1
519 991 1
525 1012 1
529 1032 1
534 1052 1
539 1073 1
544 1094 1
550 1114 1
556 1134 1
560 1154 1
564 1171 1
567 1184 1
572 1197 1
576 1207 1
581 1216 1
587 1226 1
592 1234 1
599 1241 1
607 1246 1
616 1249 1
626 1250 1
636 1247 1
648 1243 1
659 1234 1
670 1222 1
681 1205 1
690 1181 1
699 1154 1
703 1127 1
707 1101 1
708 1074 1
708 1048 1
706 1021 1
705 996 1
703 971 1
704 946 1
703 919 1
701 893 1
702 867 1
702 841 1
700 812 1
698 783 1
695 754 1
691 728 1
687 705 1
683 686 1
679 676 1
676 667 1
674 662 1
672 658 1
669 655 1
668 654 1
666 653 1
664 651 1
663 651 1
661 652 1
660 653 1
657 660 1
652 671 1
647 689 1
643 709 1
639 734 1
638 759 1
636 786 1
637 814 1
639 841 1
641 866 1
644 889 1
647 911 1
652 936 1
658 960 1
665 985 1
671 1008 1
678 1029 1
683 1047 1
688 1064 1
693 1082 1
698 1101 1
703 1121 1
710 1139 1
716 1156 1
721 1170 1
727 1181 1
732 1191 1
737 1198 1
742 1205 1
747 1211 1
750 1215 1
753 1219 1
756 1221 1
759 1224 1
763 1224 1
767 1224 1
774 1221 1
783 1213 1
793 1200 1
803 1185 1
812 1161 1
820 1136 1
826 1105 1
831 1074 1
832 1043 1
833 1015 1
835 990 1
835 967 1
835 942 1
835 916 1
834 889 1
834 865 1
832 844 1
830 822 1
829 798 1
825 771 1
821 744 1
817 724 1
813 707 1
810 694 1
805 685 1
802 678 1
799 671 1
796 665 1
794 663 1
792 660 1
790 658 1
790 657 1
790 657 1
788 657 1
788 657 1
786 661 1
785 668 1
781 685 1
775 707 1
771 737 1
767 767 1
765 800 1
765 826 1
765 850 1
765 872 1
768 893 1
772 914 1
777 937 1
781 959 1
785 980 1
791 1001 1
793 1022 1
798 1045 1
803 1069 1
809 1092 1
816 1116 1
821 1141 1
827 1162 1
833 1184 1
840 1199 1
847 1214 1
852 1225 1
859 1231 1
864 1237 1
869 1241 1
874 1242 1
879 1240 1
885 1236 1
892 1228 1
901 1218 1
911 1192 1
923 1162 1
931 1124 1
937 1085 1
940 1044 1
941 1006 1
940 971 1
938 940 1
935 911 1
934 886 1
931 859 1
929 831 1
926 806 1
924 783 1
922 765 1
920 745 1
917 728 1
913 709 1
910 695 1
908 684 1
905 676 1
903 672 1
902 668 1
900 666 1
901 665 1
900 665 1
900 665 1
900 665 1
900 665 1
898 666 1
894 672 1
889 680 1
882 691 1
876 705 1
872 722 1
867 739 1
865 758 1
864 776 1
866 795 1
868 814 1
871 831 1
874 848 1
878 868 1
882 887 1
887 907 1
891 927 1
896 948 1
900 969 1
904 987 1
907 1006 1
910 1023 1
911 1039 1
914 1053 1
916 1063 1
919 1073 1
922 1082 1
923 1088 1
926 1094 1
928 1098 1
931 1102 1
933 1104 1
936 1109 1
939 1112 1
943 1115 1
946 1118 1
948 1120 1
951 1122 1
955 1125 1
958 1126 1
962 1128 1
964 1128 1
969 1126 1
973 1123 1
979 1116 1
985 1108 1
989 1097 1
994 1082 1
998 1067 1
1002 1048 1
1005 1025 1
1007 998 1
1008 970 1
1008 943 1
1007 918 1
1005 893 1
1004 873 1
1004 852 1
1004 833 1
1001 814 1
998 795 1
997 775 1
994 758 1
992 741 1
990 727 1
987 714 1
985 701 1
983 693 1
980 685 1
978 680 1
976 675 1
975 673 1
975 671 1
975 669 1
975 669 1
975 669 1
975 669 1
975 669 1
972 672 1
971 678 1
969 688 1
966 702 1
963 720 1
961 742 1
960 764 1
961 787 1
963 808 1
966 827 1
969 846 1
973 867 1
975 888 1
979 912 1
982 938 1
986 966 1
989 993 1
994 1019 1
997 1043 1
1001 1065 1
1004 1087 1
1007 1106 1
1011 1123 1
1015 1139 1
1019 1156 1
1025 1169 1
1028 1174 1
1026 1170 0
