604 474 1
603 474 1
603 475 1
600 477 1
595 483 1
587 493 1
571 512 1
551 535 1
529 560 1
507 586 1
486 611 1
454 650 1
437 674 1
425 696 1
410 723 1
394 751 1
381 779 1
367 806 1
355 834 1
341 866 1
327 900 1
314 936 1
300 968 1
290 998 1
282 1026 1
276 1054 1
273 1083 1
271 1109 1
272 1131 1
273 1155 1
277 1176 1
289 1197 1
300 1215 1
313 1232 1
326 1242 1
338 1251 1
352 1257 1
367 1262 1
381 1263 1
402 1259 1
424 1251 1
447 1237 1
473 1219 1
500 1198 1
528 1175 1
557 1149 1
588 1122 1
616 1092 1
644 1059 1
668 1027 1
689 996 1
707 967 1
726 938 1
745 907 1
764 876 1
784 842 1
802 810 1
820 777 1
837 745 1
852 711 1
867 678 1
877 648 1
889 618 1
900 586 1
910 553 1
918 522 1
923 498 1
925 481 1
925 467 1
923 458 1
920 451 1
917 445 1
912 438 1
908 433 1
901 426 1
894 419 1
886 415 1
878 410 1
870 408 1
859 404 1
850 402 1
839 401 1
827 401 1
813 402 1
796 406 1
778 411 1
759 419 1
738 428 1
717 438 1
696 449 1
675 462 1
655 477 1
632 495 1
611 513 1
594 530 1
576 547 1
558 565 1
542 584 1
525 603 1
510 623 1
496 643 1
481 666 1
466 688 1
450 712 1
435 735 1
422 757 1
409 779 1
399 799 1
389 819 1
377 840 1
366 862 1
356 882 1
346 901 1
338 919 1
331 937 1
323 955 1
316 973 1
308 989 1
300 1006 1
293 1022 1
289 1035 1
284 1048 1
283 1057 1
281 1068 1
282 1082 1
283 1096 1
287 1108 1
292 1123 1
299 1137 1
310 1151 1
322 1164 1
336 1177 1
351 1187 1
366 1196 1
384 1203 1
406 1206 1
430 1208 1
454 1202 1
478 1193 1
505 1179 1
528 1161 1
552 1137 1
578 1109 1
605 1075 1
633 1035 1
661 994 1
689 955 1
716 919 1
744 885 1
768 855 1
791 824 1
812 795 1
831 767 1
849 736 1
869 705 1
887 671 1
904 638 1
917 608 1
929 581 1
938 558 1
948 533 1
958 510 1
965 491 1
970 476 1
974 464 1
974 455 1
975 450 1
973 445 1
970 439 1
966 435 1
961 431 1
954 427 1
944 422 1
931 418 1
917 415 1
899 415 1
878 416 1
853 420 1
821 428 1
789 435 1
760 445 1
732 454 1
706 467 1
678 483 1
651 500 1
629 516 1
606 534 1
584 551 1
565 567 1
546 584 1
529 602 1
511 622 1
493 644 1
475 666 1
456 690 1
439 714 1
422 737 1
407 761 1
391 785 1
378 810 1
363 836 1
349 862 1
334 887 1
321 910 1
311 932 1
302 952 1
295 970 1
288 987 1
284 1006 1
279 1024 1
277 1041 1
275 1056 1
274 1073 1
275 1089 1
275 1104 1
275 1117 1
275 1130 1
275 1143 1
275 1154 1
277 1163 1
282 1172 1
290 1180 1
302 1187 1
325 1193 1
348 1196 1
373 1197 1
397 1195 1
420 1193 1
442 1186 1
463 1179 1
486 1168 1
510 1153 1
538 1133 1
571 1106 1
603 1075 1
639 1040 1
670 1007 1
699 975 1
723 944 1
746 913 1
768 881 1
792 846 1
815 810 1
839 771 1
860 731 1
880 697 1
897 663 1
915 628 1
930 592 1
945 558 1
957 528 1
966 503 1
973 484 1
975 474 1
978 464 1
979 457 1
979 451 1
977 447 1
975 444 1
972 441 1
967 438 1
960 436 1
949 434 1
931 434 1
910 434 1
887 435 1
861 438 1
837 442 1
809 449 1
785 455 1
762 464 1
740 473 1
720 484 1
698 498 1
674 515 1
647 534 1
620 557 1
594 579 1
567 601 1
544 621 1
521 641 1
503 660 1
484 678 1
466 696 1
449 715 1
432 735 1
419 752 1
405 772 1
391 792 1
377 813 1
363 835 1
350 858 1
337 882 1
327 903 1
317 924 1
308 947 1
300 968 1
293 987 1
289 1005 1
285 1023 1
282 1041 1
281 1053 1
281 1066 1
282 1077 1
285 1090 1
289 1101 1
293 1111 1
297 1121 1
303 1129 1
309 1136 1
318 1146 1
331 1155 1
348 1164 1
365 1170 1
389 1173 1
412 1174 1
435 1169 1
456 1163 1
479 1152 1
501 1139 1
525 1124 1
552 1101 1
580 1074 1
612 1043 1
644 1009 1
675 977 1
702 947 1
730 916 1
759 882 1
788 847 1
818 811 1
841 777 1
864 744 1
883 711 1
900 680 1
916 646 1
929 615 1
939 586 1
945 564 1
949 542 1
952 521 1
954 502 1
956 483 1
956 466 1
955 450 1
952 436 1
949 427 1
945 420 1
941 415 1
937 411 1
929 406 1
921 404 1
908 402 1
889 403 1
856 408 1
819 417 1
780 430 1
741 443 1
706 458 1
667 479 1
631 500 1
599 522 1
571 543 1
549 562 1
530 579 1
513 596 1
500 612 1
486 630 1
473 651 1
454 677 1
436 702 1
418 732 1
399 762 1
380 794 1
361 826 1
345 855 1
332 880 1
320 904 1
312 923 1
306 942 1
300 959 1
297 976 1
294 992 1
292 1010 1
290 1027 1
288 1044 1
289 1060 1
291 1076 1
292 1092 1
295 1107 1
298 1119 1
301 1130 1
304 1140 1
308 1150 1
313 1157 1
319 1165 1
328 1172 1
339 1179 1
351 1184 1
367 1189 1
385 1192 1
403 1193 1
420 1191 1
436 1188 1
451 1182 1
465 1177 1
478 1172 1
494 1162 1
511 1150 1
534 1134 1
560 1112 1
590 1084 1
621 1052 1
653 1017 1
685 979 1
716 942 1
740 909 1
762 874 1
783 840 1
800 805 1
817 772 1
834 739 1
850 702 1
869 665 1
887 629 1
904 594 1
917 562 1
928 538 1
936 515 1
942 499 1
946 486 1
947 476 1
947 471 1
945 466 1
942 461 1
937 457 1
932 453 1
921 450 1
908 446 1
892 444 1
874 443 1
855 443 1
831 446 1
804 452 1
773 459 1
742 471 1
709 485 1
679 502 1
651 519 1
625 539 1
601 558 1
578 579 1
555 602 1
533 626 1
510 650 1
490 677 1
471 701 1
452 727 1
434 755 1
418 783 1
403 809 1
388 834 1
375 857 1
363 878 1
351 900 1
342 920 1
334 937 1
327 953 1
321 964 1
315 977 1
312 987 1
309 1000 1
307 1012 1
305 1026 1
302 1039 1
301 1053 1
299 1067 1
300 1081 1
300 1095 1
301 1106 1
302 1117 1
304 1126 1
306 1134 1
309 1142 1
313 1151 1
317 1159 1
326 1167 1
338 1176 1
351 1184 1
366 1189 1
383 1192 1
402 1191 1
423 1187 1
447 1179 1
471 1168 1
496 1152 1
521 1133 1
547 1111 1
573 1087 1
601 1059 1
628 1031 1
659 996 1
687 962 1
716 926 1
743 890 1
773 851 1
804 807 1
832 767 1
857 727 1
879 692 1
896 657 1
914 621 1
931 588 1
948 556 1
963 529 1
977 500 1
986 479 1
995 459 1
999 444 1
1003 431 1
1003 423 1
1001 417 1
997 413 1
987 409 1
973 409 1
953 409 1
927 412 1
899 416 1
868 422 1
836 429 1
801 438 1
769 446 1
733 458 1
703 470 1
671 484 1
639 500 1
610 515 1
579 533 1
551 553 1
523 575 1
497 599 1
473 624 1
451 648 1
431 675 1
413 701 1
397 727 1
380 755 1
365 782 1
349 809 1
336 837 1
323 864 1
310 891 1
299 915 1
289 941 1
281 962 1
274 981 1
269 1001 1
264 1020 1
262 1038 1
260 1051 1
258 1065 1
259 1077 1
260 1088 1
261 1101 1
263 1111 1
266 1121 1
270 1132 1
274 1143 1
282 1155 1
290 1167 1
300 1179 1
313 1189 1
325 1196 1
340 1202 1
361 1204 1
383 1205 1
408 1199 1
432 1193 1
454 1183 1
476 1174 1
497 1164 1
518 1153 1
541 1139 1
564 1123 1
590 1102 1
616 1078 1
641 1052 1
664 1026 1
688 1000 1
708 973 1
730 945 1
749 917 1
768 887 1
787 861 1
806 829 1
827 798 1
846 767 1
867 734 1
886 703 1
904 671 1
921 642 1
935 615 1
948 588 1
957 565 1
966 544 1
973 524 1
977 508 1
980 493 1
981 480 1
982 470 1
982 462 1
979 455 1
976 450 1
972 446 1
966 443 1
957 440 1
947 438 1
932 436 1
914 437 1
889 438 1
864 443 1
835 449 1
806 457 1
776 467 1
743 481 1
710 496 1
680 513 1
650 531 1
623 551 1
594 573 1
567 598 1
542 624 1
518 651 1
494 680 1
472 706 1
450 733 1
433 758 1
417 781 1
402 802 1
390 822 1
376 841 1
361 862 1
347 885 1
333 907 1
322 931 1
311 954 1
303 973 1
297 989 1
293 1003 1
291 1016 1
288 1031 1
286 1045 1
284 1060 1
283 1072 1
284 1085 1
284 1095 1
285 1104 1
286 1110 1
289 1117 1
293 1123 1
298 1129 1
305 1136 1
313 1143 1
322 1152 1
334 1159 1
347 1166 1
362 1171 1
379 1176 1
397 1178 1
417 1177 1
439 1174 1
461 1167 1
485 1158 1
508 1149 1
530 1135 1
553 1120 1
578 1101 1
610 1074 1
643 1043 1
679 1006 1
716 963 1
750 919 1
781 876 1
809 838 1
831 805 1
851 772 1
869 741 1
884 709 1
899 677 1
911 644 1
921 615 1
930 589 1
936 566 1
942 544 1
948 522 1
952 502 1
956 483 1
957 466 1
958 452 1
956 441 1
953 433 1
951 428 1
945 422 1
939 418 1
931 413 1
922 410 1
909 408 1
888 409 1
862 412 1
826 421 1
789 433 1
746 448 1
703 470 1
660 492 1
620 516 1
584 540 1
550 566 1
523 588 1
498 611 1
478 633 1
457 658 1
439 685 1
421 715 1
403 746 1
385 780 1
368 813 1
351 844 1
334 875 1
320 903 1
307 930 1
298 952 1
291 972 1
285 992 1
279 1010 1
277 1028 1
274 1043 1
271 1059 1
271 1071 1
269 1082 1
270 1092 1
270 1101 1
272 1109 1
275 1118 1
279 1127 1
284 1137 1
291 1149 1
299 1160 1
309 1170 1
319 1180 1
331 1187 1
345 1193 1
359 1198 1
377 1201 1
393 1202 1
410 1202 1
428 1198 1
448 1194 1
465 1186 1
483 1178 1
499 1170 1
515 1160 1
532 1149 1
550 1134 1
572 1117 1
598 1094 1
626 1067 1
656 1038 1
685 1007 1
712 975 1
737 946 1
760 913 1
783 876 1
806 839 1
830 798 1
851 757 1
868 723 1
886 690 1
904 654 1
924 616 1
944 579 1
961 546 1
974 517 1
982 495 1
987 476 1
990 462 1
991 449 1
989 438 1
987 429 1
984 421 1
982 416 1
977 412 1
971 409 1
965 406 1
956 404 1
945 403 1
924 404 1
899 407 1
864 416 1
826 427 1
786 439 1
742 456 1
701 475 1
664 494 1
631 514 1
602 534 1
574 557 1
546 583 1
519 612 1
493 644 1
470 674 1
449 703 1
430 731 1
413 757 1
398 782 1
384 807 1
372 828 1
360 848 1
348 871 1
335 895 1
323 918 1
313 941 1
303 961 1
297 978 1
294 991 1
291 1003 1
289 1015 1
289 1026 1
287 1038 1
289 1048 1
290 1058 1
293 1067 1
296 1078 1
298 1088 1
304 1097 1
308 1107 1
313 1115 1
318 1123 1
323 1131 1
329 1140 1
336 1148 1
343 1155 1
350 1162 1
357 1168 1
365 1171 1
373 1174 1
382 1176 1
392 1178 1
403 1179 1
415 1178 1
428 1176 1
443 1174 1
461 1169 1
478 1164 1
495 1157 1
513 1148 1
531 1137 1
552 1121 1
576 1102 1
602 1076 1
631 1047 1
658 1017 1
686 984 1
714 951 1
742 916 1
767 878 1
793 839 1
813 801 1
834 766 1
850 736 1
869 701 1
886 667 1
904 632 1
919 601 1
933 574 1
947 549 1
959 527 1
971 505 1
981 487 1
987 472 1
993 461 1
994 451 1
995 445 1
995 439 1
991 436 1
985 433 1
978 431 1
966 430 1
950 428 1
929 430 1
906 432 1
881 437 1
854 441 1
829 446 1
804 451 1
781 458 1
761 465 1
740 472 1
721 481 1
701 489 1
682 498 1
663 508 1
642 520 1
621 535 1
600 552 1
579 568 1
559 587 1
542 603 1
527 618 1
515 630 1
501 643 1
488 656 1
472 672 1
453 692 1
434 713 1
416 737 1
399 759 1
382 783 1
369 805 1
357 826 1
345 848 1
333 875 1
323 900 1
314 924 1
307 947 1
300 969 1
296 987 1
291 1006 1
289 1024 1
286 1044 1
285 1061 1
285 1079 1
286 1095 1
287 1111 1
291 1126 1
293 1140 1
301 1153 1
308 1165 1
317 1174 1
325 1180 1
333 1185 1
344 1190 1
353 1193 1
367 1193 1
384 1190 1
406 1183 1
434 1173 1
464 1160 1
490 1148 1
514 1134 1
536 1120 1
556 1105 1
575 1090 1
594 1072 1
614 1052 1
635 1028 1
659 1000 1
683 968 1
709 933 1
733 899 1
757 867 1
777 834 1
799 800 1
820 766 1
841 731 1
859 696 1
874 663 1
889 632 1
902 605 1
914 579 1
924 555 1
932 534 1
938 515 1
942 499 1
944 487 1
945 476 1
944 468 1
942 460 1
939 454 1
934 448 1
926 442 1
913 438 1
899 435 1
880 435 1
857 437 1
832 439 1
804 446 1
776 455 1
748 464 1
722 478 1
696 491 1
672 505 1
649 521 1
625 538 1
601 556 1
577 573 1
554 592 1
532 610 1
511 628 1
490 650 1
469 673 1
448 696 1
428 718 1
410 739 1
394 760 1
379 780 1
367 799 1
354 820 1
343 842 1
330 866 1
319 888 1
312 908 1
304 927 1
299 945 1
294 963 1
291 981 1
289 997 1
287 1013 1
288 1027 1
288 1040 1
290 1051 1
291 1064 1
294 1077 1
296 1091 1
301 1103 1
305 1115 1
309 1124 1
315 1134 1
322 1143 1
328 1149 1
335 1156 1
344 1162 1
353 1166 1
364 1171 1
378 1172 1
396 1173 1
415 1170 1
439 1163 1
463 1155 1
485 1145 1
508 1132 1
529 1118 1
547 1105 1
565 1091 1
584 1074 1
604 1055 1
627 1035 1
649 1010 1
675 982 1
699 954 1
722 926 1
743 896 1
765 865 1
783 834 1
800 804 1
815 775 1
829 747 1
842 722 1
856 695 1
872 667 1
895 632 1
917 599 1
936 571 1
952 548 1
966 529 1
976 511 1
986 494 1
991 483 1
995 473 1
997 467 1
998 463 1
999 459 1
997 456 1
995 453 1
991 451 1
985 448 1
977 445 1
966 444 1
948 444 1
927 445 1
903 448 1
875 452 1
845 459 1
816 467 1
789 475 1
763 486 1
739 496 1
717 506 1
695 519 1
670 532 1
644 550 1
617 569 1
591 589 1
566 611 1
543 630 1
521 651 1
501 672 1
484 691 1
467 713 1
452 735 1
437 758 1
423 782 1
409 808 1
394 836 1
378 868 1
364 903 1
350 935 1
338 964 1
329 989 1
322 1010 1
319 1028 1
316 1044 1
315 1058 1
315 1070 1
316 1082 1
317 1095 1
320 1108 1
323 1118 1
327 1127 1
331 1134 1
335 1140 1
342 1148 1
350 1155 1
361 1162 1
373 1167 1
387 1172 1
402 1175 1
417 1176 1
438 1174 1
458 1169 1
481 1162 1
504 1151 1
527 1139 1
553 1123 1
575 1106 1
598 1087 1
620 1065 1
643 1038 1
668 1003 1
693 967 1
717 936 1
740 906 1
760 877 1
781 847 1
803 815 1
825 783 1
845 752 1
863 723 1
876 698 1
889 673 1
899 651 1
910 627 1
919 604 1
927 580 1
934 558 1
937 538 1
942 519 1
944 502 1
946 489 1
948 478 1
949 467 1
949 458 1
947 451 1
945 445 1
942 439 1
937 435 1
930 430 1
920 428 1
904 427 1
883 428 1
858 432 1
830 438 1
799 448 1
769 463 1
740 481 1
711 498 1
684 517 1
660 536 1
633 558 1
607 577 1
583 600 1
559 621 1
535 641 1
512 662 1
489 683 1
466 703 1
442 729 1
417 755 1
394 784 1
373 812 1
354 840 1
339 867 1
325 894 1
313 919 1
303 944 1
295 968 1
289 989 1
285 1010 1
282 1030 1
280 1049 1
278 1067 1
278 1085 1
276 1104 1
277 1120 1
277 1134 1
279 1148 1
282 1160 1
286 1171 1
290 1183 1
297 1193 1
305 1203 1
315 1212 1
328 1220 1
340 1225 1
359 1227 1
381 1225 1
410 1216 1
442 1201 1
475 1183 1
511 1159 1
547 1135 1
583 1108 1
615 1082 1
645 1057 1
673 1032 1
700 1005 1
725 980 1
748 954 1
774 921 1
801 885 1
827 848 1
851 815 1
875 777 1
895 745 1
914 714 1
930 683 1
941 659 1
949 636 1
956 615 1
962 595 1
966 577 1
970 558 1
974 541 1
975 523 1
977 509 1
977 495 1
976 485 1
974 476 1
972 468 1
968 460 1
964 453 1
957 447 1
950 441 1
940 437 1
928 434 1
911 434 1
890 435 1
866 438 1
839 445 1
809 456 1
780 468 1
750 485 1
721 503 1
692 521 1
666 540 1
639 558 1
617 576 1
596 594 1
577 610 1
559 629 1
540 648 1
522 668 1
502 688 1
484 708 1
468 724 1
454 740 1
444 754 1
433 768 1
424 781 1
416 792 1
409 803 1
401 815 1
394 826 1
387 837 1
381 849 1
374 863 1
367 876 1
360 893 1
354 906 1
349 921 1
343 935 1
338 952 1
334 967 1
330 981 1
326 997 1
323 1012 1
322 1026 1
320 1039 1
318 1050 1
319 1060 1
319 1069 1
320 1078 1
321 1088 1
324 1098 1
328 1107 1
331 1116 1
335 1123 1
340 1129 1
346 1136 1
355 1142 1
366 1148 1
381 1154 1
398 1156 1
418 1157 1
438 1152 1
464 1140 1
489 1125 1
512 1107 1
534 1090 1
556 1067 1
579 1043 1
603 1015 1
630 980 1
659 944 1
685 912 1
716 876 1
742 845 1
768 817 1
792 788 1
819 754 1
845 719 1
871 685 1
891 655 1
910 627 1
922 605 1
930 583 1
937 563 1
943 543 1
948 523 1
952 506 1
954 492 1
955 479 1
953 470 1
950 462 1
948 455 1
940 447 1
933 442 1
924 437 1
913 434 1
898 432 1
882 432 1
863 434 1
842 439 1
819 445 1
796 455 1
772 467 1
750 480 1
728 493 1
705 508 1
684 522 1
663 538 1
643 552 1
624 567 1
606 582 1
587 598 1
569 615 1
550 631 1
534 647 1
516 662 1
500 680 1
482 695 1
467 711 1
450 727 1
435 743 1
422 760 1
410 775 1
399 792 1
386 811 1
376 829 1
366 848 1
357 868 1
349 888 1
342 908 1
335 931 1
328 953 1
322 976 1
316 998 1
312 1019 1
307 1039 1
305 1056 1
303 1069 1
304 1081 1
304 1090 1
308 1099 1
313 1108 1
320 1116 1
329 1125 1
341 1133 1
356 1140 1
373 1146 1
392 1149 1
410 1150 1
427 1150 1
449 1146 1
470 1137 1
495 1126 1
520 1113 1
544 1100 1
570 1082 1
595 1062 1
622 1037 1
649 1009 1
679 978 1
706 943 1
735 907 1
765 866 1
796 823 1
828 774 1
856 726 1
879 686 1
894 657 1
904 635 1
912 615 1
918 598 1
923 582 1
927 564 1
929 547 1
930 531 1
929 513 1
927 495 1
925 481 1
919 468 1
913 458 1
906 450 1
898 444 1
886 439 1
873 437 1
856 435 1
837 437 1
815 441 1
790 449 1
763 460 1
736 473 1
707 488 1
680 504 1
657 518 1
634 532 1
614 546 1
596 559 1
579 571 1
563 584 1
547 597 1
532 611 1
520 625 1
502 641 1
488 658 1
474 674 1
460 691 1
446 710 1
433 729 1
419 750 1
408 768 1
395 786 1
384 806 1
371 828 1
359 852 1
345 877 1
334 898 1
325 918 1
316 935 1
311 954 1
306 968 1
302 983 1
298 999 1
295 1014 1
293 1031 1
291 1047 1
289 1064 1
290 1079 1
291 1094 1
294 1111 1
298 1123 1
303 1136 1
309 1147 1
317 1157 1
327 1168 1
339 1176 1
353 1183 1
370 1189 1
388 1192 1
408 1190 1
431 1183 1
454 1174 1
481 1161 1
506 1148 1
533 1130 1
558 1115 1
580 1101 1
598 1089 1
618 1073 1
636 1056 1
655 1038 1
674 1019 1
693 999 1
712 976 1
730 953 1
749 926 1
769 896 1
788 868 1
810 833 1
830 799 1
847 771 1
862 746 1
874 723 1
886 700 1
896 680 1
905 658 1
915 635 1
925 610 1
937 580 1
949 553 1
962 524 1
972 497 1
979 474 1
981 456 1
983 441 1
980 431 1
976 423 1
971 419 1
960 417 1
945 417 1
924 419 1
898 423 1
869 432 1
836 440 1
805 449 1
776 461 1
747 475 1
719 488 1
692 503 1
666 518 1
641 533 1
617 553 1
592 573 1
569 596 1
541 623 1
516 649 1
490 675 1
467 703 1
445 731 1
424 759 1
406 788 1
392 814 1
379 839 1
367 863 1
356 888 1
346 915 1
337 941 1
329 965 1
324 987 1
320 1008 1
318 1028 1
317 1047 1
318 1066 1
323 1084 1
328 1100 1
336 1113 1
343 1122 1
351 1130 1
359 1137 1
371 1141 1
385 1145 1
403 1147 1
423 1148 1
448 1146 1
475 1138 1
503 1127 1
526 1115 1
552 1102 1
578 1089 1
603 1074 1
627 1059 1
650 1043 1
671 1028 1
692 1011 1
712 994 1
733 975 1
751 954 1
769 934 1
786 911 1
800 891 1
814 870 1
826 848 1
838 824 1
846 798 1
855 776 1
861 755 1
868 734 1
875 711 1
883 686 1
892 659 1
900 635 1
908 612 1
916 590 1
925 567 1
932 545 1
938 525 1
942 510 1
943 498 1
944 488 1
942 481 1
939 474 1
937 467 1
929 462 1
919 455 1
905 451 1
888 448 1
870 447 1
849 448 1
829 450 1
810 454 1
790 459 1
772 468 1
748 479 1
723 493 1
699 507 1
675 524 1
651 542 1
628 560 1
605 580 1
585 598 1
563 616 1
544 636 1
528 653 1
512 671 1
497 689 1
481 708 1
466 726 1
452 746 1
439 766 1
425 786 1
411 806 1
398 824 1
387 841 1
377 857 1
370 872 1
363 886 1
357 901 1
353 914 1
349 928 1
347 942 1
345 956 1
343 970 1
344 983 1
344 995 1
346 1011 1
349 1025 1
353 1039 1
357 1050 1
362 1060 1
366 1068 1
371 1078 1
378 1086 1
389 1095 1
402 1104 1
417 1111 1
439 1114 1
461 1115 1
487 1110 1
513 1102 1
543 1092 1
572 1077 1
600 1058 1
626 1039 1
651 1017 1
674 995 1
698 969 1
723 940 1
748 908 1
773 875 1
796 842 1
818 809 1
840 774 1
859 740 1
879 702 1
899 666 1
915 632 1
928 601 1
936 574 1
942 550 1
948 528 1
952 508 1
955 491 1
955 478 1
954 468 1
949 460 1
943 455 1
935 451 1
925 450 1
903 451 1
882 453 1
853 464 1
823 478 1
790 495 1
759 514 1
730 533 1
701 554 1
671 574 1
644 595 1
620 614 1
597 632 1
576 651 1
555 671 1
533 691 1
514 713 1
493 734 1
474 756 1
457 776 1
439 797 1
424 821 1
407 846 1
392 870 1
375 899 1
362 925 1
350 951 1
340 975 1
331 1001 1
326 1024 1
321 1046 1
320 1064 1
320 1082 1
321 1099 1
326 1114 1
333 1128 1
341 1141 1
352 1153 1
367 1164 1
384 1174 1
404 1179 1
425 1179 1
448 1173 1
472 1164 1
498 1151 1
526 1134 1
555 1113 1
587 1087 1
625 1048 1
662 1006 1
698 962 1
731 920 1
757 884 1
780 856 1
801 830 1
823 803 1
844 773 1
863 743 1
883 715 1
901 681 1
917 650 1
928 621 1
938 593 1
946 568 1
952 542 1
957 518 1
958 500 1
959 484 1
957 471 1
954 458 1
948 447 1
941 439 1
933 432 1
922 427 1
906 426 1
888 426 1
863 432 1
834 440 1
803 453 1
770 470 1
738 488 1
707 507 1
673 530 1
641 552 1
611 575 1
583 597 1
558 619 1
536 640 1
513 663 1
490 689 1
468 715 1
444 745 1
421 776 1
397 807 1
379 835 1
362 863 1
346 893 1
334 921 1
324 948 1
317 973 1
311 995 1
305 1019 1
301 1041 1
298 1064 1
296 1085 1
296 1104 1
296 1118 1
298 1129 1
303 1141 1
311 1151 1
322 1162 1
336 1173 1
354 1181 1
372 1188 1
396 1191 1
423 1189 1
453 1180 1
484 1167 1
517 1149 1
550 1127 1
582 1105 1
611 1079 1
644 1050 1
678 1016 1
715 973 1
750 927 1
785 877 1
819 826 1
849 779 1
877 732 1
899 694 1
916 660 1
930 629 1
940 601 1
946 579 1
951 557 1
952 542 1
952 528 1
949 517 1
943 508 1
938 498 1
928 492 1
914 485 1
896 480 1
875 481 1
850 485 1
823 494 1
789 508 1
756 525 1
725 545 1
696 567 1
669 588 1
641 614 1
616 639 1
592 666 1
567 693 1
543 725 1
517 759 1
492 793 1
471 825 1
451 858 1
433 895 1
418 937 1
404 977 1
396 1017 1
391 1053 1
392 1053 0
