662 957 1
662 957 1
662 957 1
662 957 1
662 957 1
661 957 1
659 957 1
656 957 1
653 957 1
649 957 1
646 957 1
640 955 1
636 954 1
631 951 1
627 949 1
623 946 1
619 942 1
616 938 1
614 934 1
612 929 1
613 923 1
614 919 1
616 914 1
618 910 1
623 905 1
629 902 1
635 899 1
641 898 1
645 898 1
650 898 1
653 898 1
656 899 1
659 900 1
661 902 1
665 905 1
669 909 1
672 913 1
675 917 1
676 921 1
679 925 1
681 931 1
683 938 1
684 946 1
685 955 1
686 962 1
685 969 1
683 975 1
682 979 1
681 982 1
679 986 1
676 990 1
673 993 1
667 999 1
661 1003 1
655 1007 1
648 1010 1
640 1012 1
632 1015 1
623 1016 1
615 1016 1
605 1014 1
593 1012 1
582 1006 1
570 998 1
558 986 1
547 974 1
538 956 1
529 937 1
523 917 1
520 897 1
517 864 1
518 851 1
520 838 1
522 828 1
526 820 1
530 814 1
535 809 1
541 803 1
548 799 1
557 795 1
566 792 1
578 790 1
590 790 1
601 791 1
611 792 1
620 794 1
629 797 1
637 799 1
647 802 1
654 807 1
662 812 1
671 818 1
679 824 1
688 830 1
694 835 1
700 841 1
706 845 1
710 850 1
715 855 1
718 860 1
722 865 1
726 872 1
729 878 1
732 885 1
737 893 1
740 900 1
742 908 1
745 915 1
748 922 1
749 928 1
752 936 1
753 944 1
755 953 1
756 962 1
757 970 1
756 976 1
756 982 1
754 988 1
752 992 1
752 997 1
750 1003 1
748 1008 1
745 1015 1
742 1021 1
738 1027 1
735 1032 1
730 1038 1
725 1043 1
720 1047 1
713 1053 1
706 1056 1
699 1059 1
691 1063 1
684 1066 1
677 1068 1
669 1070 1
661 1073 1
651 1074 1
643 1076 1
635 1076 1
626 1076 1
618 1076 1
609 1073 1
598 1069 1
587 1064 1
575 1057 1
561 1048 1
549 1041 1
534 1030 1
520 1017 1
507 1004 1
493 989 1
483 975 1
472 961 1
463 947 1
455 932 1
448 917 1
443 904 1
440 891 1
437 878 1
435 866 1
435 853 1
436 842 1
438 831 1
441 819 1
446 808 1
451 795 1
456 782 1
463 772 1
469 764 1
474 757 1
480 751 1
484 744 1
490 739 1
496 733 1
501 728 1
507 723 1
512 718 1
519 714 1
525 711 1
532 708 1
540 705 1
547 703 1
557 701 1
565 699 1
574 699 1
584 699 1
592 699 1
600 700 1
607 701 1
613 701 1
620 703 1
626 704 1
631 705 1
635 707 1
640 708 1
645 711 1
652 713 1
658 716 1
666 720 1
675 724 1
684 729 1
692 734 1
700 741 1
710 748 1
718 755 1
725 762 1
732 769 1
740 775 1
747 782 1
754 789 1
762 797 1
771 806 1
777 815 1
785 824 1
790 831 1
796 839 1
801 846 1
805 852 1
809 857 1
813 863 1
816 868 1
819 875 1
822 881 1
825 888 1
827 896 1
828 903 1
831 909 1
831 917 1
833 924 1
833 931 1
834 939 1
834 948 1
833 956 1
833 963 1
832 970 1
831 976 1
829 982 1
827 989 1
824 997 1
822 1006 1
819 1014 1
817 1024 1
813 1032 1
810 1040 1
806 1047 1
803 1054 1
798 1060 1
793 1067 1
789 1073 1
784 1080 1
779 1087 1
773 1094 1
767 1102 1
761 1109 1
753 1115 1
745 1121 1
737 1127 1
729 1131 1
722 1136 1
715 1138 1
707 1141 1
700 1144 1
692 1146 1
684 1148 1
676 1149 1
667 1150 1
657 1151 1
647 1151 1
635 1149 1
623 1148 1
611 1144 1
599 1140 1
586 1133 1
573 1126 1
559 1117 1
547 1108 1
535 1098 1
524 1088 1
513 1077 1
502 1064 1
491 1053 1
481 1041 1
475 1034 1
468 1024 1
462 1016 1
455 1005 1
448 995 1
443 984 1
435 973 1
429 963 1
423 952 1
417 939 1
410 925 1
403 909 1
397 893 1
392 878 1
387 863 1
383 851 1
381 839 1
379 829 1
378 818 1
376 806 1
375 795 1
375 784 1
375 773 1
375 766 1
376 758 1
377 750 1
378 740 1
381 730 1
383 720 1
385 710 1
390 701 1
394 693 1
398 684 1
403 676 1
409 667 1
416 657 1
421 649 1
426 640 1
432 633 1
439 626 1
445 620 1
451 616 1
458 611 1
463 609 1
470 605 1
476 602 1
482 599 1
488 597 1
495 595 1
501 594 1
508 592 1
514 591 1
520 591 1
527 589 1
533 590 1
539 588 1
545 589 1
552 590 1
558 590 1
564 590 1
570 591 1
576 592 1
583 593 1
588 594 1
594 596 1
601 598 1
606 600 1
612 603 1
618 606 1
624 608 1
630 611 1
636 615 1
642 618 1
649 622 1
656 626 1
663 631 1
669 634 1
675 637 1
680 641 1
685 643 1
691 646 1
696 649 1
700 652 1
705 656 1
710 659 1
714 663 1
718 667 1
722 671 1
728 677 1
733 682 1
739 688 1
745 695 1
752 700 1
757 706 1
761 709 1
767 715 1
772 719 1
776 724 1
780 729 1
784 733 1
787 738 1
791 742 1
794 746 1
797 750 1
801 755 1
806 760 1
810 765 1
815 771 1
819 777 1
824 782 1
830 789 1
834 796 1
840 803 1
845 811 1
850 818 1
854 825 1
858 830 1
862 836 1
866 843 1
869 848 1
872 853 1
875 860 1
879 867 1
883 877 1
889 886 1
894 895 1
898 904 1
901 909 1
904 916 1
907 921 1
910 928 1
912 933 1
914 939 1
916 945 1
917 949 1
919 953 1
920 957 1
921 960 1
922 964 1
922 969 1
922 975 1
920 982 1
920 987 1
917 994 1
916 1001 1
914 1008 1
912 1015 1
910 1022 1
907 1029 1
904 1035 1
901 1042 1
897 1047 1
894 1053 1
890 1057 1
886 1063 1
881 1069 1
876 1074 1
871 1080 1
866 1085 1
858 1092 1
851 1099 1
843 1107 1
835 1114 1
825 1121 1
815 1127 1
806 1132 1
796 1138 1
787 1142 1
778 1146 1
771 1150 1
765 1154 1
759 1157 1
753 1161 1
746 1165 1
741 1168 1
733 1171 1
725 1174 1
717 1178 1
708 1182 1
699 1186 1
689 1189 1
679 1193 1
670 1196 1
661 1197 1
651 1200 1
642 1201 1
634 1202 1
627 1203 1
617 1203 1
607 1201 1
595 1199 1
583 1195 1
571 1191 1
559 1186 1
546 1180 1
534 1174 1
522 1168 1
510 1160 1
498 1152 1
484 1140 1
471 1127 1
459 1114 1
444 1097 1
429 1080 1
413 1059 1
399 1042 1
386 1023 1
375 1006 1
366 989 1
358 973 1
351 958 1
345 944 1
338 929 1
332 910 1
326 893 1
321 876 1
316 860 1
312 845 1
309 832 1
306 818 1
303 802 1
301 788 1
299 774 1
299 762 1
299 749 1
298 736 1
299 722 1
301 709 1
304 696 1
307 684 1
310 671 1
314 658 1
317 644 1
321 631 1
325 619 1
329 606 1
333 594 1
338 581 1
343 570 1
350 558 1
355 547 1
362 537 1
369 527 1
378 517 1
386 507 1
395 497 1
404 489 1
414 482 1
423 475 1
434 470 1
446 464 1
456 461 1
466 458 1
474 456 1
482 455 1
490 453 1
499 453 1
508 451 1
517 452 1
528 453 1
538 454 1
548 455 1
559 457 1
570 459 1
582 463 1
596 467 1
608 472 1
621 478 1
636 484 1
647 490 1
658 496 1
669 502 1
680 508 1
690 514 1
698 520 1
708 525 1
716 531 1
725 539 1
734 546 1
742 553 1
749 560 1
756 567 1
766 576 1
776 586 1
787 598 1
799 611 1
810 623 1
820 636 1
832 648 1
841 661 1
852 673 1
862 685 1
870 696 1
875 704 1
880 709 1
883 714 1
887 720 1
891 727 1
895 734 1
901 745 1
908 756 1
916 770 1
925 784 1
935 803 1
947 823 1
958 844 1
968 861 1
975 877 1
981 889 1
984 896 1
986 903 1
988 908 1
990 912 1
991 915 1
992 916 1
993 919 1
993 922 1
994 927 1
994 932 1
995 941 1
995 950 1
996 961 1
997 971 1
997 982 1
997 993 1
998 1003 1
998 1014 1
998 1020 1
998 1026 1
998 1031 1
998 1035 1
998 1038 1
997 1041 1
995 1046 1
993 1050 1
990 1056 1
988 1062 1
984 1069 1
979 1076 1
974 1084 1
970 1091 1
966 1100 1
962 1105 1
958 1111 1
953 1116 1
949 1122 1
944 1126 1
938 1133 1
931 1139 1
925 1144 1
918 1150 1
911 1155 1
905 1162 1
897 1169 1
889 1176 1
880 1183 1
871 1191 1
860 1197 1
849 1203 1
838 1209 1
827 1215 1
818 1220 1
808 1226 1
796 1231 1
784 1238 1
768 1245 1
753 1252 1
739 1258 1
726 1263 1
712 1267 1
698 1270 1
685 1273 1
669 1276 1
654 1279 1
638 1282 1
625 1282 1
611 1283 1
599 1284 1
586 1284 1
572 1282 1
560 1281 1
548 1278 1
535 1274 1
517 1268 1
500 1259 1
480 1250 1
460 1241 1
439 1230 1
417 1212 1
393 1195 1
372 1175 1
351 1153 1
332 1131 1
315 1109 1
300 1085 1
284 1062 1
269 1037 1
257 1013 1
245 989 1
234 965 1
226 943 1
219 922 1
214 901 1
209 881 1
204 860 1
201 838 1
198 814 1
196 788 1
196 765 1
194 741 1
195 716 1
197 694 1
198 672 1
201 650 1
204 629 1
208 608 1
213 585 1
220 563 1
229 542 1
237 519 1
247 499 1
260 478 1
273 456 1
286 438 1
299 420 1
313 401 1
327 385 1
342 368 1
358 355 1
375 343 1
391 331 1
409 322 1
424 314 1
437 307 1
451 301 1
465 298 1
481 293 1
495 291 1
512 290 1
527 288 1
542 289 1
557 289 1
571 290 1
584 291 1
595 294 1
608 296 1
618 299 1
628 303 1
639 309 1
651 316 1
664 323 1
675 331 1
688 339 1
698 347 1
708 355 1
717 363 1
726 371 1
735 380 1
743 389 1
753 399 1
761 407 1
769 417 1
777 426 1
787 436 1
797 448 1
807 460 1
816 472 1
825 483 1
832 491 1
838 500 1
844 507 1
849 515 1
855 523 1
860 531 1
867 541 1
871 549 1
876 556 1
881 563 1
886 570 1
890 576 1
895 585 1
901 594 1
907 603 1
911 610 1
915 617 1
918 622 1
922 628 1
926 635 1
930 640 1
934 649 1
939 659 1
947 672 1
953 684 1
960 696 1
965 707 1
970 718 1
976 730 1
981 741 1
986 752 1
989 762 1
993 770 1
996 777 1
998 785 1
1000 793 1
1003 801 1
1005 811 1
1007 819 1
1008 828 1
1010 835 1
1012 842 1
1014 850 1
1015 858 1
1016 871 1
1019 883 1
1020 895 1
1022 908 1
1023 919 1
1024 934 1
1027 950 1
1028 963 1
1030 976 1
1030 988 1
1031 998 1
1031 1009 1
1031 1020 1
1031 1029 1
1030 1038 1
1028 1044 1
1029 1049 1
1028 1054 1
1026 1060 1
1026 1065 1
1024 1071 1
1025 1078 1
1023 1086 1
1021 1094 1
1020 1100 1
1018 1107 1
1019 1114 1
1017 1118 1
1017 1122 1
1016 1126 1
1014 1131 1
1013 1135 1
1012 1142 1
1010 1149 1
1008 1157 1
1005 1166 1
1003 1174 1
1000 1182 1
997 1189 1
994 1195 1
990 1202 1
988 1207 1
983 1214 1
978 1222 1
973 1230 1
966 1238 1
961 1246 1
955 1253 1
949 1260 1
944 1265 1
938 1271 1
933 1275 1
927 1280 1
920 1285 1
913 1291 1
904 1297 1
896 1302 1
887 1309 1
878 1316 1
867 1322 1
855 1329 1
841 1334 1
831 1340 1
820 1344 1
813 1347 1
804 1349 1
795 1352 1
788 1354 1
780 1357 1
770 1358 1
761 1360 1
751 1362 1
740 1363 1
731 1365 1
720 1366 1
707 1366 1
695 1368 1
684 1368 1
674 1369 1
661 1369 1
648 1369 1
633 1369 1
618 1368 1
602 1368 1
587 1366 1
573 1366 1
558 1364 1
544 1363 1
530 1361 1
516 1360 1
501 1357 1
489 1353 1
474 1349 1
459 1343 1
443 1337 1
427 1329 1
411 1321 1
393 1313 1
375 1304 1
356 1294 1
338 1280 1
319 1266 1
302 1254 1
282 1238 1
263 1223 1
244 1207 1
226 1189 1
208 1173 1
194 1155 1
180 1139 1
169 1122 1
158 1106 1
150 1089 1
142 1069 1
134 1050 1
123 1032 1
113 1016 1
105 1002 1
98 993 1
96 988 1
98 992 0
