90 1208 1
90 1208 1
90 1208 1
90 1208 1
90 1208 1
90 1208 1
90 1208 1
90 1208 1
90 1208 1
90 1208 1
90 1208 1
90 1205 1
94 1201 1
102 1191 1
113 1179 1
128 1162 1
144 1143 1
160 1125 1
175 1108 1
188 1091 1
201 1073 1
219 1046 1
231 1031 1
243 1014 1
256 996 1
269 978 1
281 956 1
292 935 1
302 913 1
312 892 1
320 868 1
328 846 1
335 823 1
341 800 1
345 781 1
348 762 1
350 749 1
351 738 1
351 730 1
351 723 1
351 717 1
350 714 1
350 710 1
348 709 1
349 709 1
349 707 1
347 708 1
344 708 1
331 710 1
311 716 1
291 726 1
271 737 1
249 752 1
229 764 1
214 774 1
202 783 1
190 791 1
180 798 1
170 808 1
160 818 1
151 827 1
144 837 1
138 844 1
134 851 1
130 856 1
127 862 1
126 866 1
127 873 1
128 881 1
131 892 1
137 903 1
145 914 1
160 924 1
176 932 1
199 938 1
225 944 1
255 948 1
288 951 1
321 954 1
354 957 1
385 960 1
413 962 1
435 966 1
455 970 1
470 974 1
483 977 1
493 982 1
500 984 1
505 987 1
509 988 1
510 990 1
512 991 1
513 992 1
515 994 1
515 996 1
514 998 1
512 1003 1
506 1010 1
500 1020 1
490 1032 1
475 1043 1
461 1054 1
441 1064 1
422 1074 1
400 1083 1
376 1093 1
351 1103 1
326 1113 1
301 1122 1
276 1130 1
243 1138 1
207 1147 1
168 1158 1
129 1169 1
98 1180 1
78 1188 1
89 1184 0
633 1129 1
633 1129 1
633 1129 1
633 1129 1
633 1129 1
633 1129 1
633 1129 1
633 1129 1
633 1129 1
632 1128 1
632 1126 1
632 1120 1
633 1109 1
637 1091 1
643 1068 1
650 1038 1
659 1007 1
669 970 1
678 937 1
693 874 1
700 839 1
707 803 1
714 766 1
723 726 1
730 685 1
738 646 1
746 609 1
752 574 1
756 547 1
756 527 1
754 510 1
753 504 1
751 498 1
750 496 1
746 495 1
737 493 1
726 496 1
712 502 1
693 513 1
665 533 1
638 555 1
613 579 1
589 603 1
567 626 1
549 650 1
532 674 1
518 695 1
506 714 1
496 731 1
491 744 1
487 753 1
486 760 1
484 764 1
484 769 1
483 772 1
485 779 1
499 785 1
521 791 1
553 796 1
590 798 1
626 799 1
661 797 1
694 796 1
728 794 1
756 793 1
784 793 1
805 791 1
819 792 1
830 792 1
840 792 1
849 793 1
861 793 1
870 794 1
878 797 1
886 801 1
892 806 1
898 812 1
902 818 1
906 826 1
909 838 1
911 853 1
911 874 1
903 898 1
892 926 1
872 957 1
846 989 1
817 1020 1
788 1044 1
767 1061 1
753 1069 1
742 1076 1
734 1081 1
726 1086 1
721 1090 1
715 1093 1
711 1096 1
707 1098 1
704 1100 1
700 1102 1
696 1105 1
692 1108 1
688 1110 1
685 1112 1
682 1115 1
680 1116 1
678 1117 1
679 1118 1
679 1118 0
909 679 1
910 671 1
913 654 1
918 631 1
922 602 1
926 569 1
928 538 1
929 512 1
929 468 1
927 439 1
926 416 1
923 397 1
918 382 1
914 376 1
910 371 1
906 367 1
903 365 1
898 363 1
895 364 1
888 365 1
881 367 1
869 383 1
853 403 1
838 427 1
825 451 1
816 469 1
813 481 1
810 489 1
810 496 1
810 503 1
812 515 1
823 523 1
841 530 1
865 534 1
898 534 1
928 532 1
952 532 1
969 530 1
978 531 1
985 531 1
991 532 1
996 533 1
1000 536 1
1004 540 1
1006 545 1
1009 550 1
1010 556 1
1009 571 1
1003 589 1
991 611 1
978 629 1
969 642 1
963 649 1
960 655 1
957 657 1
956 659 1
957 658 0
