1027 287 1
1026 286 1
1026 286 1
1026 286 1
1026 286 1
1026 286 1
1026 286 1
1026 286 1
1026 286 1
1026 286 1
1026 286 1
1026 286 1
1024 287 1
1025 290 1
1023 297 1
1020 310 1
1019 331 1
1016 354 1
1015 380 1
1016 411 1
1016 439 1
1016 477 1
1016 504 1
1017 525 1
1017 545 1
1017 566 1
1017 586 1
1017 604 1
1017 621 1
1016 639 1
1016 656 1
1012 674 1
1008 691 1
1006 703 1
1001 714 1
997 724 1
991 733 1
985 743 1
978 750 1
969 755 1
962 760 1
954 763 1
946 765 1
938 766 1
930 765 1
922 765 1
912 762 1
903 758 1
893 753 1
886 747 1
879 741 1
873 735 1
867 727 1
863 717 1
860 709 1
857 702 1
857 696 1
857 690 1
857 686 1
857 683 1
857 679 1
858 676 1
860 674 1
862 672 1
866 671 1
869 671 1
875 671 1
883 674 1
891 682 1
905 700 1
920 724 1
936 756 1
947 788 1
956 827 1
960 862 1
961 897 1
959 926 1
957 948 1
955 966 1
954 973 1
952 981 1
953 984 1
952 987 1
952 990 1
951 991 1
951 992 1
951 992 1
951 992 1
951 992 0
644 427 1
644 427 1
644 427 1
644 429 1
644 433 1
647 443 1
653 456 1
659 475 1
669 499 1
679 523 1
689 548 1
700 570 1
714 597 1
725 618 1
733 633 1
741 646 1
747 658 1
753 667 1
755 676 1
758 683 1
761 690 1
763 696 1
764 703 1
765 709 1
765 719 1
764 735 1
762 747 1
761 755 1
758 762 1
752 769 1
748 774 1
742 780 1
737 782 1
727 786 1
714 788 1
699 787 1
685 784 1
673 780 1
664 774 1
658 770 1
653 766 1
649 761 1
647 757 1
646 755 1
646 752 1
646 750 1
646 749 1
646 749 1
646 748 1
648 748 1
654 750 1
664 758 1
677 772 1
690 795 1
704 822 1
717 858 1
727 897 1
733 937 1
735 969 1
735 993 1
735 1009 1
735 1015 1
733 1019 1
734 1023 1
734 1025 1
734 1028 1
734 1028 1
734 1028 1
734 1028 1
734 1028 1
734 1028 0
379 617 1
379 618 1
383 624 1
394 636 1
407 652 1
424 671 1
443 692 1
463 712 1
480 730 1
507 756 1
523 773 1
534 785 1
545 795 1
552 804 1
558 811 1
563 818 1
567 826 1
571 836 1
574 844 1
575 853 1
577 872 1
575 886 1
571 901 1
563 916 1
551 928 1
542 935 1
536 940 1
531 943 1
526 946 1
521 946 1
518 947 1
515 947 1
512 947 1
511 947 1
510 946 1
508 946 1
508 945 1
508 944 1
508 944 1
508 943 1
508 941 1
508 941 1
508 941 1
508 941 1
508 941 1
510 942 1
516 943 1
528 951 1
541 964 1
553 981 1
562 1002 1
570 1030 1
573 1059 1
574 1084 1
574 1101 1
572 1112 1
573 1120 1
573 1124 1
573 1127 1
572 1130 1
572 1132 1
572 1133 1
572 1133 1
572 1133 1
572 1133 0
204 761 1
204 761 1
204 761 1
209 769 1
221 780 1
236 796 1
256 814 1
278 834 1
300 853 1
321 872 1
350 901 1
365 919 1
377 937 1
386 958 1
391 981 1
390 1010 1
388 1044 1
365 1087 1
342 1124 1
326 1144 1
314 1155 1
303 1164 1
296 1167 1
289 1170 1
284 1170 1
277 1170 1
270 1167 1
261 1163 1
251 1158 1
240 1148 1
230 1138 1
224 1129 1
220 1115 1
220 1102 1
222 1087 1
226 1073 1
230 1063 1
236 1056 1
243 1051 1
250 1047 1
257 1048 1
265 1050 1
275 1057 1
287 1071 1
305 1095 1
326 1138 1
349 1195 1
363 1265 1
372 1337 1
374 1402 1
372 1448 1
369 1479 1
367 1494 1
365 1504 1
366 1508 1
365 1508 1
365 1510 1
365 1510 1
365 1510 1
365 1510 0
