113 1365 1
113 1365 1
113 1365 1
113 1365 1
113 1365 1
113 1365 1
113 1363 1
114 1359 1
117 1352 1
121 1342 1
129 1324 1
136 1304 1
143 1281 1
150 1257 1
154 1233 1
158 1210 1
162 1175 1
164 1161 1
166 1143 1
167 1128 1
167 1117 1
167 1108 1
166 1100 1
166 1092 1
164 1085 1
164 1081 1
162 1078 1
162 1076 1
162 1075 1
160 1073 1
160 1073 1
160 1072 1
158 1073 1
158 1074 1
156 1074 1
154 1076 1
148 1083 1
141 1092 1
136 1101 1
132 1108 1
128 1116 1
126 1124 1
125 1134 1
125 1146 1
125 1159 1
125 1170 1
127 1180 1
128 1189 1
130 1197 1
133 1206 1
138 1214 1
142 1222 1
147 1230 1
151 1237 1
156 1245 1
159 1250 1
162 1254 1
164 1258 1
166 1260 1
168 1263 1
169 1265 1
170 1267 1
171 1268 1
171 1268 1
172 1269 1
173 1270 1
175 1271 1
178 1271 1
185 1271 1
193 1271 1
202 1268 1
212 1265 1
221 1260 1
231 1253 1
240 1246 1
247 1237 1
254 1226 1
261 1212 1
266 1196 1
271 1181 1
272 1165 1
274 1147 1
274 1129 1
272 1114 1
269 1100 1
267 1087 1
263 1077 1
259 1069 1
257 1064 1
255 1060 1
254 1056 1
253 1056 1
253 1054 1
253 1054 1
253 1054 1
253 1054 1
253 1054 1
253 1054 1
252 1055 1
251 1057 1
249 1062 1
249 1067 1
249 1074 1
248 1085 1
248 1096 1
248 1106 1
248 1116 1
249 1124 1
249 1133 1
250 1142 1
252 1151 1
255 1161 1
257 1170 1
261 1179 1
263 1186 1
266 1192 1
269 1198 1
271 1203 1
274 1207 1
275 1210 1
277 1213 1
278 1216 1
280 1218 1
281 1220 1
282 1221 1
284 1223 1
285 1224 1
286 1225 1
287 1225 1
289 1226 1
293 1226 1
298 1226 1
304 1224 1
311 1222 1
317 1219 1
324 1217 1
330 1211 1
337 1205 1
342 1198 1
348 1191 1
352 1184 1
357 1175 1
361 1161 1
365 1145 1
366 1130 1
368 1111 1
368 1093 1
366 1075 1
363 1060 1
361 1048 1
358 1038 1
356 1032 1
354 1029 1
353 1025 1
353 1025 1
353 1023 1
353 1023 1
353 1023 1
353 1023 1
353 1023 1
353 1023 1
353 1023 1
351 1024 1
349 1026 1
346 1029 1
343 1034 1
341 1040 1
338 1047 1
335 1054 1
333 1061 1
331 1068 1
332 1075 1
331 1084 1
331 1092 1
331 1100 1
332 1108 1
335 1115 1
336 1123 1
341 1130 1
343 1138 1
347 1145 1
350 1154 1
353 1160 1
358 1167 1
360 1173 1
363 1177 1
366 1181 1
367 1183 1
369 1186 1
370 1189 1
373 1191 1
374 1193 1
376 1194 1
378 1196 1
379 1197 1
380 1198 1
380 1198 1
380 1199 1
381 1199 1
381 1199 1
384 1200 1
388 1198 1
393 1196 1
400 1190 1
408 1185 1
417 1178 1
425 1170 1
433 1160 1
441 1147 1
446 1135 1
451 1123 1
453 1112 1
454 1100 1
453 1086 1
451 1072 1
448 1058 1
446 1047 1
442 1037 1
438 1028 1
434 1021 1
430 1015 1
428 1010 1
425 1007 1
423 1005 1
422 1003 1
422 1002 1
420 1002 1
421 1001 1
421 1001 1
421 1001 1
421 1001 1
421 1001 1
421 1001 1
420 1003 1
420 1004 1
419 1009 1
419 1016 1
421 1026 1
423 1036 1
425 1047 1
429 1057 1
433 1069 1
437 1080 1
441 1091 1
445 1100 1
448 1108 1
451 1115 1
454 1120 1
455 1123 1
458 1127 1
459 1130 1
461 1133 1
464 1136 1
464 1138 1
466 1141 1
468 1144 1
470 1147 1
471 1150 1
473 1152 1
475 1155 1
477 1157 1
479 1160 1
480 1161 1
482 1164 1
483 1165 1
484 1166 1
486 1167 1
488 1168 1
491 1168 1
493 1168 1
498 1166 1
503 1163 1
511 1158 1
519 1150 1
528 1140 1
535 1127 1
541 1114 1
547 1099 1
549 1082 1
551 1064 1
550 1048 1
547 1032 1
543 1015 1
538 1000 1
531 986 1
526 977 1
521 969 1
516 962 1
512 959 1
509 956 1
506 954 1
504 952 1
503 953 1
503 952 1
503 952 1
503 952 1
501 953 1
498 956 1
496 961 1
494 967 1
492 973 1
491 980 1
491 989 1
491 997 1
492 1007 1
493 1018 1
494 1028 1
497 1037 1
500 1045 1
503 1052 1
507 1059 1
511 1066 1
515 1073 1
519 1080 1
524 1087 1
528 1094 1
533 1099 1
537 1105 1
543 1111 1
547 1116 1
553 1120 1
557 1126 1
563 1130 1
567 1134 1
573 1137 1
577 1140 1
580 1142 1
584 1144 1
586 1145 1
588 1146 1
590 1147 1
592 1147 1
595 1147 1
597 1145 1
602 1142 1
606 1138 1
613 1130 1
618 1121 1
624 1111 1
628 1100 1
632 1086 1
635 1071 1
635 1054 1
636 1038 1
636 1021 1
636 1003 1
634 988 1
633 974 1
630 961 1
627 949 1
623 937 1
618 926 1
613 919 1
609 911 1
604 908 1
601 905 1
598 902 1
596 901 1
594 899 1
594 899 1
594 899 1
594 899 1
593 900 1
591 902 1
590 905 1
588 909 1
586 914 1
585 920 1
583 927 1
584 937 1
584 948 1
585 959 1
587 970 1
591 979 1
594 988 1
599 997 1
601 1005 1
607 1014 1
611 1023 1
617 1032 1
623 1040 1
627 1047 1
633 1052 1
639 1058 1
643 1063 1
649 1067 1
654 1071 1
659 1076 1
665 1081 1
670 1085 1
676 1089 1
682 1092 1
685 1095 1
690 1097 1
692 1098 1
695 1100 1
696 1100 1
698 1101 1
701 1099 1
705 1099 1
708 1096 1
712 1094 1
718 1084 1
724 1070 1
731 1053 1
737 1034 1
743 1015 1
745 997 1
747 980 1
747 965 1
747 952 1
744 939 1
740 928 1
736 917 1
731 907 1
727 900 1
723 894 1
720 890 1
717 887 1
715 885 1
713 884 1
711 882 1
709 882 1
709 882 1
707 880 1
707 880 1
707 881 1
705 881 1
704 882 1
701 884 1
699 889 1
696 895 1
695 902 1
693 912 1
693 924 1
693 935 1
694 947 1
697 959 1
700 967 1
702 974 1
705 981 1
706 985 1
709 991 1
712 995 1
715 999 1
717 1003 1
721 1007 1
724 1011 1
729 1016 1
734 1021 1
739 1026 1
745 1031 1
750 1035 1
757 1039 1
764 1044 1
769 1048 1
777 1050 1
782 1053 1
789 1055 1
794 1056 1
799 1058 1
802 1058 1
805 1056 1
809 1053 1
814 1047 1
819 1040 1
824 1027 1
829 1012 1
833 996 1
834 980 1
836 962 1
835 944 1
833 926 1
830 907 1
828 890 1
823 875 1
819 861 1
815 850 1
813 843 1
810 837 1
807 832 1
805 830 1
803 827 1
801 826 1
800 825 1
798 823 1
798 823 1
796 823 1
796 823 1
796 823 1
796 823 1
794 824 1
791 827 1
790 831 1
787 837 1
785 844 1
783 854 1
781 865 1
782 878 1
782 889 1
784 899 1
785 906 1
788 915 1
790 922 1
796 931 1
801 940 1
809 951 1
817 962 1
826 971 1
839 980 1
853 990 1
868 998 1
884 1005 1
902 1014 1
919 1022 1
936 1028 1
950 1034 1
963 1037 1
974 1040 1
984 1042 1
993 1044 1
1001 1044 1
1005 1044 1
1003 1044 0
