574 491 1
574 489 1
574 489 1
574 489 1
574 489 1
572 490 1
570 492 1
567 495 1
562 500 1
557 506 1
553 514 1
547 521 1
541 530 1
535 538 1
527 548 1
521 556 1
513 564 1
506 575 1
496 587 1
487 600 1
478 611 1
471 622 1
465 632 1
457 645 1
449 661 1
443 674 1
438 685 1
432 698 1
429 708 1
422 726 1
416 744 1
412 757 1
409 769 1
404 779 1
401 789 1
396 799 1
390 810 1
384 821 1
378 831 1
373 841 1
367 850 1
361 859 1
354 868 1
350 878 1
345 888 1
339 900 1
334 913 1
327 926 1
321 938 1
315 951 1
310 964 1
304 975 1
299 987 1
294 1000 1
286 1021 1
281 1035 1
277 1046 1
274 1058 1
271 1072 1
266 1086 1
262 1099 1
258 1111 1
255 1120 1
252 1130 1
249 1138 1
247 1148 1
245 1157 1
243 1165 1
241 1175 1
239 1185 1
237 1204 1
235 1219 1
235 1237 1
235 1252 1
235 1265 1
235 1276 1
236 1290 1
236 1303 1
237 1316 1
238 1325 1
239 1333 1
239 1339 1
240 1344 1
241 1347 1
242 1351 1
243 1354 1
243 1356 1
244 1358 1
244 1359 1
246 1362 1
248 1366 1
253 1372 1
261 1379 1
268 1385 1
276 1391 1
285 1397 1
293 1402 1
300 1407 1
306 1412 1
312 1414 1
320 1418 1
326 1420 1
333 1421 1
339 1423 1
345 1424 1
349 1425 1
355 1426 1
361 1427 1
368 1427 1
373 1427 1
379 1425 1
388 1424 1
397 1421 1
408 1417 1
419 1412 1
429 1408 1
439 1403 1
446 1398 1
454 1394 1
462 1390 1
468 1386 1
473 1383 1
477 1381 1
482 1379 1
485 1376 1
488 1374 1
492 1371 1
496 1368 1
502 1364 1
506 1359 1
511 1353 1
516 1345 1
521 1337 1
529 1328 1
537 1318 1
548 1306 1
560 1291 1
572 1275 1
584 1261 1
596 1246 1
612 1230 1
628 1212 1
642 1196 1
654 1183 1
665 1169 1
676 1152 1
689 1136 1
702 1120 1
714 1106 1
725 1092 1
735 1078 1
746 1063 1
754 1051 1
761 1040 1
767 1030 1
775 1021 1
782 1009 1
788 1000 1
793 992 1
797 984 1
801 976 1
804 970 1
806 964 1
809 957 1
811 951 1
814 942 1
816 935 1
819 926 1
821 917 1
824 906 1
826 894 1
829 880 1
833 864 1
834 850 1
836 835 1
837 818 1
839 798 1
839 780 1
839 760 1
837 740 1
832 717 1
827 691 1
820 664 1
814 639 1
808 620 1
802 604 1
796 590 1
791 578 1
787 567 1
784 559 1
782 552 1
781 545 1
779 539 1
779 533 1
777 527 1
777 520 1
775 511 1
773 499 1
771 485 1
769 468 1
765 449 1
762 426 1
757 406 1
752 385 1
749 369 1
746 354 1
743 342 1
742 332 1
740 323 1
739 317 1
737 311 1
736 306 1
734 301 1
731 297 1
729 294 1
726 291 1
723 289 1
720 287 1
717 287 1
714 287 1
710 287 1
706 287 1
702 289 1
698 291 1
693 295 1
686 303 1
676 314 1
665 329 1
654 344 1
641 364 1
628 386 1
615 408 1
603 431 1
594 453 1
585 471 1
577 488 1
570 504 1
563 522 1
557 540 1
552 554 1
546 570 1
539 584 1
532 599 1
524 613 1
518 627 1
511 636 1
507 645 1
502 652 1
498 661 1
492 670 1
488 682 1
485 693 1
481 704 1
476 718 1
470 733 1
465 749 1
458 766 1
452 783 1
446 798 1
440 813 1
434 826 1
427 839 1
421 852 1
415 865 1
407 881 1
398 898 1
387 917 1
378 936 1
368 953 1
359 966 1
352 979 1
344 987 1
337 995 1
331 1000 1
324 1006 1
316 1012 1
307 1020 1
297 1028 1
288 1036 1
279 1044 1
270 1052 1
262 1061 1
252 1071 1
243 1083 1
233 1099 1
225 1114 1
217 1129 1
211 1144 1
205 1160 1
198 1175 1
192 1189 1
188 1202 1
185 1216 1
179 1229 1
175 1243 1
170 1257 1
166 1270 1
163 1281 1
160 1290 1
155 1299 1
152 1309 1
150 1316 1
147 1323 1
146 1329 1
146 1335 1
145 1341 1
147 1349 1
150 1358 1
157 1370 1
166 1381 1
175 1392 1
186 1401 1
198 1408 1
210 1415 1
224 1419 1
238 1422 1
251 1426 1
261 1427 1
270 1430 1
279 1431 1
288 1433 1
298 1435 1
308 1438 1
318 1440 1
328 1442 1
336 1445 1
345 1447 1
354 1449 1
362 1450 1
372 1451 1
384 1451 1
396 1451 1
408 1450 1
419 1447 1
432 1444 1
446 1441 1
461 1437 1
477 1429 1
493 1419 1
509 1406 1
526 1392 1
542 1377 1
560 1360 1
579 1341 1
594 1327 1
607 1313 1
617 1302 1
626 1291 1
632 1280 1
639 1270 1
644 1259 1
652 1246 1
660 1231 1
669 1214 1
675 1197 1
681 1179 1
686 1161 1
692 1142 1
695 1127 1
698 1112 1
701 1096 1
705 1082 1
709 1068 1
712 1055 1
715 1045 1
719 1034 1
722 1024 1
725 1013 1
728 1002 1
731 990 1
735 977 1
739 963 1
745 949 1
750 932 1
756 917 1
761 902 1
765 889 1
769 875 1
773 860 1
777 846 1
780 832 1
783 818 1
787 804 1
791 790 1
796 776 1
800 763 1
806 751 1
811 740 1
816 729 1
822 716 1
828 704 1
837 690 1
847 674 1
858 658 1
867 641 1
876 627 1
883 613 1
888 602 1
892 591 1
897 580 1
899 571 1
901 561 1
903 552 1
905 541 1
907 525 1
908 504 1
911 481 1
915 452 1
917 423 1
918 402 1
917 389 1
917 381 1
915 373 1
913 362 1
908 350 1
904 338 1
900 326 1
895 318 1
889 310 1
882 302 1
874 293 1
866 287 1
858 281 1
852 277 1
846 274 1
840 272 1
833 272 1
827 270 1
821 272 1
815 273 1
806 275 1
795 280 1
782 286 1
770 295 1
757 306 1
743 320 1
727 337 1
711 356 1
696 378 1
682 401 1
668 423 1
654 446 1
638 467 1
626 486 1
615 501 1
606 518 1
596 534 1
587 550 1
580 564 1
573 577 1
566 592 1
561 607 1
555 621 1
549 636 1
540 651 1
530 666 1
520 682 1
509 696 1
500 707 1
490 719 1
482 730 1
474 742 1
466 754 1
458 766 1
450 777 1
440 788 1
432 799 1
423 811 1
415 823 1
408 833 1
398 846 1
389 859 1
378 875 1
368 891 1
359 904 1
351 916 1
342 934 1
334 951 1
326 971 1
318 993 1
310 1016 1
302 1039 1
294 1065 1
286 1092 1
278 1116 1
273 1133 1
265 1151 1
257 1166 1
248 1179 1
240 1190 1
230 1200 1
222 1209 1
215 1219 1
209 1230 1
202 1244 1
196 1257 1
192 1271 1
189 1287 1
186 1305 1
184 1322 1
184 1339 1
185 1357 1
186 1374 1
189 1388 1
191 1401 1
194 1411 1
199 1420 1
205 1428 1
216 1437 1
229 1444 1
245 1452 1
261 1457 1
279 1460 1
296 1461 1
317 1461 1
337 1459 1
359 1456 1
384 1451 1
407 1447 1
429 1442 1
450 1435 1
472 1428 1
493 1416 1
514 1404 1
532 1390 1
551 1376 1
571 1359 1
588 1344 1
603 1329 1
613 1319 1
623 1308 1
631 1296 1
641 1282 1
650 1267 1
659 1252 1
669 1238 1
680 1222 1
693 1204 1
706 1187 1
720 1168 1
734 1148 1
748 1128 1
762 1108 1
775 1087 1
786 1068 1
795 1048 1
802 1028 1
806 1006 1
809 981 1
811 954 1
811 931 1
812 912 1
811 897 1
811 884 1
811 874 1
811 865 1
812 858 1
816 850 1
821 839 1
828 827 1
835 813 1
844 797 1
853 780 1
862 767 1
871 755 1
878 741 1
885 726 1
891 710 1
897 697 1
902 683 1
905 667 1
908 652 1
910 636 1
912 624 1
914 611 1
915 600 1
915 589 1
916 580 1
916 572 1
916 566 1
916 561 1
916 557 1
916 553 1
917 546 1
917 530 1
915 507 1
914 483 1
912 462 1
911 449 1
909 439 1
907 432 1
906 426 1
904 423 1
903 419 1
900 416 1
899 413 1
896 410 1
889 403 1
879 394 1
866 382 1
845 367 1
822 351 1
801 338 1
781 327 1
761 320 1
746 316 1
733 313 1
722 314 1
713 315 1
706 319 1
700 326 1
693 338 1
685 353 1
677 377 1
667 402 1
652 430 1
633 458 1
613 485 1
591 510 1
571 535 1
558 553 1
546 567 1
533 578 1
522 587 1
511 596 1
503 607 1
495 616 1
489 624 1
486 633 1
482 644 1
479 658 1
476 674 1
473 690 1
470 706 1
465 721 1
459 737 1
450 753 1
439 769 1
427 785 1
415 799 1
402 813 1
390 828 1
378 842 1
368 859 1
358 876 1
349 897 1
340 921 1
331 946 1
322 971 1
311 995 1
300 1017 1
289 1036 1
279 1050 1
271 1062 1
262 1074 1
255 1088 1
249 1101 1
242 1115 1
235 1131 1
229 1151 1
224 1175 1
218 1200 1
214 1225 1
212 1249 1
212 1268 1
212 1287 1
213 1304 1
216 1320 1
221 1331 1
229 1342 1
241 1353 1
257 1363 1
274 1372 1
295 1379 1
317 1384 1
337 1385 1
356 1387 1
373 1387 1
390 1387 1
408 1387 1
423 1385 1
438 1383 1
452 1382 1
467 1379 1
484 1376 1
505 1370 1
528 1361 1
554 1344 1
579 1326 1
602 1307 1
622 1287 1
639 1265 1
656 1242 1
675 1213 1
690 1186 1
704 1159 1
720 1131 1
735 1105 1
749 1079 1
760 1054 1
771 1031 1
779 1010 1
788 990 1
796 973 1
803 958 1
809 946 1
816 933 1
824 922 1
832 910 1
842 897 1
850 883 1
859 868 1
866 854 1
874 837 1
880 819 1
885 800 1
890 784 1
892 769 1
894 754 1
894 736 1
895 716 1
896 694 1
896 672 1
897 649 1
898 626 1
901 603 1
904 581 1
907 560 1
910 543 1
912 526 1
915 510 1
918 496 1
921 482 1
923 468 1
925 453 1
926 439 1
927 424 1
925 408 1
923 394 1
919 382 1
917 373 1
914 364 1
909 357 1
903 349 1
892 340 1
880 331 1
865 323 1
848 316 1
826 310 1
795 306 1
762 306 1
728 311 1
700 320 1
676 335 1
658 352 1
640 372 1
626 396 1
612 421 1
599 451 1
583 487 1
569 525 1
556 560 1
543 593 1
527 622 1
511 647 1
494 668 1
473 687 1
456 701 1
440 712 1
427 720 1
416 726 1
404 736 1
394 747 1
383 761 1
373 774 1
363 789 1
352 806 1
341 828 1
330 851 1
321 875 1
312 900 1
304 924 1
297 948 1
290 970 1
283 992 1
276 1011 1
268 1032 1
262 1049 1
256 1065 1
251 1083 1
246 1103 1
243 1123 1
239 1142 1
234 1161 1
233 1179 1
232 1195 1
230 1209 1
232 1223 1
234 1236 1
237 1248 1
242 1259 1
247 1268 1
255 1277 1
264 1286 1
275 1294 1
286 1301 1
296 1308 1
305 1315 1
313 1319 1
319 1325 1
326 1330 1
333 1336 1
339 1341 1
346 1345 1
355 1349 1
364 1353 1
376 1358 1
393 1359 1
411 1360 1
434 1356 1
458 1349 1
482 1338 1
504 1325 1
523 1311 1
541 1297 1
560 1278 1
579 1258 1
598 1236 1
619 1211 1
638 1185 1
655 1161 1
673 1137 1
687 1112 1
700 1088 1
712 1064 1
724 1041 1
733 1020 1
743 997 1
751 972 1
761 944 1
771 905 1
783 868 1
792 841 1
799 823 1
804 810 1
809 799 1
813 789 1
818 779 1
823 769 1
829 758 1
836 745 1
844 730 1
852 713 1
862 696 1
872 676 1
883 655 1
891 635 1
897 616 1
902 600 1
904 586 1
906 573 1
906 561 1
906 548 1
902 531 1
897 513 1
892 494 1
885 479 1
879 467 1
871 455 1
865 443 1
857 431 1
848 419 1
837 409 1
826 400 1
813 392 1
800 386 1
787 380 1
774 374 1
761 368 1
753 363 1
745 358 1
741 357 1
738 354 1
735 354 1
735 353 1
735 353 1
732 353 1
728 353 1
712 357 1
688 366 1
647 388 1
606 412 1
569 435 1
540 457 1
518 474 1
499 491 1
482 505 1
469 520 1
457 537 1
444 556 1
433 579 1
421 603 1
410 627 1
399 650 1
386 675 1
374 701 1
359 727 1
345 753 1
331 777 1
318 799 1
307 817 1
295 834 1
284 848 1
275 861 1
266 874 1
256 892 1
248 910 1
239 931 1
231 950 1
223 970 1
217 986 1
212 1002 1
208 1019 1
203 1035 1
200 1045 1
197 1054 1
194 1061 1
192 1069 1
189 1077 1
186 1087 1
181 1098 1
177 1109 1
174 1121 1
170 1135 1
166 1152 1
162 1173 1
159 1195 1
156 1217 1
155 1239 1
153 1261 1
151 1283 1
152 1305 1
154 1324 1
158 1340 1
163 1354 1
168 1367 1
175 1380 1
183 1392 1
191 1403 1
202 1414 1
211 1423 1
221 1431 1
231 1440 1
240 1446 1
250 1451 1
263 1455 1
276 1458 1
293 1459 1
310 1459 1
325 1459 1
340 1459 1
350 1458 1
360 1458 1
368 1458 1
378 1457 1
390 1454 1
405 1451 1
421 1448 1
439 1442 1
459 1435 1
478 1428 1
495 1420 1
512 1411 1
527 1400 1
544 1390 1
564 1376 1
586 1359 1
607 1338 1
630 1317 1
651 1293 1
671 1268 1
689 1244 1
703 1223 1
716 1202 1
726 1184 1
737 1164 1
750 1143 1
764 1119 1
779 1092 1
792 1067 1
804 1041 1
813 1020 1
821 998 1
827 979 1
834 958 1
840 938 1
844 917 1
850 894 1
857 870 1
864 846 1
872 818 1
881 788 1
890 759 1
899 728 1
907 701 1
913 679 1
920 660 1
925 646 1
931 632 1
935 622 1
940 613 1
945 602 1
948 590 1
952 576 1
954 564 1
957 549 1
957 532 1
956 510 1
955 486 1
952 461 1
947 434 1
940 406 1
932 384 1
926 368 1
920 354 1
912 346 1
903 338 1
887 331 1
868 328 1
845 329 1
818 334 1
788 342 1
763 354 1
738 365 1
715 377 1
692 392 1
669 411 1
647 430 1
628 447 1
612 464 1
598 480 1
585 495 1
573 510 1
563 527 1
551 543 1
541 557 1
532 566 1
525 576 1
517 582 1
510 590 1
501 599 1
493 609 1
485 618 1
478 628 1
470 639 1
459 656 1
447 678 1
433 704 1
418 731 1
404 759 1
392 786 1
381 814 1
370 844 1
363 873 1
355 901 1
349 926 1
341 950 1
336 968 1
330 983 1
323 993 1
316 1003 1
309 1010 1
300 1019 1
291 1030 1
282 1040 1
274 1049 1
267 1058 1
259 1068 1
251 1082 1
243 1098 1
237 1118 1
231 1138 1
224 1161 1
220 1180 1
215 1200 1
213 1219 1
211 1238 1
215 1260 1
221 1282 1
230 1304 1
239 1322 1
248 1337 1
259 1349 1
274 1360 1
290 1368 1
310 1374 1
335 1377 1
361 1375 1
387 1372 1
414 1365 1
441 1353 1
469 1335 1
500 1312 1
530 1284 1
560 1255 1
592 1222 1
618 1193 1
643 1163 1
668 1131 1
689 1101 1
710 1072 1
729 1045 1
745 1020 1
761 995 1
775 970 1
789 944 1
801 923 1
810 908 1
815 894 1
821 882 1
825 870 1
830 857 1
835 844 1
841 830 1
848 815 1
857 799 1
866 784 1
875 771 1
884 759 1
894 745 1
905 729 1
915 713 1
926 697 1
935 680 1
944 664 1
951 644 1
955 628 1
959 613 1
960 597 1
959 579 1
959 558 1
956 533 1
950 507 1
944 485 1
937 466 1
930 451 1
923 438 1
917 428 1
912 419 1
909 412 1
904 406 1
901 400 1
898 397 1
894 394 1
887 389 1
876 383 1
858 375 1
837 367 1
814 362 1
791 362 1
766 365 1
741 373 1
717 385 1
694 404 1
672 422 1
652 444 1
634 464 1
620 482 1
605 499 1
591 515 1
577 532 1
563 547 1
552 560 1
540 569 1
530 577 1
521 583 1
513 588 1
506 594 1
500 599 1
495 606 1
489 614 1
482 625 1
473 637 1
463 651 1
452 668 1
439 685 1
427 700 1
414 715 1
401 733 1
387 753 1
373 772 1
362 791 1
351 810 1
343 830 1
333 851 1
327 873 1
321 896 1
314 920 1
309 942 1
306 960 1
303 974 1
300 987 1
294 1001 1
285 1017 1
275 1033 1
264 1050 1
254 1066 1
246 1083 1
238 1101 1
232 1118 1
226 1136 1
220 1157 1
215 1177 1
211 1200 1
209 1222 1
209 1247 1
212 1271 1
216 1293 1
223 1313 1
229 1329 1
237 1340 1
245 1351 1
257 1360 1
272 1371 1
292 1379 1
315 1387 1
342 1392 1
373 1394 1
400 1395 1
424 1393 1
443 1391 1
460 1388 1
476 1385 1
492 1380 1
507 1377 1
522 1371 1
544 1359 1
569 1342 1
596 1322 1
622 1298 1
645 1275 1
668 1253 1
688 1233 1
705 1213 1
719 1193 1
732 1176 1
742 1157 1
753 1138 1
762 1121 1
770 1105 1
779 1086 1
790 1065 1
801 1037 1
812 1006 1
820 977 1
828 953 1
833 934 1
836 920 1
841 905 1
847 887 1
852 869 1
857 852 1
862 835 1
866 821 1
869 809 1
871 799 1
873 792 1
875 786 1
878 778 1
879 772 1
882 767 1
883 762 1
885 757 1
886 753 1
888 748 1
892 739 1
895 728 1
898 716 1
903 702 1
909 686 1
915 668 1
921 649 1
927 630 1
931 610 1
936 585 1
940 557 1
942 530 1
943 506 1
944 487 1
941 471 1
936 456 1
928 440 1
919 423 1
908 405 1
895 390 1
882 374 1
867 362 1
851 351 1
833 342 1
814 333 1
796 327 1
777 326 1
756 329 1
732 342 1
710 357 1
689 378 1
669 397 1
647 418 1
624 438 1
601 458 1
581 474 1
562 490 1
543 506 1
526 522 1
508 539 1
492 554 1
476 569 1
462 582 1
448 598 1
433 615 1
420 635 1
404 656 1
392 676 1
379 695 1
367 713 1
355 730 1
343 748 1
330 767 1
317 787 1
303 809 1
290 832 1
277 855 1
266 877 1
257 900 1
248 926 1
241 955 1
235 984 1
230 1014 1
227 1043 1
224 1073 1
224 1100 1
224 1123 1
224 1142 1
224 1156 1
223 1168 1
221 1178 1
219 1187 1
218 1196 1
216 1207 1
215 1219 1
213 1232 1
213 1241 1
213 1251 1
213 1259 1
215 1270 1
217 1282 1
221 1296 1
225 1308 1
232 1320 1
238 1331 1
249 1343 1
261 1354 1
280 1365 1
299 1374 1
316 1382 1
336 1389 1
355 1396 1
375 1403 1
392 1409 1
409 1413 1
427 1416 1
444 1417 1
464 1413 1
483 1406 1
502 1397 1
520 1384 1
536 1370 1
551 1354 1
566 1337 1
581 1320 1
597 1302 1
611 1281 1
625 1261 1
639 1239 1
654 1215 1
667 1196 1
679 1177 1
688 1159 1
697 1140 1
706 1120 1
714 1101 1
722 1084 1
726 1069 1
730 1056 1
734 1044 1
738 1028 1
744 1007 1
753 987 1
761 970 1
768 958 1
774 949 1
783 939 1
793 929 1
805 916 1
819 904 1
834 890 1
850 875 1
865 860 1
878 843 1
891 826 1
900 808 1
909 788 1
918 769 1
923 747 1
928 723 1
929 695 1
928 669 1
924 641 1
921 615 1
916 589 1
911 567 1
908 548 1
904 531 1
901 516 1
899 503 1
899 493 1
897 485 1
898 478 1
898 472 1
897 468 1
897 462 1
894 452 1
891 440 1
882 423 1
873 406 1
863 392 1
854 379 1
843 368 1
832 358 1
820 350 1
806 343 1
792 340 1
775 340 1
757 345 1
736 354 1
715 368 1
695 383 1
675 403 1
657 423 1
634 446 1
610 473 1
588 498 1
567 521 1
549 542 1
533 557 1
519 571 1
502 582 1
484 597 1
467 613 1
451 629 1
435 647 1
422 668 1
411 690 1
401 717 1
392 746 1
381 778 1
368 809 1
354 842 1
337 875 1
320 907 1
302 937 1
285 965 1
269 991 1
254 1016 1
238 1041 1
225 1065 1
215 1088 1
207 1110 1
201 1131 1
196 1151 1
191 1170 1
188 1186 1
186 1203 1
186 1219 1
186 1236 1
187 1252 1
189 1266 1
192 1280 1
199 1297 1
206 1313 1
212 1326 1
219 1337 1
227 1348 1
235 1357 1
247 1365 1
262 1375 1
277 1383 1
297 1391 1
316 1395 1
335 1397 1
355 1395 1
378 1389 1
400 1382 1
421 1374 1
441 1364 1
463 1349 1
484 1334 1
503 1318 1
522 1302 1
537 1286 1
551 1272 1
564 1261 1
575 1250 1
587 1240 1
601 1226 1
617 1210 1
631 1193 1
645 1176 1
658 1155 1
669 1133 1
684 1104 1
699 1075 1
717 1044 1
733 1016 1
749 991 1
765 970 1
779 951 1
796 933 1
815 918 1
832 903 1
849 889 1
866 873 1
880 858 1
893 839 1
908 815 1
919 790 1
926 768 1
929 750 1
931 732 1
932 715 1
933 698 1
930 675 1
927 649 1
922 624 1
917 600 1
912 576 1
907 554 1
902 528 1
895 500 1
889 473 1
882 443 1
875 416 1
868 392 1
862 375 1
856 362 1
851 354 1
848 349 1
847 348 1
844 346 1
837 347 1
826 347 1
808 351 1
783 358 1
755 370 1
726 387 1
701 405 1
679 423 1
659 441 1
641 457 1
627 472 1
613 485 1
600 500 1
585 516 1
565 538 1
543 561 1
519 585 1
497 610 1
477 637 1
458 664 1
440 691 1
426 714 1
413 735 1
406 748 1
400 759 1
395 765 1
391 770 1
386 777 1
376 787 1
365 799 1
351 815 1
337 834 1
323 855 1
311 879 1
299 906 1
290 935 1
282 963 1
278 988 1
275 1011 1
271 1031 1
268 1049 1
265 1066 1
262 1084 1
258 1102 1
255 1116 1
250 1130 1
248 1141 1
245 1151 1
242 1159 1
240 1167 1
238 1174 1
238 1183 1
240 1193 1
245 1211 1
255 1231 1
268 1256 1
284 1281 1
301 1305 1
317 1325 1
330 1341 1
341 1355 1
352 1367 1
364 1378 1
375 1387 1
386 1394 1
398 1399 1
413 1401 1
434 1400 1
457 1395 1
481 1386 1
504 1374 1
529 1357 1
556 1335 1
582 1306 1
611 1270 1
639 1234 1
664 1198 1
687 1163 1
711 1130 1
732 1099 1
754 1065 1
776 1026 1
800 983 1
822 938 1
842 900 1
860 866 1
875 840 1
887 817 1
897 796 1
906 774 1
917 744 1
929 709 1
944 666 1
955 631 1
964 600 1
968 577 1
970 556 1
970 535 1
970 513 1
970 486 1
973 459 1
977 432 1
981 410 1
983 393 1
985 382 1
987 372 1
988 367 1
990 362 1
990 355 1
988 348 1
986 341 1
983 333 1
977 326 1
969 318 1
957 312 1
936 306 1
910 300 1
879 296 1
847 294 1
816 294 1
789 296 1
764 299 1
740 308 1
715 320 1
691 336 1
669 351 1
645 368 1
619 388 1
592 414 1
566 448 1
541 482 1
522 514 1
504 543 1
485 576 1
463 611 1
444 646 1
428 678 1
414 706 1
400 733 1
385 763 1
372 792 1
357 820 1
343 847 1
328 874 1
314 899 1
301 927 1
288 954 1
276 980 1
265 1005 1
256 1029 1
246 1054 1
238 1076 1
231 1094 1
226 1109 1
222 1121 1
217 1132 1
212 1146 1
208 1162 1
203 1182 1
200 1203 1
195 1225 1
195 1246 1
193 1265 1
196 1283 1
199 1300 1
204 1315 1
210 1328 1
218 1340 1
231 1352 1
245 1362 1
264 1374 1
280 1383 1
296 1390 1
311 1397 1
327 1401 1
343 1404 1
360 1406 1
382 1407 1
404 1404 1
425 1400 1
440 1396 1
454 1390 1
466 1384 1
478 1378 1
494 1367 1
511 1353 1
529 1333 1
547 1312 1
566 1289 1
584 1266 1
602 1245 1
618 1222 1
632 1200 1
647 1176 1
665 1145 1
683 1109 1
703 1068 1
726 1028 1
749 985 1
771 945 1
793 896 1
818 841 1
845 779 1
872 724 1
863 743 0
