638 725 1
638 725 1
636 725 1
636 725 1
636 725 1
634 725 1
632 725 1
630 724 1
627 724 1
625 723 1
622 723 1
619 720 1
618 719 1
616 717 1
615 716 1
613 713 1
613 711 1
613 709 1
612 707 1
612 704 1
613 701 1
613 700 1
614 698 1
616 698 1
618 696 1
622 697 1
625 699 1
630 701 1
632 703 1
635 705 1
636 707 1
639 710 1
640 713 1
641 716 1
642 720 1
642 723 1
642 729 1
642 733 1
640 737 1
639 741 1
637 745 1
635 749 1
633 752 1
631 755 1
628 758 1
626 761 1
624 762 1
622 763 1
620 764 1
617 764 1
613 763 1
608 763 1
604 760 1
601 758 1
595 755 1
592 752 1
589 747 1
585 741 1
582 733 1
579 725 1
577 717 1
576 711 1
576 703 1
575 694 1
574 686 1
574 679 1
574 670 1
572 661 1
572 650 1
572 641 1
572 634 1
574 626 1
577 618 1
580 611 1
583 604 1
586 599 1
590 589 1
594 583 1
597 577 1
600 572 1
602 569 1
605 566 1
606 564 1
607 562 1
607 562 1
608 562 1
608 561 1
610 559 1
614 560 1
622 560 1
632 560 1
642 560 1
652 561 1
659 562 1
664 564 1
667 565 1
670 566 1
674 568 1
676 569 1
679 570 1
682 573 1
686 579 1
689 585 1
691 592 1
693 600 1
695 609 1
697 617 1
697 625 1
699 632 1
701 641 1
705 650 1
711 658 1
717 664 1
721 670 1
725 677 1
727 681 1
729 685 1
731 690 1
731 695 1
732 698 1
733 702 1
733 707 1
735 715 1
736 723 1
738 732 1
739 742 1
740 751 1
740 759 1
741 766 1
741 773 1
741 779 1
740 786 1
740 793 1
738 798 1
737 804 1
734 811 1
728 819 1
722 827 1
714 834 1
708 839 1
702 844 1
698 847 1
696 849 1
694 851 1
692 853 1
689 854 1
683 856 1
674 858 1
665 860 1
657 861 1
649 861 1
644 862 1
639 861 1
634 861 1
631 861 1
624 861 1
616 861 1
605 861 1
593 859 1
583 858 1
573 856 1
565 855 1
556 853 1
545 850 1
537 847 1
529 845 1
523 842 1
516 840 1
513 838 1
510 836 1
507 834 1
504 831 1
500 826 1
497 823 1
493 818 1
488 811 1
484 805 1
478 798 1
473 790 1
469 782 1
464 774 1
461 767 1
459 762 1
457 757 1
455 751 1
453 744 1
451 735 1
449 724 1
447 715 1
445 706 1
443 698 1
443 690 1
443 682 1
443 676 1
443 670 1
443 665 1
443 659 1
444 653 1
445 647 1
448 640 1
450 633 1
452 626 1
454 620 1
456 615 1
458 610 1
460 605 1
462 599 1
463 594 1
465 590 1
466 587 1
467 584 1
468 581 1
470 578 1
473 573 1
478 567 1
486 559 1
494 551 1
502 543 1
507 538 1
512 533 1
515 530 1
518 527 1
522 522 1
524 520 1
527 517 1
528 515 1
531 512 1
532 511 1
534 509 1
539 508 1
547 506 1
560 504 1
576 503 1
591 503 1
605 501 1
617 501 1
624 500 1
630 500 1
632 500 1
636 500 1
638 500 1
641 500 1
643 501 1
645 501 1
648 502 1
650 502 1
652 503 1
657 504 1
662 505 1
668 506 1
676 508 1
684 510 1
689 511 1
694 513 1
696 513 1
701 515 1
704 516 1
707 516 1
710 517 1
713 518 1
715 519 1
717 520 1
720 521 1
723 522 1
724 523 1
727 525 1
728 526 1
731 528 1
735 531 1
740 536 1
748 542 1
758 549 1
764 554 1
768 558 1
772 563 1
774 566 1
776 569 1
778 574 1
781 579 1
786 589 1
793 599 1
799 610 1
804 618 1
807 626 1
809 631 1
811 637 1
813 643 1
814 650 1
816 659 1
819 670 1
822 681 1
826 690 1
829 696 1
832 703 1
836 710 1
838 717 1
841 724 1
844 732 1
847 738 1
850 746 1
851 753 1
853 759 1
854 768 1
853 775 1
851 784 1
849 796 1
847 806 1
846 818 1
846 831 1
846 840 1
846 850 1
847 857 1
846 865 1
844 871 1
841 879 1
838 887 1
835 894 1
832 900 1
831 905 1
829 908 1
827 912 1
826 915 1
823 918 1
815 921 1
800 927 1
776 931 1
752 937 1
733 941 1
721 943 1
714 945 1
709 946 1
706 947 1
704 947 1
701 948 1
696 948 1
690 949 1
681 950 1
672 950 1
662 951 1
654 950 1
645 950 1
633 949 1
619 947 1
606 946 1
596 946 1
587 944 1
581 944 1
576 942 1
573 942 1
570 942 1
568 941 1
565 941 1
561 940 1
558 938 1
552 936 1
546 936 1
538 934 1
528 932 1
517 930 1
506 926 1
494 921 1
482 916 1
471 910 1
462 905 1
454 899 1
449 896 1
445 894 1
442 892 1
439 890 1
434 887 1
429 884 1
425 881 1
420 876 1
414 871 1
410 864 1
404 855 1
398 846 1
395 837 1
390 829 1
385 820 1
381 812 1
375 804 1
368 796 1
362 786 1
358 778 1
355 769 1
351 760 1
351 749 1
351 737 1
352 724 1
354 711 1
355 699 1
356 688 1
356 674 1
354 662 1
351 649 1
348 634 1
345 621 1
342 607 1
340 593 1
339 579 1
339 565 1
339 550 1
341 536 1
344 522 1
348 509 1
352 498 1
356 489 1
359 483 1
365 475 1
368 469 1
374 463 1
382 456 1
391 448 1
405 440 1
418 434 1
428 429 1
436 426 1
443 421 1
448 418 1
456 415 1
465 413 1
475 410 1
486 407 1
495 404 1
502 402 1
507 401 1
511 401 1
514 401 1
516 401 1
519 401 1
524 402 1
532 404 1
546 410 1
561 416 1
577 422 1
592 426 1
605 431 1
618 434 1
627 436 1
635 438 1
642 440 1
649 441 1
655 443 1
661 444 1
666 445 1
670 446 1
676 446 1
681 448 1
686 448 1
692 450 1
697 452 1
702 454 1
707 456 1
713 458 1
716 459 1
720 460 1
723 461 1
726 461 1
728 462 1
731 462 1
733 462 1
737 463 1
742 464 1
750 467 1
758 470 1
764 473 1
772 477 1
780 481 1
789 488 1
798 494 1
809 502 1
821 512 1
832 522 1
842 533 1
848 543 1
855 552 1
860 560 1
863 569 1
868 578 1
872 589 1
877 600 1
883 611 1
889 622 1
894 633 1
900 643 1
905 656 1
909 668 1
914 681 1
918 693 1
921 705 1
924 717 1
927 728 1
929 740 1
932 751 1
935 763 1
939 774 1
940 786 1
942 798 1
943 814 1
944 831 1
943 850 1
941 867 1
939 886 1
938 904 1
936 922 1
937 939 1
937 955 1
935 968 1
933 980 1
928 990 1
920 999 1
911 1010 1
902 1020 1
895 1027 1
890 1033 1
887 1037 1
886 1039 1
884 1041 1
882 1042 1
879 1044 1
875 1046 1
868 1047 1
856 1050 1
838 1052 1
819 1054 1
799 1055 1
781 1055 1
761 1053 1
741 1051 1
722 1048 1
704 1047 1
687 1045 1
671 1045 1
659 1043 1
650 1045 1
642 1046 1
638 1047 1
634 1047 1
628 1048 1
622 1047 1
613 1045 1
602 1041 1
590 1036 1
577 1031 1
566 1025 1
556 1020 1
547 1017 1
539 1014 1
531 1012 1
523 1012 1
515 1011 1
508 1009 1
498 1010 1
486 1010 1
471 1007 1
456 1004 1
439 999 1
425 993 1
411 988 1
401 982 1
390 976 1
383 973 1
377 970 1
368 964 1
359 958 1
350 952 1
340 943 1
331 933 1
322 917 1
312 900 1
302 879 1
293 861 1
284 842 1
277 824 1
269 808 1
263 792 1
257 776 1
251 760 1
246 745 1
242 728 1
240 712 1
240 695 1
240 677 1
241 661 1
242 648 1
243 637 1
243 632 1
244 627 1
244 623 1
243 621 1
243 617 1
243 611 1
244 602 1
245 585 1
248 562 1
253 535 1
259 501 1
265 470 1
268 441 1
272 415 1
274 397 1
276 384 1
278 375 1
280 369 1
282 365 1
286 360 1
288 356 1
291 352 1
295 349 1
300 344 1
306 339 1
314 333 1
322 327 1
333 320 1
343 315 1
354 310 1
365 306 1
376 303 1
387 301 1
401 299 1
413 299 1
424 297 1
437 298 1
451 299 1
466 300 1
480 301 1
492 302 1
501 303 1
509 305 1
513 305 1
517 306 1
520 308 1
524 309 1
529 312 1
535 316 1
540 321 1
546 325 1
552 328 1
559 333 1
566 337 1
572 339 1
579 341 1
588 343 1
599 344 1
611 346 1
626 348 1
639 349 1
652 352 1
668 354 1
683 357 1
696 361 1
707 363 1
717 366 1
725 369 1
734 371 1
741 372 1
747 372 1
752 373 1
755 374 1
760 376 1
765 381 1
770 385 1
777 390 1
783 396 1
791 401 1
800 406 1
809 412 1
819 415 1
828 420 1
836 425 1
842 430 1
848 435 1
853 441 1
860 448 1
868 456 1
877 465 1
886 473 1
895 480 1
902 486 1
909 492 1
915 499 1
921 508 1
926 519 1
932 532 1
938 545 1
945 555 1
952 566 1
958 577 1
966 588 1
972 598 1
977 608 1
980 617 1
984 627 1
987 637 1
988 650 1
991 664 1
993 679 1
996 695 1
1001 712 1
1007 733 1
1012 751 1
1016 768 1
1018 787 1
1019 807 1
1020 829 1
1019 854 1
1018 877 1
1018 899 1
1018 918 1
1018 937 1
1018 955 1
1018 971 1
1016 986 1
1013 1000 1
1006 1014 1
1000 1027 1
995 1040 1
990 1049 1
987 1058 1
984 1064 1
982 1069 1
979 1075 1
977 1080 1
972 1087 1
964 1096 1
950 1109 1
931 1121 1
911 1134 1
890 1146 1
872 1157 1
858 1169 1
848 1178 1
839 1187 1
830 1192 1
818 1197 1
798 1201 1
775 1206 1
750 1209 1
727 1210 1
711 1211 1
699 1211 1
692 1209 1
686 1208 1
681 1205 1
670 1198 1
657 1192 1
642 1185 1
624 1177 1
607 1170 1
594 1167 1
584 1164 1
578 1161 1
573 1159 1
569 1157 1
566 1156 1
561 1153 1
553 1150 1
542 1144 1
529 1138 1
513 1130 1
496 1122 1
479 1113 1
465 1106 1
451 1100 1
437 1094 1
423 1089 1
406 1086 1
387 1082 1
370 1077 1
353 1072 1
338 1063 1
325 1055 1
315 1045 1
305 1034 1
298 1023 1
290 1011 1
282 1000 1
274 988 1
265 979 1
254 970 1
246 961 1
238 953 1
232 943 1
225 932 1
218 916 1
212 899 1
207 877 1
203 856 1
200 833 1
195 809 1
191 788 1
187 768 1
183 748 1
180 728 1
178 707 1
176 685 1
178 662 1
180 641 1
182 622 1
183 605 1
184 591 1
185 578 1
185 565 1
182 550 1
182 535 1
182 516 1
180 496 1
177 474 1
174 449 1
172 425 1
173 402 1
175 381 1
181 361 1
186 344 1
192 330 1
197 318 1
202 309 1
206 303 1
209 298 1
212 295 1
216 290 1
227 282 1
245 271 1
266 258 1
287 244 1
304 233 1
316 226 1
327 218 1
336 213 1
346 209 1
356 205 1
366 202 1
378 199 1
394 196 1
413 193 1
434 192 1
452 192 1
464 193 1
473 193 1
478 194 1
484 194 1
490 194 1
503 194 1
521 192 1
549 191 1
582 190 1
614 190 1
638 189 1
657 191 1
671 194 1
684 199 1
694 204 1
701 208 1
708 214 1
714 219 1
722 224 1
729 230 1
739 236 1
750 241 1
761 247 1
771 252 1
780 257 1
789 263 1
799 270 1
809 278 1
820 286 1
831 293 1
843 301 1
856 311 1
868 319 1
881 327 1
894 336 1
905 343 1
913 350 1
921 355 1
927 361 1
934 366 1
941 373 1
949 381 1
958 391 1
966 403 1
974 415 1
982 428 1
988 442 1
993 456 1
998 469 1
1001 481 1
1003 490 1
1004 497 1
1006 505 1
1007 511 1
1009 518 1
1012 525 1
1013 531 1
1015 539 1
1016 545 1
1018 552 1
1020 560 1
1022 570 1
1027 584 1
1031 602 1
1035 619 1
1039 637 1
1042 656 1
1045 673 1
1047 687 1
1048 700 1
1048 714 1
1049 728 1
1049 743 1
1050 757 1
1050 754 0
