281 731 1
281 731 1
281 731 1
281 731 1
281 731 1
281 731 1
281 731 1
281 731 1
281 731 1
281 731 1
281 731 1
280 730 1
276 729 1
271 729 1
263 728 1
254 726 1
246 728 1
240 728 1
235 729 1
231 730 1
228 731 1
225 733 1
222 736 1
219 739 1
217 744 1
213 749 1
212 753 1
210 758 1
210 762 1
210 765 1
210 769 1
211 772 1
211 775 1
212 779 1
214 782 1
215 785 1
216 787 1
217 790 1
219 793 1
220 796 1
222 799 1
223 802 1
227 807 1
229 810 1
232 814 1
235 817 1
237 820 1
240 823 1
242 827 1
244 830 1
246 832 1
248 836 1
251 838 1
252 841 1
255 844 1
257 846 1
259 848 1
261 850 1
263 852 1
264 854 1
266 856 1
268 858 1
269 859 1
272 861 1
274 863 1
277 865 1
280 866 1
282 868 1
285 869 1
289 871 1
292 874 1
295 875 1
298 876 1
301 877 1
303 877 1
305 878 1
307 878 1
308 879 1
309 879 1
310 880 1
310 880 1
311 881 1
312 881 1
312 882 1
313 882 1
314 883 1
314 883 1
315 884 1
316 885 1
316 885 1
317 886 1
317 886 1
319 888 1
320 889 1
323 892 1
330 897 1
339 902 1
347 907 1
354 911 1
361 915 1
368 918 1
372 921 1
377 922 1
380 924 1
382 924 1
384 924 1
386 925 1
386 925 1
386 925 1
386 925 1
386 925 1
386 925 1
386 925 1
386 925 1
386 925 1
386 925 1
386 925 1
386 925 1
386 925 1
386 925 1
386 925 1
387 926 1
387 927 1
387 927 1
387 929 1
386 929 1
386 931 1
386 931 1
384 933 1
384 933 1
385 935 1
384 937 1
383 938 1
381 940 1
381 942 1
379 945 1
376 951 1
371 957 1
365 962 1
359 968 1
354 973 1
348 977 1
341 980 1
335 984 1
327 987 1
321 989 1
316 991 1
311 992 1
305 994 1
299 995 1
294 995 1
289 996 1
285 997 1
282 997 1
278 998 1
275 998 1
271 999 1
267 999 1
263 999 1
259 1000 1
256 1000 1
252 1000 1
247 1000 1
243 1000 1
238 1000 1
234 999 1
231 999 1
227 997 1
223 998 1
220 996 1
216 996 1
211 996 1
206 994 1
201 992 1
195 990 1
192 989 1
188 987 1
185 986 1
182 984 1
180 983 1
177 981 1
176 980 1
174 978 1
174 977 1
173 976 1
173 976 1
172 974 1
170 972 1
170 970 1
170 967 1
170 964 1
170 960 1
170 957 1
170 954 1
170 951 1
171 948 1
171 945 1
172 941 1
174 938 1
174 935 1
176 930 1
178 927 1
179 924 1
182 921 1
186 917 1
192 914 1
198 911 1
204 906 1
210 904 1
215 901 1
220 899 1
224 899 1
227 897 1
230 897 1
232 897 1
234 896 1
236 896 1
237 896 1
239 896 1
242 895 1
247 894 1
254 894 1
262 894 1
270 894 1
279 894 1
286 894 1
292 894 1
297 894 1
302 894 1
304 894 1
307 894 1
311 894 1
314 894 1
317 894 1
322 894 1
325 894 1
330 894 1
335 894 1
339 894 1
345 892 1
349 893 1
353 893 1
355 893 1
358 893 1
359 892 1
361 892 1
361 892 1
361 892 1
361 892 1
361 892 1
361 892 1
361 892 1
361 892 1
361 892 1
361 892 1
362 891 1
362 889 1
363 887 1
364 885 1
365 880 1
366 875 1
369 867 1
373 859 1
376 851 1
379 845 1
382 840 1
384 836 1
385 834 1
387 831 1
387 830 1
389 827 1
390 824 1
391 822 1
391 818 1
391 812 1
389 805 1
386 796 1
381 787 1
375 777 1
370 769 1
365 763 1
359 758 1
353 754 1
345 750 1
336 747 1
326 745 1
318 744 1
309 742 1
301 742 1
295 742 1
290 742 1
292 742 0
677 809 1
677 809 1
677 809 1
677 809 1
677 809 1
677 809 1
677 809 1
677 809 1
677 809 1
676 808 1
673 808 1
672 808 1
667 808 1
662 808 1
658 808 1
655 808 1
652 808 1
649 808 1
646 808 1
643 809 1
640 809 1
637 811 1
635 813 1
631 815 1
628 819 1
623 824 1
620 828 1
617 831 1
614 837 1
612 840 1
608 844 1
606 847 1
604 850 1
603 853 1
601 856 1
600 858 1
598 860 1
598 863 1
597 864 1
595 867 1
595 868 1
595 870 1
594 871 1
594 872 1
594 873 1
594 874 1
594 875 1
594 876 1
594 878 1
594 879 1
594 882 1
594 884 1
595 887 1
596 889 1
598 892 1
601 896 1
603 898 1
606 901 1
608 903 1
611 906 1
614 907 1
617 910 1
619 912 1
622 914 1
624 916 1
626 917 1
628 919 1
630 919 1
632 921 1
633 922 1
635 923 1
637 924 1
639 926 1
641 927 1
643 928 1
645 930 1
646 930 1
649 932 1
650 932 1
653 934 1
654 934 1
657 936 1
660 937 1
662 938 1
665 939 1
667 940 1
670 941 1
672 942 1
675 943 1
678 944 1
682 946 1
685 948 1
687 948 1
689 950 1
691 950 1
692 951 1
693 951 1
693 951 1
693 951 1
694 951 1
696 952 1
697 953 1
700 953 1
702 954 1
705 955 1
708 955 1
711 956 1
715 956 1
719 956 1
722 957 1
725 958 1
728 958 1
731 959 1
733 959 1
735 959 1
737 960 1
738 960 1
739 960 1
740 961 1
740 961 1
742 962 1
743 962 1
745 963 1
746 964 1
748 965 1
750 966 1
751 967 1
753 968 1
756 969 1
760 971 1
765 972 1
770 974 1
774 975 1
776 977 1
779 980 1
781 981 1
783 983 1
784 985 1
786 987 1
786 988 1
788 990 1
789 992 1
790 994 1
790 995 1
790 996 1
791 997 1
791 997 1
791 997 1
791 997 1
791 998 1
791 998 1
790 998 1
790 999 1
790 999 1
788 1001 1
788 1002 1
788 1003 1
787 1005 1
785 1006 1
783 1007 1
782 1009 1
780 1011 1
778 1012 1
775 1014 1
772 1016 1
769 1017 1
766 1019 1
761 1020 1
757 1022 1
752 1023 1
747 1025 1
743 1026 1
738 1027 1
733 1029 1
729 1030 1
724 1032 1
718 1034 1
711 1036 1
704 1037 1
698 1039 1
689 1039 1
678 1039 1
667 1037 1
656 1037 1
647 1037 1
640 1036 1
634 1036 1
630 1036 1
625 1036 1
620 1034 1
616 1035 1
611 1035 1
606 1035 1
600 1035 1
596 1035 1
591 1035 1
587 1034 1
584 1034 1
578 1034 1
575 1033 1
572 1033 1
569 1032 1
566 1032 1
564 1031 1
561 1029 1
557 1028 1
552 1025 1
547 1023 1
544 1022 1
541 1020 1
537 1018 1
534 1016 1
531 1015 1
528 1012 1
525 1010 1
524 1008 1
521 1006 1
520 1005 1
520 1003 1
518 1001 1
516 999 1
516 997 1
516 995 1
515 992 1
515 989 1
516 987 1
517 985 1
518 982 1
521 978 1
523 975 1
527 972 1
532 969 1
538 964 1
544 961 1
550 958 1
557 956 1
561 953 1
564 952 1
567 950 1
570 949 1
572 949 1
575 949 1
577 948 1
579 946 1
581 947 1
586 945 1
589 946 1
595 944 1
602 942 1
608 941 1
615 938 1
621 937 1
627 935 1
632 935 1
636 934 1
639 933 1
642 933 1
646 932 1
650 930 1
653 930 1
655 929 1
659 927 1
663 926 1
668 924 1
673 924 1
679 922 1
685 920 1
689 920 1
693 918 1
696 918 1
699 916 1
703 916 1
706 914 1
709 913 1
712 913 1
715 910 1
717 910 1
719 908 1
721 907 1
723 905 1
725 905 1
727 903 1
729 902 1
731 900 1
734 900 1
735 898 1
737 896 1
738 895 1
740 893 1
741 894 1
741 892 1
741 892 1
742 893 1
742 892 1
742 892 1
742 891 1
742 891 1
742 889 1
743 890 1
743 888 1
743 888 1
743 887 1
743 885 1
744 884 1
742 881 1
743 879 1
741 876 1
741 872 1
738 867 1
735 861 1
731 856 1
727 851 1
721 846 1
716 841 1
710 837 1
704 834 1
697 829 1
688 826 1
683 823 1
686 825 0
953 866 1
953 866 1
953 866 1
953 866 1
953 866 1
953 866 1
953 866 1
953 866 1
953 866 1
953 866 1
953 866 1
952 866 1
950 866 1
947 866 1
943 867 1
938 869 1
933 872 1
930 874 1
925 876 1
922 879 1
919 883 1
917 886 1
914 891 1
914 895 1
913 898 1
913 901 1
913 905 1
914 908 1
915 911 1
918 914 1
921 917 1
926 920 1
931 925 1
937 929 1
946 933 1
955 937 1
963 940 1
970 942 1
975 945 1
980 947 1
985 950 1
989 952 1
992 953 1
994 954 1
996 955 1
998 957 1
1000 958 1
1002 960 1
1004 962 1
1005 963 1
1006 965 1
1007 967 1
1008 970 1
1008 972 1
1008 974 1
1008 976 1
1008 980 1
1006 982 1
1006 984 1
1004 986 1
1001 989 1
998 992 1
992 996 1
986 999 1
981 1002 1
975 1005 1
969 1007 1
960 1010 1
952 1013 1
944 1014 1
936 1016 1
929 1016 1
921 1017 1
917 1017 1
913 1018 1
910 1018 1
907 1018 1
905 1018 1
903 1018 1
901 1018 1
900 1018 1
898 1018 1
897 1018 1
897 1018 1
895 1018 1
894 1018 1
892 1018 1
891 1018 1
889 1018 1
886 1018 1
883 1016 1
878 1017 1
875 1017 1
871 1015 1
869 1016 1
866 1016 1
865 1015 1
863 1015 1
862 1014 1
862 1014 1
861 1013 1
861 1013 1
861 1013 1
861 1013 1
861 1013 1
861 1013 1
861 1013 1
861 1013 1
861 1011 1
861 1009 1
862 1008 1
863 1005 1
865 1000 1
868 994 1
875 989 1
881 984 1
889 979 1
896 975 1
902 972 1
908 969 1
912 967 1
916 965 1
921 963 1
925 962 1
929 960 1
933 960 1
936 958 1
939 958 1
942 956 1
945 954 1
948 954 1
951 954 1
954 953 1
956 952 1
959 950 1
961 950 1
963 950 1
965 949 1
968 947 1
970 947 1
973 946 1
975 944 1
977 944 1
979 944 1
981 943 1
983 941 1
984 941 1
987 941 1
989 938 1
990 939 1
991 937 1
991 937 1
991 937 1
992 937 1
993 935 1
994 933 1
995 933 1
996 931 1
997 930 1
999 927 1
1000 925 1
1002 922 1
1004 919 1
1006 916 1
1008 912 1
1009 909 1
1010 907 1
1011 905 1
1012 902 1
1013 900 1
1014 898 1
1015 896 1
1015 895 1
1016 895 1
1016 895 1
1016 894 1
1016 894 1
1016 893 1
1016 893 1
1016 891 1
1016 891 1
1016 891 1
1016 889 1
1016 889 1
1016 888 1
1016 888 1
1014 888 1
1015 884 1
1013 881 1
1011 878 1
1007 873 1
1001 867 1
992 860 1
982 852 1
973 847 1
965 841 1
956 836 1
949 832 1
943 829 1
937 828 1
933 826 1
929 826 1
926 826 1
922 824 1
920 825 1
917 825 1
916 825 1
914 825 1
914 825 1
914 825 1
913 825 1
913 826 1
911 826 1
911 826 1
909 827 1
909 828 1
907 830 1
908 833 1
906 836 1
907 840 1
907 845 1
908 850 1
910 856 1
914 864 1
920 872 1
927 880 1
932 888 1
938 894 1
942 899 1
942 899 0
