1014 492 1
1014 492 1
1014 492 1
1014 492 1
1014 492 1
1014 492 1
1014 492 1
1014 492 1
1014 492 1
1014 492 1
1014 492 1
1014 492 1
1014 492 1
1014 492 1
1014 492 1
1014 492 1
1014 492 1
1014 492 1
1014 492 1
1014 492 1
1014 492 1
1014 492 1
1014 492 1
1014 492 1
1013 492 1
1013 493 1
1013 494 1
1013 497 1
1013 499 1
1011 502 1
1012 505 1
1012 508 1
1011 513 1
1011 520 1
1011 527 1
1011 536 1
1011 542 1
1011 550 1
1011 556 1
1010 561 1
1008 567 1
1006 575 1
1004 582 1
1002 588 1
1001 594 1
1001 597 1
999 600 1
999 603 1
997 605 1
997 609 1
994 611 1
993 613 1
991 617 1
990 622 1
988 628 1
987 635 1
985 644 1
985 655 1
985 668 1
985 678 1
985 687 1
985 695 1
985 703 1
986 712 1
987 721 1
988 730 1
990 740 1
991 747 1
993 756 1
994 763 1
995 771 1
996 779 1
997 790 1
997 800 1
998 809 1
1000 818 1
1000 826 1
1001 833 1
1001 840 1
1002 844 1
1002 847 1
1002 850 1
1002 853 1
1002 854 1
1003 856 1
1003 856 1
1003 857 1
1003 858 1
1003 859 1
1003 859 1
1003 860 1
1003 860 1
1003 860 1
1003 861 1
1003 861 1
1001 862 1
1002 863 1
1000 864 1
1000 865 1
999 865 1
999 866 1
998 867 1
996 867 1
996 868 1
994 868 1
993 868 1
990 868 1
987 868 1
982 868 1
976 866 1
971 866 1
966 864 1
961 864 1
958 864 1
954 863 1
951 861 1
947 860 1
944 860 1
941 858 1
938 858 1
936 858 1
934 857 1
932 857 1
931 856 1
929 854 1
927 852 1
926 851 1
924 849 1
922 847 1
919 844 1
915 840 1
912 837 1
908 834 1
905 831 1
902 828 1
899 826 1
897 823 1
896 822 1
894 820 1
894 820 1
894 818 1
893 818 1
891 816 1
892 816 1
891 815 1
889 813 1
889 813 1
889 813 1
889 813 1
889 813 1
889 813 1
889 813 1
889 813 1
889 813 1
889 813 1
889 813 1
889 813 1
889 813 1
889 813 1
889 813 1
889 813 1
889 813 1
889 813 1
889 813 1
889 813 1
890 813 1
890 813 1
889 809 1
887 802 1
887 793 1
887 782 1
886 771 1
886 762 1
885 754 1
885 746 1
884 741 1
884 736 1
884 733 1
884 731 1
884 728 1
884 727 1
884 725 1
884 725 1
884 725 1
884 725 1
884 725 1
884 725 1
884 725 1
884 725 1
884 725 1
885 726 1
885 725 1
886 725 1
887 725 1
888 725 1
891 725 1
896 726 1
902 728 1
908 730 1
914 735 1
917 740 1
922 746 1
925 753 1
928 761 1
931 768 1
934 775 1
937 783 1
941 790 1
946 798 1
951 806 1
957 814 1
961 822 1
964 827 1
967 832 1
969 837 1
972 841 1
973 847 1
975 853 1
976 861 1
977 868 1
977 878 1
976 894 1
974 909 1
973 919 1
971 929 1
970 941 1
967 954 1
960 968 1
951 989 1
942 1008 1
936 1022 1
929 1033 1
923 1044 1
917 1053 1
910 1065 1
904 1075 1
899 1084 1
894 1094 1
891 1102 1
889 1109 1
886 1114 1
887 1113 0
766 550 1
764 550 1
764 550 1
764 550 1
762 552 1
761 554 1
761 558 1
758 561 1
758 563 1
756 566 1
755 570 1
755 574 1
753 581 1
753 589 1
752 598 1
752 607 1
752 615 1
753 622 1
754 628 1
754 634 1
755 640 1
756 646 1
757 655 1
758 665 1
758 674 1
760 682 1
760 690 1
762 698 1
763 706 1
764 713 1
765 720 1
766 728 1
768 736 1
771 744 1
775 752 1
779 760 1
783 768 1
787 775 1
792 783 1
794 789 1
798 797 1
801 805 1
804 813 1
806 819 1
808 828 1
810 835 1
811 840 1
812 846 1
814 852 1
815 857 1
817 865 1
819 873 1
822 881 1
825 887 1
828 893 1
829 897 1
829 902 1
830 906 1
830 909 1
831 914 1
831 917 1
831 920 1
831 923 1
832 928 1
832 931 1
832 934 1
832 938 1
832 940 1
832 943 1
831 945 1
831 947 1
831 948 1
831 950 1
830 952 1
828 953 1
828 955 1
826 956 1
824 958 1
824 959 1
822 961 1
821 962 1
819 964 1
817 966 1
815 967 1
812 969 1
809 970 1
805 972 1
801 972 1
798 974 1
795 975 1
792 977 1
788 978 1
785 979 1
781 980 1
777 981 1
774 982 1
771 982 1
769 982 1
766 983 1
765 983 1
765 983 1
765 983 1
763 983 1
763 983 1
762 983 1
762 983 1
760 981 1
758 982 1
757 981 1
755 981 1
754 980 1
751 980 1
749 979 1
746 977 1
743 977 1
740 975 1
736 974 1
732 973 1
729 971 1
725 969 1
720 965 1
714 959 1
709 953 1
705 948 1
702 943 1
698 939 1
695 937 1
693 934 1
692 933 1
692 933 1
691 932 1
689 930 1
689 930 1
689 928 1
688 926 1
686 925 1
684 923 1
683 921 1
681 917 1
680 911 1
678 906 1
677 901 1
675 896 1
675 892 1
673 888 1
673 885 1
672 882 1
672 880 1
671 878 1
671 876 1
669 874 1
670 874 1
668 872 1
669 872 1
669 870 1
669 870 1
669 870 1
669 870 1
669 870 1
669 870 1
669 870 1
669 869 1
669 869 1
669 867 1
669 867 1
669 867 1
669 867 1
669 867 1
669 867 1
669 867 1
669 867 1
669 867 1
669 867 1
669 867 1
669 867 1
669 867 1
669 867 1
669 867 1
669 867 1
669 867 1
669 866 1
670 867 1
671 865 1
671 865 1
673 866 1
674 865 1
674 865 1
676 864 1
676 864 1
678 864 1
678 864 1
680 864 1
680 864 1
682 864 1
683 864 1
686 864 1
690 865 1
696 865 1
700 867 1
704 867 1
707 869 1
711 869 1
714 871 1
717 872 1
719 873 1
721 873 1
724 875 1
727 876 1
729 878 1
730 879 1
732 881 1
733 884 1
734 889 1
736 895 1
737 899 1
738 904 1
739 908 1
739 911 1
740 914 1
740 917 1
741 921 1
741 925 1
741 931 1
741 937 1
741 943 1
740 951 1
738 959 1
738 967 1
736 973 1
734 979 1
733 983 1
731 988 1
730 994 1
728 998 1
726 1003 1
724 1008 1
722 1013 1
720 1018 1
720 1024 1
719 1031 1
717 1037 1
717 1045 1
717 1054 1
716 1064 1
716 1075 1
716 1088 1
716 1101 1
715 1110 1
715 1119 1
713 1126 1
713 1132 1
713 1137 1
712 1141 1
712 1144 1
711 1147 1
711 1149 1
709 1152 1
709 1153 1
709 1154 1
708 1155 1
708 1156 1
706 1157 1
707 1158 1
707 1158 0
528 588 1
528 588 1
528 588 1
528 588 1
528 588 1
528 588 1
528 588 1
528 588 1
528 588 1
528 588 1
528 588 1
528 588 1
528 589 1
527 592 1
526 596 1
526 601 1
523 608 1
521 615 1
520 621 1
518 626 1
516 631 1
516 635 1
516 640 1
516 646 1
516 652 1
516 657 1
517 663 1
518 669 1
518 674 1
518 680 1
519 686 1
519 692 1
520 699 1
521 705 1
522 712 1
524 720 1
527 729 1
528 737 1
530 744 1
530 752 1
532 758 1
533 765 1
535 770 1
536 774 1
537 779 1
539 782 1
539 786 1
540 790 1
540 796 1
540 803 1
541 813 1
541 822 1
542 834 1
542 844 1
543 853 1
544 863 1
546 872 1
546 883 1
548 893 1
548 903 1
549 914 1
547 925 1
548 934 1
546 942 1
547 951 1
547 959 1
547 967 1
547 975 1
547 982 1
548 990 1
548 998 1
548 1005 1
549 1011 1
549 1017 1
549 1022 1
548 1026 1
547 1033 1
543 1043 1
532 1051 1
519 1057 1
507 1061 1
498 1063 1
489 1064 1
480 1062 1
466 1060 1
457 1054 1
451 1048 1
446 1041 1
441 1033 1
438 1016 1
438 1001 1
439 988 1
440 980 1
441 975 1
442 971 1
443 967 1
443 964 1
445 960 1
448 956 1
453 951 1
456 950 1
458 947 1
461 947 1
462 946 1
464 944 1
464 944 1
465 944 1
466 943 1
466 943 1
467 943 1
468 943 1
469 943 1
470 943 1
470 943 1
471 945 1
472 954 1
473 970 1
475 987 1
481 1007 1
491 1030 1
500 1050 1
507 1069 1
512 1083 1
515 1095 1
516 1104 1
516 1119 1
513 1131 1
505 1141 1
497 1152 1
490 1162 1
487 1168 1
487 1168 0
334 682 1
334 682 1
334 682 1
334 682 1
334 684 1
334 688 1
335 694 1
336 699 1
337 705 1
338 712 1
339 719 1
341 729 1
342 743 1
342 757 1
339 770 1
339 781 1
337 791 1
337 801 1
337 809 1
337 817 1
339 827 1
340 837 1
343 846 1
346 855 1
349 863 1
353 872 1
355 882 1
357 891 1
358 900 1
358 910 1
358 921 1
358 933 1
358 949 1
358 963 1
360 975 1
361 984 1
363 993 1
364 1002 1
366 1010 1
367 1026 1
365 1037 1
360 1047 1
354 1055 1
349 1061 1
342 1070 1
335 1078 1
330 1086 1
324 1094 1
319 1101 1
316 1107 1
310 1113 1
305 1119 1
300 1124 1
291 1131 1
273 1141 1
262 1146 1
251 1151 1
242 1153 1
231 1155 1
221 1155 1
215 1155 1
210 1155 1
205 1152 1
203 1146 1
204 1135 1
204 1127 1
204 1120 1
205 1114 1
207 1101 1
215 1086 1
224 1072 1
235 1061 1
245 1051 1
254 1046 1
261 1041 1
268 1037 1
273 1035 1
277 1033 1
279 1033 1
282 1033 1
282 1035 1
280 1044 1
280 1060 1
278 1080 1
278 1105 1
277 1131 1
275 1160 1
273 1191 1
267 1220 1
260 1247 1
252 1270 1
241 1294 1
235 1311 1
235 1311 0
