66 1378 1
66 1378 1
66 1378 1
66 1378 1
66 1378 1
66 1378 1
66 1378 1
66 1378 1
66 1378 1
66 1378 1
66 1378 1
66 1377 1
66 1375 1
66 1374 1
68 1371 1
69 1365 1
70 1361 1
72 1356 1
74 1349 1
76 1342 1
78 1334 1
81 1324 1
84 1314 1
86 1302 1
89 1290 1
91 1279 1
92 1270 1
93 1261 1
93 1253 1
92 1245 1
90 1238 1
90 1231 1
90 1225 1
90 1217 1
89 1209 1
89 1201 1
89 1193 1
89 1185 1
89 1179 1
90 1173 1
90 1167 1
90 1161 1
91 1155 1
92 1149 1
93 1144 1
93 1139 1
94 1135 1
95 1130 1
96 1125 1
97 1120 1
99 1114 1
102 1107 1
106 1098 1
111 1087 1
116 1075 1
121 1063 1
123 1052 1
126 1043 1
129 1031 1
131 1019 1
133 1006 1
134 994 1
135 983 1
136 972 1
137 962 1
138 954 1
140 946 1
141 941 1
142 938 1
143 933 1
144 929 1
145 925 1
146 919 1
147 914 1
148 907 1
149 899 1
151 890 1
151 882 1
152 873 1
152 863 1
152 855 1
151 847 1
149 839 1
148 832 1
146 825 1
144 819 1
142 814 1
139 810 1
138 807 1
136 804 1
136 803 1
134 801 1
134 800 1
132 801 1
130 801 1
129 801 1
127 801 1
124 801 1
121 801 1
118 801 1
115 801 1
110 802 1
107 803 1
103 804 1
99 808 1
93 814 1
90 823 1
85 830 1
84 838 1
81 847 1
80 864 1
81 894 1
83 930 1
85 959 1
88 985 1
94 1006 1
99 1025 1
101 1035 1
105 1045 1
106 1052 1
107 1059 1
107 1067 1
108 1073 1
108 1081 1
109 1090 1
109 1099 1
110 1108 1
111 1115 1
113 1122 1
114 1131 1
116 1141 1
122 1158 1
130 1172 1
135 1184 1
140 1192 1
143 1201 1
146 1209 1
149 1217 1
153 1226 1
156 1234 1
159 1242 1
161 1248 1
164 1255 1
168 1262 1
171 1268 1
174 1275 1
177 1282 1
180 1289 1
183 1297 1
185 1308 1
188 1319 1
191 1328 1
192 1337 1
194 1346 1
195 1355 1
197 1363 1
198 1370 1
200 1375 1
201 1379 1
203 1383 1
204 1386 1
205 1388 1
207 1391 1
207 1392 1
208 1393 1
208 1393 1
208 1393 1
208 1393 1
208 1393 1
208 1393 1
208 1393 1
208 1393 1
208 1391 1
209 1388 1
209 1383 1
210 1377 1
210 1367 1
211 1357 1
210 1343 1
210 1330 1
207 1316 1
205 1302 1
203 1287 1
203 1275 1
204 1263 1
204 1254 1
206 1245 1
208 1236 1
211 1226 1
215 1214 1
217 1203 1
219 1192 1
220 1179 1
222 1164 1
222 1146 1
223 1127 1
223 1109 1
223 1092 1
224 1074 1
224 1058 1
226 1043 1
227 1030 1
229 1018 1
230 1007 1
232 996 1
233 989 1
235 981 1
238 974 1
239 967 1
240 961 1
241 955 1
243 947 1
244 939 1
246 929 1
247 919 1
249 908 1
249 897 1
248 887 1
248 879 1
245 870 1
242 863 1
240 858 1
238 853 1
236 852 1
234 850 1
234 848 1
233 848 1
231 848 1
231 848 1
228 850 1
224 851 1
221 854 1
215 858 1
212 860 1
210 863 1
208 865 1
206 868 1
205 874 1
203 880 1
202 889 1
200 900 1
200 913 1
199 929 1
197 948 1
197 968 1
197 988 1
196 1005 1
196 1022 1
194 1036 1
195 1045 1
196 1052 1
196 1058 1
197 1062 1
198 1068 1
201 1074 1
203 1082 1
207 1092 1
211 1103 1
214 1114 1
218 1126 1
223 1139 1
226 1154 1
230 1168 1
233 1182 1
234 1192 1
236 1203 1
238 1213 1
238 1224 1
241 1235 1
242 1244 1
244 1251 1
246 1258 1
250 1266 1
254 1272 1
257 1277 1
260 1283 1
263 1289 1
265 1294 1
267 1299 1
270 1305 1
274 1313 1
278 1321 1
282 1328 1
287 1335 1
291 1343 1
295 1350 1
300 1356 1
304 1363 1
307 1367 1
309 1371 1
311 1373 1
313 1375 1
314 1376 1
315 1377 1
316 1377 1
316 1377 1
316 1375 1
316 1375 1
318 1372 1
320 1367 1
324 1359 1
329 1349 1
332 1340 1
336 1331 1
338 1325 1
340 1319 1
341 1314 1
341 1311 1
342 1306 1
342 1300 1
341 1292 1
341 1283 1
341 1271 1
340 1260 1
340 1246 1
341 1230 1
341 1213 1
342 1198 1
342 1184 1
343 1170 1
344 1156 1
346 1141 1
347 1130 1
347 1119 1
348 1107 1
348 1093 1
348 1078 1
350 1064 1
353 1050 1
354 1037 1
356 1025 1
357 1013 1
358 1004 1
358 996 1
358 988 1
356 982 1
353 974 1
348 967 1
344 960 1
340 954 1
334 948 1
328 943 1
320 937 1
314 932 1
309 930 1
305 927 1
302 925 1
301 924 1
298 924 1
297 923 1
295 924 1
293 924 1
291 925 1
289 927 1
287 929 1
285 933 1
283 941 1
280 950 1
278 962 1
275 973 1
275 983 1
275 991 1
276 999 1
277 1006 1
279 1013 1
280 1020 1
282 1028 1
282 1038 1
282 1049 1
283 1064 1
283 1081 1
284 1098 1
286 1112 1
290 1123 1
294 1133 1
297 1139 1
301 1146 1
306 1153 1
310 1160 1
314 1166 1
318 1174 1
321 1181 1
324 1188 1
327 1195 1
330 1203 1
334 1211 1
338 1221 1
343 1231 1
348 1242 1
352 1253 1
358 1263 1
363 1273 1
366 1283 1
371 1293 1
375 1303 1
379 1314 1
382 1324 1
385 1332 1
387 1339 1
388 1347 1
390 1353 1
392 1362 1
394 1371 1
396 1379 1
396 1384 1
398 1388 1
399 1392 1
401 1395 1
402 1399 1
403 1401 1
404 1403 1
404 1403 1
404 1404 1
405 1404 1
406 1404 1
406 1403 1
407 1403 1
409 1400 1
410 1398 1
412 1395 1
414 1389 1
416 1378 1
419 1362 1
424 1345 1
428 1323 1
435 1299 1
440 1273 1
447 1248 1
453 1221 1
461 1196 1
469 1171 1
476 1146 1
481 1122 1
482 1100 1
483 1080 1
481 1065 1
480 1053 1
477 1044 1
473 1034 1
468 1025 1
460 1012 1
452 1000 1
444 987 1
437 972 1
430 956 1
423 940 1
417 926 1
413 915 1
410 907 1
407 901 1
406 898 1
404 895 1
404 895 1
404 893 1
404 893 1
404 893 1
404 893 1
403 896 1
403 901 1
403 909 1
403 918 1
403 931 1
405 948 1
408 967 1
411 984 1
417 1004 1
422 1022 1
427 1039 1
433 1053 1
439 1067 1
444 1081 1
450 1095 1
453 1107 1
457 1120 1
457 1130 1
458 1143 1
458 1156 1
457 1170 1
457 1184 1
456 1194 1
456 1205 1
456 1215 1
457 1225 1
459 1235 1
460 1244 1
462 1252 1
463 1259 1
465 1266 1
465 1276 1
467 1290 1
469 1306 1
470 1321 1
472 1334 1
473 1345 1
475 1357 1
477 1368 1
479 1377 1
482 1385 1
484 1390 1
486 1394 1
488 1397 1
490 1399 1
491 1400 1
493 1402 1
493 1402 1
494 1402 1
495 1402 1
496 1401 1
500 1399 1
504 1396 1
510 1391 1
516 1385 1
523 1376 1
533 1359 1
542 1344 1
547 1332 1
549 1322 1
550 1312 1
549 1306 1
549 1298 1
549 1290 1
549 1282 1
550 1275 1
550 1266 1
553 1255 1
557 1239 1
562 1220 1
569 1201 1
573 1184 1
578 1165 1
581 1147 1
584 1130 1
586 1117 1
587 1105 1
588 1093 1
587 1080 1
585 1068 1
586 1056 1
586 1046 1
585 1035 1
585 1023 1
583 1008 1
581 994 1
580 980 1
578 968 1
576 957 1
574 948 1
572 940 1
568 933 1
565 928 1
561 924 1
556 921 1
553 917 1
549 916 1
546 914 1
544 913 1
542 911 1
540 911 1
538 911 1
537 910 1
535 910 1
533 911 1
533 911 1
533 912 1
531 913 1
529 916 1
528 921 1
526 927 1
525 935 1
524 946 1
522 958 1
522 970 1
522 981 1
522 992 1
524 1003 1
525 1017 1
527 1029 1
530 1041 1
532 1052 1
535 1064 1
537 1078 1
540 1092 1
542 1107 1
545 1120 1
550 1134 1
557 1148 1
565 1162 1
571 1175 1
576 1187 1
580 1198 1
583 1209 1
585 1220 1
589 1230 1
592 1239 1
594 1247 1
597 1255 1
599 1261 1
602 1268 1
604 1274 1
607 1283 1
609 1293 1
611 1305 1
612 1317 1
613 1328 1
614 1339 1
616 1349 1
618 1359 1
622 1369 1
626 1380 1
629 1388 1
631 1394 1
634 1398 1
635 1402 1
637 1405 1
638 1408 1
640 1412 1
643 1414 1
644 1416 1
646 1418 1
647 1419 1
648 1421 1
649 1422 1
651 1423 1
653 1425 1
656 1425 1
661 1426 1
668 1425 1
676 1423 1
682 1422 1
685 1420 1
689 1419 1
691 1419 1
693 1417 1
697 1414 1
703 1410 1
712 1399 1
722 1386 1
731 1368 1
736 1350 1
741 1333 1
742 1313 1
743 1293 1
742 1272 1
740 1251 1
738 1232 1
733 1214 1
728 1194 1
722 1175 1
716 1155 1
712 1134 1
710 1114 1
711 1094 1
712 1073 1
714 1056 1
714 1041 1
713 1027 1
713 1013 1
711 999 1
711 984 1
708 968 1
705 950 1
702 933 1
698 916 1
694 898 1
690 879 1
686 863 1
681 850 1
679 843 1
674 838 1
671 834 1
668 834 1
665 834 1
662 837 1
658 841 1
652 850 1
647 860 1
641 873 1
635 887 1
631 898 1
630 909 1
630 917 1
631 924 1
634 934 1
638 945 1
641 957 1
647 972 1
653 988 1
658 1005 1
664 1024 1
668 1042 1
675 1058 1
681 1073 1
688 1090 1
694 1105 1
702 1118 1
708 1132 1
714 1146 1
720 1158 1
725 1170 1
728 1180 1
731 1188 1
736 1197 1
739 1205 1
743 1213 1
746 1221 1
749 1231 1
753 1240 1
756 1249 1
759 1259 1
762 1270 1
765 1281 1
769 1295 1
772 1309 1
775 1323 1
777 1337 1
781 1350 1
785 1361 1
788 1370 1
790 1378 1
792 1384 1
794 1389 1
796 1394 1
797 1396 1
799 1399 1
801 1402 1
802 1404 1
805 1406 1
808 1408 1
813 1410 1
818 1411 1
825 1412 1
831 1412 1
835 1412 1
839 1412 1
841 1412 1
843 1412 1
845 1411 1
847 1411 1
850 1408 1
853 1405 1
857 1400 1
860 1393 1
863 1384 1
866 1371 1
868 1357 1
869 1343 1
868 1333 1
866 1325 1
864 1319 1
862 1314 1
860 1310 1
860 1305 1
859 1302 1
859 1297 1
860 1289 1
861 1280 1
864 1269 1
868 1258 1
871 1243 1
874 1225 1
877 1205 1
876 1182 1
873 1155 1
870 1127 1
866 1100 1
862 1074 1
858 1051 1
855 1029 1
851 1009 1
848 990 1
845 974 1
842 960 1
838 948 1
833 934 1
829 923 1
824 911 1
821 900 1
815 888 1
810 876 1
804 864 1
798 854 1
795 846 1
791 840 1
786 834 1
785 831 1
782 828 1
782 826 1
781 826 1
781 826 1
781 826 1
781 826 1
781 826 1
781 826 1
781 826 1
781 826 1
779 826 1
779 826 1
777 828 1
774 833 1
771 839 1
769 847 1
766 855 1
762 866 1
760 878 1
758 887 1
757 897 1
757 905 1
757 915 1
758 924 1
759 935 1
761 949 1
764 961 1
766 971 1
768 981 1
770 992 1
775 1004 1
778 1017 1
783 1032 1
788 1044 1
792 1055 1
797 1065 1
802 1076 1
805 1088 1
807 1099 1
809 1109 1
810 1117 1
812 1123 1
814 1131 1
815 1137 1
817 1143 1
819 1149 1
821 1157 1
823 1163 1
826 1172 1
830 1180 1
834 1187 1
838 1194 1
842 1203 1
846 1213 1
852 1225 1
857 1235 1
861 1244 1
865 1252 1
869 1258 1
872 1264 1
875 1270 1
878 1276 1
881 1281 1
883 1284 1
886 1289 1
887 1292 1
890 1296 1
893 1302 1
896 1307 1
899 1314 1
901 1320 1
903 1326 1
905 1331 1
907 1336 1
908 1339 1
909 1343 1
910 1346 1
911 1351 1
913 1354 1
914 1359 1
915 1362 1
917 1368 1
918 1371 1
920 1375 1
921 1379 1
923 1383 1
924 1387 1
926 1392 1
928 1395 1
930 1400 1
932 1404 1
933 1406 1
935 1409 1
935 1411 1
937 1413 1
938 1415 1
939 1417 1
940 1419 1
941 1419 1
941 1420 1
941 1420 1
941 1420 1
941 1421 1
941 1421 1
942 1421 1
942 1422 1
942 1422 1
942 1422 1
942 1422 1
942 1423 1
942 1423 1
942 1423 1
942 1423 1
942 1423 1
942 1423 1
942 1423 1
942 1423 1
942 1423 1
942 1423 1
942 1423 1
942 1423 1
942 1423 1
942 1423 1
942 1423 1
942 1423 1
942 1423 1
942 1423 1
942 1423 1
942 1423 1
942 1423 1
942 1423 1
942 1423 1
942 1423 1
942 1423 1
942 1423 1
942 1423 1
942 1423 1
942 1423 1
942 1423 1
942 1423 1
942 1423 1
942 1423 1
942 1423 1
942 1423 1
942 1423 1
942 1423 1
942 1423 1
942 1423 1
942 1423 1
942 1423 1
942 1423 1
942 1423 1
942 1423 1
942 1423 1
942 1423 1
942 1423 1
942 1423 1
942 1423 1
942 1423 1
942 1423 1
942 1423 1
942 1423 1
942 1423 1
942 1423 1
942 1423 1
942 1423 1
942 1423 1
942 1423 1
942 1423 1
942 1423 1
942 1423 1
942 1423 1
942 1423 1
942 1423 1
942 1423 1
942 1423 1
942 1423 1
942 1423 1
942 1423 1
942 1423 1
942 1423 1
942 1423 1
942 1423 1
942 1423 1
942 1423 1
942 1423 1
942 1423 1
942 1423 1
942 1423 1
942 1423 1
942 1423 1
942 1423 1
942 1423 1
942 1423 1
942 1423 1
942 1423 1
942 1423 1
943 1422 1
944 1422 1
945 1419 1
948 1416 1
951 1409 1
956 1401 1
959 1390 1
963 1378 1
967 1361 1
969 1348 1
971 1337 1
972 1330 1
974 1324 1
974 1321 1
975 1318 1
976 1315 1
976 1315 1
976 1315 1
976 1313 1
976 1313 1
976 1311 1
977 1308 1
978 1301 1
978 1292 1
979 1280 1
978 1266 1
978 1251 1
977 1237 1
977 1223 1
976 1213 1
976 1204 1
975 1196 1
974 1190 1
974 1184 1
974 1178 1
974 1171 1
974 1163 1
974 1155 1
974 1146 1
974 1139 1
974 1129 1
974 1122 1
974 1114 1
974 1105 1
974 1095 1
974 1084 1
974 1073 1
975 1065 1
975 1057 1
975 1049 1
975 1042 1
976 1034 1
976 1024 1
977 1013 1
977 1002 1
977 990 1
977 979 1
977 967 1
975 956 1
974 944 1
971 931 1
968 919 1
965 908 1
960 897 1
956 883 1
950 867 1
942 850 1
935 835 1
928 824 1
920 815 1
916 809 1
912 806 1
910 804 1
908 804 1
906 804 1
905 805 1
903 806 1
902 807 1
899 811 1
896 816 1
893 823 1
890 829 1
888 835 1
886 839 1
885 843 1
885 846 1
884 850 1
884 854 1
884 857 1
884 861 1
885 866 1
886 875 1
888 885 1
890 895 1
892 906 1
895 917 1
898 931 1
902 946 1
905 958 1
908 968 1
910 976 1
912 981 1
915 986 1
919 991 1
922 995 1
926 999 1
928 1004 1
931 1010 1
933 1015 1
936 1022 1
941 1031 1
945 1041 1
949 1050 1
953 1059 1
958 1071 1
962 1084 1
970 1098 1
976 1112 1
982 1126 1
986 1139 1
991 1153 1
994 1166 1
997 1178 1
998 1188 1
1000 1196 1
1002 1204 1
1003 1213 1
1005 1224 1
1007 1234 1
1009 1243 1
1010 1252 1
1011 1258 1
1012 1264 1
1012 1267 1
1013 1271 1
1014 1275 1
1016 1282 1
1019 1292 1
1022 1304 1
1026 1318 1
1031 1337 1
1035 1360 1
1040 1386 1
1042 1399 1
1041 1391 0
