656 445 1
656 445 1
656 445 1
656 445 1
656 445 1
656 445 0
540 493 1
537 494 1
533 495 1
524 497 1
516 500 1
509 504 1
502 509 1
494 517 1
487 528 1
476 542 1
466 555 1
456 568 1
448 581 1
441 594 1
434 605 1
421 627 1
414 638 1
406 652 1
398 666 1
390 681 1
381 699 1
372 717 1
365 734 1
359 751 1
355 762 1
351 772 1
347 781 1
336 799 1
325 814 1
315 828 1
305 841 1
294 854 1
287 869 1
279 883 1
273 899 1
266 914 1
258 929 1
250 944 1
243 961 1
236 978 1
231 994 1
226 1012 1
221 1028 1
217 1040 1
215 1051 1
209 1069 1
205 1085 1
200 1102 1
196 1120 1
192 1139 1
189 1155 1
187 1169 1
186 1179 1
186 1189 1
184 1208 1
185 1224 1
184 1241 1
184 1259 1
184 1274 1
184 1288 1
184 1300 1
185 1310 1
187 1320 1
189 1328 1
192 1334 1
193 1341 1
196 1348 1
200 1357 1
206 1367 1
216 1380 1
226 1391 1
237 1403 1
244 1410 1
251 1416 1
256 1420 1
262 1425 1
267 1427 1
272 1432 1
277 1436 1
282 1438 1
287 1440 1
292 1441 1
297 1442 1
302 1443 1
306 1443 1
312 1443 1
317 1443 1
323 1441 1
329 1441 1
336 1438 1
341 1437 1
348 1433 1
355 1429 1
361 1422 1
366 1415 1
372 1408 1
375 1404 1
380 1395 1
384 1388 1
390 1379 1
395 1369 1
401 1359 1
408 1347 1
417 1337 1
425 1329 1
432 1322 1
438 1315 1
443 1310 1
447 1304 1
452 1298 1
457 1291 1
464 1283 1
471 1275 1
478 1267 1
485 1260 1
493 1251 1
501 1241 1
509 1227 1
517 1213 1
527 1198 1
537 1181 1
546 1164 1
557 1148 1
566 1132 1
574 1118 1
581 1105 1
588 1089 1
596 1072 1
602 1058 1
610 1043 1
618 1029 1
624 1013 1
632 991 1
640 962 1
650 923 1
658 885 1
664 852 1
671 828 1
679 806 1
685 786 1
695 767 1
703 749 1
712 730 1
720 714 1
728 699 1
738 682 1
749 663 1
761 642 1
774 619 1
787 595 1
798 573 1
805 558 1
809 548 1
812 539 1
813 533 1
814 528 1
814 521 1
814 517 1
812 509 1
809 501 1
807 495 1
804 487 1
801 479 1
800 472 1
797 458 1
794 446 1
791 435 1
790 424 1
787 414 1
786 406 1
783 397 1
781 389 1
777 382 1
772 375 1
767 369 1
763 364 1
755 360 1
747 356 1
733 356 1
713 356 1
692 358 1
669 363 1
648 371 1
626 379 1
606 390 1
587 401 1
571 413 1
559 424 1
548 434 1
541 442 1
531 452 1
521 462 1
511 474 1
499 488 1
485 502 1
470 518 1
450 538 1
431 557 1
415 573 1
399 589 1
386 604 1
374 617 1
365 628 1
358 638 1
351 649 1
344 662 1
337 675 1
329 690 1
320 704 1
310 719 1
299 736 1
289 751 1
280 765 1
272 775 1
264 786 1
255 798 1
245 811 1
236 824 1
228 839 1
222 855 1
217 874 1
214 900 1
210 927 1
208 952 1
205 973 1
203 989 1
201 1004 1
198 1019 1
196 1033 1
194 1044 1
190 1055 1
186 1068 1
182 1079 1
178 1093 1
174 1105 1
169 1117 1
165 1128 1
161 1139 1
158 1151 1
156 1163 1
153 1177 1
152 1188 1
151 1199 1
151 1209 1
150 1221 1
150 1233 1
151 1245 1
151 1257 1
153 1269 1
155 1281 1
157 1293 1
160 1304 1
161 1313 1
163 1319 1
166 1325 1
168 1330 1
171 1336 1
175 1341 1
179 1348 1
185 1355 1
191 1362 1
200 1372 1
208 1380 1
218 1388 1
229 1394 1
241 1400 1
251 1406 1
258 1409 1
264 1412 1
271 1415 1
276 1417 1
281 1419 1
286 1420 1
290 1421 1
295 1423 1
299 1423 1
304 1423 1
310 1422 1
317 1423 1
322 1421 1
329 1418 1
337 1416 1
346 1412 1
355 1407 1
363 1403 1
370 1399 1
375 1395 1
379 1393 1
383 1390 1
387 1386 1
393 1382 1
399 1379 1
403 1375 1
408 1371 1
411 1368 1
414 1364 1
417 1360 1
420 1355 1
422 1350 1
425 1343 1
430 1334 1
435 1324 1
442 1310 1
449 1295 1
456 1280 1
462 1267 1
468 1256 1
475 1243 1
481 1232 1
485 1221 1
491 1209 1
496 1197 1
501 1183 1
508 1172 1
512 1157 1
517 1142 1
523 1128 1
530 1108 1
538 1089 1
545 1074 1
550 1061 1
554 1051 1
557 1044 1
558 1038 1
561 1031 1
564 1024 1
567 1011 1
572 999 1
579 987 1
587 973 1
595 957 1
606 937 1
617 918 1
629 898 1
640 881 1
650 865 1
660 849 1
669 833 1
677 817 1
687 801 1
694 786 1
699 772 1
705 761 1
709 752 1
712 744 1
716 738 1
720 727 1
725 718 1
730 707 1
734 696 1
740 686 1
744 676 1
749 666 1
753 655 1
760 643 1
767 631 1
773 619 1
780 607 1
786 595 1
793 583 1
797 574 1
801 566 1
803 561 1
807 555 1
810 550 1
812 545 1
814 538 1
815 532 1
816 525 1
817 519 1
818 513 1
819 505 1
820 496 1
820 488 1
820 481 1
821 470 1
821 460 1
822 449 1
823 440 1
825 431 1
827 423 1
828 417 1
831 410 1
833 402 1
835 391 1
838 378 1
840 365 1
842 351 1
842 341 1
842 333 1
843 327 1
841 322 1
841 318 1
838 313 1
834 308 1
829 302 1
823 297 1
815 293 1
806 288 1
798 284 1
790 280 1
782 278 1
775 276 1
769 275 1
764 275 1
759 276 1
754 277 1
745 282 1
735 289 1
723 297 1
707 310 1
690 324 1
673 338 1
656 352 1
642 364 1
631 378 1
616 395 1
603 409 1
590 423 1
580 436 1
572 448 1
564 461 1
558 472 1
552 481 1
544 490 1
535 498 1
526 504 1
517 513 1
509 522 1
501 530 1
493 540 1
485 548 1
478 556 1
472 564 1
464 573 1
456 585 1
447 598 1
440 610 1
433 622 1
427 633 1
419 644 1
410 657 1
397 673 1
383 687 1
369 700 1
356 712 1
344 726 1
335 737 1
326 748 1
319 757 1
313 766 1
307 776 1
302 785 1
297 796 1
290 808 1
282 822 1
275 833 1
265 846 1
255 857 1
245 871 1
235 884 1
226 896 1
221 906 1
215 917 1
211 928 1
209 940 1
206 951 1
205 964 1
204 975 1
202 987 1
201 999 1
199 1014 1
196 1029 1
192 1040 1
186 1052 1
179 1062 1
173 1071 1
165 1081 1
157 1091 1
149 1100 1
142 1108 1
136 1117 1
131 1125 1
126 1134 1
122 1143 1
117 1153 1
112 1163 1
107 1174 1
103 1184 1
99 1192 1
97 1200 1
94 1208 1
91 1216 1
89 1226 1
87 1234 1
85 1242 1
84 1252 1
86 1266 1
89 1279 1
93 1296 1
98 1313 1
105 1332 1
108 1351 1
113 1366 1
117 1380 1
121 1391 1
123 1398 1
126 1405 1
129 1410 1
136 1416 1
147 1422 1
163 1428 1
180 1433 1
196 1437 1
213 1439 1
229 1440 1
245 1441 1
259 1441 1
271 1441 1
282 1439 1
291 1439 1
299 1437 1
304 1436 1
311 1433 1
319 1430 1
330 1425 1
341 1420 1
353 1414 1
365 1409 1
378 1403 1
391 1398 1
401 1393 1
412 1389 1
421 1385 1
429 1381 1
435 1376 1
442 1368 1
448 1361 1
456 1350 1
462 1342 1
467 1334 1
475 1323 1
484 1310 1
493 1293 1
502 1276 1
510 1262 1
515 1245 1
519 1228 1
524 1210 1
530 1190 1
537 1167 1
548 1144 1
559 1122 1
570 1104 1
579 1087 1
587 1072 1
594 1057 1
600 1043 1
610 1028 1
619 1014 1
630 999 1
640 985 1
651 970 1
661 954 1
671 936 1
681 920 1
690 903 1
700 887 1
708 873 1
714 860 1
721 846 1
727 836 1
734 822 1
742 809 1
750 795 1
761 781 1
771 769 1
782 755 1
791 743 1
799 732 1
806 721 1
812 712 1
816 704 1
820 696 1
824 686 1
828 674 1
831 662 1
835 652 1
839 642 1
845 633 1
848 625 1
852 618 1
855 611 1
857 604 1
860 596 1
863 590 1
864 580 1
866 570 1
868 562 1
869 553 1
872 543 1
873 534 1
874 525 1
876 515 1
877 504 1
879 493 1
880 484 1
881 473 1
882 465 1
882 457 1
882 451 1
882 444 1
880 439 1
881 432 1
879 426 1
878 419 1
878 413 1
876 407 1
875 402 1
872 395 1
870 391 1
867 387 1
864 383 1
861 379 1
857 375 1
855 371 1
852 368 1
849 365 1
846 362 1
843 359 1
839 356 1
835 353 1
832 350 1
827 347 1
823 344 1
819 342 1
815 340 1
811 338 1
804 337 1
797 338 1
789 338 1
776 339 1
758 343 1
739 348 1
720 355 1
701 361 1
686 368 1
677 374 1
665 382 1
656 391 1
645 400 1
639 406 1
630 416 1
618 429 1
609 439 1
598 450 1
589 460 1
581 468 1
574 475 1
566 482 1
558 488 1
548 496 1
539 504 1
531 512 1
524 520 1
516 530 1
507 540 1
497 554 1
485 570 1
471 587 1
457 606 1
444 623 1
432 637 1
422 651 1
413 663 1
405 672 1
397 681 1
389 691 1
381 699 1
374 707 1
367 715 1
362 725 1
356 734 1
352 744 1
348 753 1
344 761 1
341 769 1
337 778 1
332 785 1
328 793 1
323 801 1
315 811 1
307 822 1
299 832 1
292 841 1
286 849 1
282 858 1
277 868 1
273 876 1
269 885 1
264 896 1
259 908 1
252 921 1
244 936 1
236 951 1
228 965 1
219 978 1
213 992 1
206 1004 1
199 1016 1
195 1027 1
188 1038 1
182 1048 1
178 1056 1
173 1063 1
169 1071 1
165 1079 1
159 1088 1
154 1097 1
148 1105 1
144 1113 1
139 1120 1
133 1130 1
127 1138 1
122 1145 1
118 1150 1
114 1157 1
110 1164 1
107 1171 1
104 1179 1
102 1188 1
100 1197 1
100 1207 1
98 1218 1
99 1231 1
99 1244 1
98 1256 1
98 1266 1
99 1276 1
99 1283 1
101 1291 1
102 1297 1
105 1305 1
108 1312 1
112 1319 1
115 1324 1
118 1329 1
120 1333 1
124 1338 1
128 1343 1
132 1349 1
137 1355 1
141 1362 1
147 1368 1
153 1377 1
160 1384 1
165 1389 1
170 1394 1
174 1400 1
181 1403 1
187 1407 1
197 1412 1
209 1416 1
221 1420 1
230 1424 1
237 1425 1
244 1427 1
251 1428 1
257 1429 1
266 1430 1
275 1430 1
287 1429 1
296 1429 1
306 1427 1
315 1424 1
324 1420 1
332 1418 1
338 1415 1
342 1413 1
347 1410 1
351 1408 1
356 1405 1
362 1403 1
369 1397 1
376 1390 1
382 1386 1
392 1375 1
402 1363 1
412 1351 1
420 1340 1
427 1330 1
433 1324 1
438 1319 1
442 1315 1
445 1313 1
448 1310 1
449 1309 1
450 1309 1
450 1309 1
451 1307 1
452 1306 1
454 1302 1
456 1298 1
459 1289 1
464 1277 1
469 1262 1
477 1247 1
482 1233 1
486 1221 1
489 1211 1
492 1201 1
496 1192 1
500 1182 1
504 1173 1
510 1163 1
514 1152 1
518 1142 1
522 1135 1
527 1125 1
533 1117 1
538 1110 1
545 1098 1
553 1087 1
565 1075 1
574 1064 1
584 1053 1
592 1045 1
601 1037 1
611 1029 1
619 1020 1
625 1013 1
630 1005 1
635 998 1
640 992 1
645 986 1
650 979 1
657 971 1
664 962 1
671 951 1
680 938 1
688 924 1
695 911 1
702 896 1
709 883 1
715 870 1
719 859 1
723 848 1
725 838 1
727 827 1
729 818 1
732 805 1
735 793 1
738 780 1
741 761 1
745 742 1
750 721 1
756 695 1
764 668 1
775 640 1
790 610 1
803 584 1
810 565 1
816 551 1
823 537 1
829 523 1
834 508 1
838 491 1
844 475 1
850 455 1
856 439 1
861 429 1
861 419 1
862 409 1
860 403 1
858 395 1
854 387 1
850 378 1
842 368 1
832 359 1
818 350 1
803 343 1
784 339 1
762 342 1
740 349 1
712 360 1
683 377 1
657 395 1
635 416 1
614 434 1
593 456 1
552 501 1
524 535 1
492 569 1
468 594 1
457 607 1
439 627 1
410 656 1
390 676 1
374 694 1
359 710 1
345 725 1
333 738 1
323 748 1
316 758 1
310 767 1
304 779 1
296 792 1
289 808 1
280 829 1
272 854 1
261 884 1
249 913 1
237 942 1
228 965 1
220 986 1
214 1003 1
209 1020 1
204 1035 1
199 1048 1
194 1061 1
188 1073 1
184 1087 1
179 1102 1
174 1116 1
169 1130 1
165 1144 1
161 1159 1
157 1172 1
156 1185 1
153 1197 1
152 1211 1
152 1222 1
153 1234 1
153 1245 1
154 1256 1
156 1266 1
157 1275 1
157 1286 1
157 1295 1
159 1305 1
164 1314 1
170 1324 1
177 1332 1
186 1340 1
199 1350 1
212 1356 1
227 1362 1
240 1366 1
254 1368 1
268 1370 1
280 1370 1
292 1369 1
304 1367 1
320 1363 1
340 1357 1
357 1349 1
373 1338 1
391 1327 1
411 1314 1
432 1299 1
455 1283 1
476 1267 1
496 1253 1
517 1234 1
536 1217 1
555 1198 1
572 1174 1
587 1149 1
600 1119 1
615 1087 1
627 1055 1
637 1028 1
645 1007 1
651 988 1
658 971 1
666 953 1
674 936 1
682 921 1
687 903 1
692 886 1
696 869 1
702 851 1
709 833 1
715 816 1
722 796 1
729 779 1
734 765 1
740 749 1
748 734 1
756 720 1
764 707 1
773 694 1
780 681 1
789 665 1
798 646 1
806 624 1
813 604 1
819 585 1
823 570 1
826 557 1
830 545 1
833 529 1
838 512 1
843 494 1
849 476 1
853 458 1
856 444 1
853 431 1
848 416 1
838 401 1
828 388 1
818 379 1
805 373 1
780 371 1
753 369 1
727 372 1
703 377 1
683 383 1
665 392 1
648 401 1
629 413 1
609 428 1
588 445 1
567 463 1
535 494 1
505 528 1
473 570 1
457 593 1
433 626 1
399 666 1
372 697 1
346 727 1
327 752 1
309 775 1
298 797 1
288 819 1
280 843 1
273 870 1
264 902 1
253 935 1
242 963 1
230 992 1
222 1018 1
218 1040 1
212 1060 1
206 1079 1
200 1097 1
196 1115 1
191 1133 1
189 1148 1
189 1163 1
189 1176 1
188 1187 1
185 1199 1
184 1211 1
183 1223 1
183 1234 1
181 1244 1
182 1255 1
184 1265 1
188 1276 1
193 1288 1
198 1301 1
205 1313 1
213 1326 1
222 1338 1
232 1348 1
242 1356 1
250 1362 1
259 1366 1
269 1369 1
278 1370 1
289 1371 1
298 1372 1
308 1372 1
317 1370 1
326 1367 1
336 1365 1
343 1360 1
351 1356 1
358 1352 1
364 1349 1
369 1345 1
373 1343 1
377 1341 1
381 1338 1
385 1334 1
393 1328 1
402 1320 1
414 1313 1
425 1305 1
436 1296 1
446 1286 1
454 1276 1
464 1266 1
475 1255 1
487 1241 1
497 1228 1
508 1213 1
515 1199 1
521 1186 1
526 1172 1
534 1158 1
540 1143 1
550 1126 1
558 1110 1
566 1096 1
574 1083 1
582 1072 1
590 1061 1
596 1053 1
601 1045 1
605 1037 1
611 1028 1
616 1019 1
622 1012 1
628 1002 1
633 994 1
638 985 1
642 976 1
648 966 1
652 954 1
659 940 1
665 926 1
673 910 1
684 893 1
696 877 1
706 861 1
717 844 1
726 828 1
734 808 1
745 787 1
758 764 1
772 742 1
783 721 1
792 701 1
801 683 1
810 667 1
818 654 1
824 647 1
828 641 1
831 636 1
832 631 1
834 626 1
837 621 1
838 612 1
841 603 1
844 591 1
844 577 1
847 563 1
851 547 1
857 528 1
864 511 1
869 494 1
873 482 1
876 472 1
878 463 1
879 455 1
879 447 1
878 437 1
878 426 1
879 415 1
878 405 1
874 394 1
870 380 1
863 370 1
856 360 1
849 352 1
842 347 1
833 343 1
822 342 1
805 343 1
786 349 1
766 357 1
744 371 1
721 386 1
700 402 1
675 419 1
649 437 1
626 456 1
607 476 1
588 499 1
568 523 1
546 548 1
527 571 1
513 590 1
499 604 1
486 617 1
474 628 1
459 641 1
446 653 1
434 664 1
424 675 1
414 685 1
408 692 1
397 702 1
385 714 1
371 729 1
357 744 1
342 761 1
326 777 1
311 795 1
297 815 1
282 838 1
267 863 1
253 885 1
243 910 1
234 932 1
224 956 1
215 978 1
207 998 1
197 1020 1
189 1041 1
180 1059 1
170 1077 1
160 1093 1
150 1108 1
143 1119 1
138 1131 1
134 1141 1
130 1153 1
125 1165 1
121 1175 1
117 1189 1
112 1203 1
108 1216 1
104 1229 1
102 1240 1
99 1249 1
97 1257 1
97 1263 1
97 1269 1
97 1276 1
97 1283 1
99 1293 1
102 1304 1
107 1315 1
109 1325 1
114 1335 1
119 1345 1
124 1357 1
133 1369 1
142 1383 1
153 1397 1
166 1408 1
178 1419 1
189 1426 1
195 1431 1
202 1434 1
209 1436 1
217 1437 1
225 1439 1
232 1439 1
237 1440 1
242 1440 1
248 1440 1
256 1440 1
269 1437 1
284 1435 1
308 1428 1
332 1420 1
357 1411 1
385 1400 1
411 1387 1
431 1378 1
445 1365 1
460 1353 1
476 1340 1
492 1327 1
505 1315 1
516 1304 1
524 1292 1
531 1280 1
536 1271 1
540 1258 1
546 1243 1
551 1226 1
556 1207 1
560 1186 1
565 1160 1
572 1135 1
580 1112 1
587 1092 1
596 1073 1
605 1054 1
619 1033 1
631 1015 1
645 997 1
655 982 1
667 970 1
680 956 1
691 944 1
701 930 1
711 917 1
720 902 1
728 883 1
736 863 1
749 837 1
763 811 1
778 788 1
786 771 1
796 758 1
802 746 1
813 734 1
823 723 1
831 711 1
840 700 1
848 691 1
854 682 1
863 670 1
870 658 1
876 646 1
881 630 1
887 614 1
893 595 1
898 576 1
902 559 1
903 545 1
903 531 1
901 519 1
898 507 1
894 493 1
890 478 1
886 463 1
883 450 1
879 438 1
876 426 1
871 412 1
867 396 1
862 381 1
857 366 1
853 351 1
851 339 1
848 327 1
844 315 1
838 305 1
833 294 1
828 287 1
821 279 1
813 274 1
802 268 1
788 264 1
773 261 1
754 261 1
735 265 1
714 274 1
692 289 1
663 313 1
638 334 1
617 355 1
590 385 1
565 413 1
540 444 1
518 471 1
499 495 1
484 518 1
468 541 1
453 564 1
439 587 1
425 607 1
412 625 1
399 640 1
387 655 1
377 668 1
368 679 1
360 690 1
354 701 1
346 712 1
336 724 1
325 737 1
314 750 1
304 763 1
294 775 1
287 789 1
278 805 1
268 821 1
259 840 1
250 859 1
243 883 1
235 909 1
225 934 1
216 958 1
209 977 1
203 994 1
198 1011 1
193 1026 1
188 1041 1
183 1055 1
173 1072 1
164 1090 1
152 1110 1
140 1127 1
131 1140 1
125 1149 1
121 1156 1
119 1160 1
118 1164 1
117 1167 1
115 1170 1
115 1175 1
115 1182 1
115 1191 1
117 1207 1
120 1224 1
121 1243 1
122 1261 1
123 1277 1
123 1291 1
125 1302 1
128 1312 1
130 1320 1
135 1328 1
139 1336 1
144 1344 1
153 1352 1
159 1359 1
166 1366 1
171 1371 1
176 1375 1
180 1381 1
188 1384 1
195 1389 1
204 1393 1
213 1398 1
222 1402 1
231 1406 1
241 1407 1
254 1408 1
270 1406 1
287 1404 1
307 1398 1
328 1392 1
349 1385 1
364 1379 1
376 1372 1
386 1365 1
395 1357 1
409 1345 1
423 1333 1
439 1317 1
455 1300 1
469 1284 1
481 1268 1
493 1252 1
504 1235 1
514 1218 1
523 1200 1
531 1185 1
538 1173 1
542 1165 1
546 1157 1
548 1149 1
554 1140 1
560 1132 1
567 1122 1
576 1110 1
584 1096 1
593 1082 1
605 1064 1
614 1048 1
623 1033 1
632 1016 1
641 1002 1
653 987 1
664 970 1
675 954 1
686 938 1
697 915 1
708 891 1
716 869 1
723 845 1
729 822 1
732 802 1
736 784 1
742 766 1
745 754 1
749 741 1
751 729 1
756 717 1
761 704 1
767 692 1
774 678 1
782 663 1
788 649 1
795 632 1
803 616 1
813 599 1
822 581 1
832 561 1
843 539 1
852 517 1
860 494 1
865 474 1
869 458 1
872 442 1
873 430 1
875 421 1
875 411 1
873 404 1
870 395 1
867 387 1
865 378 1
861 369 1
855 358 1
848 349 1
838 339 1
827 332 1
819 326 1
806 320 1
795 317 1
786 316 1
776 316 1
764 320 1
743 330 1
723 343 1
704 357 1
687 372 1
672 388 1
658 403 1
644 419 1
632 433 1
622 449 1
610 463 1
598 476 1
586 488 1
573 498 1
558 509 1
543 520 1
527 530 1
513 540 1
499 551 1
485 561 1
469 575 1
449 593 1
431 612 1
416 630 1
400 648 1
388 665 1
377 680 1
367 696 1
356 711 1
346 726 1
339 742 1
328 761 1
317 778 1
302 795 1
286 809 1
270 823 1
255 836 1
239 849 1
226 862 1
216 876 1
210 890 1
204 904 1
202 917 1
197 931 1
193 947 1
189 964 1
184 984 1
179 1006 1
172 1029 1
165 1050 1
158 1069 1
152 1081 1
146 1094 1
141 1103 1
136 1110 1
132 1115 1
128 1122 1
123 1130 1
118 1138 1
114 1147 1
111 1160 1
109 1175 1
108 1191 1
107 1210 1
105 1228 1
105 1245 1
105 1262 1
106 1279 1
107 1292 1
109 1305 1
112 1317 1
115 1328 1
120 1339 1
127 1352 1
137 1361 1
148 1372 1
158 1381 1
169 1388 1
179 1395 1
188 1400 1
198 1405 1
210 1411 1
224 1418 1
239 1423 1
257 1431 1
277 1438 1
298 1444 1
320 1448 1
344 1448 1
367 1443 1
390 1435 1
410 1426 1
425 1413 1
436 1401 1
445 1389 1
452 1376 1
459 1362 1
462 1350 1
466 1335 1
471 1321 1
475 1307 1
482 1291 1
489 1274 1
497 1258 1
505 1241 1
515 1225 1
524 1206 1
537 1185 1
555 1161 1
570 1140 1
584 1121 1
597 1102 1
612 1083 1
628 1063 1
643 1044 1
654 1027 1
665 1009 1
673 991 1
678 976 1
682 961 1
684 945 1
688 925 1
692 905 1
694 884 1
695 867 1
697 850 1
699 837 1
706 822 1
712 806 1
720 790 1
730 772 1
741 753 1
753 735 1
764 715 1
779 696 1
792 675 1
808 649 1
823 625 1
839 600 1
851 578 1
860 560 1
868 547 1
870 535 1
874 523 1
878 514 1
881 499 1
883 484 1
884 469 1
883 454 1
883 438 1
879 422 1
876 407 1
869 389 1
858 371 1
847 352 1
837 338 1
824 324 1
811 312 1
799 304 1
787 300 1
774 300 1
760 302 1
747 309 1
724 325 1
693 352 1
662 386 1
635 416 1
609 446 1
590 469 1
573 492 1
555 515 1
540 536 1
526 556 1
513 575 1
494 591 1
477 606 1
463 618 1
449 628 1
434 638 1
420 649 1
404 660 1
390 672 1
379 683 1
368 696 1
359 706 1
353 718 1
348 731 1
342 745 1
339 759 1
335 775 1
328 790 1
320 804 1
312 817 1
303 830 1
294 843 1
280 857 1
267 870 1
253 886 1
239 903 1
226 919 1
217 934 1
208 948 1
201 962 1
195 973 1
187 986 1
178 1001 1
169 1013 1
162 1026 1
155 1035 1
150 1043 1
146 1050 1
141 1057 1
138 1065 1
134 1071 1
132 1080 1
127 1089 1
123 1097 1
119 1105 1
117 1113 1
114 1121 1
113 1130 1
111 1138 1
109 1147 1
107 1155 1
106 1162 1
104 1169 1
105 1176 1
106 1184 1
106 1191 1
106 1200 1
108 1207 1
110 1215 1
114 1223 1
117 1231 1
121 1238 1
125 1246 1
130 1253 1
134 1260 1
139 1269 1
143 1277 1
148 1285 1
155 1293 1
161 1301 1
170 1309 1
177 1317 1
186 1326 1
197 1334 1
209 1343 1
221 1351 1
231 1357 1
243 1361 1
255 1365 1
268 1368 1
282 1369 1
296 1371 1
311 1371 1
328 1370 1
348 1367 1
366 1364 1
384 1360 1
399 1358 1
415 1353 1
432 1346 1
449 1338 1
470 1326 1
487 1314 1
502 1299 1
514 1283 1
526 1265 1
543 1243 1
561 1217 1
577 1191 1
594 1163 1
606 1136 1
619 1107 1
629 1077 1
638 1047 1
645 1018 1
651 990 1
658 964 1
666 937 1
678 915 1
695 884 1
711 855 1
730 827 1
754 796 1
773 773 1
786 758 1
797 743 1
806 730 1
815 716 1
827 697 1
840 677 1
851 652 1
859 629 1
865 608 1
868 590 1
871 573 1
874 556 1
876 539 1
879 519 1
880 502 1
881 486 1
882 472 1
880 461 1
878 447 1
875 434 1
871 419 1
865 406 1
858 395 1
849 384 1
835 376 1
821 370 1
805 368 1
781 375 1
751 386 1
717 404 1
683 427 1
653 453 1
625 482 1
595 517 1
563 551 1
533 584 1
508 613 1
488 640 1
468 664 1
448 685 1
430 701 1
413 712 1
399 721 1
389 728 1
377 734 1
364 741 1
351 749 1
336 758 1
318 775 1
301 792 1
285 810 1
267 839 1
251 870 1
236 909 1
223 948 1
213 984 1
205 1018 1
198 1050 1
192 1084 1
185 1113 1
179 1139 1
175 1160 1
170 1177 1
164 1193 1
159 1206 1
154 1216 1
151 1226 1
150 1237 1
152 1250 1
156 1264 1
160 1280 1
167 1302 1
175 1326 1
187 1353 1
207 1376 1
227 1396 1
248 1409 1
272 1415 1
297 1417 1
326 1411 1
357 1394 1
385 1376 1
412 1350 1
440 1319 1
466 1285 1
490 1245 1
514 1201 1
535 1155 1
561 1102 1
589 1053 1
619 1010 1
645 977 1
668 947 1
688 924 1
709 898 1
731 866 1
759 825 1
782 786 1
802 751 1
822 716 1
845 681 1
864 648 1
880 619 1
892 590 1
899 557 1
903 521 1
903 489 1
900 463 1
898 443 1
887 430 1
877 419 1
865 412 1
849 403 1
833 399 1
807 397 1
769 405 1
733 418 1
701 435 1
670 460 1
642 486 1
612 514 1
582 544 1
551 575 1
522 608 1
492 640 1
467 673 1
446 702 1
425 731 1
401 762 1
379 790 1
359 820 1
342 848 1
323 880 1
304 914 1
288 950 1
269 988 1
249 1021 1
230 1050 1
211 1075 1
201 1090 1
208 1081 0
