609 961 1
609 961 1
609 961 1
609 961 1
609 961 1
609 961 1
609 961 1
609 961 1
609 961 1
609 961 1
609 961 1
609 961 1
606 961 1
604 961 1
599 960 1
594 960 1
587 958 1
582 957 1
578 957 1
576 955 1
574 955 1
572 955 1
573 953 1
572 954 1
572 954 1
572 953 1
572 953 1
572 951 1
572 950 1
573 950 1
574 950 1
574 948 1
575 948 1
576 947 1
577 947 1
579 946 1
582 946 1
583 944 1
585 945 1
587 943 1
588 944 1
589 944 1
589 944 1
590 944 1
590 944 1
590 944 1
590 944 1
591 944 1
592 944 1
593 944 1
594 944 1
596 945 1
596 945 1
598 946 1
598 946 1
599 946 1
601 948 1
601 948 1
602 949 1
604 951 1
605 953 1
606 954 1
608 957 1
609 958 1
610 960 1
612 962 1
612 963 1
612 963 1
613 964 1
613 964 1
613 964 1
613 965 1
613 966 1
613 967 1
613 969 1
614 970 1
614 971 1
614 974 1
614 975 1
613 978 1
613 980 1
613 983 1
612 984 1
612 987 1
612 988 1
612 990 1
610 993 1
611 996 1
610 997 1
610 1000 1
608 1001 1
609 1004 1
607 1007 1
608 1010 1
607 1012 1
607 1014 1
607 1018 1
606 1020 1
604 1023 1
605 1026 1
603 1028 1
603 1031 1
602 1034 1
601 1036 1
601 1039 1
600 1042 1
600 1044 1
600 1047 1
598 1049 1
596 1051 1
595 1053 1
591 1055 1
587 1058 1
585 1059 1
583 1060 1
579 1062 1
577 1063 1
573 1064 1
571 1066 1
569 1066 1
566 1066 1
563 1066 1
562 1066 1
560 1065 1
557 1063 1
555 1062 1
552 1060 1
548 1056 1
546 1054 1
541 1049 1
538 1046 1
536 1042 1
534 1040 1
532 1037 1
530 1035 1
527 1030 1
524 1026 1
522 1024 1
520 1020 1
517 1017 1
516 1015 1
516 1013 1
514 1011 1
513 1009 1
510 1005 1
507 1001 1
506 997 1
504 994 1
502 990 1
503 986 1
502 982 1
503 979 1
503 975 1
503 973 1
503 969 1
504 967 1
504 963 1
506 960 1
507 958 1
508 955 1
510 952 1
513 950 1
513 946 1
515 943 1
516 941 1
518 936 1
520 931 1
523 927 1
525 923 1
528 919 1
531 917 1
532 913 1
534 910 1
536 908 1
537 906 1
539 903 1
540 901 1
541 900 1
542 898 1
542 898 1
542 898 1
543 898 1
543 897 1
545 896 1
548 896 1
551 895 1
555 895 1
558 893 1
562 894 1
566 894 1
571 894 1
573 893 1
576 893 1
577 893 1
580 893 1
584 893 1
588 893 1
592 893 1
597 893 1
599 894 1
604 894 1
609 894 1
614 894 1
619 893 1
625 893 1
629 893 1
632 893 1
635 893 1
637 893 1
641 893 1
645 894 1
649 894 1
651 895 1
655 895 1
657 895 1
660 896 1
662 896 1
664 896 1
666 896 1
668 896 1
670 896 1
672 897 1
674 897 1
675 897 1
676 897 1
677 895 1
677 895 1
678 896 1
678 896 1
678 896 1
678 896 1
680 896 1
681 896 1
683 896 1
686 897 1
687 897 1
689 898 1
691 899 1
694 900 1
696 901 1
699 903 1
701 905 1
703 907 1
705 909 1
707 910 1
708 911 1
710 914 1
711 916 1
712 917 1
713 920 1
714 922 1
715 925 1
715 926 1
715 929 1
716 931 1
716 933 1
716 935 1
716 938 1
716 940 1
716 942 1
716 945 1
716 947 1
716 949 1
717 953 1
717 955 1
716 960 1
716 963 1
716 967 1
717 969 1
717 973 1
717 974 1
717 977 1
717 979 1
717 982 1
716 982 1
716 985 1
714 986 1
715 988 1
715 991 1
713 992 1
714 995 1
714 997 1
714 1000 1
713 1002 1
713 1004 1
711 1007 1
710 1009 1
708 1012 1
707 1015 1
707 1018 1
705 1022 1
704 1025 1
703 1029 1
703 1033 1
703 1037 1
702 1039 1
700 1042 1
700 1045 1
699 1047 1
699 1050 1
697 1052 1
696 1054 1
694 1057 1
694 1060 1
693 1062 1
691 1064 1
691 1066 1
689 1069 1
690 1070 1
689 1072 1
689 1075 1
689 1076 1
688 1078 1
688 1081 1
688 1082 1
688 1083 1
688 1085 1
688 1085 1
688 1086 1
688 1087 1
688 1088 1
689 1088 1
689 1089 1
689 1090 1
689 1090 1
689 1091 1
689 1091 1
689 1092 1
689 1092 1
689 1092 1
689 1092 1
689 1092 1
689 1093 1
689 1093 1
689 1094 1
689 1094 1
689 1096 1
689 1096 1
688 1097 1
688 1099 1
688 1100 1
687 1101 1
687 1103 1
685 1104 1
686 1106 1
684 1108 1
685 1110 1
684 1112 1
684 1114 1
682 1115 1
682 1116 1
680 1118 1
679 1119 1
678 1120 1
675 1122 1
671 1123 1
665 1124 1
660 1125 1
656 1126 1
652 1127 1
649 1128 1
645 1129 1
643 1129 1
639 1131 1
634 1132 1
629 1133 1
621 1136 1
609 1138 1
599 1139 1
589 1141 1
582 1141 1
576 1141 1
572 1141 1
569 1141 1
567 1141 1
565 1141 1
564 1141 1
564 1139 1
564 1139 1
564 1139 1
564 1139 1
564 1139 1
562 1140 1
559 1138 1
557 1136 1
553 1133 1
547 1128 1
540 1123 1
533 1117 1
526 1112 1
520 1108 1
514 1102 1
509 1097 1
505 1093 1
501 1089 1
499 1085 1
497 1082 1
494 1078 1
493 1076 1
491 1071 1
488 1066 1
486 1062 1
483 1057 1
480 1051 1
479 1047 1
477 1042 1
474 1038 1
472 1034 1
470 1029 1
467 1024 1
465 1019 1
463 1013 1
460 1007 1
459 1002 1
457 996 1
455 992 1
454 987 1
455 982 1
455 978 1
455 974 1
455 971 1
456 967 1
456 965 1
456 961 1
456 958 1
456 955 1
457 952 1
457 950 1
458 947 1
458 945 1
459 941 1
460 936 1
462 929 1
464 924 1
465 918 1
467 912 1
467 907 1
468 903 1
470 899 1
471 895 1
472 892 1
474 889 1
476 887 1
478 884 1
481 881 1
482 877 1
485 875 1
489 872 1
491 871 1
497 867 1
502 863 1
509 861 1
515 855 1
523 851 1
533 847 1
543 842 1
553 838 1
562 836 1
571 833 1
579 831 1
587 829 1
596 827 1
605 825 1
614 824 1
622 823 1
629 821 1
635 822 1
638 822 1
642 823 1
646 823 1
652 824 1
659 826 1
666 828 1
672 830 1
680 833 1
689 837 1
698 841 1
704 845 1
710 848 1
715 851 1
717 852 1
720 854 1
723 856 1
724 858 1
727 859 1
730 862 1
732 864 1
737 869 1
742 875 1
746 881 1
752 888 1
756 892 1
758 897 1
759 899 1
762 902 1
763 904 1
764 907 1
767 910 1
768 914 1
771 917 1
774 921 1
775 925 1
777 929 1
778 932 1
779 936 1
780 940 1
782 944 1
782 950 1
784 955 1
786 960 1
787 966 1
788 969 1
789 972 1
790 976 1
790 978 1
791 981 1
791 983 1
791 985 1
791 987 1
792 989 1
792 992 1
793 994 1
793 996 1
794 1000 1
795 1004 1
795 1007 1
795 1011 1
795 1015 1
794 1020 1
794 1024 1
792 1029 1
793 1033 1
793 1037 1
794 1039 1
794 1043 1
795 1046 1
796 1049 1
796 1050 1
796 1053 1
796 1054 1
796 1056 1
796 1058 1
796 1059 1
795 1061 1
795 1063 1
796 1065 1
796 1066 1
796 1069 1
796 1072 1
796 1075 1
796 1080 1
794 1084 1
792 1090 1
791 1095 1
789 1101 1
786 1108 1
785 1113 1
783 1117 1
781 1122 1
780 1126 1
779 1129 1
777 1133 1
776 1135 1
775 1139 1
773 1143 1
774 1145 1
772 1148 1
770 1151 1
769 1155 1
767 1158 1
764 1161 1
762 1164 1
758 1168 1
753 1172 1
746 1176 1
735 1182 1
726 1186 1
717 1192 1
706 1195 1
695 1198 1
686 1202 1
678 1203 1
671 1205 1
665 1206 1
659 1207 1
652 1209 1
646 1209 1
639 1210 1
633 1211 1
626 1211 1
618 1211 1
609 1211 1
599 1210 1
592 1210 1
586 1210 1
580 1210 1
572 1208 1
561 1206 1
545 1201 1
532 1196 1
519 1192 1
511 1186 1
503 1182 1
493 1177 1
483 1169 1
472 1158 1
462 1146 1
452 1134 1
442 1122 1
436 1113 1
430 1104 1
422 1094 1
416 1084 1
407 1069 1
402 1058 1
397 1048 1
392 1036 1
389 1025 1
385 1014 1
386 999 1
386 985 1
389 969 1
393 952 1
397 935 1
402 919 1
408 906 1
415 892 1
426 877 1
439 860 1
452 844 1
465 831 1
479 818 1
494 807 1
504 800 1
511 794 1
516 792 1
519 789 1
522 787 1
524 786 1
527 786 1
530 784 1
534 783 1
542 781 1
555 777 1
575 775 1
600 772 1
624 769 1
647 768 1
666 770 1
682 772 1
693 775 1
700 776 1
707 779 1
710 782 1
715 783 1
722 785 1
731 788 1
740 791 1
748 795 1
754 798 1
760 800 1
766 803 1
771 807 1
777 812 1
782 817 1
787 823 1
793 829 1
797 835 1
801 840 1
805 846 1
809 850 1
811 853 1
813 856 1
815 857 1
816 859 1
818 861 1
818 862 1
819 863 1
820 865 1
820 865 1
821 867 1
824 870 1
825 876 1
829 882 1
833 889 1
836 897 1
839 903 1
842 909 1
846 914 1
848 917 1
851 921 1
853 924 1
854 926 1
855 929 1
856 932 1
856 936 1
856 941 1
856 946 1
856 953 1
856 957 1
856 962 1
856 966 1
856 970 1
856 974 1
856 977 1
857 981 1
857 984 1
859 987 1
860 991 1
862 993 1
864 996 1
865 999 1
866 1000 1
867 1002 1
867 1005 1
867 1007 1
868 1011 1
867 1018 1
867 1024 1
867 1031 1
866 1037 1
866 1042 1
866 1048 1
867 1053 1
867 1057 1
868 1062 1
868 1066 1
869 1069 1
870 1073 1
870 1075 1
871 1077 1
871 1079 1
871 1081 1
872 1085 1
872 1089 1
872 1095 1
872 1100 1
872 1105 1
872 1111 1
872 1117 1
870 1123 1
871 1130 1
871 1136 1
872 1145 1
872 1153 1
874 1159 1
874 1166 1
875 1171 1
877 1175 1
877 1179 1
877 1181 1
877 1184 1
875 1188 1
874 1192 1
871 1198 1
867 1205 1
861 1211 1
853 1221 1
846 1228 1
836 1238 1
827 1247 1
821 1254 1
813 1261 1
807 1265 1
798 1270 1
790 1273 1
782 1275 1
775 1276 1
767 1278 1
754 1276 1
742 1276 1
729 1274 1
720 1273 1
713 1273 1
707 1273 1
702 1273 1
693 1274 1
683 1276 1
673 1277 1
660 1279 1
647 1282 1
636 1283 1
623 1285 1
614 1286 1
606 1287 1
600 1287 1
594 1288 1
590 1288 1
585 1287 1
581 1287 1
578 1287 1
576 1287 1
573 1287 1
567 1287 1
558 1287 1
547 1288 1
534 1288 1
522 1288 1
511 1288 1
504 1288 1
498 1286 1
494 1287 1
491 1287 1
488 1287 1
486 1285 1
481 1286 1
476 1286 1
469 1284 1
458 1285 1
448 1283 1
441 1284 1
431 1282 1
423 1279 1
413 1275 1
402 1269 1
392 1264 1
385 1259 1
380 1255 1
375 1252 1
371 1248 1
367 1245 1
364 1242 1
360 1237 1
356 1231 1
352 1223 1
348 1214 1
344 1207 1
341 1199 1
338 1193 1
334 1186 1
330 1178 1
325 1167 1
319 1156 1
313 1145 1
308 1135 1
304 1125 1
302 1117 1
300 1111 1
297 1104 1
296 1099 1
294 1092 1
292 1085 1
291 1078 1
290 1070 1
288 1061 1
289 1054 1
288 1045 1
289 1036 1
289 1027 1
289 1017 1
290 1006 1
290 996 1
290 988 1
292 981 1
293 975 1
297 966 1
303 957 1
311 947 1
319 934 1
325 923 1
329 914 1
331 905 1
333 898 1
333 891 1
334 885 1
334 880 1
335 876 1
336 871 1
338 866 1
342 860 1
346 853 1
352 845 1
360 835 1
368 824 1
379 812 1
392 796 1
408 780 1
422 766 1
433 755 1
444 744 1
453 738 1
463 730 1
474 724 1
486 719 1
497 712 1
509 707 1
520 702 1
534 697 1
546 693 1
560 689 1
571 685 1
580 682 1
588 680 1
595 679 1
603 677 1
609 676 1
615 675 1
622 675 1
632 674 1
643 673 1
658 673 1
674 674 1
689 675 1
699 676 1
706 677 1
712 678 1
714 679 1
717 679 1
719 679 1
721 680 1
723 680 1
726 682 1
730 683 1
737 687 1
745 692 1
755 697 1
765 703 1
775 708 1
781 712 1
787 715 1
790 718 1
794 719 1
795 721 1
797 723 1
798 724 1
799 726 1
802 731 1
806 739 1
811 748 1
819 759 1
827 768 1
835 778 1
842 786 1
846 793 1
850 801 1
854 807 1
856 814 1
858 822 1
862 828 1
864 836 1
868 844 1
872 852 1
874 861 1
878 869 1
880 877 1
882 886 1
885 894 1
886 901 1
889 908 1
893 916 1
895 923 1
898 931 1
901 937 1
902 944 1
903 950 1
904 957 1
903 962 1
903 968 1
904 973 1
905 979 1
906 985 1
908 990 1
911 997 1
913 1003 1
915 1010 1
916 1016 1
918 1023 1
920 1030 1
922 1036 1
924 1042 1
926 1049 1
929 1055 1
932 1061 1
933 1066 1
935 1072 1
938 1078 1
939 1083 1
940 1089 1
941 1095 1
942 1102 1
942 1107 1
943 1113 1
944 1118 1
944 1122 1
945 1126 1
945 1130 1
945 1134 1
945 1139 1
943 1145 1
943 1153 1
941 1161 1
941 1168 1
941 1174 1
939 1179 1
940 1184 1
940 1188 1
938 1192 1
937 1196 1
936 1200 1
934 1204 1
933 1208 1
931 1212 1
932 1216 1
931 1220 1
929 1224 1
930 1229 1
928 1234 1
926 1239 1
924 1244 1
921 1249 1
918 1254 1
914 1261 1
908 1266 1
904 1271 1
900 1275 1
897 1279 1
894 1282 1
892 1285 1
889 1287 1
886 1289 1
884 1292 1
881 1295 1
877 1299 1
869 1305 1
854 1310 1
836 1317 1
816 1323 1
800 1328 1
788 1332 1
781 1335 1
776 1337 1
773 1339 1
771 1339 1
769 1340 1
768 1340 1
768 1340 1
767 1341 1
766 1341 1
762 1342 1
757 1345 1
751 1347 1
742 1349 1
733 1352 1
722 1353 1
710 1356 1
700 1358 1
687 1360 1
675 1361 1
664 1362 1
655 1363 1
650 1363 1
646 1363 1
642 1363 1
638 1363 1
634 1364 1
630 1364 1
627 1364 1
624 1364 1
622 1364 1
620 1364 1
616 1365 1
614 1365 1
608 1365 1
602 1366 1
599 1366 1
595 1366 1
591 1367 1
586 1367 1
580 1367 1
573 1368 1
563 1369 1
551 1369 1
540 1369 1
530 1367 1
522 1367 1
516 1365 1
510 1365 1
505 1365 1
500 1365 1
495 1365 1
491 1365 1
486 1365 1
480 1365 1
473 1365 1
465 1365 1
456 1365 1
447 1365 1
434 1365 1
419 1364 1
403 1362 1
388 1360 1
376 1357 1
365 1354 1
356 1352 1
350 1348 1
344 1344 1
340 1340 1
334 1334 1
327 1327 1
315 1316 1
304 1304 1
291 1290 1
282 1275 1
273 1262 1
268 1250 1
263 1237 1
260 1222 1
256 1206 1
256 1190 1
254 1174 1
253 1157 1
253 1141 1
251 1125 1
250 1111 1
250 1097 1
248 1082 1
247 1068 1
246 1055 1
244 1043 1
245 1034 1
245 1023 1
246 1012 1
247 998 1
251 982 1
254 968 1
257 953 1
258 938 1
260 925 1
261 913 1
261 904 1
259 896 1
260 890 1
259 885 1
259 880 1
257 876 1
257 871 1
257 864 1
255 857 1
257 848 1
260 837 1
269 824 1
280 808 1
294 790 1
306 775 1
319 761 1
331 748 1
343 734 1
356 719 1
369 703 1
383 689 1
397 675 1
412 661 1
428 647 1
446 633 1
466 621 1
485 613 1
500 605 1
512 600 1
520 596 1
526 592 1
533 590 1
540 587 1
546 585 1
552 583 1
560 582 1
571 579 1
586 578 1
609 578 1
634 580 1
654 582 1
670 584 1
679 585 1
684 586 1
689 587 1
693 587 1
696 588 1
699 589 1
703 590 1
706 591 1
710 594 1
714 595 1
717 598 1
721 601 1
727 605 1
732 610 1
737 614 1
743 618 1
750 623 1
755 627 1
761 631 1
763 633 1
765 635 1
766 638 1
767 639 1
770 643 1
774 650 1
780 658 1
787 668 1
794 678 1
800 687 1
804 693 1
808 699 1
812 704 1
814 708 1
815 711 1
818 715 1
819 719 1
823 724 1
828 731 1
832 739 1
836 747 1
839 753 1
843 761 1
847 767 1
851 773 1
857 782 1
862 790 1
866 799 1
872 808 1
874 815 1
878 821 1
882 827 1
887 832 1
891 836 1
897 842 1
902 847 1
907 852 1
913 858 1
916 861 1
920 864 1
922 867 1
924 868 1
927 871 1
930 875 1
934 880 1
941 886 1
948 892 1
955 899 1
960 904 1
966 908 1
971 912 1
975 916 1
977 918 1
979 920 1
981 922 1
982 924 1
984 927 1
985 929 1
986 931 1
989 935 1
990 939 1
992 945 1
994 951 1
997 960 1
998 966 1
1000 973 1
1001 979 1
1001 986 1
999 994 1
1000 1003 1
1000 1012 1
1000 1020 1
1000 1028 1
1000 1034 1
1000 1040 1
1000 1045 1
1001 1049 1
1001 1055 1
1001 1059 1
1001 1064 1
1001 1068 1
1001 1073 1
1001 1078 1
1001 1083 1
1001 1089 1
1001 1095 1
1001 1100 1
1000 1105 1
1000 1110 1
1000 1114 1
999 1116 1
999 1120 1
999 1121 1
998 1124 1
998 1126 1
998 1129 1
998 1130 1
998 1132 1
998 1133 1
998 1135 1
998 1138 1
998 1139 1
998 1142 1
999 1145 1
999 1151 1
999 1156 1
1000 1163 1
1000 1169 1
1002 1175 1
1004 1180 1
1005 1184 1
1006 1188 1
1007 1190 1
1007 1192 1
1007 1195 1
1008 1196 1
1008 1199 1
1009 1202 1
1010 1204 1
1010 1209 1
1011 1213 1
1011 1219 1
1012 1226 1
1012 1234 1
1012 1240 1
1012 1248 1
1010 1253 1
1011 1260 1
1010 1263 1
1008 1267 1
1007 1271 1
1006 1274 1
1006 1277 1
1004 1280 1
1003 1283 1
1000 1286 1
999 1290 1
996 1294 1
994 1296 1
992 1299 1
989 1303 1
985 1305 1
980 1310 1
975 1314 1
971 1319 1
966 1324 1
963 1328 1
959 1330 1
954 1334 1
949 1337 1
944 1341 1
938 1343 1
933 1346 1
928 1349 1
923 1351 1
919 1353 1
914 1356 1
910 1357 1
906 1360 1
899 1364 1
891 1369 1
879 1375 1
864 1382 1
852 1388 1
839 1395 1
825 1398 1
812 1402 1
798 1405 1
788 1406 1
778 1407 1
772 1407 1
767 1407 1
763 1408 1
761 1408 1
759 1409 1
756 1409 1
755 1409 1
753 1409 1
753 1409 1
751 1409 1
751 1409 1
750 1409 1
749 1410 1
744 1410 1
739 1412 1
734 1412 1
728 1413 1
724 1414 1
719 1415 1
714 1415 1
711 1416 1
707 1417 1
705 1417 1
703 1418 1
700 1419 1
698 1419 1
694 1421 1
688 1422 1
680 1424 1
669 1427 1
658 1430 1
649 1433 1
641 1436 1
635 1438 1
629 1440 1
625 1441 1
622 1442 1
618 1443 1
614 1444 1
609 1444 1
602 1445 1
596 1445 1
587 1446 1
580 1446 1
573 1447 1
567 1447 1
562 1448 1
558 1448 1
553 1449 1
548 1449 1
544 1449 1
540 1449 1
536 1450 1
531 1450 1
523 1450 1
516 1450 1
512 1450 1
508 1449 1
503 1449 1
498 1449 1
491 1447 1
484 1445 1
476 1443 1
468 1442 1
461 1440 1
455 1438 1
450 1437 1
444 1435 1
441 1435 1
437 1433 1
433 1434 1
429 1433 1
424 1431 1
418 1430 1
410 1430 1
401 1428 1
393 1429 1
386 1429 1
378 1429 1
371 1429 1
367 1429 1
361 1430 1
356 1430 1
349 1430 1
341 1430 1
330 1430 1
320 1430 1
309 1431 1
302 1429 1
291 1429 1
276 1426 1
261 1422 1
243 1415 1
228 1408 1
217 1402 1
207 1395 1
199 1388 1
190 1381 1
181 1372 1
174 1362 1
170 1352 1
166 1343 1
162 1333 1
159 1322 1
158 1310 1
156 1296 1
157 1281 1
157 1265 1
157 1249 1
155 1232 1
155 1215 1
156 1199 1
156 1187 1
158 1175 1
160 1164 1
163 1153 1
167 1141 1
169 1129 1
173 1112 1
177 1091 1
181 1063 1
183 1034 1
182 1047 0
