281 938 1
279 938 1
279 938 1
279 938 1
279 938 1
278 938 1
276 938 1
273 938 1
269 938 1
266 938 1
261 939 1
256 940 1
251 940 1
245 942 1
240 943 1
235 945 1
231 947 1
227 949 1
224 951 1
220 954 1
217 957 1
213 961 1
210 964 1
207 969 1
204 973 1
201 978 1
199 982 1
195 988 1
194 991 1
192 995 1
190 999 1
189 1003 1
187 1006 1
187 1011 1
187 1016 1
186 1020 1
187 1023 1
187 1028 1
187 1033 1
188 1036 1
189 1041 1
189 1044 1
191 1047 1
191 1049 1
193 1052 1
193 1055 1
196 1058 1
202 1062 1
209 1065 1
218 1069 1
227 1071 1
234 1074 1
242 1076 1
250 1078 1
259 1081 1
267 1083 1
276 1085 1
284 1086 1
293 1088 1
300 1090 1
306 1093 1
314 1096 1
321 1099 1
327 1102 1
335 1106 1
342 1109 1
348 1113 1
352 1116 1
356 1119 1
359 1122 1
362 1125 1
365 1128 1
366 1131 1
368 1134 1
369 1137 1
370 1140 1
370 1143 1
370 1146 1
369 1149 1
369 1154 1
368 1156 1
365 1161 1
363 1165 1
360 1170 1
356 1174 1
350 1178 1
342 1184 1
330 1190 1
319 1196 1
309 1200 1
299 1204 1
289 1207 1
279 1209 1
268 1211 1
257 1213 1
246 1215 1
237 1216 1
228 1217 1
221 1218 1
212 1219 1
203 1219 1
193 1219 1
183 1219 1
175 1219 1
166 1217 1
158 1215 1
150 1214 1
143 1212 1
136 1210 1
129 1207 1
124 1205 1
116 1200 1
111 1196 1
105 1192 1
100 1188 1
98 1185 1
95 1182 1
93 1179 1
90 1177 1
89 1174 1
87 1172 1
86 1170 1
86 1167 1
85 1165 1
85 1162 1
85 1159 1
86 1155 1
88 1150 1
91 1144 1
97 1138 1
103 1130 1
109 1123 1
117 1117 1
123 1111 1
131 1107 1
137 1104 1
145 1101 1
155 1097 1
162 1094 1
170 1091 1
176 1088 1
183 1086 1
191 1084 1
198 1082 1
206 1080 1
212 1079 1
219 1077 1
225 1076 1
229 1075 1
234 1073 1
238 1073 1
244 1072 1
250 1072 1
256 1072 1
262 1071 1
268 1071 1
273 1071 1
278 1071 1
284 1071 1
290 1071 1
296 1070 1
303 1070 1
309 1068 1
315 1066 1
320 1064 1
324 1062 1
330 1060 1
336 1057 1
345 1053 1
353 1049 1
360 1045 1
366 1042 1
370 1038 1
375 1035 1
379 1032 1
384 1029 1
388 1026 1
391 1023 1
392 1020 1
394 1017 1
395 1014 1
396 1010 1
396 1006 1
394 1000 1
393 995 1
391 990 1
389 985 1
385 978 1
381 974 1
378 969 1
375 964 1
371 961 1
368 958 1
364 956 1
361 953 1
355 951 1
348 948 1
341 946 1
333 943 1
323 941 1
313 939 1
303 937 1
295 935 1
289 934 1
283 932 1
278 932 1
276 932 1
278 932 0
660 978 1
660 978 1
660 978 1
660 978 1
660 978 1
658 978 1
658 978 1
655 978 1
651 978 1
647 978 1
642 979 1
637 980 1
631 981 1
625 983 1
620 984 1
615 985 1
609 987 1
604 988 1
596 991 1
591 993 1
585 996 1
580 998 1
576 1001 1
570 1004 1
566 1007 1
561 1011 1
557 1014 1
553 1019 1
550 1023 1
547 1028 1
544 1032 1
542 1036 1
540 1039 1
539 1042 1
537 1045 1
537 1048 1
535 1051 1
536 1054 1
536 1057 1
536 1060 1
536 1063 1
536 1065 1
536 1068 1
536 1071 1
537 1074 1
538 1077 1
541 1081 1
547 1087 1
555 1091 1
561 1094 1
567 1098 1
572 1100 1
577 1102 1
580 1104 1
585 1104 1
591 1105 1
597 1106 1
606 1108 1
615 1109 1
625 1111 1
632 1112 1
640 1113 1
646 1114 1
652 1115 1
658 1116 1
663 1118 1
667 1118 1
672 1120 1
676 1121 1
681 1123 1
685 1124 1
690 1126 1
693 1127 1
697 1128 1
701 1129 1
706 1131 1
711 1133 1
717 1135 1
721 1136 1
725 1138 1
730 1140 1
732 1141 1
735 1143 1
737 1144 1
739 1145 1
740 1146 1
742 1147 1
742 1148 1
743 1148 1
743 1148 1
743 1148 1
743 1148 1
743 1148 1
743 1148 1
743 1148 1
742 1148 1
742 1150 1
741 1151 1
739 1154 1
737 1156 1
732 1159 1
728 1162 1
723 1165 1
719 1168 1
713 1171 1
707 1174 1
701 1177 1
694 1180 1
685 1183 1
673 1185 1
662 1188 1
651 1190 1
642 1192 1
631 1193 1
621 1194 1
611 1195 1
601 1195 1
592 1196 1
585 1196 1
578 1196 1
573 1197 1
569 1197 1
564 1198 1
559 1198 1
554 1198 1
549 1198 1
542 1198 1
537 1196 1
529 1194 1
522 1193 1
516 1191 1
512 1190 1
508 1189 1
503 1187 1
500 1186 1
494 1184 1
489 1181 1
483 1178 1
477 1176 1
471 1174 1
466 1172 1
461 1169 1
459 1168 1
456 1166 1
454 1165 1
452 1163 1
450 1161 1
448 1159 1
446 1156 1
444 1153 1
442 1148 1
439 1143 1
437 1137 1
437 1131 1
436 1126 1
436 1121 1
437 1117 1
439 1113 1
440 1110 1
443 1107 1
446 1104 1
451 1100 1
457 1096 1
466 1091 1
475 1087 1
487 1084 1
497 1082 1
510 1078 1
520 1077 1
527 1076 1
536 1075 1
544 1075 1
553 1075 1
562 1075 1
571 1076 1
579 1076 1
587 1076 1
596 1076 1
606 1076 1
616 1076 1
624 1077 1
633 1077 1
640 1077 1
648 1076 1
654 1076 1
662 1074 1
670 1072 1
677 1072 1
683 1070 1
688 1069 1
692 1069 1
697 1067 1
700 1067 1
703 1065 1
705 1063 1
707 1062 1
710 1060 1
711 1058 1
713 1055 1
715 1052 1
717 1048 1
718 1044 1
720 1040 1
720 1038 1
721 1035 1
721 1030 1
720 1028 1
720 1025 1
718 1021 1
716 1016 1
711 1011 1
705 1006 1
695 999 1
684 992 1
672 985 1
661 981 1
653 977 1
651 976 1
653 977 0
911 979 1
909 977 1
909 977 1
908 978 1
907 978 1
905 978 1
903 978 1
900 978 1
898 979 1
893 980 1
891 981 1
888 982 1
885 985 1
882 986 1
879 989 1
877 991 1
874 996 1
871 999 1
869 1002 1
868 1007 1
866 1013 1
865 1019 1
865 1025 1
865 1030 1
865 1036 1
866 1041 1
867 1045 1
868 1049 1
871 1052 1
872 1056 1
875 1060 1
879 1063 1
883 1067 1
889 1071 1
896 1076 1
902 1080 1
908 1084 1
914 1088 1
920 1093 1
926 1097 1
933 1102 1
938 1104 1
944 1108 1
949 1113 1
952 1115 1
957 1118 1
959 1120 1
962 1123 1
963 1124 1
965 1126 1
965 1126 1
966 1127 1
966 1128 1
966 1129 1
966 1129 1
966 1131 1
965 1132 1
963 1134 1
962 1135 1
960 1137 1
956 1140 1
951 1144 1
942 1149 1
933 1153 1
923 1157 1
913 1160 1
904 1162 1
893 1165 1
881 1166 1
869 1167 1
859 1167 1
850 1168 1
841 1168 1
834 1168 1
826 1167 1
818 1167 1
811 1166 1
803 1164 1
797 1165 1
791 1163 1
787 1164 1
782 1161 1
780 1162 1
776 1160 1
773 1158 1
770 1158 1
767 1156 1
765 1152 1
763 1149 1
763 1146 1
761 1141 1
763 1137 1
766 1131 1
772 1123 1
780 1116 1
794 1107 1
806 1100 1
819 1094 1
828 1090 1
836 1086 1
842 1084 1
849 1081 1
856 1079 1
864 1078 1
873 1076 1
882 1075 1
892 1075 1
901 1073 1
910 1071 1
918 1071 1
927 1069 1
935 1068 1
944 1066 1
951 1065 1
957 1064 1
965 1064 1
971 1061 1
977 1059 1
983 1057 1
986 1054 1
991 1053 1
994 1051 1
997 1049 1
999 1047 1
1002 1045 1
1004 1043 1
1006 1041 1
1008 1038 1
1010 1036 1
1012 1031 1
1013 1028 1
1014 1022 1
1014 1014 1
1014 1007 1
1012 1000 1
1009 994 1
1008 989 1
1005 985 1
1001 981 1
997 977 1
991 973 1
986 970 1
979 968 1
973 966 1
965 965 1
955 965 1
943 965 1
929 967 1
911 969 1
889 972 1
867 976 1
875 975 0
