1029 435 1
1029 435 1
1029 435 1
1029 435 1
1029 435 1
1029 435 1
1029 435 1
1029 435 1
1029 435 1
1029 435 1
1029 435 1
1029 435 1
1029 435 1
1029 435 1
1029 435 1
1029 435 1
1028 435 1
1028 435 1
1028 435 1
1026 436 1
1026 438 1
1026 440 1
1025 442 1
1023 445 1
1022 448 1
1023 451 1
1022 454 1
1021 456 1
1019 459 1
1020 461 1
1020 464 1
1019 467 1
1019 470 1
1018 472 1
1018 475 1
1017 479 1
1017 483 1
1017 487 1
1016 490 1
1016 493 1
1015 498 1
1013 502 1
1014 506 1
1012 510 1
1012 514 1
1010 519 1
1010 522 1
1008 527 1
1006 532 1
1004 537 1
1002 542 1
1000 548 1
998 553 1
996 558 1
994 564 1
993 568 1
990 574 1
989 578 1
987 585 1
985 590 1
985 595 1
983 600 1
984 604 1
982 609 1
983 614 1
983 617 1
983 622 1
984 627 1
984 630 1
985 633 1
985 638 1
986 643 1
987 647 1
988 651 1
989 656 1
989 661 1
990 665 1
991 672 1
993 678 1
993 684 1
995 690 1
996 696 1
997 703 1
999 708 1
999 712 1
1001 717 1
1001 723 1
1002 727 1
1003 733 1
1004 739 1
1005 744 1
1006 749 1
1007 755 1
1007 760 1
1008 764 1
1008 769 1
1008 773 1
1008 778 1
1008 781 1
1008 786 1
1008 789 1
1007 793 1
1007 798 1
1006 801 1
1005 804 1
1003 807 1
1003 811 1
1001 814 1
999 818 1
996 821 1
990 824 1
984 827 1
978 830 1
972 832 1
966 835 1
961 836 1
956 838 1
952 838 1
949 839 1
946 839 1
943 840 1
941 840 1
938 840 1
936 840 1
934 840 1
933 840 1
931 840 1
931 841 1
929 841 1
927 841 1
927 840 1
925 840 1
924 840 1
924 840 1
922 840 1
920 838 1
920 839 1
918 839 1
916 838 1
915 837 1
913 837 1
911 836 1
908 836 1
905 835 1
901 835 1
897 834 1
893 832 1
888 832 1
883 830 1
875 828 1
867 825 1
859 820 1
852 818 1
845 812 1
839 807 1
833 803 1
828 798 1
825 794 1
823 791 1
821 788 1
820 784 1
820 779 1
819 775 1
818 770 1
818 766 1
818 760 1
818 754 1
819 746 1
819 738 1
819 730 1
820 723 1
821 715 1
823 707 1
825 700 1
829 694 1
833 687 1
837 682 1
840 678 1
845 674 1
850 670 1
855 667 1
859 665 1
862 664 1
865 662 1
867 661 1
870 661 1
872 661 1
873 660 1
874 660 1
874 660 1
874 660 1
874 660 1
874 661 1
876 663 1
879 668 1
885 679 1
891 689 1
900 701 1
911 714 1
921 726 1
930 738 1
938 747 1
944 757 1
949 763 1
951 768 1
955 772 1
956 775 1
956 778 1
957 783 1
958 790 1
958 799 1
957 810 1
955 822 1
954 835 1
951 849 1
948 865 1
947 880 1
943 897 1
941 911 1
938 926 1
935 940 1
932 954 1
929 970 1
927 987 1
926 1007 1
924 1024 1
925 1039 1
925 1054 1
923 1069 1
924 1087 1
922 1102 1
922 1114 1
920 1123 1
918 1131 1
915 1137 1
911 1144 1
907 1149 1
903 1154 1
897 1158 1
889 1162 1
891 1162 0
756 468 1
756 468 1
756 468 1
756 468 1
756 468 1
754 468 1
754 468 1
752 470 1
749 474 1
746 478 1
743 482 1
740 485 1
737 490 1
733 495 1
730 499 1
727 504 1
724 509 1
722 512 1
719 517 1
718 521 1
717 526 1
717 532 1
716 537 1
714 543 1
714 548 1
712 554 1
712 560 1
712 567 1
710 577 1
708 587 1
707 596 1
707 604 1
707 612 1
707 618 1
707 624 1
707 629 1
708 634 1
709 640 1
710 646 1
711 651 1
712 657 1
712 662 1
713 668 1
715 675 1
715 681 1
716 686 1
717 692 1
717 699 1
718 708 1
719 718 1
720 729 1
722 739 1
723 748 1
725 757 1
727 765 1
729 771 1
732 778 1
735 784 1
739 789 1
742 794 1
744 798 1
746 803 1
748 806 1
749 809 1
750 812 1
750 814 1
751 817 1
751 821 1
752 824 1
752 828 1
752 832 1
752 837 1
752 843 1
752 850 1
751 857 1
751 865 1
751 872 1
751 878 1
751 883 1
751 889 1
751 894 1
752 898 1
752 903 1
753 907 1
753 911 1
753 915 1
754 918 1
754 922 1
754 925 1
754 928 1
753 931 1
751 936 1
750 940 1
748 946 1
744 953 1
737 960 1
729 965 1
720 971 1
712 975 1
703 978 1
694 981 1
686 983 1
677 985 1
668 986 1
661 987 1
655 987 1
649 985 1
645 986 1
641 984 1
637 984 1
633 981 1
624 972 1
618 964 1
615 957 1
612 952 1
609 947 1
607 942 1
604 938 1
604 935 1
602 932 1
603 929 1
603 926 1
603 922 1
604 918 1
605 914 1
607 908 1
611 904 1
617 899 1
623 895 1
631 892 1
638 889 1
643 888 1
649 888 1
653 888 1
657 888 1
662 888 1
670 891 1
675 900 1
680 907 1
686 924 1
691 943 1
694 964 1
697 985 1
701 1005 1
702 1022 1
702 1039 1
702 1058 1
702 1076 1
702 1093 1
702 1106 1
702 1116 1
702 1128 1
700 1151 1
700 1152 1
700 1152 0
555 538 1
555 538 1
555 538 1
555 538 1
555 538 1
555 538 1
555 538 1
555 538 1
555 538 1
553 538 1
553 538 1
551 541 1
547 545 1
545 548 1
540 552 1
538 554 1
535 557 1
534 558 1
532 560 1
531 562 1
529 564 1
529 566 1
527 568 1
528 571 1
528 574 1
529 577 1
529 580 1
530 583 1
530 588 1
531 591 1
531 596 1
532 599 1
532 602 1
533 607 1
534 610 1
535 613 1
537 616 1
538 619 1
540 622 1
541 624 1
543 626 1
543 628 1
543 630 1
543 632 1
543 635 1
543 638 1
542 642 1
542 647 1
540 651 1
540 655 1
539 660 1
539 664 1
539 668 1
540 673 1
540 677 1
541 682 1
542 686 1
542 691 1
543 695 1
543 699 1
544 704 1
544 709 1
545 717 1
545 724 1
546 731 1
546 739 1
546 747 1
547 755 1
547 762 1
549 768 1
550 773 1
551 777 1
554 783 1
557 788 1
560 792 1
562 795 1
563 799 1
565 803 1
565 807 1
566 811 1
566 816 1
565 821 1
565 826 1
564 832 1
564 838 1
563 846 1
563 855 1
563 864 1
563 875 1
564 885 1
564 894 1
564 902 1
563 911 1
561 922 1
554 940 1
544 955 1
535 964 1
521 976 1
511 982 1
502 987 1
494 990 1
485 994 1
476 996 1
468 997 1
459 998 1
450 997 1
442 995 1
436 994 1
430 991 1
423 978 1
420 965 1
417 950 1
417 941 1
416 933 1
416 928 1
416 923 1
416 920 1
416 917 1
416 915 1
416 913 1
416 912 1
416 912 1
416 911 1
416 911 1
416 911 1
417 910 1
419 907 1
421 907 1
425 905 1
431 904 1
437 902 1
443 902 1
447 902 1
451 902 1
454 902 1
456 902 1
458 903 1
459 903 1
462 906 1
469 921 1
473 938 1
477 955 1
480 972 1
484 989 1
490 1009 1
497 1026 1
503 1040 1
509 1052 1
513 1063 1
518 1076 1
521 1089 1
525 1103 1
526 1124 1
521 1147 1
513 1173 1
514 1171 0
284 635 1
282 635 1
282 635 1
282 636 1
282 636 1
282 636 1
282 636 1
282 636 1
282 636 1
282 636 1
282 636 1
282 636 1
282 636 1
282 637 1
281 637 1
279 638 1
278 640 1
276 642 1
275 644 1
273 646 1
271 649 1
270 651 1
268 653 1
268 655 1
266 657 1
266 659 1
266 661 1
265 664 1
265 669 1
265 671 1
265 674 1
265 679 1
265 682 1
265 686 1
265 689 1
265 692 1
266 695 1
266 697 1
267 700 1
267 702 1
267 705 1
268 707 1
269 711 1
269 712 1
269 716 1
269 718 1
267 721 1
268 724 1
268 727 1
268 731 1
268 734 1
267 737 1
267 740 1
267 744 1
267 748 1
267 752 1
268 756 1
268 760 1
269 764 1
269 766 1
269 769 1
270 771 1
270 774 1
270 777 1
270 780 1
270 784 1
270 787 1
270 790 1
270 794 1
270 798 1
270 802 1
269 806 1
269 809 1
269 812 1
269 814 1
269 817 1
269 821 1
269 824 1
269 827 1
270 830 1
270 833 1
271 836 1
271 839 1
272 842 1
273 844 1
274 846 1
274 847 1
274 848 1
275 850 1
275 851 1
276 853 1
276 857 1
277 861 1
278 867 1
279 873 1
280 879 1
281 885 1
282 891 1
284 896 1
285 900 1
286 903 1
287 906 1
287 908 1
288 910 1
288 911 1
289 913 1
289 913 1
289 915 1
289 918 1
289 923 1
289 928 1
288 933 1
288 938 1
287 941 1
287 944 1
286 946 1
286 948 1
286 949 1
286 951 1
286 951 1
286 953 1
285 957 1
284 961 1
284 966 1
283 969 1
281 973 1
282 976 1
280 979 1
280 981 1
280 984 1
279 987 1
277 989 1
276 992 1
276 993 1
276 994 1
275 994 1
273 995 1
273 996 1
271 997 1
271 997 1
269 999 1
266 1000 1
261 1002 1
257 1003 1
252 1005 1
247 1007 1
243 1008 1
240 1010 1
236 1011 1
233 1012 1
230 1012 1
227 1013 1
225 1013 1
223 1013 1
221 1011 1
221 1011 1
221 1012 1
221 1012 1
220 1011 1
219 1009 1
219 1007 1
218 1006 1
216 1003 1
216 994 1
216 985 1
215 977 1
213 968 1
211 960 1
211 954 1
209 948 1
209 941 1
209 935 1
208 928 1
208 924 1
208 918 1
208 913 1
209 910 1
210 905 1
211 901 1
211 899 1
212 896 1
212 895 1
213 893 1
213 893 1
213 893 1
213 893 1
213 893 1
213 893 1
219 896 1
226 898 1
231 904 1
238 910 1
244 917 1
250 924 1
255 933 1
260 944 1
265 956 1
268 969 1
271 992 1
272 1010 1
271 1028 1
271 1042 1
270 1053 1
270 1069 1
270 1087 1
269 1100 1
267 1113 1
265 1134 1
259 1152 1
251 1173 1
242 1191 1
232 1216 1
218 1241 1
205 1264 1
206 1263 0
