92 1385 1
92 1385 1
92 1385 1
92 1385 1
92 1385 1
92 1385 1
92 1385 1
92 1385 1
92 1385 1
92 1385 1
92 1385 1
92 1385 1
92 1383 1
92 1383 1
92 1382 1
93 1380 1
94 1378 1
97 1374 1
98 1370 1
101 1367 1
102 1362 1
105 1359 1
107 1354 1
109 1349 1
111 1344 1
112 1340 1
114 1336 1
115 1331 1
116 1325 1
116 1319 1
116 1312 1
116 1302 1
116 1293 1
115 1282 1
112 1275 1
110 1268 1
109 1263 1
109 1258 1
107 1253 1
105 1249 1
104 1243 1
104 1238 1
103 1232 1
101 1226 1
102 1217 1
102 1209 1
103 1198 1
103 1188 1
105 1180 1
106 1170 1
108 1162 1
108 1153 1
111 1145 1
113 1137 1
115 1130 1
119 1123 1
122 1117 1
126 1111 1
131 1104 1
135 1098 1
142 1089 1
148 1080 1
155 1069 1
161 1061 1
166 1055 1
171 1049 1
174 1044 1
176 1041 1
178 1038 1
179 1034 1
181 1030 1
182 1024 1
184 1018 1
184 1013 1
186 1005 1
187 999 1
189 991 1
190 983 1
190 977 1
191 972 1
191 967 1
191 963 1
191 958 1
189 954 1
190 949 1
188 944 1
188 939 1
186 933 1
186 926 1
184 919 1
182 911 1
181 903 1
179 896 1
178 888 1
176 880 1
175 872 1
173 866 1
172 861 1
172 856 1
169 852 1
168 849 1
166 846 1
166 845 1
166 843 1
165 843 1
165 843 1
165 843 1
164 843 1
162 843 1
160 845 1
154 856 1
146 873 1
139 895 1
132 918 1
128 936 1
128 947 1
128 953 1
128 959 1
128 964 1
127 971 1
127 979 1
127 997 1
127 1011 1
127 1021 1
127 1030 1
127 1040 1
126 1052 1
124 1075 1
123 1087 1
123 1097 1
122 1105 1
122 1111 1
122 1118 1
122 1123 1
122 1129 1
122 1137 1
122 1145 1
123 1154 1
125 1165 1
126 1174 1
129 1181 1
131 1189 1
136 1195 1
140 1203 1
147 1211 1
153 1219 1
159 1228 1
164 1236 1
169 1242 1
172 1248 1
176 1253 1
179 1259 1
181 1263 1
184 1268 1
186 1273 1
188 1277 1
190 1282 1
191 1287 1
193 1291 1
194 1295 1
195 1298 1
196 1301 1
197 1304 1
199 1308 1
202 1312 1
205 1315 1
207 1319 1
210 1321 1
214 1324 1
217 1326 1
219 1328 1
222 1330 1
224 1331 1
226 1333 1
229 1334 1
230 1335 1
231 1335 1
231 1336 1
232 1336 1
232 1336 1
233 1335 1
233 1333 1
236 1330 1
237 1325 1
241 1320 1
242 1315 1
243 1308 1
246 1301 1
247 1294 1
249 1286 1
249 1280 1
250 1274 1
250 1270 1
250 1265 1
250 1261 1
250 1256 1
250 1251 1
250 1245 1
250 1238 1
250 1228 1
251 1219 1
252 1210 1
253 1200 1
254 1193 1
256 1185 1
257 1180 1
258 1174 1
259 1169 1
259 1163 1
259 1156 1
259 1146 1
257 1137 1
257 1129 1
257 1122 1
257 1114 1
257 1106 1
259 1100 1
260 1094 1
262 1085 1
263 1077 1
266 1071 1
268 1062 1
271 1053 1
274 1042 1
277 1030 1
281 1015 1
286 1000 1
290 986 1
294 973 1
296 962 1
297 951 1
298 941 1
297 934 1
295 926 1
294 919 1
291 913 1
289 907 1
286 902 1
283 898 1
281 895 1
279 892 1
278 890 1
276 888 1
274 886 1
272 883 1
271 882 1
269 880 1
267 879 1
265 877 1
263 877 1
261 877 1
258 877 1
255 879 1
250 883 1
244 890 1
238 900 1
231 909 1
227 920 1
224 927 1
221 935 1
219 941 1
217 949 1
216 957 1
217 964 1
217 972 1
217 980 1
218 987 1
218 994 1
219 1003 1
220 1014 1
222 1024 1
222 1036 1
223 1047 1
224 1058 1
224 1069 1
225 1081 1
225 1091 1
226 1099 1
226 1107 1
228 1112 1
228 1117 1
230 1122 1
232 1126 1
233 1130 1
235 1134 1
236 1139 1
239 1145 1
241 1152 1
243 1160 1
244 1167 1
246 1175 1
248 1183 1
248 1189 1
249 1195 1
249 1200 1
251 1205 1
251 1210 1
253 1216 1
253 1219 1
255 1231 1
258 1238 1
260 1246 1
261 1253 1
262 1261 1
262 1268 1
262 1276 1
261 1284 1
261 1290 1
261 1296 1
261 1301 1
261 1305 1
263 1309 1
265 1314 1
268 1319 1
270 1323 1
272 1327 1
275 1330 1
278 1333 1
281 1338 1
287 1341 1
291 1344 1
296 1347 1
300 1349 1
303 1352 1
305 1353 1
307 1355 1
309 1355 1
311 1357 1
312 1358 1
313 1358 1
313 1358 1
313 1358 1
314 1358 1
314 1357 1
316 1354 1
317 1350 1
320 1344 1
321 1338 1
323 1330 1
324 1324 1
326 1315 1
327 1303 1
328 1290 1
330 1278 1
331 1268 1
333 1259 1
334 1250 1
336 1240 1
338 1227 1
341 1215 1
345 1201 1
348 1189 1
353 1177 1
358 1164 1
363 1153 1
367 1143 1
371 1135 1
373 1129 1
375 1124 1
378 1118 1
380 1110 1
383 1101 1
385 1092 1
387 1083 1
388 1073 1
390 1063 1
391 1055 1
393 1047 1
394 1041 1
396 1034 1
397 1024 1
400 1013 1
403 1002 1
406 992 1
407 985 1
408 980 1
409 975 1
410 971 1
410 968 1
411 964 1
411 959 1
409 955 1
406 950 1
404 946 1
402 941 1
399 938 1
397 936 1
395 933 1
394 932 1
392 932 1
392 932 1
391 931 1
391 931 1
389 932 1
386 932 1
381 935 1
375 941 1
368 947 1
361 956 1
355 964 1
349 972 1
345 977 1
342 981 1
339 986 1
337 989 1
336 994 1
336 1000 1
336 1007 1
336 1014 1
337 1021 1
338 1027 1
339 1032 1
339 1039 1
340 1043 1
340 1050 1
342 1057 1
342 1065 1
344 1073 1
344 1080 1
346 1088 1
347 1094 1
347 1098 1
348 1103 1
349 1108 1
351 1112 1
352 1116 1
353 1119 1
354 1122 1
356 1125 1
357 1129 1
357 1132 1
359 1135 1
359 1140 1
360 1144 1
361 1152 1
363 1160 1
364 1170 1
365 1179 1
365 1186 1
366 1192 1
366 1199 1
366 1205 1
367 1211 1
368 1220 1
369 1229 1
370 1238 1
370 1247 1
370 1257 1
371 1266 1
372 1274 1
374 1283 1
376 1293 1
379 1302 1
382 1309 1
384 1316 1
387 1321 1
388 1326 1
390 1329 1
391 1332 1
393 1334 1
394 1337 1
395 1339 1
397 1341 1
398 1342 1
399 1344 1
401 1345 1
403 1347 1
404 1347 1
407 1348 1
408 1349 1
412 1349 1
414 1347 1
417 1346 1
420 1343 1
423 1340 1
426 1336 1
429 1331 1
431 1326 1
433 1319 1
435 1313 1
436 1305 1
438 1297 1
440 1289 1
440 1282 1
441 1275 1
441 1268 1
442 1260 1
443 1254 1
445 1247 1
446 1238 1
448 1229 1
448 1220 1
450 1212 1
450 1204 1
451 1197 1
451 1192 1
451 1185 1
452 1176 1
453 1168 1
456 1159 1
460 1148 1
463 1138 1
469 1129 1
474 1121 1
479 1114 1
483 1106 1
488 1098 1
493 1089 1
497 1079 1
501 1070 1
504 1060 1
507 1052 1
510 1044 1
512 1038 1
516 1030 1
517 1021 1
517 1012 1
518 1003 1
518 993 1
518 984 1
516 976 1
514 969 1
511 961 1
508 952 1
503 945 1
498 939 1
494 932 1
490 928 1
486 926 1
484 925 1
482 923 1
481 923 1
479 923 1
479 923 1
478 923 1
475 925 1
473 928 1
467 933 1
462 941 1
456 952 1
451 961 1
447 969 1
444 976 1
441 981 1
440 986 1
440 991 1
440 996 1
440 1003 1
441 1008 1
442 1015 1
444 1021 1
447 1028 1
450 1036 1
453 1042 1
456 1049 1
458 1056 1
461 1062 1
463 1069 1
465 1076 1
467 1083 1
468 1090 1
470 1096 1
471 1103 1
474 1109 1
477 1116 1
480 1121 1
482 1127 1
485 1135 1
487 1142 1
489 1150 1
492 1159 1
494 1170 1
496 1180 1
497 1191 1
498 1203 1
499 1217 1
501 1231 1
501 1246 1
502 1257 1
503 1268 1
503 1276 1
503 1285 1
502 1296 1
500 1306 1
498 1316 1
495 1325 1
493 1332 1
491 1338 1
491 1341 1
491 1344 1
491 1347 1
492 1349 1
493 1352 1
494 1354 1
496 1356 1
497 1358 1
499 1360 1
501 1362 1
503 1364 1
507 1366 1
509 1367 1
511 1368 1
513 1369 1
515 1369 1
517 1369 1
519 1367 1
523 1365 1
529 1360 1
536 1352 1
544 1341 1
553 1330 1
560 1320 1
566 1310 1
570 1300 1
573 1290 1
575 1281 1
576 1272 1
576 1264 1
576 1257 1
575 1247 1
575 1236 1
572 1226 1
571 1218 1
571 1210 1
571 1202 1
572 1196 1
573 1188 1
576 1180 1
578 1172 1
581 1163 1
586 1154 1
591 1144 1
596 1136 1
599 1129 1
602 1124 1
604 1119 1
607 1114 1
610 1106 1
613 1095 1
618 1084 1
623 1071 1
628 1061 1
633 1052 1
636 1045 1
639 1037 1
642 1029 1
643 1021 1
645 1012 1
646 1003 1
647 994 1
648 985 1
649 977 1
649 969 1
648 958 1
646 948 1
643 938 1
640 930 1
637 922 1
634 916 1
632 911 1
629 908 1
628 906 1
626 903 1
625 902 1
623 900 1
623 900 1
621 899 1
619 897 1
619 897 1
616 899 1
612 901 1
608 905 1
600 913 1
593 922 1
584 934 1
576 948 1
570 958 1
566 967 1
564 972 1
564 977 1
564 982 1
564 987 1
565 994 1
565 1002 1
567 1013 1
567 1025 1
569 1036 1
569 1044 1
570 1052 1
571 1060 1
572 1067 1
574 1074 1
575 1082 1
577 1090 1
578 1097 1
581 1104 1
583 1112 1
585 1118 1
587 1127 1
588 1136 1
591 1145 1
593 1155 1
596 1166 1
598 1175 1
601 1183 1
605 1190 1
610 1196 1
615 1203 1
621 1209 1
629 1216 1
635 1221 1
641 1226 1
645 1230 1
649 1233 1
651 1236 1
655 1240 1
658 1244 1
661 1249 1
662 1254 1
666 1261 1
667 1265 1
668 1270 1
670 1275 1
672 1280 1
675 1287 1
679 1293 1
684 1299 1
686 1303 1
688 1308 1
690 1310 1
691 1312 1
693 1314 1
693 1316 1
694 1318 1
693 1320 1
691 1322 1
691 1324 1
689 1326 1
689 1328 1
687 1331 1
685 1333 1
684 1334 1
681 1335 1
679 1336 1
677 1337 1
674 1337 1
670 1335 1
666 1333 1
663 1330 1
660 1327 1
658 1324 1
656 1318 1
657 1312 1
659 1305 1
662 1294 1
665 1284 1
670 1274 1
674 1265 1
679 1255 1
684 1247 1
689 1238 1
693 1231 1
697 1222 1
700 1213 1
704 1204 1
709 1197 1
713 1189 1
717 1180 1
722 1173 1
724 1162 1
727 1150 1
730 1141 1
733 1131 1
736 1123 1
738 1115 1
741 1106 1
742 1098 1
745 1089 1
746 1079 1
748 1070 1
749 1061 1
751 1052 1
753 1044 1
755 1037 1
757 1029 1
758 1021 1
760 1013 1
760 1006 1
762 998 1
763 989 1
764 982 1
765 975 1
767 967 1
769 958 1
769 951 1
770 944 1
770 939 1
770 933 1
770 927 1
768 923 1
768 919 1
768 916 1
766 914 1
764 911 1
763 909 1
761 907 1
759 905 1
757 905 1
755 905 1
753 905 1
751 905 1
748 906 1
745 908 1
742 910 1
739 913 1
736 917 1
733 920 1
731 923 1
728 929 1
724 936 1
720 946 1
717 955 1
713 963 1
711 969 1
709 974 1
707 977 1
707 981 1
707 985 1
707 989 1
708 994 1
708 1000 1
708 1007 1
709 1015 1
709 1023 1
711 1030 1
712 1038 1
714 1044 1
715 1050 1
716 1054 1
717 1060 1
717 1066 1
719 1075 1
719 1084 1
721 1095 1
722 1105 1
723 1114 1
724 1121 1
723 1129 1
723 1135 1
723 1139 1
721 1144 1
723 1149 1
723 1152 1
723 1158 1
725 1163 1
726 1169 1
727 1174 1
729 1180 1
729 1184 1
731 1187 1
732 1191 1
733 1194 1
734 1197 1
736 1201 1
736 1205 1
738 1211 1
740 1217 1
743 1225 1
746 1235 1
749 1242 1
752 1250 1
755 1256 1
757 1262 1
759 1268 1
761 1272 1
762 1275 1
764 1278 1
765 1282 1
767 1287 1
770 1291 1
771 1294 1
773 1297 1
774 1299 1
776 1301 1
776 1302 1
778 1305 1
779 1306 1
781 1308 1
783 1310 1
784 1311 1
785 1311 1
785 1312 1
786 1312 1
786 1312 1
786 1312 1
787 1312 1
787 1312 1
787 1312 1
788 1312 1
788 1312 1
788 1312 1
789 1312 1
790 1311 1
793 1311 1
797 1308 1
801 1306 1
806 1302 1
811 1297 1
819 1289 1
829 1278 1
835 1267 1
839 1258 1
841 1250 1
842 1242 1
843 1234 1
842 1226 1
842 1219 1
841 1211 1
840 1203 1
840 1197 1
839 1190 1
839 1184 1
839 1176 1
839 1168 1
840 1157 1
841 1146 1
841 1136 1
843 1127 1
844 1119 1
846 1113 1
848 1107 1
849 1102 1
852 1097 1
853 1092 1
856 1087 1
858 1081 1
861 1074 1
865 1065 1
870 1057 1
875 1048 1
880 1039 1
886 1028 1
891 1017 1
896 1005 1
900 995 1
904 987 1
907 980 1
909 972 1
911 964 1
913 956 1
914 950 1
916 942 1
916 934 1
916 928 1
914 920 1
913 914 1
911 910 1
909 906 1
907 903 1
907 901 1
905 899 1
904 898 1
902 896 1
902 895 1
902 895 1
902 895 1
902 895 1
901 896 1
898 897 1
894 901 1
887 907 1
881 914 1
874 922 1
868 931 1
862 938 1
857 945 1
854 952 1
853 958 1
851 963 1
851 969 1
849 973 1
849 978 1
849 984 1
848 988 1
848 994 1
848 1003 1
848 1013 1
848 1023 1
848 1032 1
848 1039 1
848 1045 1
848 1049 1
848 1054 1
850 1060 1
852 1066 1
855 1074 1
858 1080 1
860 1088 1
863 1095 1
865 1102 1
867 1107 1
868 1113 1
870 1117 1
871 1123 1
873 1128 1
874 1134 1
876 1144 1
878 1153 1
878 1163 1
878 1171 1
878 1177 1
879 1182 1
879 1186 1
879 1188 1
879 1191 1
879 1193 1
879 1196 1
879 1199 1
879 1204 1
880 1211 1
882 1219 1
883 1226 1
885 1232 1
886 1236 1
888 1239 1
889 1242 1
891 1245 1
893 1247 1
893 1248 1
894 1249 1
894 1249 1
894 1249 1
894 1250 1
896 1250 1
896 1250 1
898 1250 1
902 1247 1
906 1246 1
909 1243 1
912 1241 1
915 1239 1
917 1236 1
920 1233 1
924 1226 1
927 1218 1
933 1210 1
937 1203 1
939 1197 1
941 1193 1
943 1189 1
943 1187 1
944 1185 1
944 1184 1
945 1184 1
945 1183 1
945 1183 1
945 1181 1
945 1179 1
946 1175 1
946 1170 1
947 1163 1
948 1154 1
950 1145 1
951 1137 1
953 1131 1
954 1126 1
955 1121 1
958 1116 1
960 1110 1
964 1103 1
968 1094 1
973 1084 1
977 1074 1
981 1065 1
984 1057 1
986 1049 1
988 1044 1
991 1039 1
993 1034 1
994 1030 1
996 1025 1
997 1018 1
999 1012 1
1000 1003 1
1000 995 1
1001 986 1
1001 980 1
1000 973 1
1000 967 1
1000 962 1
1000 958 1
1000 954 1
1000 950 1
1000 947 1
1000 942 1
1000 935 1
1000 927 1
1001 917 1
1001 907 1
1003 898 1
1005 888 1
1005 881 1
1006 873 1
1007 867 1
1008 861 1
1008 856 1
1009 852 1
1009 847 1
1009 841 1
1010 837 1
1010 831 1
1010 821 1
1007 810 1
1003 797 1
999 783 1
994 771 1
988 761 1
985 753 1
980 747 1
977 742 1
974 739 1
972 737 1
969 734 1
968 734 1
966 732 1
966 733 1
966 733 1
964 733 1
961 734 1
957 737 1
952 742 1
947 749 1
942 757 1
939 763 1
938 767 1
938 772 1
938 777 1
939 782 1
941 792 1
943 802 1
945 813 1
947 825 1
949 834 1
951 845 1
953 855 1
954 865 1
956 874 1
957 884 1
958 891 1
959 898 1
960 904 1
960 910 1
962 916 1
965 929 1
969 944 1
975 960 1
979 978 1
985 996 1
990 1016 1
995 1036 1
1000 1053 1
1005 1071 1
1008 1088 1
1010 1103 1
1013 1118 1
1013 1133 1
1014 1149 1
1014 1169 1
1014 1190 1
1013 1217 1
1011 1245 1
1008 1281 1
1003 1316 1
992 1360 1
979 1405 1
972 1431 1
976 1417 0
