22 1898 1
22 1898 0
267 328 1
267 328 1
267 329 1
269 332 1
273 336 1
278 343 1
286 352 1
295 363 1
306 375 1
320 392 1
338 409 1
358 426 1
380 444 1
417 474 1
440 493 1
463 512 1
486 530 1
505 549 1
521 563 1
536 577 1
551 592 1
567 609 1
582 626 1
599 647 1
615 667 1
632 686 1
648 702 1
663 718 1
677 734 1
692 752 1
705 772 1
718 791 1
732 810 1
744 827 1
757 842 1
769 857 1
781 872 1
792 888 1
802 902 1
810 917 1
820 933 1
828 951 1
836 971 1
844 992 1
852 1015 1
860 1038 1
866 1060 1
872 1083 1
877 1108 1
883 1133 1
889 1157 1
893 1179 1
896 1202 1
898 1225 1
899 1245 1
899 1263 1
899 1284 1
897 1304 1
895 1324 1
889 1344 1
880 1368 1
871 1389 1
861 1406 1
854 1417 1
848 1426 1
843 1432 1
835 1438 1
829 1444 1
820 1450 1
812 1454 1
801 1459 1
791 1461 1
782 1464 1
770 1467 1
762 1470 1
750 1471 1
737 1472 1
724 1474 1
710 1475 1
696 1476 1
681 1474 1
666 1472 1
654 1468 1
645 1465 1
638 1462 1
634 1459 1
628 1454 1
619 1446 1
607 1434 1
593 1422 1
580 1409 1
568 1398 1
554 1383 1
536 1365 1
517 1345 1
498 1329 1
480 1315 1
465 1305 1
452 1297 1
440 1291 1
431 1285 1
424 1280 1
418 1274 1
413 1268 1
409 1258 1
403 1244 1
397 1226 1
390 1205 1
384 1181 1
378 1155 1
371 1130 1
363 1106 1
353 1084 1
342 1062 1
332 1042 1
324 1024 1
318 1010 1
314 998 1
312 987 1
309 970 1
307 951 1
305 931 1
302 911 1
299 893 1
293 874 1
287 855 1
279 837 1
273 819 1
269 804 1
264 789 1
261 776 1
258 763 1
254 749 1
250 734 1
247 719 1
243 706 1
240 694 1
237 682 1
234 670 1
232 658 1
230 646 1
227 632 1
225 621 1
222 609 1
218 595 1
215 578 1
211 561 1
208 545 1
207 532 1
204 519 1
203 507 1
201 496 1
198 485 1
197 476 1
197 465 1
197 455 1
197 444 1
197 436 1
198 428 1
198 420 1
199 414 1
200 408 1
201 402 1
202 398 1
203 395 1
204 392 1
205 389 1
208 387 1
210 385 1
213 383 1
215 382 1
218 380 1
223 379 1
230 379 1
237 378 1
244 377 1
254 378 1
267 380 1
282 383 1
301 389 1
321 395 1
341 404 1
359 414 1
375 422 1
389 430 1
403 437 1
415 442 1
426 447 1
436 453 1
446 460 1
456 470 1
468 482 1
483 498 1
500 516 1
515 538 1
530 556 1
546 576 1
564 597 1
580 617 1
596 636 1
611 655 1
626 677 1
640 696 1
652 714 1
661 732 1
668 749 1
675 766 1
683 785 1
690 802 1
698 821 1
706 839 1
714 858 1
722 879 1
731 900 1
739 918 1
746 936 1
754 948 1
762 959 1
768 967 1
772 976 1
778 987 1
785 1004 1
792 1023 1
797 1043 1
802 1063 1
806 1083 1
811 1102 1
813 1118 1
815 1133 1
818 1146 1
821 1159 1
827 1171 1
832 1182 1
836 1191 1
841 1200 1
845 1212 1
849 1226 1
851 1246 1
848 1269 1
842 1293 1
833 1316 1
823 1336 1
813 1354 1
803 1369 1
794 1380 1
787 1389 1
781 1397 1
776 1404 1
771 1409 1
767 1414 1
762 1421 1
751 1430 1
736 1442 1
719 1453 1
701 1462 1
684 1468 1
671 1472 1
661 1475 1
656 1476 1
650 1478 1
644 1479 1
640 1479 1
635 1479 1
631 1478 1
626 1476 1
618 1473 1
606 1469 1
589 1459 1
572 1447 1
552 1432 1
532 1415 1
516 1402 1
501 1389 1
488 1375 1
473 1357 1
459 1338 1
447 1317 1
435 1294 1
423 1265 1
414 1232 1
409 1192 1
404 1157 1
402 1134 1
401 1120 1
399 1112 1
399 1108 1
399 1108 1
395 1109 1
391 1115 1
379 1128 1
370 1142 1
361 1154 1
355 1162 1
350 1167 1
349 1170 1
347 1172 1
346 1173 1
344 1173 1
339 1164 1
332 1148 1
321 1119 1
311 1091 1
299 1066 1
288 1042 1
277 1018 1
265 993 1
256 971 1
249 950 1
244 930 1
239 908 1
235 886 1
230 863 1
227 842 1
223 821 1
220 800 1
217 778 1
214 757 1
212 739 1
211 725 1
211 714 1
210 707 1
210 703 1
210 698 1
211 693 1
211 689 1
210 681 1
208 671 1
205 654 1
202 634 1
196 611 1
192 589 1
189 574 1
187 563 1
187 556 1
187 551 1
187 548 1
187 544 1
187 541 1
186 539 1
186 535 1
185 529 1
183 521 1
184 511 1
184 500 1
184 487 1
186 475 1
189 463 1
192 452 1
199 442 1
207 431 1
218 420 1
231 412 1
244 405 1
255 401 1
266 398 1
278 397 1
290 395 1
306 398 1
326 403 1
350 410 1
377 418 1
404 427 1
428 436 1
449 444 1
469 453 1
488 463 1
505 475 1
521 487 1
538 500 1
555 514 1
569 525 1
583 536 1
597 547 1
612 559 1
625 571 1
640 583 1
652 595 1
663 607 1
673 618 1
683 629 1
694 640 1
702 651 1
710 663 1
719 678 1
729 695 1
738 713 1
747 732 1
756 754 1
766 776 1
776 800 1
787 819 1
798 838 1
807 853 1
817 867 1
825 880 1
832 892 1
839 903 1
845 917 1
852 934 1
855 953 1
857 972 1
857 987 1
855 1000 1
856 1010 1
854 1020 1
853 1027 1
854 1036 1
854 1045 1
854 1060 1
852 1079 1
853 1103 1
851 1131 1
850 1158 1
849 1183 1
849 1203 1
852 1225 1
854 1245 1
857 1265 1
860 1286 1
863 1308 1
865 1328 1
864 1350 1
862 1372 1
858 1389 1
855 1403 1
850 1412 1
846 1419 1
841 1425 1
837 1429 1
832 1433 1
825 1437 1
816 1440 1
806 1444 1
798 1447 1
789 1448 1
781 1450 1
773 1451 1
766 1451 1
757 1452 1
746 1452 1
733 1453 1
717 1454 1
700 1455 1
682 1455 1
665 1456 1
650 1456 1
636 1457 1
623 1454 1
606 1451 1
591 1445 1
578 1440 1
569 1433 1
560 1422 1
550 1407 1
540 1382 1
529 1356 1
520 1335 1
513 1321 1
506 1311 1
499 1302 1
493 1293 1
487 1281 1
481 1269 1
476 1255 1
468 1239 1
461 1224 1
452 1207 1
438 1188 1
423 1165 1
410 1144 1
399 1126 1
388 1112 1
378 1100 1
369 1088 1
359 1077 1
351 1066 1
346 1060 1
341 1054 1
337 1049 1
334 1046 1
331 1043 1
327 1039 1
323 1033 1
315 1022 1
307 1007 1
298 986 1
287 962 1
276 937 1
264 908 1
254 880 1
248 858 1
242 839 1
238 824 1
235 806 1
232 785 1
230 761 1
228 733 1
226 704 1
226 676 1
222 649 1
217 621 1
213 592 1
207 566 1
202 543 1
198 522 1
195 504 1
190 486 1
183 461 1
171 431 1
158 399 1
151 377 1
148 363 1
148 357 1
149 352 1
150 350 1
152 348 1
156 347 1
161 345 1
169 343 1
182 340 1
200 335 1
221 330 1
244 324 1
268 318 1
287 312 1
303 310 1
317 308 1
332 309 1
348 311 1
369 315 1
393 323 1
419 334 1
445 347 1
470 359 1
493 372 1
513 383 1
529 392 1
543 400 1
553 406 1
560 411 1
566 414 1
570 416 1
575 419 1
579 420 1
585 424 1
593 430 1
608 440 1
626 458 1
649 481 1
675 510 1
698 541 1
720 574 1
738 606 1
757 638 1
772 668 1
786 697 1
797 724 1
807 753 1
814 781 1
820 808 1
826 831 1
832 852 1
838 870 1
846 888 1
853 907 1
858 928 1
862 945 1
865 961 1
866 975 1
866 991 1
864 1010 1
864 1031 1
864 1057 1
861 1091 1
859 1130 1
856 1167 1
855 1195 1
853 1217 1
854 1231 1
852 1244 1
848 1260 1
841 1279 1
830 1301 1
819 1318 1
813 1330 1
809 1339 1
806 1346 1
804 1355 1
802 1366 1
800 1380 1
798 1394 1
798 1408 1
798 1422 1
798 1434 1
797 1445 1
797 1454 1
794 1464 1
790 1476 1
784 1491 1
776 1505 1
769 1514 1
762 1522 1
753 1529 1
742 1537 1
735 1541 1
719 1547 1
705 1553 1
691 1557 1
675 1560 1
664 1561 1
653 1559 1
645 1559 1
637 1556 1
628 1553 1
617 1548 1
600 1539 1
585 1527 1
568 1512 1
554 1499 1
538 1487 1
523 1478 1
511 1470 1
500 1463 1
492 1457 1
484 1451 1
476 1443 1
469 1436 1
463 1429 1
457 1420 1
450 1412 1
444 1404 1
437 1395 1
430 1383 1
421 1367 1
412 1351 1
405 1337 1
399 1325 1
391 1312 1
385 1300 1
379 1287 1
375 1276 1
372 1267 1
371 1258 1
369 1250 1
369 1242 1
367 1235 1
365 1227 1
363 1217 1
358 1203 1
352 1184 1
345 1162 1
340 1140 1
335 1119 1
331 1101 1
328 1085 1
327 1071 1
327 1059 1
326 1049 1
326 1041 1
326 1032 1
327 1023 1
327 1012 1
326 999 1
324 985 1
322 972 1
319 960 1
317 946 1
314 932 1
312 921 1
308 907 1
304 895 1
300 882 1
295 870 1
289 858 1
283 846 1
275 833 1
269 820 1
263 810 1
258 801 1
253 792 1
250 786 1
246 780 1
243 775 1
240 770 1
236 765 1
233 761 1
230 756 1
227 750 1
222 743 1
216 734 1
210 723 1
204 714 1
197 703 1
190 691 1
184 678 1
178 661 1
172 644 1
167 630 1
161 616 1
157 604 1
154 593 1
150 581 1
147 570 1
144 558 1
142 546 1
139 533 1
138 520 1
136 507 1
137 494 1
137 481 1
138 470 1
140 459 1
142 449 1
144 441 1
146 434 1
148 427 1
150 421 1
152 416 1
155 410 1
158 405 1
161 399 1
165 394 1
169 388 1
174 380 1
180 373 1
186 366 1
193 358 1
199 349 1
207 343 1
214 336 1
223 329 1
230 323 1
240 316 1
249 311 1
261 305 1
271 301 1
280 297 1
289 294 1
296 291 1
305 289 1
314 287 1
324 285 1
335 283 1
346 284 1
355 284 1
362 284 1
370 284 1
380 286 1
392 288 1
405 292 1
421 296 1
438 302 1
456 308 1
473 314 1
487 320 1
502 328 1
516 337 1
528 345 1
540 353 1
553 361 1
562 369 1
570 377 1
580 388 1
590 401 1
600 415 1
613 430 1
625 447 1
639 464 1
654 484 1
670 507 1
685 530 1
697 549 1
706 567 1
712 582 1
717 597 1
722 612 1
729 629 1
735 646 1
741 664 1
746 682 1
748 699 1
748 714 1
749 729 1
750 745 1
752 760 1
753 776 1
753 791 1
750 806 1
748 821 1
745 837 1
743 851 1
740 867 1
738 882 1
736 897 1
735 913 1
735 932 1
735 951 1
737 971 1
740 991 1
743 1010 1
746 1029 1
749 1046 1
752 1063 1
755 1081 1
758 1099 1
762 1117 1
766 1135 1
773 1153 1
781 1172 1
789 1190 1
797 1210 1
804 1231 1
814 1251 1
821 1271 1
829 1289 1
836 1306 1
842 1323 1
846 1339 1
850 1356 1
853 1374 1
854 1390 1
855 1404 1
854 1416 1
851 1427 1
849 1438 1
847 1449 1
844 1459 1
842 1469 1
839 1478 1
835 1486 1
832 1495 1
827 1506 1
821 1517 1
813 1526 1
803 1536 1
791 1544 1
777 1552 1
761 1560 1
743 1566 1
725 1572 1
708 1576 1
691 1579 1
676 1581 1
661 1583 1
648 1584 1
638 1584 1
628 1582 1
619 1582 1
610 1582 1
601 1581 1
592 1579 1
581 1577 1
569 1572 1
556 1567 1
538 1558 1
515 1547 1
489 1535 1
462 1523 1
434 1509 1
409 1495 1
387 1482 1
368 1468 1
354 1458 1
341 1449 1
333 1441 1
327 1435 1
321 1428 1
317 1422 1
315 1414 1
314 1404 1
314 1392 1
314 1375 1
315 1355 1
315 1333 1
316 1309 1
314 1286 1
312 1265 1
310 1241 1
310 1219 1
310 1197 1
308 1177 1
306 1158 1
303 1139 1
299 1121 1
293 1102 1
288 1084 1
285 1065 1
282 1047 1
279 1029 1
279 1012 1
277 994 1
277 977 1
275 955 1
273 933 1
270 908 1
265 881 1
259 858 1
253 836 1
245 815 1
236 795 1
227 777 1
219 761 1
212 748 1
204 734 1
197 721 1
189 707 1
179 694 1
171 680 1
161 666 1
154 653 1
146 642 1
138 630 1
132 619 1
125 606 1
119 591 1
113 575 1
107 558 1
103 539 1
100 521 1
95 501 1
91 481 1
89 464 1
88 448 1
86 432 1
88 418 1
90 404 1
95 389 1
100 375 1
106 362 1
113 350 1
119 339 1
125 330 1
130 323 1
135 317 1
139 310 1
145 305 1
150 300 1
155 297 1
160 294 1
163 291 1
167 289 1
169 289 1
171 287 1
173 285 1
175 285 1
178 283 1
180 283 1
183 281 1
189 280 1
197 277 1
206 275 1
217 272 1
230 269 1
243 266 1
258 263 1
274 261 1
290 258 1
301 256 1
311 254 1
318 253 1
324 253 1
329 252 1
334 253 1
338 253 1
345 254 1
351 256 1
358 256 1
365 259 1
374 261 1
387 264 1
407 271 1
428 277 1
451 284 1
473 290 1
489 296 1
504 301 1
514 306 1
522 310 1
531 316 1
539 321 1
548 329 1
558 338 1
568 348 1
579 363 1
592 380 1
611 401 1
629 420 1
647 437 1
664 455 1
680 472 1
692 484 1
704 496 1
712 506 1
720 515 1
727 525 1
736 538 1
751 554 1
768 572 1
786 594 1
803 614 1
819 632 1
832 648 1
845 665 1
855 680 1
864 695 1
872 710 1
878 726 1
883 746 1
888 768 1
891 792 1
893 816 1
896 839 1
896 862 1
896 885 1
894 908 1
891 931 1
889 954 1
886 971 1
884 986 1
882 996 1
878 1006 1
874 1015 1
872 1022 1
870 1026 1
868 1029 1
867 1031 1
865 1033 1
864 1034 1
864 1034 1
863 1035 1
863 1035 1
861 1035 1
861 1036 1
858 1040 1
855 1045 1
849 1054 1
840 1070 1
829 1092 1
818 1118 1
808 1143 1
800 1166 1
792 1187 1
785 1207 1
780 1226 1
776 1247 1
772 1264 1
768 1281 1
765 1298 1
765 1318 1
766 1338 1
769 1358 1
772 1375 1
774 1391 1
775 1405 1
775 1419 1
773 1430 1
773 1441 1
771 1450 1
769 1458 1
766 1464 1
764 1471 1
761 1477 1
757 1485 1
753 1491 1
750 1500 1
745 1508 1
740 1516 1
732 1524 1
724 1531 1
716 1538 1
710 1543 1
703 1547 1
695 1552 1
684 1556 1
669 1559 1
655 1562 1
640 1564 1
623 1566 1
607 1567 1
590 1567 1
575 1567 1
559 1565 1
545 1563 1
530 1560 1
517 1555 1
506 1552 1
498 1547 1
491 1543 1
486 1539 1
478 1533 1
469 1527 1
457 1517 1
443 1505 1
423 1488 1
403 1470 1
386 1451 1
371 1434 1
358 1418 1
348 1405 1
339 1394 1
333 1381 1
326 1367 1
321 1352 1
316 1336 1
314 1318 1
312 1298 1
313 1273 1
312 1244 1
310 1213 1
310 1184 1
308 1154 1
306 1126 1
304 1097 1
304 1071 1
302 1047 1
297 1024 1
290 1003 1
282 981 1
272 958 1
262 935 1
249 913 1
236 891 1
221 869 1
207 849 1
196 831 1
186 815 1
178 799 1
169 782 1
161 765 1
155 746 1
149 727 1
146 707 1
144 685 1
144 661 1
145 636 1
146 611 1
148 589 1
150 567 1
150 545 1
151 519 1
151 492 1
151 466 1
149 438 1
147 414 1
145 391 1
143 369 1
142 351 1
142 336 1
141 323 1
142 314 1
143 307 1
144 301 1
147 298 1
150 294 1
153 291 1
157 288 1
162 285 1
164 283 1
169 281 1
173 279 1
176 279 1
180 277 1
183 277 1
185 277 1
189 276 1
192 274 1
198 274 1
205 272 1
215 272 1
227 270 1
244 271 1
262 271 1
282 271 1
302 273 1
319 276 1
334 279 1
346 282 1
357 284 1
365 286 1
372 288 1
378 293 1
384 296 1
393 304 1
410 320 1
429 338 1
450 359 1
476 384 1
501 406 1
524 426 1
547 443 1
568 460 1
590 476 1
609 493 1
631 510 1
650 525 1
668 542 1
685 557 1
700 572 1
713 587 1
723 603 1
732 621 1
742 640 1
756 664 1
770 691 1
782 720 1
792 748 1
803 776 1
812 800 1
821 825 1
831 850 1
838 876 1
846 903 1
850 933 1
853 961 1
855 985 1
857 1008 1
859 1032 1
862 1057 1
865 1083 1
868 1106 1
871 1125 1
873 1138 1
875 1149 1
875 1159 1
877 1168 1
877 1178 1
875 1190 1
873 1205 1
868 1225 1
861 1246 1
849 1270 1
835 1293 1
822 1313 1
808 1334 1
793 1353 1
776 1371 1
758 1391 1
736 1411 1
712 1431 1
691 1449 1
673 1465 1
657 1478 1
644 1487 1
633 1498 1
624 1505 1
616 1512 1
607 1519 1
595 1524 1
584 1528 1
571 1531 1
558 1530 1
544 1528 1
529 1523 1
514 1517 1
500 1511 1
484 1503 1
466 1496 1
449 1487 1
433 1478 1
415 1469 1
398 1459 1
380 1449 1
365 1440 1
350 1431 1
336 1420 1
324 1411 1
312 1401 1
301 1389 1
289 1375 1
276 1358 1
264 1339 1
252 1319 1
241 1299 1
230 1279 1
221 1259 1
213 1239 1
205 1217 1
197 1197 1
189 1177 1
182 1161 1
175 1148 1
168 1135 1
162 1123 1
156 1113 1
151 1102 1
145 1092 1
142 1080 1
136 1050 1
136 1031 1
134 1014 1
135 998 1
134 975 1
132 954 1
132 933 1
130 913 1
130 889 1
128 866 1
126 844 1
125 827 1
123 809 1
125 796 1
126 783 1
127 772 1
128 760 1
129 747 1
129 730 1
129 711 1
129 691 1
126 671 1
126 650 1
124 629 1
124 608 1
124 587 1
124 568 1
127 549 1
131 530 1
136 508 1
142 489 1
149 469 1
154 453 1
159 439 1
163 425 1
168 412 1
172 399 1
178 386 1
183 375 1
186 364 1
191 353 1
196 344 1
202 337 1
208 328 1
215 320 1
224 312 1
234 306 1
244 298 1
260 290 1
275 283 1
288 277 1
300 271 1
313 266 1
325 264 1
340 261 1
354 262 1
367 263 1
377 265 1
387 268 1
395 272 1
403 276 1
410 281 1
416 287 1
424 293 1
433 304 1
446 317 1
458 330 1
475 347 1
492 365 1
510 385 1
525 403 1
539 420 1
552 438 1
565 453 1
574 469 1
583 483 1
594 498 1
604 514 1
618 535 1
631 557 1
646 579 1
660 602 1
677 625 1
692 649 1
709 673 1
725 694 1
739 714 1
751 731 1
759 747 1
766 761 1
771 773 1
776 786 1
781 801 1
787 819 1
792 839 1
798 862 1
803 890 1
808 920 1
813 949 1
816 977 1
818 1003 1
819 1028 1
820 1051 1
818 1077 1
815 1102 1
811 1128 1
806 1152 1
804 1172 1
799 1192 1
792 1212 1
785 1231 1
776 1249 1
767 1268 1
759 1287 1
752 1307 1
744 1326 1
737 1343 1
729 1359 1
721 1374 1
712 1388 1
703 1401 1
693 1415 1
681 1430 1
665 1445 1
649 1459 1
632 1469 1
618 1477 1
604 1483 1
590 1488 1
574 1492 1
559 1493 1
542 1494 1
522 1492 1
502 1488 1
482 1482 1
462 1473 1
441 1462 1
419 1450 1
395 1432 1
371 1414 1
348 1393 1
325 1369 1
302 1343 1
282 1318 1
265 1294 1
253 1272 1
244 1250 1
238 1229 1
232 1208 1
229 1189 1
227 1172 1
225 1157 1
224 1138 1
221 1120 1
217 1101 1
212 1083 1
204 1066 1
197 1050 1
187 1035 1
177 1019 1
165 1002 1
153 988 1
144 974 1
137 961 1
131 947 1
126 934 1
122 923 1
120 911 1
120 898 1
120 882 1
120 865 1
120 851 1
120 837 1
120 820 1
121 801 1
123 782 1
126 761 1
130 737 1
134 713 1
138 689 1
145 664 1
153 638 1
158 614 1
165 591 1
171 569 1
176 547 1
181 525 1
186 502 1
190 479 1
194 456 1
197 436 1
199 415 1
201 395 1
202 378 1
202 367 1
203 356 1
204 348 1
206 341 1
207 336 1
210 332 1
213 327 1
219 322 1
225 319 1
234 314 1
247 311 1
263 308 1
282 304 1
303 304 1
324 304 1
344 305 1
363 306 1
381 307 1
398 310 1
416 315 1
436 320 1
457 328 1
476 337 1
493 345 1
505 352 1
516 357 1
525 364 1
536 371 1
547 383 1
559 396 1
572 411 1
584 426 1
599 442 1
616 460 1
635 482 1
655 507 1
677 535 1
697 562 1
712 587 1
723 608 1
733 628 1
744 653 1
756 679 1
768 711 1
779 742 1
788 774 1
796 807 1
801 842 1
807 877 1
814 915 1
818 952 1
823 987 1
824 1014 1
826 1039 1
827 1064 1
825 1088 1
822 1113 1
817 1135 1
809 1160 1
802 1182 1
795 1203 1
788 1224 1
782 1242 1
774 1261 1
765 1280 1
756 1297 1
745 1311 1
736 1325 1
726 1335 1
717 1347 1
708 1358 1
700 1367 1
689 1376 1
679 1384 1
667 1391 1
654 1398 1
641 1404 1
629 1409 1
614 1414 1
599 1418 1
583 1421 1
567 1423 1
553 1425 1
538 1426 1
525 1427 1
515 1428 1
506 1429 1
497 1429 1
488 1429 1
477 1426 1
464 1424 1
453 1422 1
440 1418 1
427 1412 1
412 1404 1
395 1393 1
380 1382 1
366 1368 1
351 1348 1
336 1327 1
318 1303 1
302 1278 1
289 1255 1
277 1230 1
267 1206 1
257 1180 1
248 1151 1
237 1120 1
228 1091 1
222 1065 1
214 1045 1
208 1024 1
202 1003 1
196 982 1
188 963 1
180 947 1
172 933 1
164 921 1
156 909 1
151 899 1
146 887 1
143 877 1
140 868 1
138 858 1
136 849 1
134 841 1
132 832 1
132 819 1
132 804 1
132 786 1
134 768 1
135 744 1
138 719 1
141 690 1
142 659 1
144 627 1
143 597 1
143 569 1
143 545 1
145 523 1
150 502 1
153 486 1
156 472 1
160 459 1
165 450 1
172 440 1
178 431 1
183 422 1
189 415 1
193 408 1
199 402 1
206 395 1
212 389 1
221 382 1
233 374 1
246 364 1
261 355 1
275 347 1
289 340 1
302 334 1
317 329 1
330 326 1
343 324 1
356 322 1
367 322 1
379 324 1
394 329 1
412 340 1
430 354 1
448 374 1
466 396 1
481 415 1
494 433 1
506 452 1
517 469 1
526 481 1
533 492 1
540 503 1
548 516 1
559 529 1
575 545 1
593 562 1
611 579 1
628 596 1
644 613 1
658 628 1
673 643 1
689 659 1
704 674 1
717 688 1
726 701 1
734 713 1
742 727 1
751 745 1
758 762 1
767 783 1
778 808 1
790 835 1
802 860 1
814 887 1
826 912 1
837 937 1
845 958 1
850 976 1
853 989 1
856 1002 1
856 1013 1
856 1025 1
856 1039 1
854 1055 1
850 1078 1
842 1106 1
833 1137 1
824 1168 1
816 1196 1
809 1222 1
804 1247 1
796 1270 1
790 1295 1
783 1317 1
776 1344 1
768 1374 1
760 1403 1
752 1428 1
747 1444 1
742 1457 1
740 1464 1
735 1470 1
731 1475 1
723 1482 1
715 1487 1
708 1491 1
702 1494 1
693 1496 1
681 1497 1
663 1497 1
645 1494 1
617 1489 1
590 1481 1
558 1469 1
527 1455 1
497 1441 1
471 1429 1
448 1419 1
429 1410 1
413 1402 1
400 1393 1
390 1384 1
377 1367 1
364 1348 1
350 1327 1
335 1304 1
318 1279 1
300 1254 1
280 1226 1
263 1201 1
247 1178 1
237 1156 1
228 1136 1
223 1117 1
218 1099 1
216 1080 1
214 1066 1
212 1050 1
212 1038 1
210 1027 1
209 1014 1
205 1002 1
200 988 1
195 974 1
187 959 1
178 942 1
166 923 1
157 903 1
150 881 1
144 860 1
139 838 1
136 815 1
136 790 1
136 764 1
138 740 1
143 711 1
149 686 1
152 662 1
154 640 1
156 620 1
157 601 1
157 583 1
157 563 1
155 543 1
156 523 1
157 505 1
159 488 1
159 473 1
161 458 1
162 444 1
165 430 1
170 416 1
175 402 1
180 390 1
186 378 1
194 369 1
204 358 1
212 351 1
221 344 1
231 338 1
242 333 1
252 329 1
264 325 1
276 322 1
290 319 1
302 317 1
316 316 1
330 314 1
346 315 1
362 315 1
379 318 1
400 324 1
421 333 1
446 344 1
474 355 1
501 366 1
527 377 1
549 387 1
572 400 1
590 411 1
607 421 1
621 430 1
632 438 1
641 445 1
650 454 1
659 465 1
673 481 1
685 497 1
700 519 1
717 545 1
738 576 1
760 608 1
779 640 1
797 669 1
813 697 1
828 724 1
840 748 1
851 773 1
860 794 1
867 818 1
874 840 1
878 862 1
882 887 1
885 912 1
886 939 1
886 966 1
885 990 1
885 1015 1
885 1036 1
885 1056 1
886 1073 1
886 1092 1
886 1109 1
887 1130 1
887 1149 1
888 1169 1
888 1186 1
889 1201 1
889 1213 1
889 1226 1
887 1238 1
885 1251 1
880 1267 1
875 1283 1
871 1299 1
865 1313 1
857 1328 1
847 1342 1
834 1357 1
820 1371 1
806 1384 1
791 1396 1
775 1407 1
757 1418 1
739 1428 1
722 1439 1
706 1450 1
697 1457 1
688 1465 1
683 1469 1
680 1474 1
676 1476 1
673 1479 1
667 1483 1
661 1486 1
655 1489 1
648 1490 1
640 1492 1
631 1493 1
618 1493 1
602 1491 1
584 1488 1
561 1479 1
535 1470 1
511 1459 1
487 1448 1
467 1437 1
447 1424 1
432 1413 1
422 1401 1
414 1389 1
407 1376 1
399 1361 1
390 1343 1
378 1323 1
365 1299 1
355 1275 1
348 1252 1
342 1229 1
334 1207 1
323 1184 1
311 1162 1
296 1137 1
282 1115 1
269 1094 1
257 1076 1
245 1060 1
236 1047 1
226 1036 1
220 1028 1
214 1020 1
209 1012 1
203 1002 1
199 990 1
191 976 1
183 958 1
175 939 1
167 920 1
162 902 1
158 887 1
154 871 1
150 855 1
147 837 1
144 817 1
144 794 1
144 774 1
144 753 1
146 731 1
149 709 1
153 688 1
157 667 1
160 647 1
163 627 1
164 608 1
166 587 1
167 565 1
168 543 1
168 517 1
169 494 1
170 470 1
171 449 1
173 428 1
174 409 1
177 391 1
179 377 1
183 366 1
188 356 1
194 349 1
200 342 1
207 336 1
215 332 1
224 327 1
233 324 1
244 320 1
255 317 1
264 316 1
274 315 1
286 313 1
299 314 1
313 317 1
328 320 1
342 324 1
358 330 1
373 338 1
391 346 1
411 355 1
433 367 1
457 383 1
480 403 1
508 425 1
535 450 1
558 474 1
579 498 1
597 523 1
615 547 1
635 572 1
655 596 1
673 618 1
690 636 1
703 653 1
717 670 1
731 686 1
744 701 1
759 717 1
772 731 1
784 743 1
796 755 1
808 767 1
821 784 1
834 804 1
846 826 1
857 850 1
865 876 1
869 899 1
872 925 1
869 956 1
865 992 1
860 1027 1
858 1058 1
857 1089 1
851 1118 1
843 1148 1
834 1174 1
825 1198 1
817 1221 1
812 1241 1
805 1261 1
800 1277 1
794 1291 1
788 1305 1
781 1319 1
772 1334 1
764 1349 1
755 1363 1
748 1376 1
740 1388 1
730 1401 1
718 1412 1
705 1423 1
691 1432 1
674 1440 1
635 1460 1
615 1469 1
594 1478 1
575 1484 1
559 1488 1
540 1489 1
520 1485 1
498 1475 1
473 1461 1
449 1442 1
427 1420 1
407 1395 1
386 1368 1
365 1336 1
347 1304 1
330 1270 1
315 1237 1
301 1206 1
288 1176 1
276 1146 1
267 1115 1
260 1085 1
252 1056 1
243 1029 1
235 1006 1
227 988 1
221 971 1
214 952 1
203 926 1
190 898 1
177 871 1
166 848 1
159 828 1
154 808 1
151 782 1
150 749 1
150 711 1
150 671 1
148 632 1
145 594 1
143 581 1
145 593 0
