564 901 1
564 901 1
564 901 1
563 901 1
563 901 1
563 903 1
562 904 1
562 907 1
560 910 1
559 913 1
556 918 1
555 922 1
552 926 1
549 930 1
545 934 1
537 938 1
530 941 1
521 942 1
512 944 1
506 945 1
501 945 1
496 945 1
492 944 1
488 944 1
484 943 1
480 943 1
477 941 1
474 939 1
471 937 1
468 935 1
466 931 1
463 926 1
460 920 1
458 915 1
458 909 1
458 902 1
458 893 1
459 885 1
461 876 1
464 865 1
467 858 1
470 849 1
475 843 1
479 837 1
483 833 1
488 829 1
492 827 1
496 825 1
501 825 1
507 825 1
516 826 1
527 829 1
537 832 1
546 835 1
552 838 1
557 842 1
561 844 1
565 847 1
569 851 1
573 856 1
576 864 1
579 873 1
581 884 1
582 894 1
583 903 1
582 911 1
581 920 1
579 929 1
577 937 1
574 947 1
570 956 1
567 966 1
563 973 1
560 980 1
556 986 1
553 992 1
551 996 1
548 1001 1
543 1006 1
538 1011 1
531 1017 1
526 1021 1
520 1024 1
514 1026 1
509 1029 1
501 1030 1
493 1031 1
484 1032 1
477 1032 1
468 1032 1
459 1032 1
450 1031 1
441 1029 1
432 1026 1
422 1023 1
412 1017 1
403 1012 1
395 1004 1
386 997 1
377 988 1
371 979 1
365 968 1
361 956 1
356 944 1
354 929 1
353 918 1
353 907 1
352 898 1
352 889 1
351 879 1
351 870 1
350 860 1
350 851 1
348 844 1
344 830 1
344 824 1
344 817 1
343 809 1
343 800 1
343 793 1
343 785 1
344 777 1
346 771 1
347 766 1
350 760 1
353 756 1
356 752 1
359 748 1
364 744 1
368 741 1
372 738 1
378 734 1
384 731 1
393 726 1
403 723 1
414 720 1
426 716 1
438 715 1
454 715 1
470 715 1
486 717 1
499 720 1
511 722 1
520 724 1
528 726 1
537 727 1
546 730 1
556 733 1
566 737 1
578 742 1
590 748 1
601 754 1
611 760 1
622 766 1
630 771 1
637 776 1
642 780 1
647 783 1
651 787 1
654 789 1
656 793 1
659 796 1
662 801 1
667 807 1
671 816 1
677 829 1
683 844 1
688 861 1
693 877 1
696 891 1
699 905 1
700 919 1
699 933 1
697 947 1
697 958 1
695 966 1
694 974 1
692 980 1
691 985 1
689 991 1
687 998 1
685 1004 1
681 1013 1
678 1022 1
672 1033 1
667 1042 1
660 1051 1
654 1059 1
648 1067 1
641 1075 1
635 1083 1
627 1091 1
620 1098 1
613 1103 1
608 1108 1
602 1112 1
598 1114 1
594 1117 1
590 1118 1
587 1121 1
582 1122 1
577 1125 1
571 1128 1
565 1129 1
557 1131 1
548 1133 1
539 1135 1
529 1135 1
519 1137 1
509 1139 1
500 1141 1
490 1143 1
480 1145 1
471 1146 1
462 1147 1
454 1147 1
445 1146 1
437 1146 1
428 1142 1
418 1139 1
405 1133 1
393 1127 1
381 1120 1
369 1114 1
357 1106 1
346 1101 1
337 1095 1
329 1089 1
322 1082 1
316 1075 1
311 1069 1
307 1062 1
304 1054 1
299 1049 1
297 1045 1
295 1042 1
294 1038 1
292 1036 1
292 1033 1
290 1030 1
291 1028 1
291 1025 1
291 1022 1
293 1017 1
295 1012 1
297 1007 1
299 1003 1
300 999 1
302 995 1
302 992 1
303 989 1
302 985 1
300 980 1
299 976 1
297 971 1
294 965 1
293 957 1
290 948 1
287 935 1
284 923 1
282 911 1
279 902 1
276 891 1
274 882 1
271 873 1
269 865 1
265 856 1
264 848 1
264 841 1
263 833 1
263 827 1
263 819 1
263 812 1
263 804 1
263 795 1
263 788 1
263 779 1
264 770 1
265 762 1
268 753 1
270 743 1
273 732 1
275 723 1
278 715 1
280 707 1
283 701 1
285 697 1
287 692 1
289 689 1
291 686 1
293 684 1
296 681 1
299 678 1
302 675 1
306 673 1
309 670 1
312 668 1
316 665 1
321 663 1
325 660 1
332 657 1
338 654 1
344 653 1
349 651 1
354 650 1
358 648 1
362 648 1
367 648 1
372 647 1
377 645 1
383 644 1
388 644 1
394 642 1
400 642 1
406 642 1
414 642 1
422 642 1
430 642 1
436 642 1
443 642 1
451 643 1
459 643 1
466 643 1
475 643 1
481 643 1
489 643 1
495 644 1
501 644 1
505 644 1
509 644 1
513 645 1
517 645 1
520 645 1
524 645 1
531 646 1
539 647 1
548 648 1
559 651 1
569 654 1
582 657 1
597 662 1
612 665 1
623 670 1
631 673 1
637 676 1
642 678 1
644 681 1
647 684 1
651 688 1
654 692 1
657 696 1
660 701 1
665 707 1
672 717 1
680 726 1
686 736 1
691 744 1
695 751 1
698 759 1
702 764 1
703 769 1
705 773 1
706 777 1
708 781 1
709 788 1
711 793 1
712 802 1
713 809 1
714 817 1
716 825 1
716 833 1
717 840 1
718 847 1
719 853 1
721 861 1
722 867 1
723 875 1
724 884 1
725 892 1
726 901 1
726 909 1
727 916 1
727 924 1
727 931 1
727 939 1
727 946 1
727 954 1
727 962 1
728 969 1
729 976 1
729 982 1
729 987 1
730 995 1
730 1001 1
729 1009 1
729 1016 1
727 1022 1
727 1029 1
725 1033 1
725 1038 1
723 1044 1
721 1048 1
718 1053 1
714 1059 1
710 1065 1
705 1073 1
700 1082 1
695 1090 1
690 1098 1
686 1104 1
683 1109 1
680 1114 1
679 1116 1
676 1119 1
673 1123 1
671 1126 1
669 1128 1
668 1130 1
668 1132 1
666 1134 1
664 1136 1
663 1138 1
661 1140 1
660 1142 1
658 1145 1
655 1148 1
654 1150 1
652 1153 1
651 1155 1
649 1157 1
648 1160 1
646 1163 1
643 1166 1
638 1171 1
635 1174 1
630 1178 1
625 1183 1
618 1186 1
609 1191 1
598 1195 1
587 1199 1
578 1203 1
569 1206 1
560 1208 1
554 1210 1
548 1211 1
542 1212 1
536 1213 1
531 1213 1
523 1212 1
517 1210 1
510 1207 1
499 1204 1
489 1200 1
475 1197 1
461 1194 1
445 1191 1
433 1189 1
422 1188 1
414 1186 1
408 1184 1
404 1184 1
399 1182 1
395 1181 1
390 1179 1
384 1178 1
378 1175 1
373 1174 1
368 1172 1
363 1171 1
357 1169 1
351 1167 1
346 1166 1
341 1164 1
337 1163 1
334 1161 1
330 1159 1
326 1156 1
320 1152 1
314 1146 1
307 1138 1
299 1129 1
292 1121 1
283 1112 1
275 1103 1
268 1093 1
263 1083 1
258 1074 1
252 1066 1
247 1056 1
242 1048 1
238 1042 1
233 1034 1
228 1026 1
224 1017 1
220 1007 1
216 998 1
214 990 1
212 982 1
209 976 1
208 966 1
205 954 1
203 940 1
202 927 1
201 915 1
200 903 1
198 891 1
198 880 1
196 869 1
196 859 1
196 849 1
195 841 1
195 833 1
195 826 1
196 818 1
197 810 1
198 802 1
200 796 1
201 788 1
203 782 1
205 778 1
207 773 1
209 770 1
212 765 1
215 761 1
217 758 1
220 754 1
222 749 1
225 745 1
230 738 1
235 731 1
237 726 1
240 720 1
243 717 1
245 712 1
248 709 1
249 706 1
251 703 1
252 700 1
255 697 1
257 692 1
260 687 1
264 683 1
269 677 1
273 671 1
277 666 1
282 659 1
288 652 1
296 644 1
301 638 1
308 631 1
313 626 1
319 621 1
325 617 1
333 612 1
341 608 1
351 605 1
358 601 1
365 599 1
373 595 1
382 593 1
391 590 1
401 588 1
410 587 1
419 585 1
427 584 1
435 582 1
440 581 1
447 580 1
453 577 1
459 576 1
465 574 1
470 572 1
476 571 1
482 569 1
488 568 1
495 566 1
502 565 1
507 565 1
511 563 1
515 563 1
520 563 1
527 563 1
536 564 1
550 568 1
563 571 1
575 576 1
586 580 1
598 584 1
608 588 1
619 592 1
628 596 1
634 599 1
637 601 1
639 603 1
639 604 1
640 605 1
641 607 1
642 609 1
643 611 1
643 612 1
644 614 1
645 616 1
646 619 1
647 621 1
649 624 1
651 627 1
653 629 1
656 633 1
658 636 1
661 639 1
664 643 1
668 646 1
672 651 1
677 654 1
682 659 1
688 665 1
696 671 1
704 679 1
710 686 1
715 692 1
720 698 1
726 706 1
734 715 1
745 730 1
756 745 1
767 759 1
776 769 1
782 778 1
787 785 1
791 792 1
793 798 1
796 804 1
797 811 1
800 817 1
801 824 1
803 830 1
803 833 1
805 836 1
805 839 1
807 843 1
808 846 1
810 848 1
812 850 1
813 851 1
815 853 1
816 854 1
818 856 1
819 857 1
821 859 1
823 860 1
825 862 1
827 864 1
828 866 1
830 869 1
830 873 1
832 879 1
832 890 1
830 902 1
826 918 1
821 935 1
816 955 1
810 973 1
802 995 1
794 1017 1
786 1038 1
777 1056 1
769 1070 1
762 1083 1
757 1094 1
753 1103 1
750 1109 1
748 1114 1
745 1118 1
743 1122 1
742 1124 1
740 1126 1
739 1128 1
739 1130 1
737 1132 1
735 1135 1
733 1139 1
730 1145 1
728 1153 1
725 1162 1
725 1174 1
725 1184 1
725 1195 1
725 1206 1
725 1217 1
725 1228 1
725 1238 1
725 1246 1
725 1253 1
725 1258 1
725 1261 1
725 1264 1
724 1267 1
724 1270 1
723 1272 1
723 1274 1
721 1277 1
719 1280 1
716 1286 1
711 1293 1
702 1303 1
691 1314 1
677 1324 1
663 1332 1
650 1340 1
641 1346 1
632 1350 1
625 1354 1
618 1357 1
611 1359 1
602 1362 1
592 1364 1
581 1366 1
569 1368 1
555 1369 1
542 1371 1
529 1371 1
518 1373 1
507 1373 1
498 1374 1
484 1374 1
472 1374 1
461 1374 1
452 1374 1
442 1373 1
433 1372 1
424 1372 1
414 1370 1
403 1367 1
389 1364 1
377 1361 1
365 1356 1
354 1350 1
340 1342 1
326 1334 1
311 1325 1
296 1316 1
281 1306 1
267 1294 1
254 1281 1
242 1269 1
231 1258 1
221 1247 1
210 1235 1
202 1224 1
194 1211 1
186 1200 1
180 1190 1
175 1179 1
170 1170 1
166 1160 1
161 1148 1
156 1137 1
153 1125 1
150 1114 1
146 1099 1
144 1084 1
142 1068 1
141 1051 1
139 1033 1
139 1013 1
137 995 1
137 971 1
135 947 1
134 926 1
132 908 1
129 894 1
128 880 1
129 885 0
