136 1229 1
136 1229 1
136 1229 1
136 1229 1
136 1229 1
136 1229 1
136 1229 1
136 1229 1
136 1229 1
136 1228 1
136 1228 1
136 1228 1
136 1227 1
138 1224 1
140 1222 1
142 1219 1
146 1214 1
150 1205 1
162 1188 1
177 1166 1
194 1139 1
210 1115 1
225 1094 1
246 1063 1
253 1052 1
263 1038 1
272 1023 1
281 1010 1
291 997 1
301 983 1
310 969 1
317 960 1
321 953 1
323 948 1
325 943 1
326 938 1
324 926 1
315 909 1
299 891 1
283 875 1
271 865 1
261 859 1
254 853 1
244 847 1
234 842 1
223 837 1
214 833 1
206 830 1
201 826 1
197 825 1
194 825 1
191 825 1
188 826 1
184 830 1
181 837 1
179 852 1
180 874 1
186 905 1
192 938 1
200 967 1
204 989 1
207 1002 1
209 1011 1
211 1016 1
212 1020 1
213 1022 1
214 1023 1
216 1025 1
220 1026 1
227 1028 1
236 1030 1
247 1032 1
255 1035 1
264 1037 1
272 1040 1
278 1043 1
287 1049 1
298 1057 1
308 1067 1
321 1080 1
331 1094 1
338 1110 1
344 1125 1
348 1140 1
348 1151 1
346 1162 1
343 1171 1
337 1177 1
329 1182 1
317 1187 1
300 1187 1
282 1184 1
262 1180 1
243 1173 1
225 1166 1
210 1159 1
196 1151 1
183 1143 1
171 1136 1
161 1129 1
153 1123 1
147 1116 1
143 1112 1
145 1114 0
388 1279 1
388 1279 1
388 1279 1
388 1279 1
388 1279 1
388 1278 1
388 1276 1
389 1273 1
392 1268 1
397 1258 1
406 1244 1
418 1223 1
433 1198 1
450 1169 1
467 1141 1
489 1103 1
500 1079 1
507 1057 1
513 1031 1
519 1004 1
522 977 1
523 953 1
521 932 1
517 913 1
507 895 1
495 877 1
482 864 1
472 854 1
465 849 1
459 844 1
453 840 1
447 838 1
441 836 1
435 836 1
426 839 1
419 855 1
415 876 1
413 902 1
414 929 1
418 960 1
423 988 1
427 1008 1
432 1027 1
437 1040 1
442 1052 1
447 1062 1
453 1071 1
461 1080 1
472 1091 1
483 1100 1
494 1112 1
501 1121 1
507 1129 1
512 1137 1
514 1145 1
514 1155 1
510 1166 1
498 1183 1
478 1201 1
450 1218 1
423 1231 1
394 1239 1
363 1242 1
372 1242 0
628 1244 1
628 1244 1
628 1244 1
628 1244 1
628 1244 1
628 1241 1
628 1235 1
631 1223 1
635 1204 1
642 1183 1
649 1156 1
660 1127 1
674 1097 1
696 1057 1
715 1026 1
727 1007 1
738 989 1
747 973 1
755 956 1
762 938 1
767 919 1
768 899 1
765 878 1
753 857 1
734 835 1
713 818 1
696 806 1
684 800 1
673 797 1
657 795 1
644 797 1
632 805 1
618 823 1
604 846 1
595 874 1
590 897 1
587 916 1
589 930 1
596 945 1
613 962 1
638 981 1
670 1003 1
698 1023 1
717 1039 1
731 1053 1
740 1066 1
745 1076 1
751 1091 1
753 1106 1
755 1123 1
752 1141 1
746 1162 1
734 1185 1
718 1208 1
698 1225 1
674 1238 1
641 1236 1
603 1223 1
566 1200 1
570 1203 0
