981 247 1
981 247 1
981 247 1
981 247 1
981 247 1
981 247 1
981 247 1
981 247 1
981 247 1
981 247 1
981 247 1
981 247 1
980 247 1
980 247 1
980 247 1
980 248 1
980 249 1
980 253 1
981 256 1
981 260 1
982 265 1
984 270 1
984 278 1
986 286 1
987 295 1
989 304 1
989 317 1
991 331 1
991 345 1
990 359 1
988 372 1
987 382 1
985 390 1
985 395 1
985 398 1
985 401 1
983 404 1
984 406 1
984 411 1
980 420 1
974 428 1
965 439 1
955 452 1
943 466 1
931 480 1
921 492 1
914 498 1
909 503 1
906 507 1
903 510 1
901 513 1
901 515 1
899 516 1
899 516 1
899 516 1
899 516 1
899 516 1
900 518 1
900 528 1
900 542 1
901 562 1
905 582 1
912 601 1
917 616 1
921 628 1
925 637 1
927 647 1
930 655 1
931 662 1
932 669 1
933 677 1
933 683 1
934 690 1
935 698 1
935 705 1
936 711 1
937 716 1
937 720 1
937 723 1
937 726 1
935 729 1
935 732 1
933 737 1
932 741 1
929 744 1
922 749 1
915 752 1
905 755 1
887 756 1
873 754 1
856 753 1
839 750 1
820 740 1
803 732 1
792 724 1
782 718 1
776 711 1
770 703 1
764 696 1
758 687 1
754 679 1
751 672 1
748 664 1
747 654 1
744 645 1
743 633 1
743 624 1
742 614 1
743 603 1
744 595 1
746 589 1
749 584 1
750 581 1
752 579 1
754 579 1
758 580 1
765 583 1
775 590 1
788 603 1
803 618 1
817 635 1
829 651 1
838 665 1
845 677 1
850 687 1
853 696 1
855 704 1
856 710 1
858 715 1
858 721 1
856 730 1
851 744 1
843 760 1
828 775 1
809 791 1
785 807 1
755 827 1
725 847 1
698 864 1
686 872 1
695 867 0
542 305 1
542 305 1
542 305 1
542 305 1
542 305 1
542 305 1
542 305 1
542 305 1
545 308 1
551 314 1
558 321 1
570 332 1
582 341 1
591 351 1
600 359 1
609 366 1
615 372 1
621 377 1
628 382 1
632 388 1
638 394 1
642 399 1
645 403 1
649 408 1
652 413 1
654 417 1
656 421 1
658 424 1
658 428 1
658 433 1
658 437 1
656 444 1
654 451 1
652 457 1
649 465 1
644 472 1
639 481 1
633 489 1
629 499 1
625 510 1
622 520 1
622 533 1
620 544 1
621 555 1
623 565 1
625 577 1
628 589 1
632 600 1
637 611 1
641 620 1
645 629 1
648 637 1
651 643 1
654 648 1
656 654 1
657 657 1
658 661 1
659 665 1
659 670 1
659 675 1
659 682 1
657 688 1
655 694 1
654 700 1
652 706 1
650 712 1
647 720 1
645 728 1
643 735 1
641 743 1
639 751 1
637 759 1
636 766 1
634 773 1
634 780 1
633 786 1
632 789 1
632 792 1
631 796 1
630 798 1
630 800 1
628 801 1
625 803 1
618 802 1
608 800 1
595 794 1
579 786 1
566 776 1
554 767 1
544 758 1
537 751 1
532 744 1
527 738 1
523 731 1
518 725 1
515 716 1
511 707 1
508 700 1
507 690 1
505 682 1
506 673 1
507 666 1
508 659 1
509 653 1
510 650 1
511 648 1
511 646 1
512 646 1
512 646 1
513 645 1
517 646 1
524 649 1
537 655 1
553 663 1
571 674 1
587 685 1
600 695 1
609 704 1
618 713 1
624 721 1
630 731 1
635 745 1
637 765 1
635 789 1
628 818 1
614 849 1
597 880 1
577 904 1
556 927 1
529 952 1
518 961 1
527 954 0
341 357 1
341 357 1
341 357 1
341 357 1
341 357 1
341 357 1
341 357 1
341 357 1
341 358 1
341 360 1
343 366 1
346 377 1
350 389 1
354 401 1
358 412 1
361 421 1
366 430 1
367 437 1
371 444 1
373 448 1
374 451 1
376 454 1
376 456 1
378 458 1
378 460 1
380 462 1
380 463 1
382 465 1
382 468 1
385 473 1
388 480 1
389 487 1
392 495 1
393 503 1
395 509 1
396 516 1
398 524 1
399 530 1
401 536 1
404 542 1
410 547 1
414 552 1
421 556 1
424 560 1
427 562 1
430 564 1
433 565 1
436 567 1
439 569 1
442 572 1
445 579 1
447 588 1
449 598 1
451 610 1
452 622 1
452 631 1
452 640 1
451 648 1
451 655 1
449 663 1
447 670 1
446 676 1
444 682 1
444 684 1
442 687 1
442 689 1
441 691 1
441 693 1
440 693 1
438 694 1
438 694 1
436 695 1
436 697 1
434 700 1
434 715 1
434 727 1
434 742 1
436 755 1
439 763 1
442 770 1
446 777 1
450 784 1
453 789 1
455 794 1
458 798 1
459 802 1
460 805 1
460 807 1
461 809 1
459 811 1
458 813 1
454 815 1
446 816 1
435 817 1
426 818 1
417 816 1
408 816 1
391 813 1
380 803 1
368 794 1
357 783 1
348 774 1
341 766 1
333 758 1
326 749 1
320 741 1
314 732 1
308 722 1
305 713 1
302 706 1
300 702 1
300 697 1
300 694 1
299 692 1
300 687 1
302 683 1
305 679 1
311 675 1
316 672 1
320 670 1
324 670 1
327 668 1
329 669 1
334 670 1
342 672 1
350 682 1
360 705 1
370 737 1
374 775 1
374 814 1
372 851 1
366 884 1
353 918 1
335 953 1
314 992 1
319 984 0
151 363 1
151 363 1
151 363 1
151 363 1
151 363 1
151 363 1
151 363 1
151 363 1
151 363 1
151 363 1
151 363 1
152 365 1
155 368 1
160 375 1
165 381 1
167 388 1
170 393 1
173 398 1
174 401 1
175 403 1
176 405 1
176 408 1
176 409 1
176 412 1
176 413 1
174 415 1
174 417 1
174 419 1
173 421 1
173 425 1
173 428 1
173 434 1
175 444 1
176 455 1
179 466 1
182 476 1
184 484 1
186 491 1
189 497 1
191 501 1
194 507 1
199 513 1
204 520 1
209 527 1
212 532 1
215 537 1
216 541 1
217 545 1
217 551 1
217 557 1
217 564 1
215 572 1
215 580 1
213 590 1
211 602 1
208 613 1
203 624 1
200 631 1
197 638 1
195 642 1
195 647 1
194 648 1
194 651 1
194 657 1
198 667 1
209 680 1
222 695 1
232 712 1
240 724 1
245 735 1
250 747 1
254 759 1
257 770 1
259 780 1
259 789 1
259 795 1
258 803 1
256 809 1
254 815 1
251 820 1
246 825 1
239 829 1
230 833 1
220 834 1
210 835 1
201 834 1
192 832 1
182 827 1
174 821 1
164 813 1
154 803 1
144 792 1
136 780 1
129 769 1
123 760 1
118 750 1
115 741 1
112 732 1
110 725 1
108 719 1
106 714 1
107 711 1
107 709 1
107 707 1
107 705 1
107 705 1
107 705 1
107 705 1
107 705 1
107 705 1
107 705 1
107 705 1
107 705 1
107 705 1
107 705 1
109 705 1
113 705 1
123 708 1
139 717 1
151 725 1
161 733 1
167 739 1
173 745 1
178 751 1
181 758 1
182 764 1
184 771 1
183 788 1
180 804 1
168 828 1
151 857 1
130 889 1
106 923 1
79 958 1
78 961 1
78 961 0
