58 1437 1
58 1435 1
58 1435 1
58 1433 1
58 1429 1
58 1424 1
59 1416 1
61 1407 1
63 1393 1
64 1380 1
67 1363 1
71 1346 1
75 1328 1
80 1312 1
84 1296 1
91 1279 1
104 1247 1
114 1233 1
121 1221 1
128 1210 1
135 1200 1
141 1190 1
149 1178 1
157 1166 1
164 1155 1
170 1144 1
177 1134 1
183 1125 1
189 1115 1
195 1104 1
201 1093 1
208 1079 1
217 1057 1
223 1040 1
228 1025 1
232 1009 1
237 994 1
240 979 1
242 967 1
244 955 1
245 944 1
246 932 1
247 919 1
247 906 1
248 893 1
248 880 1
248 869 1
248 857 1
246 845 1
247 822 1
246 808 1
246 796 1
244 785 1
244 771 1
241 759 1
238 748 1
235 738 1
230 729 1
226 720 1
221 709 1
212 698 1
206 688 1
200 678 1
195 671 1
190 666 1
187 662 1
184 659 1
180 655 1
175 650 1
171 647 1
166 644 1
162 640 1
160 639 1
156 639 1
154 638 1
151 638 1
150 638 1
148 638 1
146 639 1
143 643 1
141 656 1
139 669 1
139 691 1
139 713 1
139 736 1
140 758 1
142 777 1
143 790 1
145 800 1
145 807 1
147 816 1
149 824 1
154 833 1
162 845 1
175 864 1
186 879 1
196 893 1
204 906 1
211 918 1
217 929 1
223 940 1
231 952 1
236 961 1
242 971 1
246 979 1
251 988 1
255 996 1
259 1004 1
263 1015 1
267 1027 1
273 1049 1
278 1063 1
281 1079 1
284 1092 1
286 1102 1
287 1113 1
288 1123 1
289 1135 1
290 1146 1
291 1159 1
291 1172 1
291 1186 1
291 1200 1
289 1217 1
288 1235 1
286 1253 1
285 1268 1
285 1282 1
284 1293 1
284 1301 1
284 1308 1
284 1314 1
285 1317 1
285 1320 1
286 1323 1
286 1324 1
286 1325 1
286 1325 1
287 1325 1
287 1325 1
287 1325 1
287 1326 1
287 1326 1
290 1326 1
293 1325 1
299 1322 1
307 1318 1
318 1312 1
326 1304 1
335 1296 1
342 1287 1
347 1278 1
352 1267 1
355 1258 1
358 1247 1
360 1235 1
362 1223 1
363 1211 1
361 1196 1
357 1180 1
352 1165 1
347 1151 1
341 1137 1
334 1122 1
328 1108 1
320 1091 1
312 1075 1
304 1060 1
297 1048 1
292 1037 1
289 1027 1
284 1017 1
281 1006 1
278 995 1
275 984 1
272 972 1
269 960 1
268 949 1
266 938 1
266 929 1
266 917 1
266 905 1
268 891 1
270 878 1
272 861 1
275 843 1
280 823 1
284 806 1
288 792 1
291 779 1
293 770 1
295 761 1
296 753 1
298 743 1
299 730 1
300 717 1
300 700 1
300 686 1
299 675 1
297 665 1
297 659 1
296 653 1
294 649 1
293 646 1
291 643 1
290 640 1
288 637 1
285 632 1
282 627 1
277 623 1
273 620 1
270 618 1
267 616 1
264 616 1
262 614 1
259 614 1
258 614 1
256 614 1
255 614 1
253 617 1
253 625 1
253 636 1
256 652 1
260 673 1
265 696 1
270 717 1
274 736 1
278 751 1
281 763 1
284 775 1
287 786 1
289 793 1
291 801 1
295 811 1
298 822 1
302 835 1
307 847 1
311 859 1
318 874 1
326 891 1
336 912 1
345 932 1
353 952 1
359 970 1
365 986 1
369 1001 1
374 1015 1
377 1033 1
379 1050 1
381 1067 1
383 1084 1
384 1101 1
385 1118 1
386 1137 1
387 1156 1
387 1175 1
387 1194 1
385 1211 1
385 1228 1
383 1244 1
382 1259 1
380 1273 1
379 1286 1
377 1296 1
376 1305 1
374 1313 1
373 1318 1
374 1322 1
374 1326 1
374 1329 1
374 1331 1
374 1333 1
374 1335 1
374 1337 1
375 1338 1
375 1338 1
375 1338 1
375 1338 1
376 1338 1
378 1338 1
382 1335 1
388 1332 1
395 1323 1
403 1312 1
414 1298 1
423 1280 1
433 1259 1
440 1235 1
446 1208 1
448 1180 1
450 1154 1
449 1131 1
447 1106 1
444 1081 1
438 1054 1
431 1029 1
423 1007 1
417 989 1
413 973 1
408 959 1
404 943 1
400 927 1
396 910 1
393 894 1
391 881 1
389 870 1
388 860 1
388 848 1
388 835 1
388 820 1
388 804 1
387 790 1
385 776 1
383 762 1
381 748 1
379 736 1
377 725 1
376 714 1
373 702 1
369 689 1
366 679 1
363 669 1
361 661 1
358 655 1
356 650 1
354 645 1
352 642 1
350 639 1
350 637 1
350 637 1
349 636 1
349 636 1
349 636 1
349 636 1
349 639 1
347 644 1
347 657 1
345 674 1
345 695 1
345 717 1
345 735 1
346 753 1
348 769 1
350 783 1
352 794 1
354 804 1
356 814 1
359 824 1
362 833 1
366 844 1
369 855 1
375 867 1
380 880 1
386 895 1
394 910 1
400 925 1
406 941 1
412 956 1
418 971 1
425 986 1
430 1002 1
435 1019 1
437 1035 1
440 1054 1
444 1076 1
448 1096 1
451 1119 1
453 1141 1
455 1162 1
456 1183 1
457 1202 1
458 1218 1
459 1234 1
460 1250 1
462 1266 1
465 1280 1
467 1293 1
470 1305 1
472 1314 1
474 1321 1
475 1325 1
477 1328 1
478 1330 1
479 1333 1
480 1334 1
482 1336 1
483 1338 1
484 1339 1
487 1339 1
488 1339 1
491 1337 1
496 1334 1
502 1325 1
512 1308 1
520 1289 1
527 1273 1
534 1258 1
538 1244 1
542 1231 1
546 1216 1
549 1197 1
551 1177 1
550 1155 1
548 1132 1
543 1109 1
536 1085 1
527 1062 1
518 1042 1
510 1028 1
506 1018 1
501 1010 1
499 1003 1
497 995 1
496 989 1
496 981 1
497 976 1
498 971 1
499 968 1
500 965 1
501 960 1
503 957 1
505 950 1
505 944 1
505 936 1
502 926 1
498 914 1
488 899 1
477 885 1
467 871 1
458 859 1
452 850 1
447 844 1
445 838 1
444 834 1
443 830 1
444 827 1
444 821 1
445 814 1
446 807 1
447 799 1
447 792 1
448 785 1
450 779 1
451 771 1
451 764 1
452 755 1
452 745 1
450 736 1
450 727 1
450 719 1
449 711 1
447 703 1
447 697 1
445 689 1
443 683 1
442 679 1
440 676 1
440 673 1
438 671 1
438 669 1
436 669 1
436 668 1
436 668 1
436 668 1
436 668 1
436 668 1
436 668 1
434 670 1
432 674 1
429 683 1
426 695 1
423 707 1
421 721 1
419 733 1
420 747 1
421 762 1
423 777 1
426 790 1
429 804 1
434 818 1
439 833 1
446 848 1
452 862 1
458 875 1
464 889 1
472 906 1
478 920 1
484 934 1
488 948 1
493 962 1
496 979 1
501 996 1
505 1013 1
508 1031 1
510 1046 1
512 1060 1
514 1074 1
517 1088 1
520 1102 1
522 1116 1
525 1130 1
527 1141 1
530 1151 1
533 1161 1
535 1171 1
537 1180 1
540 1189 1
542 1198 1
544 1210 1
550 1223 1
556 1237 1
562 1250 1
569 1262 1
577 1274 1
585 1285 1
593 1295 1
599 1301 1
602 1306 1
605 1307 1
607 1310 1
609 1312 1
609 1312 1
610 1312 1
610 1312 1
610 1312 1
610 1312 1
611 1309 1
613 1306 1
615 1300 1
618 1291 1
623 1278 1
629 1264 1
635 1250 1
640 1236 1
645 1224 1
649 1213 1
651 1203 1
653 1194 1
654 1185 1
654 1173 1
648 1152 1
641 1130 1
629 1098 1
617 1073 1
607 1048 1
598 1029 1
591 1014 1
586 1003 1
583 993 1
579 985 1
576 977 1
574 970 1
571 962 1
569 956 1
567 949 1
564 942 1
560 933 1
555 923 1
547 909 1
538 893 1
529 880 1
523 869 1
520 862 1
517 856 1
515 852 1
514 849 1
514 847 1
513 844 1
514 841 1
514 838 1
515 835 1
515 830 1
517 825 1
520 820 1
523 814 1
531 806 1
537 800 1
542 794 1
547 789 1
552 785 1
555 782 1
558 779 1
560 777 1
563 774 1
565 771 1
568 766 1
572 763 1
574 759 1
577 756 1
579 752 1
581 749 1
582 747 1
583 744 1
584 742 1
584 739 1
584 737 1
585 734 1
585 730 1
585 727 1
585 725 1
585 722 1
586 719 1
585 716 1
585 714 1
585 711 1
583 708 1
583 706 1
583 703 1
580 699 1
579 696 1
577 693 1
575 690 1
573 687 1
571 685 1
568 682 1
565 679 1
562 676 1
558 674 1
555 671 1
551 668 1
548 666 1
545 666 1
543 665 1
541 665 1
540 665 1
538 666 1
536 667 1
534 670 1
531 677 1
528 686 1
525 697 1
522 713 1
518 730 1
517 749 1
517 766 1
518 782 1
520 796 1
521 810 1
523 824 1
524 838 1
527 852 1
529 865 1
532 876 1
535 888 1
537 899 1
540 913 1
542 925 1
545 938 1
548 952 1
551 966 1
554 981 1
557 997 1
561 1011 1
564 1024 1
570 1038 1
574 1051 1
578 1063 1
582 1076 1
586 1086 1
591 1096 1
595 1107 1
602 1117 1
610 1126 1
614 1136 1
620 1147 1
627 1158 1
633 1169 1
639 1182 1
645 1194 1
650 1208 1
657 1223 1
665 1240 1
672 1255 1
677 1269 1
680 1278 1
682 1286 1
684 1293 1
685 1300 1
687 1306 1
688 1312 1
689 1317 1
690 1321 1
691 1324 1
691 1325 1
692 1328 1
693 1329 1
693 1329 1
693 1329 1
694 1329 1
697 1329 1
698 1328 1
701 1326 1
704 1325 1
709 1322 1
714 1316 1
721 1310 1
728 1300 1
734 1292 1
740 1284 1
745 1275 1
748 1266 1
751 1252 1
754 1231 1
753 1204 1
750 1179 1
744 1159 1
739 1142 1
732 1126 1
726 1108 1
719 1089 1
712 1072 1
706 1056 1
701 1045 1
697 1034 1
694 1024 1
691 1011 1
685 997 1
680 982 1
675 969 1
671 959 1
668 949 1
665 937 1
662 925 1
659 914 1
657 906 1
657 899 1
655 894 1
656 887 1
657 881 1
657 874 1
661 866 1
664 858 1
669 850 1
675 839 1
686 824 1
696 809 1
707 795 1
716 783 1
723 774 1
728 766 1
731 759 1
733 753 1
734 747 1
734 740 1
732 734 1
730 727 1
728 719 1
725 711 1
722 702 1
717 693 1
712 682 1
707 673 1
702 665 1
696 657 1
691 650 1
685 642 1
678 634 1
671 625 1
665 616 1
659 609 1
655 604 1
651 599 1
647 595 1
645 593 1
642 591 1
642 591 1
642 591 1
642 591 1
642 591 1
642 591 1
642 591 1
642 591 1
640 591 1
642 595 1
642 601 1
644 613 1
647 629 1
650 647 1
653 666 1
656 684 1
659 699 1
662 713 1
664 727 1
667 739 1
670 754 1
672 767 1
674 780 1
675 793 1
676 805 1
677 819 1
679 834 1
681 851 1
683 865 1
684 879 1
686 893 1
688 906 1
689 920 1
690 934 1
691 948 1
692 962 1
693 975 1
694 988 1
694 1000 1
694 1012 1
694 1021 1
694 1031 1
694 1042 1
694 1055 1
696 1071 1
698 1090 1
701 1110 1
705 1134 1
708 1158 1
711 1177 1
716 1194 1
719 1209 1
723 1222 1
727 1236 1
732 1250 1
738 1266 1
745 1282 1
751 1296 1
756 1309 1
759 1320 1
763 1329 1
766 1335 1
770 1343 1
771 1347 1
774 1352 1
775 1355 1
777 1358 1
778 1360 1
781 1362 1
783 1363 1
785 1365 1
789 1365 1
792 1365 1
798 1361 1
803 1358 1
809 1354 1
815 1347 1
821 1339 1
828 1330 1
834 1321 1
839 1311 1
845 1301 1
850 1288 1
855 1274 1
860 1256 1
863 1241 1
865 1228 1
866 1213 1
866 1198 1
866 1183 1
866 1170 1
866 1160 1
866 1149 1
865 1136 1
865 1118 1
863 1097 1
861 1076 1
859 1055 1
857 1039 1
855 1026 1
854 1013 1
852 997 1
852 980 1
850 958 1
851 936 1
851 912 1
851 887 1
849 859 1
847 832 1
845 810 1
843 790 1
841 773 1
839 757 1
839 742 1
837 725 1
837 704 1
835 683 1
836 664 1
836 647 1
836 633 1
836 625 1
836 618 1
835 614 1
833 611 1
833 609 1
831 607 1
831 607 1
831 605 1
830 606 1
827 604 1
823 602 1
818 600 1
811 598 1
806 598 1
801 599 1
793 604 1
782 615 1
774 631 1
767 653 1
763 678 1
764 702 1
767 725 1
772 747 1
779 767 1
786 786 1
792 803 1
800 820 1
808 835 1
815 852 1
823 869 1
828 886 1
832 902 1
837 918 1
841 931 1
844 945 1
847 959 1
850 975 1
853 994 1
855 1012 1
856 1031 1
857 1049 1
857 1065 1
857 1080 1
857 1092 1
857 1106 1
857 1118 1
857 1131 1
858 1145 1
856 1158 1
857 1171 1
855 1184 1
855 1198 1
855 1212 1
854 1226 1
854 1240 1
854 1251 1
854 1262 1
854 1270 1
854 1278 1
854 1285 1
854 1290 1
854 1294 1
855 1297 1
855 1300 1
856 1302 1
857 1304 1
858 1306 1
859 1308 1
860 1309 1
862 1311 1
864 1313 1
867 1316 1
870 1320 1
874 1325 1
877 1329 1
879 1333 1
882 1338 1
884 1341 1
886 1344 1
887 1348 1
889 1350 1
891 1353 1
891 1354 1
892 1354 1
892 1354 1
893 1354 1
893 1354 1
895 1351 1
897 1349 1
903 1341 1
914 1327 1
926 1311 1
939 1289 1
952 1264 1
963 1241 1
969 1218 1
976 1193 1
979 1173 1
982 1156 1
984 1141 1
986 1126 1
987 1110 1
987 1096 1
986 1081 1
986 1065 1
984 1048 1
981 1023 1
977 993 1
971 959 1
966 930 1
959 908 1
954 891 1
949 878 1
943 865 1
935 850 1
925 831 1
913 812 1
902 795 1
893 784 1
888 776 1
885 769 1
881 765 1
876 759 1
874 756 1
872 751 1
870 748 1
870 746 1
870 743 1
870 741 1
871 737 1
875 731 1
881 724 1
890 711 1
901 696 1
912 680 1
925 665 1
934 650 1
942 638 1
947 627 1
951 619 1
953 612 1
954 606 1
952 601 1
951 597 1
947 591 1
942 586 1
937 581 1
933 578 1
931 576 1
928 576 1
926 575 1
923 577 1
920 582 1
915 594 1
910 613 1
905 635 1
900 659 1
895 684 1
892 707 1
893 729 1
893 750 1
893 769 1
891 786 1
892 800 1
890 813 1
890 827 1
890 843 1
889 862 1
889 885 1
890 911 1
891 942 1
892 974 1
892 1003 1
893 1028 1
894 1052 1
897 1074 1
901 1094 1
904 1116 1
909 1135 1
916 1155 1
923 1175 1
932 1198 1
942 1220 1
953 1242 1
962 1262 1
970 1283 1
978 1300 1
984 1316 1
989 1330 1
992 1342 1
996 1355 1
999 1364 1
1000 1373 1
1002 1381 1
1003 1388 1
1005 1396 1
1005 1403 1
1007 1410 1
1008 1418 1
1009 1425 1
1012 1433 1
1012 1433 0
