831 635 1
829 636 1
828 648 1
823 671 1
819 694 1
813 720 1
805 747 1
791 783 1
775 821 1
746 888 1
721 936 1
696 982 1
668 1027 1
641 1071 1
613 1112 1
588 1147 1
563 1179 1
542 1207 1
521 1233 1
500 1256 1
480 1273 1
461 1287 1
439 1295 1
415 1297 1
393 1295 1
373 1293 1
355 1278 1
338 1259 1
325 1232 1
314 1201 1
308 1165 1
306 1121 1
308 1076 1
313 1027 1
324 967 1
344 896 1
366 838 1
387 793 1
410 759 1
437 724 1
469 688 1
508 648 1
547 611 1
584 576 1
620 548 1
655 522 1
691 499 1
728 478 1
761 462 1
791 452 1
815 445 1
833 442 1
846 443 1
856 446 1
864 454 1
872 469 1
878 493 1
880 534 1
875 585 1
862 643 1
847 697 1
831 747 1
812 797 1
794 847 1
774 897 1
755 944 1
735 984 1
718 1019 1
699 1056 1
675 1094 1
649 1136 1
619 1177 1
592 1214 1
566 1248 1
538 1277 1
508 1302 1
476 1321 1
445 1332 1
417 1332 1
391 1324 1
368 1305 1
345 1278 1
328 1247 1
318 1208 1
312 1165 1
309 1117 1
313 1071 1
319 1025 1
333 982 1
352 930 1
374 871 1
400 815 1
430 759 1
460 709 1
490 668 1
518 631 1
544 604 1
569 579 1
595 557 1
619 540 1
648 524 1
674 510 1
698 498 1
718 488 1
738 480 1
757 475 1
777 470 1
795 468 1
811 467 1
825 469 1
838 473 1
849 480 1
857 492 1
864 513 1
867 544 1
861 591 1
849 646 1
834 702 1
816 754 1
799 801 1
780 847 1
762 893 1
743 942 1
722 996 1
703 1045 1
681 1086 1
659 1119 1
637 1151 1
609 1179 1
584 1203 1
555 1222 1
527 1237 1
498 1249 1
470 1255 1
440 1258 1
411 1254 1
384 1245 1
359 1234 1
342 1223 1
329 1208 1
320 1190 1
312 1164 1
308 1130 1
308 1091 1
315 1048 1
327 1005 1
346 955 1
371 901 1
399 846 1
428 793 1
459 741 1
487 696 1
515 656 1
541 621 1
569 591 1
599 563 1
628 538 1
653 520 1
676 505 1
697 496 1
719 491 1
739 489 1
758 492 1
773 498 1
788 505 1
803 517 1
817 533 1
828 554 1
839 582 1
846 613 1
847 651 1
842 695 1
828 748 1
811 800 1
793 850 1
772 901 1
748 955 1
719 1016 1
687 1075 1
656 1131 1
627 1179 1
600 1220 1
575 1255 1
552 1281 1
528 1304 1
505 1323 1
485 1334 1
468 1339 1
451 1336 1
434 1323 1
415 1299 1
397 1266 1
383 1232 1
372 1198 1
364 1162 1
358 1123 1
354 1086 1
354 1054 1
356 1023 1
366 984 1
381 939 1
400 893 1
423 848 1
447 807 1
475 768 1
510 726 1
546 683 1
587 640 1
628 599 1
667 561 1
704 529 1
740 499 1
771 477 1
797 462 1
818 454 1
833 451 1
848 451 1
858 455 1
869 465 1
879 483 1
886 510 1
889 545 1
887 588 1
879 639 1
865 698 1
846 763 1
822 829 1
794 891 1
763 952 1
731 1012 1
698 1069 1
661 1128 1
625 1181 1
589 1215 1
557 1242 1
524 1262 1
495 1275 1
468 1283 1
444 1283 1
422 1279 1
401 1273 1
383 1261 1
366 1247 1
350 1228 1
335 1202 1
325 1170 1
319 1131 1
320 1082 1
330 1029 1
348 974 1
374 917 1
404 860 1
441 802 1
479 746 1
516 694 1
552 647 1
585 604 1
616 567 1
646 538 1
674 513 1
700 493 1
726 475 1
752 464 1
775 456 1
797 451 1
813 449 1
827 449 1
839 451 1
853 457 1
868 468 1
881 483 1
893 508 1
901 540 1
902 583 1
895 632 1
883 684 1
865 743 1
842 800 1
819 857 1
797 908 1
774 955 1
751 995 1
727 1033 1
703 1067 1
680 1096 1
657 1126 1
632 1154 1
605 1186 1
577 1219 1
552 1251 1
528 1278 1
507 1301 1
487 1320 1
468 1333 1
451 1338 1
431 1335 1
411 1325 1
394 1305 1
378 1276 1
366 1240 1
359 1198 1
356 1151 1
356 1104 1
359 1056 1
365 1007 1
372 960 1
382 917 1
394 875 1
413 827 1
436 776 1
462 727 1
489 682 1
516 645 1
541 619 1
565 597 1
588 578 1
616 561 1
645 544 1
677 531 1
708 519 1
736 509 1
759 503 1
779 498 1
797 495 1
812 496 1
826 498 1
839 503 1
850 510 1
860 520 1
869 537 1
874 561 1
875 594 1
869 637 1
856 684 1
840 730 1
824 772 1
806 811 1
789 849 1
771 887 1
752 924 1
730 962 1
708 998 1
685 1033 1
661 1066 1
637 1099 1
611 1131 1
584 1163 1
555 1193 1
525 1224 1
496 1251 1
473 1269 1
455 1282 1
438 1289 1
427 1293 1
414 1295 1
403 1291 1
390 1281 1
377 1266 1
367 1245 1
359 1214 1
354 1175 1
356 1131 1
361 1085 1
370 1045 1
383 1002 1
400 950 1
429 873 1
459 796 1
481 744 1
492 712 1
502 687 1
517 667 1
536 646 1
558 625 1
586 607 1
612 590 1
638 574 1
664 560 1
688 549 1
711 540 1
735 531 1
759 525 1
784 520 1
805 517 1
819 513 1
831 512 1
839 510 1
845 512 1
852 514 1
858 518 1
865 526 1
870 539 1
872 560 1
868 588 1
859 621 1
847 660 1
833 699 1
819 737 1
804 773 1
790 806 1
776 839 1
762 871 1
750 900 1
736 929 1
722 958 1
704 990 1
683 1024 1
662 1058 1
642 1092 1
623 1122 1
602 1152 1
579 1182 1
555 1211 1
529 1240 1
504 1264 1
483 1282 1
466 1292 1
451 1297 1
438 1295 1
424 1282 1
409 1262 1
397 1230 1
388 1197 1
383 1165 1
382 1127 1
384 1085 1
391 1036 1
400 989 1
410 945 1
423 903 1
439 862 1
457 818 1
479 774 1
503 730 1
531 685 1
561 643 1
592 605 1
622 573 1
653 544 1
684 520 1
712 500 1
736 485 1
754 473 1
773 467 1
790 462 1
804 460 1
816 460 1
827 461 1
836 465 1
845 470 1
853 480 1
858 492 1
863 508 1
868 532 1
870 565 1
869 606 1
864 653 1
857 698 1
846 741 1
832 783 1
817 824 1
798 870 1
779 913 1
757 957 1
735 997 1
713 1034 1
692 1068 1
669 1105 1
645 1143 1
622 1177 1
599 1208 1
578 1236 1
559 1259 1
540 1281 1
522 1297 1
504 1310 1
484 1316 1
462 1313 1
436 1299 1
408 1268 1
384 1230 1
369 1191 1
362 1152 1
360 1116 1
362 1074 1
366 1034 1
370 995 1
379 955 1
391 916 1
406 875 1
423 838 1
443 802 1
468 766 1
496 730 1
526 696 1
558 662 1
590 629 1
624 598 1
659 568 1
693 540 1
723 522 1
749 508 1
771 497 1
788 493 1
802 490 1
815 492 1
825 495 1
835 499 1
844 509 1
853 524 1
861 544 1
867 571 1
870 602 1
868 641 1
858 686 1
846 736 1
826 791 1
807 844 1
786 895 1
764 941 1
741 986 1
719 1023 1
698 1059 1
676 1094 1
653 1128 1
632 1161 1
611 1190 1
591 1217 1
572 1243 1
553 1265 1
535 1284 1
517 1299 1
500 1310 1
486 1316 1
472 1313 1
457 1302 1
440 1282 1
424 1247 1
409 1194 1
400 1127 1
397 1055 1
398 989 1
400 946 1
405 916 1
412 893 1
420 874 1
432 849 1
456 809 1
487 760 1
521 711 1
558 664 1
594 625 1
629 590 1
665 560 1
699 534 1
729 518 1
753 506 1
773 498 1
788 494 1
800 493 1
810 494 1
821 496 1
830 499 1
838 505 1
846 513 1
856 524 1
864 538 1
872 556 1
877 577 1
876 608 1
871 645 1
860 684 1
847 723 1
831 762 1
812 803 1
791 847 1
769 890 1
745 935 1
721 979 1
695 1028 1
667 1074 1
641 1117 1
615 1156 1
589 1193 1
565 1220 1
543 1242 1
525 1258 1
509 1264 1
495 1270 1
483 1273 1
469 1273 1
453 1270 1
431 1259 1
411 1245 1
394 1227 1
381 1201 1
374 1168 1
372 1127 1
378 1079 1
390 1029 1
408 979 1
432 925 1
465 867 1
503 805 1
540 748 1
572 703 1
602 666 1
629 634 1
657 603 1
689 572 1
724 543 1
759 514 1
792 491 1
819 473 1
845 461 1
868 452 1
887 447 1
900 446 1
911 447 1
918 454 1
924 467 1
927 491 1
924 525 1
916 571 1
901 628 1
884 689 1
863 750 1
843 807 1
822 861 1
799 912 1
776 964 1
753 1013 1
732 1059 1
708 1100 1
684 1136 1
657 1170 1
629 1201 1
601 1230 1
573 1256 1
548 1276 1
527 1287 1
507 1292 1
488 1290 1
467 1283 1
447 1271 1
429 1257 1
415 1242 1
402 1226 1
391 1204 1
381 1178 1
374 1147 1
370 1115 1
370 1080 1
372 1044 1
379 1007 1
389 965 1
403 923 1
418 885 1
436 849 1
455 814 1
476 781 1
499 750 1
524 718 1
554 685 1
587 651 1
618 621 1
650 596 1
681 572 1
711 551 1
740 533 1
765 520 1
786 510 1
803 506 1
817 503 1
827 504 1
834 507 1
841 513 1
849 527 1
856 546 1
862 572 1
863 602 1
862 638 1
858 679 1
852 721 1
842 763 1
829 799 1
816 832 1
801 863 1
786 893 1
772 926 1
757 959 1
744 991 1
730 1023 1
717 1051 1
702 1081 1
684 1113 1
667 1146 1
649 1175 1
629 1202 1
609 1227 1
586 1247 1
563 1264 1
538 1276 1
518 1285 1
497 1291 1
482 1295 1
467 1296 1
452 1293 1
432 1281 1
410 1264 1
390 1243 1
374 1221 1
362 1200 1
355 1179 1
351 1155 1
349 1126 1
351 1093 1
358 1055 1
366 1016 1
378 978 1
390 944 1
405 912 1
424 878 1
443 843 1
467 804 1
493 768 1
520 735 1
545 704 1
570 676 1
594 652 1
617 630 1
644 611 1
670 593 1
699 576 1
725 560 1
750 548 1
774 539 1
795 534 1
814 529 1
832 528 1
849 528 1
862 526 1
874 528 1
884 529 1
892 532 1
900 542 1
905 557 1
902 594 1
891 644 1
869 708 1
831 783 1
794 853 1
760 917 1
727 975 1
698 1030 1
670 1079 1
641 1122 1
610 1160 1
580 1193 1
553 1217 1
527 1238 1
506 1253 1
487 1261 1
469 1266 1
451 1264 1
432 1257 1
415 1246 1
398 1227 1
384 1202 1
373 1169 1
367 1130 1
365 1086 1
369 1044 1
377 1004 1
388 965 1
404 928 1
423 891 1
446 851 1
470 808 1
493 767 1
512 734 1
530 703 1
547 679 1
565 654 1
586 629 1
608 603 1
632 579 1
654 558 1
673 541 1
691 527 1
709 514 1
727 502 1
747 489 1
765 480 1
785 473 1
800 469 1
814 467 1
825 468 1
837 474 1
851 483 1
863 499 1
874 519 1
881 546 1
881 583 1
876 621 1
864 666 1
851 709 1
832 760 1
810 813 1
782 879 1
756 937 1
730 986 1
709 1027 1
689 1058 1
669 1089 1
650 1117 1
629 1146 1
610 1174 1
592 1197 1
575 1219 1
559 1237 1
542 1253 1
527 1265 1
512 1274 1
497 1279 1
481 1282 1
466 1281 1
449 1277 1
432 1264 1
416 1248 1
405 1223 1
396 1192 1
392 1154 1
395 1103 1
401 1053 1
410 1012 1
420 975 1
430 940 1
444 902 1
459 860 1
475 823 1
488 789 1
501 765 1
511 747 1
525 729 1
542 708 1
562 686 1
584 663 1
607 639 1
629 618 1
650 601 1
673 582 1
694 564 1
716 549 1
738 535 1
757 523 1
773 514 1
787 507 1
798 504 1
808 502 1
817 502 1
827 504 1
838 508 1
849 516 1
861 528 1
869 545 1
876 567 1
877 597 1
872 638 1
862 683 1
846 733 1
826 783 1
805 835 1
781 887 1
757 937 1
733 977 1
713 1014 1
693 1048 1
677 1077 1
660 1105 1
643 1134 1
626 1162 1
607 1192 1
586 1222 1
562 1255 1
539 1285 1
514 1313 1
493 1333 1
478 1343 1
464 1349 1
454 1352 1
442 1350 1
428 1340 1
411 1319 1
394 1291 1
382 1259 1
374 1226 1
369 1190 1
369 1143 1
371 1087 1
376 1029 1
383 975 1
391 930 1
403 894 1
415 861 1
432 827 1
452 789 1
470 759 1
486 735 1
501 714 1
517 693 1
540 670 1
565 647 1
593 622 1
624 598 1
653 576 1
682 556 1
710 537 1
735 522 1
758 509 1
778 498 1
793 491 1
806 487 1
815 487 1
822 488 1
829 490 1
836 497 1
843 509 1
851 529 1
859 556 1
864 593 1
863 636 1
859 683 1
849 727 1
839 771 1
825 815 1
810 861 1
793 904 1
779 942 1
762 977 1
745 1008 1
728 1037 1
711 1065 1
693 1094 1
672 1124 1
649 1156 1
625 1186 1
601 1215 1
581 1244 1
559 1270 1
536 1296 1
513 1320 1
491 1339 1
470 1353 1
454 1358 1
438 1360 1
421 1351 1
401 1334 1
383 1307 1
362 1268 1
348 1232 1
339 1197 1
333 1163 1
331 1125 1
337 1074 1
345 1022 1
355 976 1
366 936 1
377 900 1
391 866 1
410 826 1
432 784 1
458 740 1
485 699 1
508 668 1
531 640 1
552 616 1
576 594 1
603 571 1
631 552 1
657 537 1
680 526 1
699 518 1
716 511 1
732 508 1
747 505 1
761 506 1
774 510 1
789 517 1
805 532 1
822 552 1
838 578 1
850 608 1
860 639 1
862 674 1
860 714 1
853 756 1
840 799 1
824 842 1
806 880 1
786 917 1
766 954 1
746 984 1
728 1013 1
712 1038 1
694 1062 1
678 1084 1
663 1106 1
648 1130 1
632 1155 1
615 1179 1
599 1203 1
583 1226 1
566 1246 1
551 1264 1
539 1274 1
527 1282 1
517 1288 1
507 1294 1
496 1296 1
483 1298 1
471 1295 1
454 1286 1
436 1267 1
418 1238 1
401 1196 1
388 1153 1
380 1115 1
375 1084 1
370 1058 1
370 1035 1
371 1008 1
374 980 1
380 941 1
387 908 1
397 878 1
408 850 1
420 823 1
436 791 1
454 761 1
473 729 1
491 703 1
508 682 1
524 661 1
542 641 1
561 623 1
583 602 1
606 582 1
632 559 1
657 539 1
676 524 1
695 509 1
713 497 1
733 486 1
752 476 1
773 471 1
790 468 1
807 467 1
822 468 1
836 471 1
849 478 1
859 487 1
868 499 1
873 521 1
876 546 1
875 579 1
871 613 1
866 646 1
853 684 1
840 721 1
827 754 1
813 786 1
801 814 1
789 843 1
777 873 1
763 907 1
748 941 1
733 973 1
717 1005 1
703 1032 1
690 1052 1
678 1071 1
665 1090 1
655 1105 1
642 1119 1
630 1132 1
616 1146 1
599 1161 1
579 1178 1
558 1193 1
539 1202 1
522 1208 1
503 1213 1
489 1213 1
473 1210 1
459 1206 1
445 1202 1
432 1196 1
423 1189 1
413 1180 1
405 1163 1
398 1136 1
394 1106 1
393 1074 1
394 1043 1
398 1013 1
408 978 1
418 941 1
431 902 1
445 864 1
462 824 1
487 781 1
513 735 1
539 695 1
563 663 1
587 633 1
609 609 1
632 586 1
658 562 1
686 537 1
714 512 1
742 492 1
767 476 1
786 467 1
802 462 1
815 459 1
825 460 1
835 465 1
845 474 1
854 495 1
861 520 1
865 557 1
864 597 1
862 642 1
851 695 1
839 749 1
822 801 1
806 848 1
789 892 1
769 937 1
748 981 1
727 1025 1
703 1070 1
680 1113 1
648 1155 1
619 1193 1
592 1223 1
571 1246 1
553 1264 1
542 1276 1
529 1287 1
518 1297 1
508 1304 1
497 1310 1
484 1309 1
473 1305 1
459 1293 1
442 1271 1
427 1238 1
414 1192 1
406 1151 1
405 1112 1
407 1075 1
414 1041 1
424 1006 1
434 969 1
446 935 1
457 903 1
470 869 1
486 833 1
503 797 1
520 764 1
537 733 1
554 705 1
571 683 1
590 660 1
614 636 1
641 612 1
670 589 1
696 571 1
721 555 1
744 544 1
767 534 1
791 525 1
811 519 1
829 516 1
845 514 1
856 515 1
866 516 1
873 521 1
881 531 1
887 547 1
888 575 1
885 614 1
872 663 1
857 715 1
837 771 1
814 830 1
787 891 1
762 948 1
738 997 1
716 1040 1
698 1075 1
679 1114 1
657 1159 1
630 1207 1
600 1253 1
572 1282 1
547 1307 1
525 1322 1
508 1331 1
494 1335 1
484 1333 1
474 1326 1
464 1306 1
452 1277 1
439 1240 1
431 1201 1
427 1164 1
425 1125 1
426 1083 1
427 1037 1
430 997 1
433 960 1
436 927 1
442 895 1
451 861 1
466 828 1
480 797 1
497 766 1
514 738 1
531 712 1
548 688 1
565 665 1
586 641 1
609 617 1
634 592 1
663 568 1
692 545 1
720 525 1
748 506 1
775 491 1
800 480 1
822 471 1
841 467 1
860 467 1
874 469 1
887 477 1
898 490 1
906 508 1
908 540 1
907 577 1
896 628 1
880 683 1
862 739 1
838 792 1
814 845 1
790 894 1
766 942 1
745 987 1
719 1036 1
695 1079 1
671 1116 1
647 1153 1
622 1187 1
597 1218 1
572 1248 1
548 1268 1
527 1286 1
509 1299 1
489 1305 1
474 1308 1
458 1306 1
441 1298 1
426 1280 1
408 1254 1
392 1219 1
380 1178 1
373 1138 1
369 1098 1
374 1052 1
382 1007 1
393 966 1
404 928 1
419 896 1
433 863 1
449 831 1
468 796 1
488 763 1
507 734 1
526 710 1
545 688 1
567 667 1
588 645 1
610 625 1
636 603 1
665 583 1
697 562 1
730 541 1
767 523 1
800 510 1
831 501 1
857 497 1
880 498 1
897 500 1
911 509 1
923 522 1
930 549 1
930 591 1
922 648 1
897 718 1
870 784 1
836 847 1
802 907 1
766 964 1
729 1017 1
696 1064 1
668 1103 1
642 1138 1
615 1170 1
588 1201 1
564 1230 1
544 1254 1
528 1272 1
516 1284 1
505 1292 1
496 1299 1
485 1302 1
475 1305 1
464 1305 1
455 1303 1
445 1298 1
433 1284 1
421 1264 1
412 1238 1
407 1203 1
407 1162 1
410 1117 1
420 1062 1
430 1008 1
439 958 1
446 914 1
453 877 1
461 850 1
467 825 1
474 801 1
483 778 1
494 754 1
507 727 1
523 703 1
541 678 1
565 652 1
591 624 1
621 598 1
651 572 1
681 545 1
712 520 1
739 495 1
766 477 1
789 462 1
824 447 1
837 446 1
848 447 1
857 452 1
872 481 1
877 503 1
876 538 1
871 576 1
864 618 1
854 661 1
841 703 1
825 743 1
807 779 1
790 812 1
772 844 1
755 878 1
738 912 1
719 948 1
699 986 1
677 1024 1
653 1062 1
627 1101 1
599 1138 1
572 1172 1
546 1200 1
523 1223 1
503 1242 1
483 1256 1
465 1268 1
447 1274 1
430 1278 1
397 1272 1
382 1260 1
371 1246 1
361 1228 1
354 1200 1
349 1168 1
350 1134 1
356 1093 1
366 1055 1
379 1015 1
392 980 1
405 948 1
418 919 1
430 892 1
443 867 1
458 841 1
477 811 1
499 779 1
524 744 1
548 711 1
572 680 1
594 653 1
615 630 1
636 609 1
655 591 1
675 573 1
694 558 1
714 546 1
733 536 1
753 527 1
777 521 1
798 515 1
814 511 1
826 508 1
837 506 1
842 507 1
849 509 1
854 515 1
860 525 1
864 544 1
861 577 1
855 617 1
843 663 1
827 710 1
809 759 1
790 805 1
770 853 1
749 902 1
722 959 1
695 1015 1
669 1067 1
645 1115 1
623 1159 1
601 1199 1
580 1234 1
559 1260 1
538 1282 1
518 1296 1
497 1306 1
477 1308 1
460 1304 1
441 1295 1
423 1276 1
407 1251 1
394 1218 1
384 1178 1
381 1135 1
384 1089 1
392 1042 1
401 1001 1
413 963 1
427 925 1
443 887 1
462 848 1
481 808 1
500 772 1
517 741 1
534 714 1
551 689 1
569 665 1
588 643 1
609 621 1
631 601 1
654 581 1
676 563 1
702 546 1
728 532 1
755 520 1
782 508 1
806 498 1
824 491 1
840 485 1
852 481 1
862 480 1
870 480 1
879 481 1
886 484 1
893 491 1
900 501 1
907 515 1
911 533 1
914 556 1
912 584 1
907 617 1
899 650 1
888 686 1
876 721 1
860 755 1
844 791 1
828 828 1
811 866 1
794 906 1
774 946 1
753 986 1
731 1024 1
706 1057 1
680 1088 1
653 1115 1
628 1136 1
604 1153 1
582 1166 1
561 1178 1
543 1185 1
527 1191 1
513 1194 1
499 1194 1
485 1191 1
471 1187 1
458 1180 1
447 1175 1
439 1165 1
431 1152 1
424 1130 1
421 1102 1
422 1069 1
427 1033 1
434 996 1
444 957 1
456 917 1
471 875 1
488 832 1
505 794 1
523 758 1
543 723 1
567 687 1
595 650 1
624 614 1
653 582 1
679 556 1
702 534 1
724 516 1
745 500 1
764 489 1
781 483 1
796 480 1
809 480 1
821 483 1
832 489 1
843 501 1
851 516 1
860 540 1
862 574 1
860 612 1
853 655 1
843 698 1
830 739 1
815 779 1
797 821 1
777 866 1
755 914 1
733 964 1
712 1015 1
689 1069 1
666 1117 1
642 1161 1
618 1200 1
595 1230 1
572 1256 1
550 1275 1
532 1289 1
514 1298 1
497 1305 1
483 1310 1
471 1310 1
461 1307 1
450 1300 1
436 1280 1
423 1254 1
411 1217 1
403 1177 1
399 1137 1
401 1098 1
407 1058 1
416 1017 1
428 977 1
440 940 1
454 902 1
469 866 1
487 828 1
505 791 1
525 756 1
544 723 1
562 693 1
580 666 1
597 642 1
614 620 1
631 602 1
647 584 1
664 567 1
680 551 1
699 536 1
719 521 1
743 506 1
768 490 1
795 477 1
819 467 1
839 461 1
855 459 1
866 461 1
875 468 1
883 485 1
886 519 1
884 572 1
874 637 1
860 706 1
846 767 1
829 821 1
812 868 1
793 910 1
771 950 1
748 987 1
722 1020 1
694 1054 1
665 1086 1
632 1118 1
601 1150 1
573 1182 1
548 1210 1
525 1236 1
506 1255 1
490 1268 1
475 1276 1
464 1277 1
453 1276 1
442 1267 1
431 1251 1
422 1224 1
415 1189 1
411 1148 1
411 1106 1
413 1065 1
417 1026 1
423 991 1
428 956 1
435 924 1
444 894 1
454 866 1
467 837 1
482 808 1
500 778 1
521 748 1
543 716 1
567 688 1
592 660 1
615 634 1
639 611 1
661 591 1
689 571 1
715 552 1
741 541 1
765 532 1
785 528 1
802 528 1
816 530 1
828 534 1
838 540 1
846 548 1
853 563 1
857 587 1
857 622 1
847 672 1
834 723 1
811 780 1
788 834 1
762 890 1
735 944 1
710 992 1
687 1035 1
664 1072 1
643 1106 1
620 1139 1
598 1169 1
575 1194 1
554 1214 1
535 1228 1
520 1236 1
507 1240 1
493 1239 1
479 1230 1
462 1214 1
445 1193 1
430 1170 1
422 1146 1
417 1117 1
415 1080 1
424 1025 1
437 970 1
452 923 1
468 887 1
482 858 1
495 837 1
509 816 1
524 798 1
541 775 1
558 755 1
577 735 1
599 715 1
625 694 1
655 674 1
688 653 1
719 634 1
747 619 1
770 610 1
788 607 1
803 605 1
815 608 1
825 614 1
835 624 1
843 644 1
848 673 1
850 709 1
847 750 1
840 791 1
831 831 1
820 871 1
805 908 1
789 944 1
772 978 1
754 1011 1
736 1040 1
717 1070 1
697 1099 1
678 1127 1
657 1155 1
634 1181 1
611 1204 1
587 1225 1
565 1241 1
543 1253 1
522 1261 1
502 1261 1
479 1255 1
460 1240 1
439 1219 1
423 1194 1
409 1166 1
399 1137 1
393 1103 1
391 1066 1
393 1028 1
400 988 1
413 947 1
435 894 1
467 827 1
504 756 1
539 696 1
569 650 1
594 617 1
618 592 1
641 572 1
665 554 1
689 539 1
711 529 1
729 522 1
743 519 1
755 519 1
765 521 1
777 529 1
787 540 1
797 553 1
805 570 1
818 614 1
819 646 1
817 682 1
809 722 1
799 765 1
787 807 1
773 849 1
758 892 1
740 936 1
720 981 1
699 1026 1
677 1069 1
655 1107 1
631 1145 1
608 1181 1
583 1216 1
557 1249 1
532 1280 1
509 1306 1
489 1325 1
473 1338 1
446 1350 1
433 1347 1
420 1332 1
406 1312 1
396 1281 1
387 1248 1
383 1215 1
383 1178 1
384 1144 1
388 1113 1
392 1087 1
398 1065 1
404 1045 1
410 1025 1
418 1002 1
428 978 1
439 951 1
453 920 1
470 886 1
493 846 1
519 804 1
546 763 1
573 727 1
601 693 1
631 662 1
691 609 1
717 592 1
739 580 1
755 574 1
767 571 1
777 572 1
785 574 1
793 580 1
802 589 1
811 602 1
818 619 1
824 642 1
827 672 1
825 707 1
808 787 1
790 827 1
770 868 1
746 911 1
720 954 1
693 994 1
668 1028 1
644 1055 1
621 1080 1
599 1105 1
576 1129 1
552 1154 1
504 1193 1
488 1201 1
475 1205 1
465 1203 1
455 1197 1
447 1188 1
438 1167 1
429 1145 1
424 1119 1
421 1092 1
421 1062 1
425 1028 1
434 990 1
448 945 1
466 897 1
491 847 1
522 796 1
554 747 1
589 699 1
622 657 1
657 617 1
694 579 1
734 542 1
781 502 1
765 516 0
