593 996 1
593 996 1
593 996 1
593 996 1
593 996 1
593 996 1
593 996 1
593 996 1
591 996 1
591 996 1
588 997 1
586 997 1
581 998 1
576 996 1
573 995 1
569 992 1
567 990 1
563 984 1
560 980 1
560 974 1
561 970 1
564 966 1
570 963 1
577 959 1
584 958 1
591 958 1
598 959 1
605 964 1
612 969 1
617 978 1
621 985 1
623 993 1
622 1002 1
619 1014 1
614 1026 1
600 1040 1
586 1051 1
570 1058 1
553 1065 1
537 1069 1
519 1070 1
503 1068 1
486 1061 1
469 1051 1
454 1038 1
439 1013 1
434 993 1
435 972 1
438 949 1
449 924 1
462 905 1
478 886 1
494 872 1
510 861 1
526 852 1
547 845 1
568 842 1
590 841 1
612 844 1
630 850 1
647 858 1
662 869 1
673 880 1
683 892 1
691 904 1
697 918 1
701 931 1
705 946 1
708 959 1
710 970 1
711 980 1
712 989 1
710 999 1
709 1009 1
707 1019 1
704 1028 1
701 1036 1
699 1044 1
694 1052 1
688 1059 1
684 1066 1
677 1073 1
670 1081 1
663 1087 1
655 1094 1
647 1098 1
639 1104 1
631 1108 1
622 1113 1
609 1118 1
594 1123 1
580 1126 1
566 1128 1
550 1130 1
534 1131 1
519 1132 1
504 1132 1
490 1130 1
475 1128 1
462 1124 1
450 1120 1
438 1115 1
430 1110 1
421 1104 1
414 1098 1
407 1091 1
401 1083 1
395 1074 1
390 1065 1
386 1057 1
384 1049 1
382 1042 1
380 1035 1
380 1028 1
378 1020 1
379 1012 1
378 1002 1
378 993 1
379 982 1
382 971 1
384 960 1
388 948 1
391 936 1
395 924 1
399 912 1
403 901 1
410 889 1
418 876 1
425 866 1
434 856 1
442 846 1
451 839 1
462 830 1
476 823 1
489 816 1
505 809 1
518 803 1
535 798 1
552 794 1
570 791 1
586 789 1
603 788 1
617 786 1
629 788 1
639 790 1
648 791 1
656 795 1
663 799 1
671 805 1
681 813 1
689 821 1
696 832 1
705 844 1
711 858 1
717 872 1
723 885 1
727 897 1
731 909 1
734 921 1
736 933 1
739 946 1
740 957 1
742 969 1
742 980 1
743 990 1
743 999 1
742 1008 1
742 1019 1
742 1029 1
740 1037 1
738 1046 1
736 1053 1
733 1061 1
731 1067 1
727 1075 1
724 1083 1
719 1091 1
714 1100 1
709 1107 1
704 1113 1
700 1119 1
696 1123 1
693 1127 1
690 1130 1
688 1134 1
685 1137 1
681 1141 1
678 1145 1
672 1151 1
666 1157 1
658 1164 1
651 1169 1
643 1176 1
634 1181 1
624 1188 1
613 1194 1
602 1200 1
590 1205 1
578 1210 1
565 1216 1
552 1220 1
540 1224 1
527 1226 1
516 1228 1
503 1230 1
489 1231 1
473 1232 1
454 1233 1
436 1231 1
418 1229 1
400 1226 1
385 1222 1
371 1216 1
355 1207 1
341 1196 1
328 1184 1
317 1172 1
304 1155 1
294 1136 1
284 1113 1
277 1089 1
272 1060 1
268 1030 1
268 1000 1
272 969 1
281 939 1
296 905 1
313 871 1
332 844 1
352 815 1
376 788 1
401 763 1
428 740 1
454 720 1
478 701 1
500 687 1
521 677 1
540 669 1
557 665 1
575 664 1
594 665 1
616 670 1
638 677 1
662 689 1
686 703 1
714 722 1
738 744 1
762 767 1
782 789 1
798 811 1
814 834 1
825 857 1
834 882 1
840 904 1
843 927 1
845 949 1
843 973 1
839 997 1
835 1020 1
828 1042 1
821 1062 1
812 1081 1
801 1100 1
787 1121 1
768 1140 1
748 1159 1
728 1175 1
710 1189 1
692 1200 1
674 1208 1
658 1216 1
641 1223 1
625 1229 1
608 1234 1
590 1240 1
573 1246 1
557 1251 1
542 1255 1
526 1259 1
510 1262 1
493 1265 1
476 1269 1
459 1272 1
443 1274 1
426 1277 1
409 1279 1
392 1280 1
374 1282 1
356 1283 1
338 1281 1
320 1278 1
303 1274 1
287 1268 1
274 1261 1
262 1255 1
252 1248 1
243 1237 1
233 1224 1
226 1211 1
218 1192 1
209 1175 1
205 1156 1
199 1136 1
195 1112 1
193 1085 1
191 1058 1
191 1031 1
191 1005 1
192 979 1
197 952 1
205 925 1
215 896 1
226 868 1
238 841 1
252 817 1
265 793 1
281 771 1
296 750 1
313 729 1
330 710 1
346 693 1
364 677 1
381 663 1
397 651 1
413 641 1
428 629 1
442 620 1
458 610 1
472 600 1
488 591 1
502 583 1
517 575 1
532 569 1
548 563 1
568 560 1
589 558 1
609 559 1
626 560 1
642 563 1
658 568 1
674 574 1
689 581 1
701 590 1
713 599 1
723 609 1
733 621 1
745 636 1
754 651 1
765 670 1
775 690 1
785 710 1
792 733 1
799 755 1
806 778 1
813 800 1
820 823 1
825 843 1
830 863 1
834 881 1
838 897 1
842 913 1
846 929 1
849 944 1
852 959 1
855 972 1
857 986 1
859 998 1
861 1012 1
863 1024 1
865 1037 1
866 1049 1
868 1062 1
868 1076 1
868 1090 1
868 1102 1
867 1114 1
867 1125 1
866 1138 1
864 1151 1
863 1165 1
860 1178 1
857 1192 1
853 1206 1
849 1220 1
844 1234 1
838 1248 1
830 1262 1
822 1276 1
812 1290 1
799 1304 1
785 1319 1
768 1335 1
750 1349 1
729 1363 1
710 1377 1
687 1387 1
665 1398 1
639 1406 1
611 1413 1
584 1418 1
553 1422 1
524 1425 1
497 1427 1
468 1428 1
437 1425 1
404 1420 1
372 1413 1
339 1406 1
309 1396 1
281 1388 1
259 1377 1
237 1366 1
221 1353 1
206 1340 1
196 1328 1
187 1313 1
180 1297 1
173 1276 1
166 1253 1
159 1229 1
154 1202 1
149 1171 1
145 1142 1
143 1104 1
143 1066 1
143 1026 1
145 986 1
148 949 1
152 914 1
158 883 1
164 856 1
169 826 1
175 796 1
180 765 1
186 732 1
194 701 1
204 670 1
216 641 1
231 613 1
249 585 1
270 561 1
292 538 1
315 518 1
340 501 1
368 486 1
397 473 1
429 462 1
461 454 1
488 448 1
514 445 1
538 443 1
560 444 1
583 445 1
608 452 1
631 459 1
655 469 1
678 481 1
699 495 1
720 510 1
741 530 1
762 551 1
782 574 1
800 599 1
815 625 1
831 651 1
844 677 1
855 702 1
865 726 1
873 749 1
881 771 1
888 791 1
895 811 1
901 829 1
906 845 1
911 859 1
917 871 1
919 885 1
922 899 1
926 914 1
929 929 1
932 944 1
935 960 1
938 975 1
940 992 1
942 1009 1
943 1027 1
944 1046 1
945 1064 1
944 1083 1
944 1102 1
942 1122 1
942 1142 1
939 1164 1
938 1186 1
935 1208 1
931 1230 1
927 1253 1
920 1275 1
913 1298 1
905 1319 1
897 1340 1
889 1359 1
880 1379 1
870 1397 1
860 1416 1
848 1433 1
834 1448 1
820 1464 1
807 1477 1
792 1492 1
777 1505 1
759 1518 1
739 1532 1
718 1546 1
691 1559 1
665 1571 1
640 1579 1
611 1587 1
582 1593 1
545 1595 1
509 1596 1
474 1594 1
439 1590 1
405 1585 1
371 1577 1
338 1567 1
302 1555 1
268 1541 1
234 1525 1
204 1508 1
174 1491 1
152 1476 1
132 1459 1
115 1442 1
100 1421 1
87 1398 1
77 1369 1
69 1333 1
60 1280 1
60 1215 1
60 1183 1
60 1206 0
