31 1288 1
31 1288 1
31 1288 1
31 1288 1
31 1287 1
32 1283 1
35 1278 1
40 1271 1
47 1259 1
58 1245 1
72 1227 1
87 1208 1
102 1188 1
119 1168 1
136 1145 1
163 1108 1
181 1082 1
196 1058 1
210 1038 1
223 1020 1
232 1001 1
241 983 1
248 966 1
251 951 1
254 940 1
254 932 1
254 924 1
254 918 1
251 912 1
245 904 1
237 904 1
225 904 1
211 906 1
197 914 1
182 925 1
170 939 1
160 956 1
153 973 1
148 989 1
144 1006 1
143 1023 1
144 1037 1
147 1050 1
157 1064 1
171 1081 1
186 1097 1
199 1112 1
211 1126 1
219 1139 1
228 1154 1
236 1171 1
239 1190 1
240 1209 1
237 1230 1
229 1249 1
215 1264 1
198 1274 1
180 1283 1
158 1290 1
137 1292 1
116 1291 1
104 1285 1
95 1277 1
91 1267 1
88 1257 1
88 1247 1
89 1236 1
92 1225 1
95 1213 1
94 1218 0
390 1351 1
390 1350 1
390 1347 1
394 1338 1
401 1327 1
412 1309 1
424 1287 1
439 1258 1
454 1227 1
471 1194 1
495 1145 1
514 1104 1
531 1072 1
541 1042 1
550 1015 1
552 996 1
551 979 1
552 966 1
549 959 1
545 952 1
540 949 1
529 943 1
520 942 1
503 944 1
485 948 1
464 963 1
442 985 1
425 1003 1
415 1020 1
409 1033 1
407 1045 1
409 1057 1
420 1071 1
441 1087 1
467 1104 1
500 1120 1
528 1134 1
553 1150 1
574 1165 1
591 1182 1
602 1197 1
608 1212 1
611 1225 1
611 1239 1
608 1254 1
595 1271 1
580 1288 1
561 1306 1
542 1321 1
524 1333 1
506 1340 1
486 1346 1
469 1348 1
454 1346 1
442 1340 1
431 1329 1
425 1315 1
420 1298 1
419 1279 1
421 1260 1
427 1242 1
435 1226 1
432 1233 0
751 1251 1
751 1249 1
752 1246 1
756 1238 1
765 1223 1
781 1196 1
800 1165 1
820 1134 1
840 1098 1
870 1046 1
880 1023 1
887 1000 1
887 976 1
881 955 1
869 936 1
851 925 1
830 918 1
806 919 1
778 924 1
754 940 1
736 959 1
723 977 1
712 993 1
708 1013 1
709 1030 1
720 1049 1
740 1066 1
771 1086 1
806 1103 1
841 1121 1
867 1136 1
890 1150 1
912 1164 1
924 1177 1
934 1189 1
941 1198 1
945 1206 1
946 1216 1
945 1227 1
941 1241 1
932 1256 1
921 1270 1
907 1284 1
890 1294 1
871 1304 1
849 1310 1
828 1314 1
808 1315 1
795 1313 1
783 1310 1
776 1302 1
769 1291 1
765 1276 1
766 1251 1
773 1224 1
787 1197 1
801 1176 1
795 1187 0
