989 590 1
989 590 1
989 590 1
990 593 1
991 598 1
993 605 1
993 613 1
995 626 1
997 641 1
1000 659 1
1003 684 1
1005 708 1
1007 734 1
1010 763 1
1011 805 1
1011 833 1
1011 860 1
1010 888 1
1007 913 1
1001 933 1
994 951 1
988 967 1
979 978 1
970 988 1
961 996 1
948 1002 1
935 1006 1
916 1006 1
898 1004 1
879 1000 1
863 993 1
852 984 1
845 979 1
840 973 1
838 969 1
837 963 1
837 959 1
837 955 1
839 952 1
842 950 1
853 951 1
867 953 1
883 966 1
897 980 1
911 998 1
919 1022 1
925 1048 1
925 1079 1
922 1108 1
912 1136 1
900 1157 1
888 1177 1
883 1183 1
879 1189 1
877 1193 1
874 1196 1
872 1198 1
872 1200 1
871 1201 1
872 1201 0
722 665 1
721 668 1
721 675 1
719 692 1
719 711 1
718 735 1
718 762 1
719 794 1
723 825 1
727 856 1
733 900 1
736 924 1
737 948 1
735 966 1
732 983 1
721 996 1
710 1009 1
696 1020 1
682 1028 1
666 1036 1
649 1040 1
633 1041 1
619 1040 1
609 1038 1
602 1033 1
598 1028 1
595 1023 1
593 1019 1
594 1014 1
594 1010 1
595 1006 1
601 1005 1
608 1006 1
618 1013 1
628 1028 1
637 1050 1
645 1079 1
651 1106 1
654 1130 1
652 1152 1
649 1171 1
638 1188 1
626 1204 1
616 1214 1
610 1221 1
606 1225 1
604 1227 1
601 1229 1
600 1232 1
599 1232 1
600 1232 0
510 768 1
510 768 1
510 771 1
510 779 1
511 794 1
513 818 1
516 842 1
521 866 1
526 889 1
533 913 1
539 948 1
543 976 1
543 993 1
541 1006 1
537 1020 1
522 1034 1
500 1049 1
471 1064 1
441 1072 1
417 1078 1
403 1079 1
393 1079 1
389 1079 1
386 1078 1
383 1078 1
383 1077 1
383 1077 1
383 1074 1
384 1073 1
386 1071 1
389 1070 1
395 1070 1
401 1071 1
413 1073 1
421 1082 1
430 1094 1
436 1109 1
440 1122 1
442 1142 1
439 1163 1
432 1183 1
420 1205 1
406 1225 1
393 1241 1
382 1254 1
376 1262 1
372 1264 1
369 1267 1
370 1267 0
273 820 1
273 820 1
274 830 1
278 847 1
286 876 1
295 904 1
305 934 1
313 959 1
320 982 1
329 1022 1
326 1036 1
324 1054 1
318 1072 1
310 1088 1
302 1099 1
292 1107 1
283 1113 1
270 1117 1
254 1118 1
236 1118 1
217 1111 1
201 1104 1
194 1100 1
187 1096 1
183 1092 1
180 1090 1
177 1087 1
176 1085 1
176 1082 1
176 1081 1
177 1079 1
182 1077 1
193 1078 1
206 1079 1
217 1081 1
227 1088 1
236 1097 1
242 1108 1
244 1124 1
245 1142 1
240 1162 1
233 1178 1
225 1193 1
214 1204 1
201 1218 1
188 1233 1
176 1247 1
169 1256 1
164 1261 1
159 1264 1
157 1267 1
155 1270 1
153 1271 1
154 1271 0
