29 1503 1
29 1503 1
29 1503 1
29 1503 1
29 1501 1
29 1501 1
31 1496 1
34 1489 1
39 1481 1
43 1472 1
48 1457 1
53 1438 1
59 1416 1
64 1391 1
70 1365 1
75 1340 1
83 1300 1
85 1283 1
85 1267 1
87 1254 1
87 1246 1
87 1236 1
87 1227 1
86 1218 1
84 1211 1
85 1206 1
84 1204 1
82 1201 1
82 1201 1
81 1202 1
81 1202 1
81 1203 1
79 1205 1
78 1210 1
75 1223 1
71 1237 1
69 1250 1
66 1266 1
64 1280 1
62 1295 1
63 1310 1
63 1323 1
63 1336 1
63 1347 1
64 1359 1
65 1371 1
66 1382 1
68 1391 1
69 1399 1
71 1405 1
72 1410 1
73 1417 1
75 1422 1
78 1429 1
80 1434 1
85 1440 1
88 1445 1
92 1448 1
95 1451 1
99 1451 1
103 1452 1
110 1450 1
117 1446 1
126 1442 1
134 1435 1
144 1425 1
153 1412 1
162 1396 1
169 1379 1
176 1360 1
182 1341 1
186 1325 1
189 1308 1
191 1291 1
194 1275 1
194 1261 1
195 1253 1
195 1246 1
193 1238 1
192 1231 1
190 1224 1
189 1219 1
187 1214 1
186 1212 1
186 1211 1
184 1211 1
184 1211 1
184 1211 1
183 1212 1
183 1214 1
180 1221 1
178 1230 1
175 1242 1
171 1256 1
169 1275 1
167 1295 1
166 1311 1
166 1327 1
164 1339 1
165 1353 1
166 1366 1
167 1377 1
168 1387 1
170 1396 1
172 1402 1
174 1407 1
175 1411 1
177 1416 1
179 1420 1
182 1424 1
185 1430 1
189 1434 1
193 1439 1
197 1442 1
201 1445 1
206 1446 1
212 1448 1
217 1447 1
225 1445 1
232 1443 1
242 1435 1
252 1426 1
260 1414 1
266 1402 1
272 1389 1
275 1372 1
278 1355 1
280 1339 1
282 1325 1
282 1309 1
282 1297 1
280 1284 1
279 1273 1
276 1264 1
275 1256 1
273 1250 1
270 1246 1
269 1242 1
268 1241 1
268 1239 1
267 1239 1
267 1239 1
267 1239 1
267 1239 1
267 1239 1
267 1239 1
266 1240 1
264 1242 1
262 1251 1
259 1260 1
256 1272 1
254 1286 1
252 1301 1
252 1315 1
253 1328 1
255 1341 1
256 1353 1
261 1366 1
264 1378 1
268 1389 1
271 1398 1
275 1404 1
278 1411 1
280 1415 1
283 1419 1
284 1423 1
286 1425 1
288 1428 1
291 1430 1
294 1432 1
298 1433 1
304 1433 1
310 1431 1
318 1426 1
327 1420 1
336 1412 1
345 1399 1
354 1386 1
360 1373 1
365 1358 1
369 1344 1
373 1331 1
375 1319 1
377 1306 1
379 1294 1
380 1281 1
380 1270 1
378 1262 1
378 1253 1
376 1247 1
375 1242 1
374 1239 1
374 1236 1
373 1234 1
373 1232 1
373 1232 1
373 1232 1
371 1232 1
371 1232 1
368 1233 1
366 1234 1
361 1238 1
357 1242 1
352 1248 1
346 1255 1
342 1261 1
338 1271 1
335 1282 1
331 1294 1
329 1308 1
327 1321 1
328 1334 1
329 1347 1
330 1361 1
334 1376 1
337 1389 1
340 1400 1
342 1408 1
345 1417 1
347 1424 1
350 1434 1
353 1442 1
356 1450 1
359 1456 1
363 1462 1
367 1466 1
372 1470 1
376 1471 1
382 1472 1
388 1470 1
394 1466 1
401 1461 1
407 1455 1
416 1445 1
423 1432 1
430 1418 1
437 1405 1
443 1390 1
449 1374 1
456 1356 1
462 1339 1
469 1323 1
472 1309 1
475 1297 1
478 1284 1
480 1273 1
481 1265 1
481 1260 1
481 1256 1
481 1253 1
481 1250 1
481 1249 1
481 1249 1
481 1249 1
479 1248 1
477 1248 1
476 1249 1
473 1250 1
470 1253 1
466 1257 1
462 1264 1
457 1273 1
453 1283 1
450 1295 1
446 1307 1
445 1319 1
443 1332 1
443 1345 1
443 1362 1
443 1375 1
443 1388 1
444 1398 1
445 1408 1
446 1416 1
449 1426 1
451 1436 1
455 1446 1
460 1452 1
464 1459 1
468 1463 1
474 1466 1
481 1468 1
489 1467 1
499 1464 1
509 1460 1
519 1453 1
529 1446 1
538 1436 1
546 1424 1
554 1410 1
562 1397 1
569 1384 1
575 1371 1
580 1357 1
585 1342 1
589 1327 1
593 1314 1
594 1302 1
596 1294 1
597 1287 1
596 1281 1
596 1275 1
594 1270 1
594 1268 1
594 1266 1
592 1266 1
590 1268 1
588 1271 1
583 1274 1
579 1278 1
574 1284 1
568 1292 1
563 1301 1
558 1312 1
554 1324 1
550 1334 1
547 1344 1
546 1354 1
545 1368 1
543 1380 1
544 1394 1
544 1406 1
545 1420 1
547 1435 1
549 1448 1
553 1461 1
557 1474 1
561 1486 1
567 1497 1
572 1507 1
579 1514 1
585 1519 1
590 1520 1
598 1519 1
606 1516 1
615 1510 1
626 1502 1
637 1491 1
647 1479 1
658 1464 1
667 1450 1
677 1428 1
687 1407 1
696 1386 1
705 1365 1
711 1345 1
718 1324 1
723 1305 1
726 1286 1
729 1271 1
729 1261 1
728 1254 1
726 1248 1
723 1246 1
720 1243 1
716 1242 1
709 1243 1
703 1245 1
695 1251 1
689 1257 1
683 1266 1
676 1275 1
670 1287 1
667 1300 1
662 1314 1
660 1327 1
657 1340 1
655 1353 1
655 1366 1
655 1377 1
655 1387 1
655 1395 1
656 1402 1
657 1408 1
658 1412 1
661 1420 1
665 1425 1
668 1431 1
671 1437 1
674 1442 1
677 1447 1
682 1450 1
686 1452 1
692 1453 1
697 1453 1
704 1451 1
713 1447 1
721 1443 1
730 1436 1
740 1426 1
750 1415 1
759 1402 1
769 1388 1
778 1374 1
787 1355 1
793 1338 1
798 1320 1
804 1298 1
807 1281 1
809 1263 1
811 1249 1
812 1239 1
812 1232 1
810 1225 1
811 1220 1
809 1217 1
810 1214 1
808 1212 1
808 1212 1
808 1212 1
807 1213 1
807 1214 1
804 1218 1
800 1225 1
797 1234 1
793 1246 1
789 1257 1
786 1273 1
784 1290 1
781 1308 1
779 1322 1
780 1332 1
781 1342 1
784 1354 1
791 1365 1
803 1377 1
824 1387 1
849 1394 1
876 1399 1
901 1401 1
924 1404 1
941 1406 1
954 1409 1
964 1410 1
968 1411 1
972 1413 1
974 1413 1
975 1413 1
977 1414 1
977 1414 1
977 1414 1
977 1414 0
