134 443 1
134 443 1
134 443 1
134 443 1
134 443 1
134 443 1
132 445 1
130 452 1
129 463 1
126 476 1
124 492 1
125 509 1
127 530 1
130 549 1
134 567 1
138 583 1
143 599 1
146 614 1
151 628 1
156 646 1
161 667 1
165 685 1
170 702 1
174 722 1
176 743 1
179 762 1
180 778 1
181 792 1
184 813 1
187 830 1
192 849 1
197 867 1
204 887 1
212 905 1
220 925 1
226 943 1
233 955 1
238 966 1
243 977 1
250 990 1
260 1012 1
266 1030 1
271 1042 1
274 1055 1
283 1078 1
289 1096 1
295 1110 1
299 1123 1
308 1143 1
314 1160 1
321 1176 1
327 1189 1
330 1201 1
335 1215 1
339 1229 1
343 1251 1
348 1270 1
353 1288 1
357 1305 1
360 1320 1
363 1332 1
367 1344 1
371 1358 1
376 1371 1
381 1384 1
387 1396 1
392 1405 1
397 1415 1
404 1424 1
412 1434 1
421 1444 1
430 1455 1
439 1466 1
448 1475 1
456 1486 1
465 1496 1
473 1506 1
479 1516 1
487 1525 1
494 1533 1
499 1540 1
505 1544 1
510 1549 1
516 1553 1
524 1558 1
543 1566 1
554 1570 1
564 1573 1
582 1577 1
597 1579 1
613 1581 1
628 1581 1
645 1580 1
663 1578 1
681 1572 1
696 1564 1
711 1556 1
723 1546 1
733 1538 1
741 1530 1
751 1520 1
761 1507 1
771 1493 1
779 1480 1
786 1466 1
790 1452 1
794 1436 1
797 1420 1
798 1407 1
799 1395 1
797 1385 1
797 1376 1
794 1366 1
792 1355 1
786 1343 1
778 1328 1
769 1310 1
759 1290 1
749 1267 1
741 1244 1
731 1219 1
722 1194 1
714 1168 1
706 1144 1
699 1120 1
692 1099 1
688 1078 1
683 1059 1
678 1043 1
674 1028 1
669 1014 1
665 998 1
660 984 1
655 970 1
648 956 1
642 942 1
634 928 1
624 912 1
613 894 1
601 872 1
589 850 1
574 826 1
560 800 1
546 775 1
534 750 1
523 728 1
513 709 1
508 695 1
502 681 1
497 670 1
492 658 1
484 643 1
475 628 1
465 614 1
456 602 1
447 591 1
438 579 1
427 566 1
415 551 1
402 534 1
389 516 1
378 499 1
368 484 1
361 472 1
355 461 1
351 453 1
346 445 1
341 434 1
336 422 1
329 408 1
323 393 1
316 379 1
308 367 1
302 357 1
297 351 1
291 344 1
285 340 1
277 336 1
270 332 1
261 330 1
253 327 1
245 326 1
235 326 1
223 324 1
213 324 1
205 323 1
199 323 1
194 323 1
189 324 1
182 324 1
175 326 1
167 329 1
158 333 1
149 340 1
139 348 1
129 361 1
119 376 1
112 394 1
106 413 1
101 431 1
97 450 1
94 469 1
91 486 1
92 504 1
93 522 1
94 538 1
98 552 1
101 568 1
104 586 1
109 605 1
113 625 1
117 647 1
122 669 1
128 690 1
133 710 1
138 730 1
143 747 1
148 762 1
150 773 1
155 785 1
159 795 1
162 805 1
164 815 1
167 825 1
167 835 1
165 846 1
166 858 1
166 870 1
168 883 1
171 898 1
174 913 1
178 930 1
181 947 1
185 962 1
188 977 1
193 990 1
198 1004 1
205 1018 1
215 1034 1
226 1050 1
237 1066 1
248 1084 1
259 1101 1
270 1119 1
277 1133 1
283 1149 1
288 1164 1
295 1179 1
301 1192 1
306 1204 1
311 1215 1
316 1227 1
320 1239 1
324 1252 1
327 1265 1
332 1280 1
338 1295 1
343 1311 1
349 1325 1
354 1335 1
358 1343 1
361 1349 1
364 1356 1
369 1364 1
376 1375 1
382 1388 1
391 1402 1
400 1418 1
409 1434 1
416 1450 1
424 1464 1
428 1474 1
433 1482 1
437 1488 1
440 1494 1
443 1500 1
450 1509 1
458 1520 1
467 1531 1
478 1540 1
489 1549 1
497 1556 1
506 1563 1
514 1568 1
522 1575 1
532 1580 1
541 1587 1
551 1592 1
561 1597 1
571 1602 1
581 1606 1
590 1609 1
603 1611 1
619 1611 1
634 1609 1
649 1608 1
666 1604 1
682 1599 1
697 1591 1
714 1581 1
732 1567 1
749 1551 1
764 1536 1
777 1523 1
788 1510 1
798 1497 1
806 1484 1
813 1471 1
820 1457 1
825 1441 1
829 1424 1
832 1405 1
834 1386 1
834 1366 1
832 1346 1
829 1326 1
823 1307 1
816 1287 1
808 1267 1
798 1248 1
788 1229 1
777 1208 1
768 1189 1
758 1169 1
750 1153 1
744 1138 1
737 1124 1
731 1111 1
724 1098 1
717 1082 1
708 1065 1
698 1047 1
687 1028 1
676 1007 1
663 984 1
648 960 1
634 935 1
620 911 1
611 893 1
603 876 1
598 859 1
591 840 1
586 818 1
579 793 1
574 768 1
567 742 1
559 718 1
551 696 1
542 677 1
534 657 1
523 637 1
511 616 1
499 596 1
487 577 1
478 561 1
469 546 1
461 532 1
449 515 1
437 497 1
424 479 1
411 461 1
397 444 1
386 427 1
376 411 1
367 399 1
357 388 1
348 378 1
340 371 1
332 366 1
323 359 1
311 354 1
295 347 1
280 343 1
265 338 1
252 336 1
242 334 1
232 332 1
223 332 1
213 331 1
205 332 1
196 333 1
188 335 1
179 341 1
169 348 1
159 358 1
148 373 1
139 391 1
131 412 1
126 432 1
121 453 1
119 472 1
120 492 1
121 514 1
123 538 1
126 562 1
129 585 1
132 608 1
135 631 1
137 660 1
137 688 1
135 715 1
136 742 1
137 768 1
139 792 1
141 814 1
144 832 1
148 849 1
152 864 1
158 882 1
166 902 1
174 924 1
182 946 1
190 969 1
200 991 1
210 1016 1
219 1039 1
228 1062 1
236 1086 1
242 1109 1
246 1127 1
250 1144 1
253 1158 1
256 1170 1
258 1179 1
260 1188 1
264 1199 1
271 1217 1
285 1245 1
302 1280 1
318 1315 1
332 1345 1
343 1372 1
352 1394 1
358 1411 1
364 1427 1
371 1440 1
376 1451 1
380 1459 1
385 1467 1
392 1476 1
400 1486 1
409 1497 1
419 1510 1
430 1522 1
441 1534 1
449 1542 1
456 1549 1
464 1554 1
471 1559 1
480 1563 1
489 1566 1
499 1569 1
509 1571 1
520 1574 1
532 1576 1
547 1580 1
561 1582 1
576 1584 1
591 1586 1
603 1588 1
615 1588 1
627 1586 1
639 1585 1
652 1582 1
666 1579 1
684 1573 1
698 1567 1
713 1557 1
728 1546 1
742 1534 1
756 1521 1
769 1506 1
782 1491 1
793 1473 1
804 1455 1
815 1438 1
822 1419 1
829 1399 1
832 1379 1
835 1357 1
835 1336 1
832 1313 1
827 1288 1
819 1260 1
809 1231 1
797 1202 1
784 1175 1
769 1149 1
753 1125 1
738 1106 1
723 1087 1
706 1070 1
690 1054 1
672 1037 1
651 1017 1
629 994 1
608 969 1
587 942 1
570 914 1
555 886 1
541 859 1
530 832 1
519 802 1
506 769 1
493 734 1
479 700 1
467 667 1
456 637 1
445 609 1
437 581 1
429 555 1
422 530 1
413 509 1
406 490 1
398 474 1
391 461 1
385 448 1
380 434 1
371 419 1
361 404 1
349 388 1
338 372 1
327 355 1
319 340 1
313 329 1
307 319 1
301 312 1
295 306 1
289 301 1
279 296 1
270 292 1
258 288 1
248 284 1
234 282 1
219 282 1
201 283 1
185 286 1
171 290 1
155 298 1
142 309 1
130 322 1
122 338 1
116 355 1
111 375 1
109 399 1
106 424 1
106 451 1
107 479 1
111 509 1
112 539 1
113 568 1
114 594 1
115 618 1
113 643 1
113 669 1
112 696 1
112 724 1
113 750 1
115 775 1
117 799 1
120 825 1
125 851 1
131 879 1
140 909 1
148 938 1
155 966 1
161 992 1
168 1018 1
172 1044 1
177 1070 1
183 1095 1
190 1119 1
196 1143 1
205 1165 1
215 1186 1
225 1205 1
239 1227 1
254 1253 1
273 1286 1
294 1320 1
313 1355 1
330 1386 1
343 1411 1
353 1432 1
360 1447 1
365 1458 1
369 1465 1
371 1470 1
373 1475 1
377 1480 1
386 1493 1
399 1511 1
415 1532 1
433 1556 1
449 1580 1
462 1597 1
471 1611 1
476 1617 1
479 1621 1
482 1623 1
488 1626 1
495 1630 1
507 1632 1
522 1636 1
539 1641 1
559 1647 1
578 1651 1
598 1656 1
614 1659 1
628 1661 1
648 1659 1
672 1653 1
699 1644 1
728 1627 1
754 1606 1
778 1582 1
796 1555 1
813 1528 1
826 1500 1
834 1475 1
843 1449 1
846 1423 1
848 1395 1
848 1365 1
844 1339 1
838 1311 1
830 1284 1
820 1257 1
810 1229 1
799 1202 1
789 1174 1
780 1145 1
770 1115 1
761 1080 1
749 1047 1
738 1016 1
729 985 1
719 956 1
708 927 1
697 897 1
684 868 1
670 841 1
660 818 1
652 797 1
644 778 1
637 762 1
630 748 1
622 732 1
612 715 1
600 696 1
584 672 1
565 642 1
542 611 1
521 581 1
504 555 1
488 533 1
475 512 1
462 493 1
449 474 1
436 457 1
425 443 1
415 433 1
407 425 1
401 417 1
392 408 1
382 397 1
369 383 1
357 369 1
346 358 1
337 348 1
328 340 1
320 332 1
311 325 1
303 317 1
294 310 1
284 303 1
275 295 1
266 289 1
257 283 1
247 278 1
237 274 1
229 271 1
220 269 1
211 269 1
200 269 1
190 271 1
179 275 1
168 281 1
156 290 1
143 302 1
130 317 1
118 334 1
108 356 1
100 381 1
94 412 1
91 445 1
90 479 1
91 513 1
94 545 1
97 574 1
103 601 1
106 625 1
110 648 1
113 667 1
117 683 1
120 696 1
124 711 1
127 725 1
132 743 1
136 761 1
141 780 1
147 801 1
154 824 1
159 849 1
166 875 1
173 903 1
180 931 1
184 955 1
187 977 1
189 999 1
193 1020 1
196 1042 1
200 1064 1
203 1086 1
209 1109 1
214 1132 1
219 1154 1
226 1175 1
233 1195 1
237 1207 1
242 1222 1
248 1236 1
257 1255 1
272 1281 1
291 1313 1
312 1347 1
332 1380 1
345 1405 1
356 1424 1
364 1441 1
369 1451 1
375 1460 1
380 1469 1
389 1479 1
398 1490 1
414 1507 1
434 1528 1
456 1550 1
477 1574 1
495 1594 1
507 1610 1
514 1619 1
519 1624 1
523 1628 1
526 1630 1
529 1632 1
535 1634 1
540 1635 1
547 1637 1
554 1638 1
561 1640 1
569 1638 1
579 1636 1
592 1631 1
607 1621 1
621 1612 1
634 1602 1
646 1592 1
657 1582 1
669 1571 1
681 1559 1
693 1547 1
701 1537 1
708 1529 1
715 1520 1
721 1509 1
729 1497 1
737 1483 1
745 1469 1
753 1454 1
761 1437 1
768 1420 1
775 1403 1
780 1387 1
784 1370 1
788 1352 1
789 1334 1
792 1314 1
793 1290 1
793 1266 1
791 1243 1
789 1220 1
787 1199 1
782 1176 1
777 1154 1
771 1131 1
766 1107 1
762 1083 1
757 1061 1
750 1037 1
744 1016 1
734 994 1
727 974 1
719 954 1
711 934 1
702 912 1
692 890 1
684 868 1
674 846 1
665 825 1
657 804 1
648 781 1
639 761 1
630 742 1
621 724 1
613 708 1
604 692 1
596 679 1
590 665 1
584 652 1
579 638 1
574 624 1
567 609 1
558 592 1
549 572 1
537 551 1
525 529 1
513 508 1
502 490 1
493 475 1
484 459 1
472 442 1
458 424 1
442 404 1
428 388 1
417 373 1
406 361 1
395 350 1
387 340 1
376 329 1
366 319 1
355 312 1
345 305 1
335 299 1
325 292 1
313 286 1
301 279 1
287 273 1
273 266 1
259 261 1
244 256 1
230 253 1
220 251 1
213 249 1
207 249 1
200 248 1
194 249 1
186 249 1
178 252 1
168 257 1
156 265 1
142 274 1
128 287 1
116 301 1
104 315 1
97 331 1
90 348 1
84 368 1
79 390 1
75 412 1
73 438 1
70 464 1
67 489 1
68 513 1
68 537 1
69 558 1
71 582 1
73 606 1
74 630 1
79 656 1
84 684 1
90 714 1
96 741 1
101 763 1
105 783 1
108 802 1
110 818 1
114 833 1
119 847 1
123 860 1
127 873 1
131 887 1
134 901 1
137 915 1
138 934 1
141 955 1
143 977 1
144 1001 1
145 1025 1
148 1049 1
153 1073 1
158 1098 1
164 1120 1
171 1141 1
181 1162 1
190 1181 1
199 1199 1
212 1219 1
225 1242 1
239 1266 1
254 1293 1
268 1319 1
280 1342 1
289 1363 1
299 1382 1
305 1396 1
311 1407 1
315 1414 1
318 1420 1
321 1427 1
324 1432 1
329 1440 1
334 1449 1
341 1458 1
347 1469 1
356 1484 1
365 1501 1
375 1519 1
384 1536 1
392 1550 1
401 1563 1
409 1577 1
417 1591 1
427 1604 1
435 1615 1
443 1623 1
451 1631 1
460 1639 1
473 1648 1
488 1656 1
505 1663 1
523 1669 1
541 1672 1
559 1674 1
574 1673 1
590 1670 1
606 1665 1
621 1659 1
637 1651 1
652 1640 1
669 1625 1
689 1607 1
706 1586 1
722 1561 1
736 1535 1
750 1508 1
759 1482 1
768 1453 1
774 1422 1
778 1389 1
780 1351 1
782 1315 1
783 1282 1
781 1249 1
778 1217 1
772 1185 1
765 1150 1
757 1114 1
747 1081 1
736 1048 1
726 1015 1
716 985 1
708 958 1
699 935 1
691 912 1
681 887 1
671 864 1
661 843 1
651 823 1
643 802 1
633 781 1
622 755 1
610 731 1
597 708 1
583 683 1
568 656 1
550 628 1
531 601 1
512 576 1
496 552 1
480 533 1
467 515 1
455 497 1
445 481 1
435 464 1
425 449 1
413 433 1
402 417 1
391 401 1
379 387 1
371 375 1
364 366 1
357 359 1
350 351 1
343 345 1
336 339 1
331 335 1
326 331 1
321 328 1
316 323 1
310 320 1
305 318 1
302 315 1
299 314 1
297 312 1
291 308 1
285 304 1
277 299 1
270 294 1
263 290 1
255 286 1
248 283 1
242 278 1
234 276 1
226 274 1
220 271 1
213 270 1
205 268 1
199 266 1
192 267 1
186 267 1
178 268 1
170 269 1
161 272 1
151 276 1
140 281 1
130 287 1
122 294 1
113 302 1
106 313 1
99 326 1
94 340 1
89 356 1
84 373 1
80 391 1
77 410 1
74 432 1
74 455 1
72 478 1
72 502 1
70 526 1
68 548 1
67 568 1
66 591 1
64 615 1
65 639 1
67 663 1
69 688 1
70 709 1
71 730 1
71 748 1
72 763 1
72 778 1
72 793 1
72 809 1
73 825 1
72 842 1
72 861 1
69 884 1
69 910 1
69 938 1
70 965 1
75 994 1
79 1019 1
84 1040 1
89 1060 1
95 1080 1
100 1101 1
106 1123 1
114 1144 1
122 1165 1
131 1185 1
140 1204 1
147 1220 1
154 1236 1
163 1251 1
173 1267 1
184 1286 1
199 1307 1
217 1331 1
234 1354 1
251 1378 1
266 1399 1
278 1415 1
287 1427 1
295 1434 1
301 1441 1
306 1446 1
312 1451 1
319 1458 1
331 1468 1
345 1480 1
363 1500 1
383 1522 1
401 1543 1
418 1563 1
432 1581 1
444 1596 1
453 1609 1
461 1618 1
467 1624 1
473 1629 1
478 1634 1
482 1637 1
488 1641 1
495 1645 1
505 1651 1
518 1658 1
532 1665 1
548 1671 1
563 1676 1
578 1679 1
594 1677 1
613 1674 1
632 1666 1
652 1655 1
672 1640 1
693 1620 1
711 1597 1
730 1571 1
747 1541 1
762 1513 1
773 1482 1
782 1451 1
788 1417 1
791 1380 1
790 1342 1
786 1304 1
778 1263 1
766 1223 1
754 1181 1
741 1143 1
729 1107 1
720 1075 1
708 1046 1
699 1020 1
690 998 1
682 977 1
675 956 1
669 935 1
660 912 1
652 886 1
644 860 1
637 832 1
629 804 1
621 775 1
612 748 1
603 719 1
590 687 1
577 654 1
561 618 1
546 585 1
531 555 1
517 527 1
499 500 1
481 472 1
463 442 1
443 410 1
422 380 1
402 353 1
384 330 1
368 310 1
351 293 1
336 278 1
325 270 1
316 263 1
308 259 1
300 256 1
292 253 1
284 251 1
274 250 1
265 250 1
254 250 1
241 251 1
227 253 1
213 256 1
198 262 1
180 270 1
162 280 1
146 290 1
133 299 1
122 311 1
112 326 1
103 342 1
94 363 1
87 388 1
81 415 1
76 445 1
73 477 1
72 511 1
72 547 1
72 586 1
73 624 1
76 663 1
77 698 1
78 730 1
78 755 1
80 776 1
81 797 1
81 818 1
83 838 1
85 864 1
87 891 1
92 926 1
100 963 1
109 999 1
114 1030 1
115 1051 1
117 1067 1
119 1084 1
122 1101 1
125 1118 1
128 1134 1
133 1149 1
138 1165 1
144 1179 1
150 1194 1
157 1209 1
163 1226 1
173 1243 1
185 1265 1
198 1289 1
212 1312 1
223 1333 1
235 1354 1
246 1375 1
258 1393 1
268 1408 1
275 1418 1
282 1427 1
287 1436 1
294 1445 1
302 1456 1
312 1468 1
324 1484 1
335 1500 1
344 1515 1
354 1531 1
364 1546 1
372 1558 1
380 1571 1
389 1584 1
399 1598 1
408 1610 1
417 1619 1
425 1626 1
430 1632 1
437 1637 1
442 1641 1
450 1645 1
458 1649 1
468 1654 1
476 1655 1
485 1658 1
494 1660 1
502 1660 1
510 1660 1
522 1658 1
536 1656 1
551 1653 1
566 1648 1
581 1643 1
597 1635 1
612 1627 1
627 1618 1
639 1608 1
651 1596 1
664 1579 1
680 1558 1
694 1537 1
706 1517 1
716 1497 1
725 1477 1
732 1455 1
738 1433 1
745 1414 1
749 1397 1
754 1384 1
758 1372 1
761 1361 1
764 1348 1
768 1337 1
770 1324 1
772 1309 1
774 1293 1
776 1273 1
778 1250 1
779 1223 1
779 1195 1
779 1164 1
776 1132 1
772 1100 1
768 1072 1
762 1044 1
756 1018 1
749 992 1
743 966 1
735 941 1
728 918 1
720 896 1
710 876 1
701 855 1
693 837 1
686 819 1
679 802 1
670 784 1
662 767 1
654 752 1
648 737 1
640 722 1
635 707 1
628 691 1
622 677 1
612 659 1
603 642 1
595 624 1
587 609 1
579 594 1
573 576 1
566 559 1
561 545 1
556 533 1
551 522 1
548 510 1
542 498 1
536 486 1
530 473 1
524 460 1
518 447 1
513 437 1
509 427 1
502 418 1
497 408 1
492 399 1
487 389 1
483 379 1
478 368 1
473 356 1
469 347 1
465 339 1
463 334 1
460 329 1
458 327 1
457 325 1
457 325 1
456 324 1
456 324 1
453 320 1
449 315 1
443 306 1
435 296 1
426 286 1
417 277 1
406 266 1
393 256 1
381 246 1
369 238 1
359 232 1
347 226 1
337 222 1
329 219 1
319 216 1
310 213 1
299 211 1
287 209 1
277 207 1
265 207 1
253 205 1
238 205 1
221 205 1
205 207 1
189 210 1
175 215 1
160 220 1
147 226 1
136 234 1
126 244 1
117 254 1
111 266 1
103 281 1
96 301 1
89 324 1
85 349 1
80 374 1
78 399 1
76 423 1
74 448 1
73 471 1
73 495 1
73 521 1
73 549 1
74 577 1
75 607 1
77 638 1
80 669 1
81 699 1
83 729 1
86 754 1
89 775 1
93 794 1
98 812 1
105 831 1
115 852 1
126 873 1
139 898 1
153 925 1
163 954 1
170 980 1
175 1002 1
180 1023 1
184 1042 1
189 1061 1
195 1081 1
200 1099 1
205 1117 1
210 1133 1
214 1148 1
219 1164 1
223 1179 1
228 1194 1
233 1211 1
239 1230 1
245 1253 1
251 1279 1
260 1307 1
269 1332 1
277 1358 1
286 1381 1
294 1399 1
301 1413 1
307 1426 1
314 1435 1
318 1443 1
323 1451 1
328 1458 1
336 1467 1
344 1475 1
356 1487 1
371 1502 1
388 1519 1
405 1536 1
421 1551 1
436 1565 1
448 1577 1
460 1589 1
471 1598 1
483 1606 1
496 1613 1
509 1618 1
525 1623 1
542 1626 1
560 1627 1
576 1628 1
590 1625 1
606 1621 1
623 1613 1
641 1602 1
659 1587 1
679 1568 1
698 1544 1
716 1518 1
730 1495 1
742 1470 1
752 1444 1
762 1414 1
770 1384 1
775 1352 1
777 1319 1
777 1286 1
773 1256 1
769 1229 1
764 1203 1
758 1177 1
749 1149 1
740 1121 1
726 1089 1
712 1058 1
699 1028 1
687 997 1
675 965 1
662 934 1
649 904 1
636 875 1
625 849 1
615 826 1
606 806 1
598 787 1
590 769 1
582 752 1
574 730 1
565 706 1
551 679 1
537 650 1
522 619 1
510 590 1
497 562 1
485 538 1
474 515 1
463 490 1
453 469 1
442 446 1
428 423 1
416 402 1
403 382 1
394 366 1
386 350 1
376 334 1
367 321 1
359 310 1
352 302 1
346 295 1
341 290 1
335 286 1
327 283 1
319 278 1
307 275 1
294 271 1
278 268 1
261 265 1
240 260 1
218 255 1
201 252 1
187 249 1
177 249 1
166 250 1
155 254 1
145 259 1
135 267 1
125 277 1
114 292 1
106 313 1
99 340 1
93 371 1
89 404 1
86 437 1
86 469 1
86 499 1
88 529 1
92 560 1
96 591 1
102 622 1
109 655 1
115 688 1
123 723 1
128 757 1
134 788 1
139 818 1
144 846 1
150 871 1
157 899 1
163 928 1
169 958 1
171 983 1
172 1006 1
172 1026 1
173 1045 1
176 1063 1
179 1083 1
184 1102 1
188 1121 1
194 1140 1
201 1157 1
204 1172 1
209 1183 1
213 1191 1
218 1201 1
225 1213 1
235 1230 1
246 1250 1
261 1273 1
277 1300 1
295 1326 1
308 1350 1
320 1371 1
328 1387 1
334 1397 1
338 1405 1
341 1410 1
344 1415 1
347 1421 1
355 1430 1
366 1444 1
379 1458 1
392 1475 1
405 1490 1
418 1505 1
428 1517 1
437 1529 1
445 1537 1
451 1543 1
459 1550 1
470 1556 1
483 1564 1
497 1572 1
510 1580 1
523 1588 1
534 1594 1
546 1599 1
559 1604 1
571 1605 1
583 1607 1
596 1608 1
609 1606 1
623 1603 1
637 1599 1
651 1593 1
665 1586 1
682 1573 1
698 1555 1
713 1534 1
725 1510 1
735 1486 1
745 1459 1
753 1433 1
760 1406 1
762 1376 1
765 1346 1
764 1314 1
762 1286 1
760 1256 1
755 1228 1
751 1200 1
745 1172 1
739 1145 1
731 1118 1
721 1093 1
706 1062 1
690 1028 1
671 990 1
655 952 1
640 916 1
625 885 1
611 859 1
598 834 1
586 811 1
576 788 1
564 763 1
551 735 1
535 707 1
519 676 1
505 649 1
490 620 1
476 593 1
461 566 1
448 540 1
437 517 1
426 494 1
415 472 1
406 453 1
397 433 1
387 416 1
379 399 1
369 382 1
358 363 1
348 344 1
338 329 1
328 314 1
319 302 1
311 291 1
302 279 1
292 268 1
284 259 1
277 252 1
270 247 1
264 242 1
256 239 1
248 237 1
239 235 1
228 236 1
217 236 1
206 238 1
196 241 1
184 246 1
172 254 1
156 263 1
142 274 1
127 289 1
114 307 1
104 327 1
95 348 1
90 371 1
85 395 1
83 420 1
80 445 1
80 470 1
78 493 1
79 516 1
79 538 1
79 562 1
80 591 1
82 617 1
85 644 1
87 667 1
89 686 1
91 703 1
92 718 1
93 734 1
93 748 1
95 763 1
97 778 1
101 796 1
106 815 1
112 835 1
119 858 1
126 882 1
134 904 1
141 924 1
147 940 1
151 951 1
154 959 1
159 967 1
163 976 1
166 987 1
171 1003 1
174 1020 1
176 1038 1
179 1057 1
182 1076 1
185 1097 1
187 1115 1
189 1130 1
191 1143 1
195 1156 1
199 1168 1
203 1179 1
208 1192 1
216 1210 1
226 1233 1
239 1257 1
253 1285 1
269 1315 1
285 1345 1
298 1369 1
310 1390 1
318 1405 1
323 1414 1
326 1421 1
329 1426 1
335 1433 1
342 1441 1
353 1454 1
367 1468 1
384 1486 1
402 1506 1
419 1525 1
434 1542 1
446 1555 1
457 1565 1
467 1575 1
480 1585 1
494 1595 1
508 1603 1
523 1611 1
543 1616 1
562 1620 1
581 1622 1
599 1620 1
619 1617 1
637 1607 1
657 1595 1
679 1578 1
699 1557 1
719 1535 1
734 1512 1
748 1487 1
763 1459 1
776 1427 1
785 1392 1
793 1355 1
796 1315 1
798 1276 1
797 1235 1
794 1190 1
788 1142 1
780 1098 1
771 1055 1
762 1015 1
751 976 1
741 937 1
728 899 1
716 860 1
702 823 1
686 785 1
669 747 1
653 709 1
635 672 1
617 637 1
600 604 1
583 572 1
567 542 1
549 513 1
533 485 1
515 456 1
497 427 1
477 396 1
458 367 1
438 340 1
419 317 1
401 298 1
385 284 1
368 271 1
350 257 1
332 242 1
316 229 1
298 216 1
279 203 1
256 193 1
234 185 1
212 178 1
193 174 1
177 172 1
159 175 1
144 182 1
131 191 1
119 206 1
107 224 1
98 245 1
88 273 1
80 306 1
75 348 1
71 391 1
68 435 1
68 478 1
68 519 1
68 558 1
71 594 1
74 628 1
78 661 1
82 693 1
87 727 1
92 760 1
99 793 1
108 827 1
121 863 1
132 901 1
140 942 1
145 979 1
149 1011 1
152 1036 1
157 1060 1
164 1084 1
172 1111 1
183 1139 1
196 1167 1
210 1192 1
226 1220 1
242 1247 1
260 1278 1
281 1313 1
301 1345 1
320 1379 1
335 1402 1
346 1420 1
356 1433 1
363 1442 1
369 1449 1
374 1454 1
383 1460 1
396 1467 1
417 1479 1
442 1495 1
472 1517 1
498 1538 1
519 1554 1
537 1565 1
551 1573 1
564 1579 1
577 1583 1
594 1585 1
615 1586 1
638 1582 1
660 1576 1
683 1565 1
704 1551 1
724 1535 1
741 1514 1
755 1490 1
769 1460 1
780 1422 1
789 1376 1
793 1323 1
794 1268 1
791 1214 1
783 1158 1
772 1102 1
755 1045 1
737 992 1
719 943 1
699 896 1
681 855 1
665 816 1
649 779 1
633 743 1
612 706 1
590 672 1
567 638 1
544 605 1
523 572 1
500 539 1
478 508 1
457 480 1
438 456 1
417 432 1
397 409 1
377 390 1
359 374 1
343 359 1
327 345 1
311 332 1
290 317 1
272 305 1
256 293 1
241 285 1
227 277 1
212 270 1
198 265 1
186 264 1
175 265 1
163 273 1
150 289 1
138 317 1
115 406 1
108 462 1
105 523 1
106 586 1
112 650 1
119 715 1
130 780 1
145 847 1
164 926 1
182 1014 1
202 1104 1
224 1191 1
248 1260 1
240 1236 0
