565 1415 1
565 1415 1
565 1415 1
565 1415 1
563 1415 1
563 1415 1
563 1415 1
562 1415 1
562 1415 1
561 1415 1
561 1415 1
561 1416 1
559 1416 1
558 1416 1
556 1416 1
554 1416 1
553 1416 1
551 1416 1
550 1415 1
548 1414 1
546 1414 1
546 1413 1
544 1411 1
544 1411 1
542 1410 1
542 1408 1
541 1408 1
539 1408 1
540 1407 1
540 1407 1
538 1406 1
539 1404 1
539 1404 1
539 1404 1
539 1404 1
539 1404 1
540 1403 1
540 1403 1
540 1402 1
540 1402 1
540 1402 1
541 1401 1
541 1401 1
541 1401 1
542 1400 1
542 1400 1
543 1400 1
544 1400 1
548 1400 1
552 1401 1
556 1403 1
559 1405 1
564 1409 1
567 1412 1
570 1415 1
573 1419 1
577 1423 1
581 1428 1
583 1433 1
586 1438 1
588 1441 1
589 1444 1
591 1446 1
591 1448 1
592 1450 1
593 1451 1
593 1452 1
593 1452 1
593 1452 1
593 1453 1
593 1453 1
593 1453 1
593 1454 1
591 1454 1
591 1454 1
592 1455 1
592 1455 1
592 1455 1
591 1456 1
591 1456 1
591 1456 1
590 1457 1
590 1457 1
586 1459 1
584 1460 1
581 1461 1
576 1463 1
570 1464 1
563 1466 1
555 1466 1
545 1467 1
535 1467 1
526 1466 1
517 1466 1
510 1464 1
505 1465 1
502 1465 1
500 1464 1
497 1463 1
495 1463 1
495 1462 1
495 1462 1
495 1462 1
494 1461 1
494 1461 1
493 1458 1
491 1455 1
489 1450 1
489 1445 1
489 1440 1
489 1433 1
493 1424 1
497 1415 1
501 1406 1
506 1398 1
509 1391 1
512 1384 1
515 1375 1
519 1366 1
523 1357 1
527 1349 1
530 1342 1
533 1336 1
536 1332 1
537 1329 1
539 1327 1
540 1326 1
542 1324 1
544 1324 1
545 1323 1
546 1323 1
546 1323 1
546 1322 1
547 1322 1
547 1322 1
547 1322 1
548 1322 1
550 1322 1
552 1322 1
554 1322 1
556 1323 1
559 1324 1
561 1324 1
564 1326 1
566 1326 1
568 1327 1
570 1329 1
572 1329 1
574 1331 1
576 1332 1
577 1333 1
578 1333 1
578 1333 1
579 1334 1
579 1334 1
579 1334 1
579 1334 1
579 1334 1
579 1334 1
579 1334 1
579 1334 1
579 1334 1
579 1334 1
579 1334 1
580 1334 1
581 1335 1
585 1338 1
589 1342 1
596 1347 1
604 1352 1
611 1359 1
620 1366 1
627 1371 1
633 1377 1
638 1382 1
642 1386 1
645 1389 1
647 1392 1
649 1396 1
650 1398 1
651 1402 1
651 1405 1
650 1411 1
648 1418 1
647 1427 1
645 1437 1
642 1447 1
642 1455 1
640 1462 1
641 1468 1
640 1475 1
640 1481 1
639 1491 1
637 1499 1
635 1507 1
634 1512 1
632 1517 1
631 1523 1
628 1528 1
625 1533 1
620 1538 1
615 1541 1
606 1547 1
598 1550 1
588 1554 1
579 1556 1
571 1557 1
563 1558 1
557 1558 1
552 1558 1
547 1558 1
543 1557 1
538 1557 1
531 1554 1
516 1546 1
501 1535 1
486 1525 1
474 1517 1
464 1510 1
453 1502 1
441 1494 1
429 1485 1
418 1476 1
409 1469 1
403 1463 1
398 1456 1
394 1451 1
390 1443 1
388 1436 1
389 1427 1
389 1419 1
394 1410 1
403 1401 1
413 1392 1
425 1383 1
437 1374 1
446 1366 1
455 1358 1
465 1350 1
473 1342 1
479 1336 1
485 1329 1
492 1323 1
497 1317 1
503 1311 1
508 1305 1
512 1298 1
517 1292 1
522 1285 1
527 1279 1
532 1273 1
535 1268 1
540 1263 1
543 1259 1
547 1256 1
550 1253 1
554 1250 1
558 1247 1
562 1245 1
565 1243 1
570 1240 1
573 1239 1
576 1239 1
579 1237 1
581 1237 1
584 1236 1
586 1235 1
589 1236 1
593 1236 1
600 1239 1
610 1244 1
621 1252 1
633 1261 1
645 1272 1
658 1286 1
671 1302 1
681 1319 1
688 1334 1
694 1347 1
697 1362 1
700 1376 1
702 1389 1
703 1400 1
703 1408 1
703 1416 1
702 1424 1
700 1432 1
701 1440 1
701 1448 1
701 1454 1
701 1459 1
702 1462 1
702 1466 1
702 1469 1
702 1472 1
702 1474 1
702 1476 1
702 1479 1
701 1482 1
699 1485 1
697 1490 1
692 1499 1
687 1508 1
678 1519 1
670 1532 1
660 1542 1
649 1552 1
641 1562 1
632 1569 1
624 1578 1
616 1585 1
609 1591 1
601 1596 1
593 1601 1
584 1605 1
574 1608 1
566 1611 1
558 1612 1
549 1612 1
538 1611 1
527 1609 1
515 1607 1
504 1606 1
494 1604 1
484 1600 1
474 1598 1
466 1595 1
454 1590 1
440 1584 1
424 1575 1
408 1566 1
394 1556 1
380 1546 1
369 1537 1
360 1530 1
353 1523 1
347 1518 1
341 1512 1
337 1508 1
335 1505 1
333 1502 1
333 1501 1
331 1498 1
331 1497 1
329 1494 1
330 1492 1
329 1489 1
329 1486 1
329 1481 1
329 1474 1
331 1466 1
334 1455 1
339 1440 1
347 1423 1
354 1404 1
361 1386 1
368 1367 1
374 1348 1
379 1332 1
383 1316 1
386 1301 1
391 1286 1
395 1272 1
401 1259 1
405 1249 1
409 1240 1
414 1231 1
420 1220 1
425 1210 1
431 1200 1
436 1192 1
443 1185 1
448 1180 1
454 1175 1
460 1171 1
467 1166 1
473 1163 1
477 1161 1
483 1158 1
488 1156 1
495 1156 1
502 1156 1
511 1157 1
519 1158 1
527 1160 1
535 1162 1
544 1166 1
552 1170 1
560 1174 1
566 1177 1
571 1181 1
574 1182 1
577 1184 1
578 1185 1
581 1186 1
583 1188 1
587 1190 1
593 1193 1
602 1198 1
614 1205 1
629 1213 1
645 1223 1
661 1232 1
675 1244 1
686 1253 1
695 1260 1
700 1265 1
705 1269 1
708 1271 1
710 1273 1
712 1275 1
714 1276 1
714 1276 1
715 1277 1
715 1277 1
716 1278 1
719 1280 1
721 1283 1
724 1286 1
728 1292 1
732 1299 1
736 1308 1
741 1317 1
746 1325 1
750 1332 1
753 1340 1
758 1349 1
764 1359 1
768 1368 1
772 1378 1
775 1387 1
777 1394 1
780 1400 1
781 1406 1
782 1411 1
783 1416 1
784 1421 1
785 1427 1
785 1435 1
786 1441 1
785 1450 1
783 1458 1
781 1466 1
778 1474 1
775 1481 1
772 1489 1
770 1496 1
768 1503 1
766 1506 1
766 1509 1
764 1512 1
764 1514 1
763 1517 1
761 1519 1
761 1521 1
759 1524 1
759 1526 1
757 1528 1
754 1531 1
752 1534 1
749 1537 1
744 1541 1
737 1545 1
731 1550 1
723 1554 1
715 1558 1
710 1560 1
706 1562 1
702 1564 1
699 1566 1
695 1568 1
690 1570 1
683 1574 1
676 1577 1
667 1582 1
659 1586 1
653 1589 1
648 1593 1
645 1595 1
642 1597 1
639 1599 1
638 1600 1
635 1602 1
632 1605 1
628 1608 1
623 1611 1
615 1615 1
607 1620 1
597 1625 1
586 1629 1
578 1632 1
570 1635 1
564 1637 1
559 1639 1
552 1641 1
546 1644 1
540 1646 1
534 1647 1
527 1649 1
523 1650 1
518 1651 1
513 1652 1
507 1652 1
501 1652 1
494 1650 1
487 1650 1
479 1650 1
470 1649 1
460 1647 1
450 1645 1
441 1643 1
433 1641 1
427 1639 1
422 1638 1
417 1636 1
410 1634 1
402 1630 1
392 1627 1
382 1623 1
373 1618 1
363 1614 1
354 1610 1
346 1605 1
337 1603 1
328 1599 1
319 1596 1
312 1592 1
304 1589 1
297 1584 1
290 1580 1
283 1575 1
278 1572 1
273 1568 1
269 1565 1
266 1561 1
263 1558 1
259 1552 1
257 1548 1
254 1542 1
253 1537 1
251 1531 1
251 1526 1
250 1519 1
250 1511 1
249 1503 1
249 1493 1
251 1484 1
254 1474 1
258 1466 1
261 1456 1
264 1445 1
267 1432 1
269 1421 1
273 1408 1
276 1398 1
279 1388 1
282 1379 1
288 1366 1
292 1354 1
295 1342 1
299 1333 1
304 1324 1
308 1315 1
312 1307 1
316 1299 1
320 1291 1
324 1284 1
328 1277 1
332 1272 1
337 1267 1
340 1263 1
342 1259 1
345 1256 1
348 1252 1
353 1247 1
359 1241 1
367 1233 1
378 1222 1
390 1210 1
401 1200 1
412 1189 1
423 1181 1
432 1175 1
441 1169 1
449 1164 1
455 1159 1
461 1156 1
465 1153 1
468 1151 1
471 1150 1
474 1148 1
477 1146 1
479 1146 1
482 1144 1
487 1143 1
493 1141 1
499 1139 1
507 1138 1
516 1136 1
524 1135 1
533 1135 1
541 1135 1
550 1136 1
558 1136 1
568 1137 1
576 1138 1
584 1140 1
591 1143 1
597 1144 1
604 1146 1
609 1148 1
616 1152 1
623 1155 1
631 1159 1
637 1164 1
647 1171 1
655 1178 1
663 1186 1
671 1193 1
679 1200 1
685 1205 1
691 1211 1
697 1216 1
702 1223 1
706 1227 1
709 1231 1
711 1234 1
713 1237 1
715 1240 1
716 1242 1
717 1245 1
719 1249 1
720 1252 1
723 1256 1
724 1261 1
728 1267 1
731 1272 1
734 1277 1
737 1283 1
740 1287 1
743 1291 1
746 1295 1
748 1298 1
752 1303 1
755 1308 1
759 1312 1
762 1317 1
767 1322 1
771 1327 1
776 1332 1
779 1335 1
784 1340 1
788 1345 1
791 1348 1
794 1353 1
798 1357 1
801 1361 1
804 1366 1
808 1369 1
811 1373 1
814 1376 1
817 1380 1
819 1384 1
823 1388 1
825 1393 1
827 1396 1
831 1402 1
833 1407 1
836 1412 1
838 1419 1
842 1426 1
844 1434 1
846 1441 1
848 1447 1
850 1453 1
851 1457 1
853 1460 1
853 1463 1
854 1466 1
855 1469 1
855 1471 1
856 1474 1
856 1477 1
856 1482 1
854 1488 1
854 1497 1
852 1508 1
849 1520 1
845 1534 1
840 1545 1
835 1555 1
832 1564 1
828 1573 1
826 1579 1
823 1586 1
820 1589 1
819 1592 1
817 1595 1
815 1598 1
815 1599 1
813 1601 1
812 1603 1
810 1605 1
807 1608 1
802 1610 1
797 1613 1
789 1618 1
781 1621 1
773 1624 1
765 1627 1
759 1629 1
752 1632 1
746 1633 1
741 1636 1
735 1638 1
731 1639 1
724 1642 1
719 1643 1
712 1645 1
705 1647 1
698 1649 1
691 1651 1
683 1654 1
676 1655 1
668 1657 1
661 1658 1
654 1660 1
646 1662 1
638 1663 1
629 1666 1
620 1669 1
612 1670 1
604 1672 1
595 1673 1
587 1675 1
579 1678 1
571 1679 1
565 1681 1
559 1683 1
555 1683 1
552 1684 1
550 1685 1
547 1685 1
545 1686 1
544 1686 1
542 1687 1
540 1687 1
540 1688 1
540 1688 1
539 1688 1
539 1688 1
538 1688 1
538 1688 1
537 1689 1
535 1689 1
535 1689 1
535 1689 1
534 1690 1
532 1691 1
530 1692 1
528 1693 1
526 1695 1
522 1696 1
519 1697 1
516 1699 1
512 1700 1
505 1702 1
500 1704 1
492 1705 1
484 1707 1
476 1708 1
466 1709 1
456 1710 1
447 1711 1
437 1711 1
429 1711 1
421 1711 1
415 1711 1
408 1710 1
401 1708 1
393 1706 1
383 1703 1
373 1699 1
362 1693 1
349 1685 1
336 1677 1
322 1669 1
309 1662 1
299 1655 1
290 1649 1
282 1642 1
275 1636 1
268 1630 1
263 1624 1
258 1620 1
254 1617 1
251 1614 1
247 1612 1
244 1609 1
242 1606 1
240 1605 1
238 1603 1
235 1600 1
234 1599 1
232 1597 1
231 1595 1
228 1593 1
226 1590 1
225 1589 1
223 1587 1
221 1583 1
219 1580 1
217 1577 1
215 1573 1
212 1567 1
209 1562 1
206 1556 1
203 1550 1
199 1543 1
196 1537 1
193 1531 1
190 1526 1
187 1521 1
184 1515 1
181 1509 1
179 1503 1
176 1496 1
174 1490 1
171 1485 1
170 1479 1
168 1473 1
165 1468 1
164 1462 1
162 1456 1
160 1450 1
159 1442 1
157 1434 1
156 1424 1
154 1415 1
152 1406 1
152 1399 1
150 1391 1
150 1386 1
149 1379 1
147 1373 1
147 1366 1
147 1361 1
147 1355 1
147 1350 1
147 1346 1
147 1342 1
148 1337 1
149 1333 1
149 1329 1
150 1326 1
151 1321 1
155 1312 1
162 1301 1
173 1284 1
185 1265 1
199 1247 1
214 1229 1
227 1211 1
237 1198 1
247 1186 1
257 1177 1
267 1169 1
277 1161 1
287 1156 1
296 1150 1
306 1145 1
314 1141 1
327 1133 1
341 1126 1
357 1117 1
371 1111 1
386 1105 1
398 1100 1
409 1097 1
416 1096 1
424 1094 1
432 1094 1
441 1094 1
449 1094 1
456 1095 1
463 1096 1
471 1097 1
481 1098 1
492 1100 1
505 1102 1
520 1104 1
533 1106 1
548 1110 1
561 1112 1
576 1115 1
589 1117 1
600 1121 1
609 1123 1
617 1125 1
622 1127 1
627 1128 1
631 1129 1
636 1130 1
640 1131 1
645 1132 1
651 1134 1
656 1135 1
661 1137 1
665 1139 1
668 1140 1
672 1141 1
675 1142 1
679 1143 1
681 1144 1
683 1145 1
686 1146 1
688 1147 1
690 1148 1
693 1149 1
696 1150 1
701 1152 1
706 1154 1
712 1157 1
719 1160 1
728 1166 1
739 1172 1
750 1179 1
762 1187 1
774 1193 1
782 1199 1
789 1204 1
795 1206 1
799 1209 1
803 1211 1
806 1213 1
807 1214 1
810 1216 1
813 1218 1
815 1220 1
819 1223 1
824 1228 1
829 1235 1
834 1240 1
839 1247 1
842 1252 1
845 1256 1
846 1259 1
848 1262 1
849 1264 1
850 1266 1
851 1268 1
851 1269 1
851 1269 1
851 1270 1
851 1270 1
851 1272 1
851 1275 1
851 1282 1
851 1292 1
853 1304 1
856 1320 1
861 1339 1
865 1361 1
872 1385 1
878 1405 1
885 1423 1
890 1439 1
893 1451 1
896 1461 1
898 1468 1
899 1473 1
900 1477 1
900 1480 1
901 1483 1
901 1486 1
901 1487 1
902 1490 1
902 1491 1
902 1492 1
902 1492 1
902 1493 1
902 1497 1
902 1499 1
901 1502 1
901 1507 1
899 1513 1
898 1520 1
896 1528 1
894 1535 1
891 1543 1
889 1550 1
887 1558 1
884 1566 1
881 1577 1
878 1586 1
874 1596 1
869 1605 1
863 1613 1
856 1620 1
849 1627 1
842 1633 1
832 1640 1
823 1647 1
813 1654 1
801 1659 1
790 1666 1
780 1671 1
770 1675 1
761 1680 1
751 1684 1
739 1688 1
725 1692 1
711 1695 1
697 1699 1
680 1702 1
659 1705 1
637 1707 1
609 1712 1
588 1714 1
571 1717 1
561 1718 1
555 1720 1
551 1721 1
547 1721 1
544 1722 1
540 1722 1
537 1723 1
532 1723 1
527 1724 1
519 1724 1
509 1725 1
498 1725 1
486 1725 1
474 1726 1
461 1726 1
450 1727 1
442 1727 1
434 1727 1
424 1725 1
415 1725 1
406 1723 1
392 1720 1
380 1717 1
367 1714 1
356 1710 1
343 1704 1
331 1699 1
320 1693 1
311 1687 1
304 1682 1
298 1678 1
293 1675 1
291 1673 1
287 1670 1
284 1667 1
280 1663 1
276 1658 1
269 1651 1
262 1642 1
254 1634 1
247 1624 1
238 1615 1
232 1607 1
224 1599 1
218 1593 1
212 1584 1
206 1576 1
201 1568 1
196 1558 1
192 1549 1
187 1540 1
183 1531 1
178 1522 1
174 1512 1
169 1500 1
166 1489 1
162 1479 1
158 1467 1
156 1453 1
153 1439 1
150 1424 1
148 1411 1
147 1399 1
145 1389 1
144 1378 1
144 1368 1
144 1358 1
144 1348 1
145 1338 1
146 1329 1
147 1319 1
148 1308 1
150 1295 1
154 1281 1
157 1267 1
162 1252 1
167 1235 1
174 1217 1
182 1201 1
190 1186 1
198 1174 1
206 1165 1
213 1157 1
220 1149 1
226 1143 1
232 1138 1
239 1133 1
250 1128 1
265 1122 1
283 1116 1
304 1110 1
326 1104 1
347 1099 1
368 1096 1
389 1092 1
412 1088 1
432 1085 1
451 1083 1
472 1081 1
491 1081 1
509 1082 1
527 1083 1
541 1086 1
554 1089 1
563 1091 1
569 1093 1
577 1095 1
584 1097 1
592 1099 1
599 1100 1
606 1102 1
614 1104 1
623 1105 1
633 1107 1
644 1109 1
657 1111 1
671 1114 1
687 1118 1
703 1121 1
719 1127 1
733 1131 1
744 1136 1
754 1140 1
764 1144 1
774 1149 1
782 1154 1
790 1159 1
798 1164 1
806 1170 1
814 1177 1
821 1184 1
828 1191 1
835 1197 1
843 1205 1
849 1213 1
857 1221 1
863 1230 1
867 1237 1
871 1244 1
875 1249 1
878 1254 1
879 1257 1
881 1260 1
882 1263 1
883 1265 1
884 1267 1
885 1270 1
886 1274 1
888 1281 1
892 1290 1
895 1301 1
902 1315 1
907 1328 1
912 1341 1
917 1355 1
924 1369 1
929 1383 1
933 1395 1
938 1405 1
940 1411 1
941 1416 1
943 1420 1
944 1424 1
945 1430 1
947 1437 1
947 1444 1
948 1454 1
949 1462 1
949 1471 1
951 1485 1
952 1505 1
955 1526 1
958 1549 1
961 1571 1
963 1591 1
966 1605 1
967 1615 1
967 1621 1
968 1624 1
967 1627 1
967 1630 1
966 1631 1
966 1633 1
966 1636 1
964 1640 1
962 1646 1
959 1657 1
955 1669 1
952 1680 1
947 1692 1
942 1704 1
935 1716 1
928 1729 1
920 1739 1
911 1748 1
903 1755 1
894 1762 1
883 1767 1
870 1772 1
857 1777 1
843 1781 1
830 1783 1
813 1786 1
795 1789 1
774 1791 1
753 1793 1
731 1795 1
708 1796 1
687 1797 1
666 1797 1
649 1797 1
633 1795 1
618 1795 1
603 1794 1
587 1792 1
574 1793 1
560 1792 1
548 1792 1
537 1792 1
527 1792 1
519 1792 1
512 1791 1
506 1791 1
501 1791 1
498 1791 1
495 1791 1
492 1789 1
489 1790 1
482 1790 1
468 1788 1
446 1785 1
418 1781 1
382 1775 1
348 1770 1
320 1764 1
299 1761 1
285 1758 1
275 1756 1
267 1754 1
261 1751 1
254 1749 1
248 1746 1
240 1742 1
235 1738 1
228 1734 1
224 1730 1
219 1726 1
214 1719 1
207 1708 1
199 1695 1
191 1679 1
183 1660 1
173 1639 1
162 1614 1
148 1584 1
131 1548 1
113 1509 1
98 1471 1
102 1480 0
