170 1688 1
170 1688 1
170 1688 1
170 1688 1
170 1688 1
170 1688 1
170 1687 1
170 1685 1
170 1683 1
171 1679 1
173 1674 1
175 1669 1
176 1665 1
178 1660 1
180 1655 1
181 1650 1
183 1645 1
184 1641 1
186 1636 1
188 1631 1
190 1626 1
193 1621 1
196 1616 1
200 1611 1
204 1603 1
209 1596 1
214 1586 1
219 1575 1
224 1567 1
227 1557 1
231 1549 1
235 1540 1
238 1532 1
241 1524 1
243 1518 1
247 1508 1
249 1501 1
251 1493 1
252 1485 1
254 1477 1
255 1470 1
255 1465 1
256 1459 1
256 1454 1
256 1449 1
256 1444 1
256 1440 1
254 1435 1
255 1432 1
254 1430 1
254 1427 1
254 1427 1
254 1427 1
254 1426 1
254 1426 1
254 1426 1
254 1426 1
254 1426 1
254 1426 1
254 1426 1
254 1426 1
254 1426 1
254 1426 1
254 1426 1
254 1426 1
254 1426 1
253 1424 1
253 1424 1
252 1423 1
252 1423 1
250 1423 1
248 1421 1
248 1421 1
246 1421 1
244 1420 1
242 1418 1
236 1416 1
229 1415 1
221 1414 1
214 1412 1
207 1411 1
202 1411 1
198 1410 1
196 1410 1
193 1410 1
193 1409 1
191 1409 1
191 1409 1
191 1409 1
191 1409 1
191 1409 1
191 1409 1
191 1409 1
191 1409 1
191 1409 1
191 1409 1
191 1409 1
191 1409 1
191 1409 1
191 1409 1
191 1409 1
191 1409 1
191 1409 1
191 1409 1
191 1409 1
191 1409 1
190 1410 1
188 1411 1
186 1412 1
183 1414 1
175 1416 1
170 1417 1
166 1419 1
161 1420 1
158 1421 1
153 1423 1
150 1424 1
147 1425 1
145 1426 1
141 1427 1
138 1429 1
137 1429 1
134 1431 1
131 1433 1
127 1435 1
123 1439 1
119 1444 1
115 1449 1
113 1454 1
111 1457 1
109 1460 1
108 1463 1
109 1465 1
109 1467 1
109 1467 1
109 1469 1
113 1473 1
125 1480 1
139 1488 1
155 1499 1
173 1509 1
189 1518 1
202 1525 1
214 1530 1
226 1537 1
238 1542 1
250 1547 1
258 1550 1
266 1554 1
273 1556 1
279 1557 1
285 1559 1
290 1560 1
294 1560 1
298 1562 1
302 1563 1
306 1565 1
310 1567 1
314 1568 1
317 1569 1
321 1571 1
324 1572 1
326 1573 1
328 1574 1
331 1576 1
334 1577 1
336 1578 1
339 1581 1
343 1583 1
346 1585 1
348 1587 1
350 1589 1
354 1593 1
357 1596 1
359 1599 1
361 1602 1
363 1606 1
364 1608 1
366 1611 1
367 1612 1
368 1616 1
368 1616 1
368 1616 1
368 1617 1
368 1617 1
368 1617 1
368 1617 1
368 1617 1
368 1617 1
368 1618 1
368 1618 1
367 1618 1
365 1619 1
362 1621 1
358 1623 1
352 1626 1
345 1629 1
339 1631 1
334 1632 1
329 1634 1
325 1635 1
320 1636 1
314 1637 1
307 1637 1
299 1636 1
291 1636 1
286 1634 1
281 1634 1
277 1631 1
273 1629 1
268 1627 1
265 1625 1
260 1622 1
257 1620 1
255 1619 1
253 1617 1
250 1615 1
247 1614 1
244 1611 1
240 1610 1
235 1607 1
230 1605 1
224 1604 1
218 1602 1
212 1602 1
206 1601 1
202 1601 1
198 1602 1
193 1602 1
190 1603 1
188 1604 1
186 1605 1
183 1606 1
181 1607 1
178 1608 1
177 1609 1
174 1610 1
171 1613 1
166 1615 1
160 1618 1
162 1618 0
530 1587 1
529 1586 1
529 1586 1
529 1586 1
529 1585 1
529 1585 1
529 1581 1
529 1578 1
529 1571 1
530 1565 1
531 1555 1
532 1547 1
535 1538 1
536 1527 1
538 1515 1
541 1502 1
542 1489 1
543 1477 1
544 1467 1
544 1457 1
545 1447 1
544 1437 1
544 1427 1
543 1417 1
542 1408 1
542 1401 1
541 1394 1
540 1387 1
538 1381 1
538 1375 1
536 1369 1
534 1362 1
532 1358 1
530 1354 1
528 1351 1
526 1348 1
524 1345 1
524 1345 1
522 1343 1
521 1342 1
521 1342 1
519 1342 1
519 1341 1
517 1341 1
515 1339 1
514 1340 1
512 1338 1
509 1339 1
504 1340 1
499 1340 1
493 1340 1
487 1341 1
482 1342 1
477 1344 1
471 1346 1
466 1347 1
461 1348 1
456 1350 1
453 1351 1
451 1351 1
449 1352 1
447 1353 1
447 1353 1
446 1354 1
444 1355 1
445 1356 1
444 1356 1
442 1357 1
443 1358 1
443 1359 1
443 1360 1
443 1360 1
443 1361 1
443 1362 1
444 1363 1
444 1364 1
444 1365 1
445 1366 1
445 1367 1
446 1368 1
448 1371 1
453 1379 1
461 1388 1
472 1398 1
482 1407 1
492 1415 1
500 1422 1
507 1427 1
513 1432 1
518 1435 1
521 1437 1
525 1439 1
527 1440 1
530 1441 1
531 1441 1
533 1442 1
534 1442 1
534 1443 1
536 1443 1
537 1444 1
537 1444 1
539 1445 1
540 1446 1
542 1447 1
542 1447 1
543 1448 1
544 1449 1
546 1450 1
548 1451 1
551 1452 1
554 1453 1
559 1454 1
566 1456 1
572 1458 1
580 1461 1
588 1467 1
596 1472 1
602 1476 1
609 1480 1
613 1483 1
618 1486 1
622 1488 1
625 1489 1
628 1491 1
632 1494 1
634 1495 1
636 1496 1
637 1497 1
639 1499 1
639 1499 1
639 1499 1
639 1499 1
639 1499 1
639 1499 1
639 1499 1
639 1499 1
639 1499 1
639 1499 1
639 1499 1
639 1499 1
639 1499 1
639 1499 1
639 1499 1
639 1499 1
639 1499 1
639 1499 1
639 1499 1
639 1499 1
639 1499 1
639 1499 1
639 1499 1
639 1499 1
639 1499 1
639 1499 1
639 1499 1
639 1499 1
639 1499 1
639 1499 1
639 1499 1
639 1499 1
639 1499 1
639 1499 1
639 1499 1
639 1499 1
639 1499 1
639 1499 1
639 1499 1
639 1499 1
639 1499 1
639 1500 1
639 1502 1
639 1506 1
639 1509 1
639 1512 1
639 1515 1
639 1519 1
640 1521 1
640 1522 1
640 1523 1
639 1524 1
639 1524 1
639 1524 1
639 1524 1
639 1524 1
639 1524 1
639 1524 1
639 1524 1
639 1524 1
639 1524 1
639 1524 1
639 1524 1
639 1524 1
639 1524 1
639 1524 1
637 1524 1
637 1524 1
636 1523 1
636 1523 1
636 1523 1
636 1523 1
636 1523 1
635 1522 1
633 1522 1
633 1522 1
632 1522 1
632 1522 1
632 1522 1
632 1520 1
632 1520 1
631 1521 1
629 1521 1
629 1521 1
629 1521 1
628 1521 1
624 1521 1
621 1523 1
617 1524 1
612 1527 1
606 1530 1
603 1532 1
599 1535 1
596 1536 1
594 1537 1
591 1539 1
588 1540 1
585 1541 1
577 1542 1
566 1541 1
552 1538 1
536 1533 1
522 1528 1
509 1523 1
500 1520 1
493 1518 1
487 1516 1
484 1515 1
482 1515 1
482 1514 1
482 1514 1
482 1514 1
482 1514 1
482 1514 1
482 1514 1
482 1514 0
792 1497 1
792 1497 1
792 1497 1
792 1497 1
792 1497 1
792 1497 1
792 1497 1
792 1497 1
792 1494 1
793 1490 1
796 1484 1
799 1476 1
803 1466 1
807 1454 1
812 1442 1
815 1427 1
817 1415 1
819 1405 1
821 1394 1
822 1383 1
824 1372 1
825 1360 1
826 1349 1
827 1341 1
827 1332 1
828 1324 1
828 1316 1
829 1305 1
829 1294 1
830 1283 1
830 1272 1
831 1265 1
831 1258 1
831 1251 1
830 1247 1
829 1243 1
829 1240 1
828 1237 1
826 1235 1
824 1232 1
823 1232 1
820 1230 1
815 1231 1
809 1232 1
801 1232 1
794 1233 1
786 1236 1
779 1241 1
772 1247 1
765 1252 1
758 1258 1
753 1261 1
748 1266 1
744 1270 1
740 1273 1
735 1276 1
730 1280 1
725 1284 1
719 1289 1
714 1294 1
710 1298 1
707 1301 1
704 1305 1
701 1309 1
698 1312 1
695 1319 1
693 1323 1
691 1326 1
691 1329 1
691 1332 1
691 1334 1
690 1335 1
690 1336 1
690 1336 1
690 1336 1
690 1337 1
690 1337 1
691 1339 1
693 1341 1
698 1343 1
707 1348 1
718 1352 1
730 1357 1
742 1360 1
754 1363 1
767 1365 1
779 1366 1
792 1366 1
804 1366 1
817 1366 1
828 1366 1
841 1365 1
854 1365 1
864 1365 1
873 1364 1
882 1364 1
888 1364 1
895 1364 1
900 1362 1
903 1363 1
905 1363 1
908 1363 1
909 1363 1
912 1363 1
913 1363 1
914 1363 1
914 1363 1
914 1363 1
915 1363 1
915 1363 1
915 1363 1
915 1363 1
915 1363 1
915 1363 1
916 1364 1
918 1368 1
919 1371 1
921 1375 1
922 1379 1
923 1382 1
924 1385 1
925 1387 1
925 1389 1
926 1389 1
926 1389 1
926 1389 1
926 1389 1
926 1389 1
926 1389 1
926 1389 1
926 1390 1
926 1391 1
926 1394 1
926 1398 1
926 1403 1
924 1410 1
921 1418 1
918 1429 1
915 1439 1
909 1450 1
904 1459 1
899 1466 1
893 1470 1
888 1475 1
884 1478 1
879 1480 1
874 1482 1
870 1483 1
864 1482 1
856 1479 1
843 1474 1
828 1468 1
809 1460 1
793 1453 1
779 1448 1
769 1443 1
761 1439 1
764 1441 0
