1003 1290 1
1003 1290 1
1003 1290 1
1003 1290 1
1003 1290 1
1003 1290 1
1003 1290 1
1003 1290 1
1003 1290 1
1003 1290 1
1003 1290 1
1003 1290 1
1003 1290 1
1003 1290 1
1001 1290 1
1001 1290 1
1001 1290 1
1001 1292 1
1000 1293 1
998 1297 1
996 1300 1
996 1303 1
994 1306 1
993 1310 1
993 1314 1
993 1317 1
992 1320 1
990 1324 1
991 1326 1
990 1329 1
990 1331 1
990 1335 1
990 1337 1
990 1340 1
990 1344 1
990 1347 1
990 1351 1
990 1355 1
990 1358 1
990 1361 1
990 1366 1
991 1369 1
991 1372 1
992 1375 1
993 1379 1
993 1381 1
994 1383 1
994 1385 1
995 1388 1
996 1390 1
997 1392 1
999 1395 1
1000 1398 1
1002 1403 1
1004 1407 1
1005 1410 1
1007 1413 1
1008 1416 1
1008 1418 1
1009 1421 1
1010 1424 1
1011 1427 1
1012 1429 1
1013 1432 1
1014 1437 1
1015 1440 1
1015 1443 1
1015 1446 1
1016 1451 1
1016 1454 1
1016 1457 1
1017 1461 1
1017 1465 1
1017 1468 1
1018 1471 1
1018 1474 1
1018 1478 1
1018 1480 1
1018 1483 1
1018 1486 1
1019 1490 1
1019 1493 1
1019 1497 1
1019 1500 1
1019 1504 1
1019 1507 1
1019 1510 1
1019 1514 1
1019 1518 1
1019 1521 1
1018 1525 1
1018 1528 1
1018 1533 1
1017 1536 1
1017 1540 1
1016 1543 1
1015 1546 1
1015 1549 1
1014 1550 1
1012 1552 1
1013 1553 1
1012 1554 1
1010 1555 1
1010 1555 1
1009 1556 1
1009 1557 1
1007 1558 1
1007 1559 1
1004 1560 1
1004 1561 1
1002 1562 1
999 1563 1
994 1565 1
989 1568 1
984 1570 1
979 1573 1
973 1574 1
967 1576 1
961 1578 1
955 1579 1
950 1580 1
945 1582 1
941 1582 1
938 1583 1
935 1583 1
930 1584 1
927 1585 1
925 1585 1
922 1586 1
920 1586 1
919 1586 1
917 1587 1
917 1587 1
917 1587 1
917 1587 1
917 1587 1
917 1587 1
918 1585 1
917 1585 1
915 1583 1
909 1572 1
900 1553 1
893 1531 1
889 1517 1
887 1508 1
885 1502 1
884 1497 1
884 1493 1
883 1490 1
881 1488 1
882 1488 1
882 1486 1
882 1486 1
882 1486 1
882 1486 1
882 1485 1
882 1485 1
883 1482 1
884 1482 1
885 1480 1
886 1478 1
888 1477 1
892 1475 1
895 1473 1
898 1472 1
901 1470 1
905 1468 1
908 1468 1
911 1466 1
914 1467 1
916 1465 1
920 1466 1
922 1466 1
924 1467 1
926 1467 1
928 1468 1
930 1469 1
932 1470 1
934 1471 1
936 1473 1
939 1477 1
942 1481 1
945 1487 1
949 1495 1
952 1504 1
955 1514 1
957 1523 1
960 1531 1
961 1539 1
963 1546 1
964 1553 1
964 1561 1
962 1572 1
960 1586 1
955 1600 1
949 1613 1
941 1626 1
933 1642 1
926 1658 1
920 1672 1
914 1683 1
909 1695 1
903 1708 1
895 1723 1
890 1736 1
892 1732 0
821 1303 1
821 1303 1
821 1303 1
821 1303 1
821 1303 1
821 1303 1
821 1303 1
821 1303 1
820 1303 1
817 1305 1
816 1308 1
814 1311 1
812 1314 1
808 1318 1
805 1322 1
803 1326 1
801 1329 1
799 1334 1
798 1336 1
796 1339 1
796 1341 1
794 1344 1
794 1346 1
793 1348 1
791 1351 1
791 1353 1
791 1356 1
789 1359 1
790 1361 1
790 1364 1
789 1368 1
789 1372 1
790 1375 1
790 1379 1
791 1383 1
792 1387 1
792 1391 1
793 1394 1
794 1398 1
794 1401 1
795 1405 1
796 1409 1
798 1412 1
800 1417 1
801 1422 1
804 1425 1
805 1429 1
809 1434 1
811 1438 1
812 1442 1
815 1445 1
817 1449 1
819 1454 1
821 1458 1
821 1462 1
822 1467 1
824 1471 1
824 1475 1
826 1480 1
826 1485 1
828 1491 1
829 1499 1
830 1506 1
832 1514 1
833 1520 1
834 1525 1
836 1529 1
836 1533 1
837 1536 1
838 1540 1
838 1543 1
839 1546 1
840 1549 1
840 1554 1
841 1557 1
842 1561 1
842 1564 1
843 1570 1
844 1573 1
844 1578 1
844 1582 1
845 1585 1
845 1589 1
845 1593 1
845 1596 1
844 1599 1
844 1602 1
844 1605 1
843 1606 1
843 1608 1
841 1609 1
841 1610 1
839 1611 1
838 1612 1
836 1613 1
833 1614 1
829 1615 1
824 1615 1
819 1616 1
814 1616 1
808 1617 1
803 1617 1
796 1617 1
790 1617 1
783 1616 1
775 1616 1
766 1613 1
758 1613 1
750 1611 1
745 1610 1
738 1607 1
725 1600 1
713 1588 1
703 1578 1
697 1573 1
691 1568 1
687 1563 1
683 1560 1
681 1558 1
678 1555 1
677 1554 1
675 1552 1
675 1550 1
674 1547 1
672 1545 1
673 1541 1
673 1536 1
676 1528 1
680 1520 1
684 1512 1
688 1506 1
691 1502 1
694 1498 1
695 1496 1
697 1494 1
699 1492 1
699 1492 1
701 1490 1
701 1490 1
703 1488 1
708 1489 1
713 1489 1
717 1489 1
723 1490 1
730 1492 1
737 1496 1
747 1501 1
756 1507 1
764 1515 1
773 1525 1
781 1537 1
787 1549 1
793 1562 1
796 1575 1
797 1593 1
796 1611 1
792 1631 1
787 1653 1
784 1674 1
781 1691 1
778 1708 1
775 1724 1
772 1740 1
769 1755 1
765 1769 1
761 1782 1
763 1778 0
588 1351 1
588 1351 1
588 1351 1
588 1351 1
588 1351 1
588 1351 1
588 1351 1
588 1351 1
588 1351 1
588 1351 1
588 1351 1
588 1351 1
588 1351 1
587 1351 1
587 1351 1
587 1353 1
587 1355 1
587 1359 1
586 1363 1
586 1368 1
586 1373 1
586 1377 1
586 1382 1
587 1388 1
587 1393 1
587 1400 1
587 1406 1
589 1412 1
589 1418 1
592 1425 1
594 1432 1
595 1439 1
597 1445 1
599 1451 1
601 1458 1
603 1464 1
604 1470 1
606 1475 1
608 1481 1
609 1484 1
610 1488 1
611 1491 1
612 1496 1
613 1500 1
613 1505 1
614 1510 1
615 1514 1
616 1518 1
617 1522 1
617 1527 1
619 1530 1
620 1536 1
620 1540 1
622 1543 1
622 1546 1
624 1550 1
625 1553 1
625 1555 1
626 1558 1
627 1562 1
628 1565 1
629 1568 1
629 1571 1
629 1575 1
630 1578 1
630 1581 1
630 1583 1
630 1585 1
630 1586 1
630 1587 1
630 1588 1
630 1590 1
630 1591 1
629 1593 1
629 1596 1
629 1600 1
628 1604 1
628 1607 1
627 1611 1
627 1614 1
624 1620 1
624 1624 1
622 1630 1
621 1634 1
619 1638 1
617 1642 1
617 1645 1
615 1650 1
613 1653 1
612 1656 1
610 1659 1
609 1661 1
607 1664 1
605 1666 1
604 1667 1
601 1668 1
598 1669 1
595 1670 1
590 1671 1
585 1671 1
578 1673 1
570 1674 1
562 1675 1
554 1677 1
545 1677 1
538 1679 1
532 1679 1
528 1680 1
523 1680 1
519 1680 1
516 1680 1
512 1680 1
509 1680 1
506 1680 1
503 1680 1
500 1680 1
497 1680 1
494 1680 1
493 1679 1
491 1679 1
490 1679 1
488 1677 1
486 1678 1
485 1676 1
483 1676 1
480 1674 1
475 1670 1
469 1664 1
463 1655 1
458 1649 1
455 1641 1
452 1636 1
450 1632 1
450 1629 1
448 1624 1
449 1620 1
449 1614 1
450 1607 1
450 1603 1
451 1598 1
453 1594 1
453 1591 1
455 1588 1
456 1585 1
457 1583 1
459 1581 1
462 1580 1
467 1580 1
474 1577 1
482 1577 1
490 1575 1
498 1576 1
507 1576 1
516 1577 1
526 1578 1
537 1582 1
547 1590 1
554 1599 1
561 1610 1
566 1620 1
571 1633 1
577 1654 1
581 1670 1
583 1688 1
586 1705 1
587 1721 1
588 1736 1
588 1749 1
588 1759 1
589 1770 1
589 1769 0
357 1435 1
357 1435 1
357 1435 1
357 1435 1
357 1435 1
357 1435 1
357 1435 1
357 1435 1
357 1435 1
357 1435 1
355 1435 1
356 1436 1
355 1438 1
355 1442 1
354 1447 1
352 1453 1
351 1459 1
352 1463 1
352 1467 1
352 1470 1
353 1474 1
355 1478 1
357 1481 1
359 1486 1
360 1487 1
363 1492 1
366 1496 1
369 1501 1
373 1506 1
376 1511 1
377 1516 1
379 1522 1
380 1527 1
381 1534 1
382 1540 1
383 1547 1
383 1552 1
384 1558 1
384 1563 1
385 1567 1
385 1572 1
386 1578 1
386 1583 1
386 1590 1
387 1595 1
388 1601 1
388 1607 1
389 1612 1
389 1620 1
390 1626 1
391 1632 1
391 1637 1
392 1642 1
392 1645 1
393 1650 1
394 1654 1
394 1657 1
394 1660 1
395 1664 1
395 1666 1
395 1668 1
395 1669 1
395 1671 1
395 1672 1
395 1672 1
395 1673 1
394 1674 1
392 1676 1
390 1679 1
385 1685 1
378 1692 1
366 1699 1
355 1705 1
344 1710 1
335 1715 1
327 1718 1
321 1721 1
314 1722 1
306 1723 1
297 1724 1
287 1724 1
277 1724 1
270 1724 1
264 1722 1
259 1723 1
256 1722 1
253 1720 1
250 1720 1
247 1719 1
244 1717 1
242 1716 1
240 1714 1
238 1713 1
238 1712 1
236 1710 1
236 1708 1
235 1704 1
235 1701 1
234 1698 1
232 1693 1
231 1690 1
232 1686 1
230 1683 1
231 1679 1
231 1676 1
231 1673 1
230 1672 1
230 1670 1
230 1670 1
230 1670 1
230 1670 1
230 1670 1
231 1669 1
233 1667 1
235 1666 1
242 1664 1
251 1661 1
261 1657 1
269 1654 1
278 1652 1
286 1650 1
292 1650 1
296 1650 1
301 1650 1
305 1650 1
310 1651 1
315 1655 1
322 1667 1
328 1679 1
330 1694 1
331 1710 1
329 1725 1
327 1742 1
322 1760 1
317 1773 1
313 1785 1
306 1798 1
297 1818 1
287 1835 1
279 1849 1
283 1843 0
