76 1849 1
76 1849 1
76 1849 1
76 1849 1
76 1849 1
76 1849 1
76 1849 1
76 1849 1
76 1848 1
76 1848 1
76 1846 1
76 1846 1
77 1842 1
78 1839 1
79 1837 1
79 1833 1
80 1831 1
81 1828 1
81 1826 1
82 1823 1
82 1819 1
82 1817 1
83 1814 1
83 1811 1
83 1808 1
84 1805 1
84 1802 1
84 1799 1
84 1795 1
84 1793 1
82 1790 1
83 1786 1
82 1782 1
82 1778 1
82 1775 1
82 1770 1
80 1766 1
81 1763 1
81 1760 1
81 1756 1
80 1753 1
80 1750 1
80 1748 1
80 1745 1
80 1744 1
80 1744 1
80 1742 1
80 1742 1
80 1741 1
80 1741 1
80 1741 1
80 1741 1
80 1741 1
80 1741 1
80 1741 1
81 1741 1
81 1741 1
81 1740 1
82 1737 1
82 1736 1
83 1733 1
83 1730 1
84 1726 1
85 1722 1
86 1718 1
86 1715 1
87 1710 1
88 1707 1
88 1703 1
88 1699 1
89 1695 1
89 1691 1
89 1687 1
89 1682 1
89 1679 1
89 1675 1
89 1672 1
89 1669 1
89 1666 1
89 1662 1
89 1660 1
90 1657 1
90 1653 1
91 1647 1
93 1641 1
95 1633 1
98 1625 1
104 1619 1
107 1614 1
111 1609 1
112 1606 1
114 1603 1
115 1600 1
115 1599 1
116 1597 1
116 1596 1
116 1595 1
116 1593 1
117 1592 1
117 1589 1
117 1584 1
117 1579 1
117 1574 1
117 1567 1
116 1560 1
116 1553 1
115 1545 1
115 1538 1
114 1532 1
114 1527 1
114 1523 1
113 1520 1
113 1517 1
113 1514 1
112 1511 1
112 1508 1
112 1506 1
112 1504 1
112 1502 1
112 1501 1
112 1501 1
112 1499 1
112 1497 1
112 1495 1
112 1491 1
112 1486 1
112 1481 1
113 1475 1
113 1470 1
114 1464 1
115 1458 1
115 1453 1
117 1447 1
117 1442 1
119 1437 1
121 1432 1
121 1427 1
122 1424 1
123 1418 1
124 1412 1
124 1405 1
124 1398 1
124 1391 1
124 1384 1
123 1376 1
123 1371 1
121 1365 1
122 1361 1
120 1357 1
120 1355 1
120 1352 1
120 1349 1
119 1347 1
117 1345 1
118 1344 1
116 1344 1
115 1341 1
116 1341 1
114 1339 1
113 1337 1
113 1335 1
111 1332 1
110 1329 1
108 1326 1
107 1323 1
106 1321 1
104 1318 1
103 1317 1
102 1315 1
100 1315 1
100 1314 1
98 1312 1
97 1313 1
97 1312 1
97 1312 1
96 1312 1
96 1312 1
96 1312 1
96 1312 1
96 1312 1
96 1312 1
94 1312 1
93 1312 1
93 1313 1
91 1315 1
90 1317 1
88 1324 1
86 1331 1
85 1340 1
83 1348 1
82 1356 1
81 1364 1
79 1372 1
78 1381 1
78 1388 1
77 1397 1
76 1406 1
76 1414 1
76 1422 1
76 1430 1
76 1438 1
76 1446 1
76 1454 1
76 1464 1
76 1472 1
76 1481 1
76 1488 1
76 1494 1
76 1502 1
77 1510 1
77 1518 1
77 1527 1
78 1537 1
78 1548 1
78 1557 1
79 1567 1
79 1578 1
79 1587 1
80 1600 1
80 1612 1
81 1625 1
81 1633 1
81 1642 1
82 1650 1
82 1658 1
83 1665 1
84 1674 1
84 1681 1
86 1689 1
88 1696 1
88 1703 1
91 1711 1
94 1718 1
98 1725 1
103 1732 1
106 1738 1
109 1743 1
114 1748 1
117 1752 1
120 1756 1
124 1760 1
127 1765 1
130 1769 1
132 1772 1
134 1775 1
137 1778 1
139 1780 1
142 1783 1
144 1785 1
146 1787 1
148 1790 1
149 1791 1
151 1793 1
153 1795 1
154 1795 1
154 1796 1
154 1796 1
155 1796 1
155 1796 1
155 1796 1
155 1796 1
155 1796 1
155 1796 1
155 1796 1
155 1796 1
155 1796 1
155 1796 1
155 1796 1
153 1794 1
154 1792 1
154 1788 1
154 1783 1
154 1775 1
155 1768 1
155 1759 1
155 1751 1
156 1742 1
157 1736 1
157 1730 1
158 1724 1
159 1718 1
160 1711 1
161 1702 1
163 1692 1
164 1683 1
168 1673 1
171 1665 1
173 1656 1
176 1648 1
181 1642 1
184 1635 1
188 1627 1
193 1621 1
198 1613 1
203 1607 1
207 1601 1
210 1596 1
213 1592 1
216 1588 1
219 1584 1
221 1580 1
224 1575 1
226 1571 1
228 1566 1
230 1560 1
231 1553 1
233 1544 1
233 1536 1
232 1527 1
232 1519 1
229 1510 1
229 1504 1
227 1497 1
226 1494 1
224 1489 1
223 1486 1
221 1482 1
218 1477 1
215 1473 1
211 1468 1
208 1463 1
206 1459 1
203 1456 1
201 1452 1
200 1449 1
197 1446 1
195 1440 1
193 1435 1
191 1429 1
190 1423 1
190 1417 1
189 1408 1
189 1399 1
190 1390 1
190 1384 1
190 1379 1
190 1374 1
190 1371 1
190 1368 1
189 1363 1
189 1361 1
187 1358 1
188 1356 1
187 1354 1
187 1352 1
187 1352 1
185 1352 1
185 1352 1
186 1351 1
184 1351 1
184 1351 1
184 1351 1
184 1351 1
184 1351 1
184 1351 1
184 1351 1
184 1351 1
184 1351 1
184 1352 1
182 1354 1
182 1357 1
179 1361 1
177 1366 1
174 1372 1
171 1379 1
169 1386 1
167 1393 1
164 1399 1
162 1406 1
161 1411 1
161 1417 1
159 1421 1
158 1426 1
158 1430 1
156 1436 1
155 1442 1
153 1450 1
154 1460 1
152 1471 1
153 1483 1
153 1494 1
153 1506 1
153 1518 1
154 1531 1
155 1544 1
156 1556 1
158 1567 1
159 1578 1
161 1588 1
163 1598 1
163 1606 1
165 1614 1
167 1622 1
167 1630 1
169 1637 1
169 1643 1
170 1649 1
172 1655 1
173 1661 1
174 1667 1
175 1673 1
176 1680 1
177 1687 1
177 1694 1
178 1701 1
179 1708 1
180 1714 1
181 1719 1
182 1725 1
183 1731 1
184 1737 1
185 1742 1
186 1749 1
188 1755 1
190 1763 1
192 1769 1
195 1775 1
197 1780 1
199 1783 1
201 1787 1
203 1791 1
205 1794 1
206 1795 1
207 1797 1
208 1799 1
208 1799 1
208 1799 1
208 1799 1
208 1799 1
208 1799 1
208 1799 1
208 1799 1
209 1799 1
209 1799 1
209 1799 1
210 1798 1
210 1797 1
211 1795 1
212 1793 1
213 1791 1
215 1787 1
215 1784 1
216 1781 1
217 1778 1
218 1774 1
219 1770 1
219 1765 1
220 1760 1
222 1755 1
222 1750 1
224 1745 1
224 1740 1
226 1735 1
227 1730 1
228 1726 1
229 1721 1
231 1716 1
232 1712 1
234 1707 1
236 1702 1
241 1697 1
246 1690 1
252 1685 1
258 1679 1
263 1674 1
268 1669 1
272 1666 1
275 1664 1
278 1661 1
280 1659 1
281 1658 1
283 1656 1
285 1655 1
287 1653 1
290 1649 1
293 1644 1
298 1638 1
301 1627 1
304 1615 1
307 1602 1
309 1589 1
311 1580 1
313 1570 1
314 1562 1
314 1554 1
315 1545 1
314 1537 1
312 1529 1
312 1522 1
310 1516 1
309 1510 1
310 1506 1
308 1503 1
309 1499 1
308 1495 1
306 1490 1
306 1484 1
306 1478 1
304 1472 1
305 1466 1
303 1459 1
303 1453 1
303 1447 1
302 1440 1
301 1434 1
301 1428 1
300 1422 1
300 1415 1
298 1409 1
298 1399 1
296 1391 1
295 1382 1
295 1375 1
293 1368 1
293 1365 1
293 1361 1
291 1358 1
291 1356 1
290 1354 1
290 1352 1
290 1352 1
290 1352 1
290 1352 1
290 1352 1
290 1352 1
290 1352 1
290 1352 1
290 1352 1
290 1352 1
290 1352 1
290 1352 1
290 1352 1
290 1352 1
290 1352 1
288 1352 1
288 1352 1
285 1354 1
281 1358 1
276 1363 1
271 1370 1
264 1380 1
259 1389 1
254 1398 1
250 1406 1
247 1414 1
243 1421 1
240 1429 1
237 1437 1
235 1445 1
232 1453 1
230 1460 1
229 1468 1
227 1477 1
225 1485 1
225 1493 1
223 1501 1
223 1509 1
221 1517 1
222 1525 1
222 1535 1
222 1545 1
222 1557 1
223 1566 1
223 1576 1
224 1587 1
224 1597 1
224 1607 1
225 1620 1
225 1631 1
226 1643 1
226 1655 1
227 1666 1
228 1678 1
229 1689 1
231 1699 1
231 1707 1
233 1717 1
234 1724 1
236 1733 1
238 1739 1
240 1748 1
242 1756 1
246 1763 1
250 1769 1
253 1776 1
258 1782 1
264 1787 1
269 1792 1
274 1796 1
279 1799 1
283 1803 1
286 1804 1
289 1806 1
292 1807 1
296 1808 1
299 1809 1
303 1808 1
308 1808 1
314 1804 1
320 1799 1
327 1795 1
332 1788 1
337 1781 1
341 1775 1
345 1767 1
348 1759 1
351 1754 1
352 1748 1
354 1742 1
355 1737 1
356 1732 1
356 1727 1
357 1721 1
357 1716 1
357 1709 1
356 1704 1
356 1699 1
356 1694 1
356 1689 1
355 1684 1
354 1678 1
354 1673 1
353 1669 1
352 1663 1
352 1658 1
351 1652 1
349 1646 1
350 1639 1
349 1630 1
349 1622 1
349 1612 1
349 1601 1
349 1592 1
349 1584 1
349 1578 1
350 1571 1
351 1565 1
353 1557 1
354 1548 1
358 1538 1
361 1527 1
363 1516 1
366 1506 1
368 1497 1
371 1485 1
374 1473 1
376 1462 1
380 1451 1
382 1442 1
384 1433 1
386 1425 1
388 1417 1
388 1411 1
389 1406 1
389 1401 1
389 1396 1
387 1393 1
388 1391 1
388 1388 1
388 1387 1
387 1387 1
387 1385 1
387 1385 1
387 1385 1
387 1385 1
387 1385 1
387 1385 1
387 1385 1
387 1385 1
387 1385 1
387 1385 1
387 1385 1
387 1385 1
387 1385 1
387 1385 1
387 1385 1
385 1386 1
382 1388 1
379 1391 1
375 1395 1
368 1402 1
362 1410 1
354 1419 1
348 1427 1
343 1433 1
340 1437 1
337 1441 1
334 1445 1
332 1449 1
330 1452 1
327 1457 1
325 1462 1
322 1466 1
321 1471 1
318 1476 1
316 1481 1
315 1486 1
313 1493 1
311 1500 1
309 1508 1
306 1518 1
306 1528 1
304 1538 1
302 1548 1
302 1558 1
302 1566 1
301 1576 1
301 1585 1
302 1595 1
302 1604 1
302 1613 1
302 1621 1
303 1628 1
303 1635 1
303 1639 1
304 1644 1
304 1649 1
304 1655 1
305 1661 1
306 1668 1
306 1676 1
308 1684 1
309 1692 1
310 1700 1
313 1709 1
314 1716 1
316 1722 1
318 1729 1
319 1734 1
321 1739 1
323 1745 1
325 1751 1
328 1757 1
330 1764 1
333 1769 1
335 1773 1
336 1776 1
338 1779 1
339 1782 1
341 1785 1
342 1787 1
343 1789 1
345 1792 1
346 1794 1
347 1796 1
349 1798 1
350 1799 1
352 1801 1
353 1803 1
354 1804 1
356 1806 1
358 1808 1
360 1808 1
362 1809 1
363 1810 1
365 1810 1
369 1808 1
373 1807 1
379 1803 1
386 1797 1
392 1791 1
400 1783 1
405 1776 1
411 1770 1
416 1764 1
421 1758 1
424 1753 1
427 1749 1
428 1747 1
429 1744 1
430 1741 1
431 1738 1
433 1732 1
433 1727 1
434 1722 1
434 1715 1
435 1709 1
436 1703 1
436 1693 1
437 1685 1
439 1676 1
439 1668 1
440 1660 1
440 1655 1
441 1649 1
441 1644 1
441 1639 1
441 1634 1
442 1629 1
442 1624 1
442 1617 1
442 1611 1
442 1604 1
443 1598 1
443 1591 1
444 1581 1
446 1570 1
447 1559 1
449 1547 1
450 1537 1
452 1527 1
454 1519 1
455 1511 1
457 1503 1
458 1496 1
459 1488 1
460 1481 1
461 1474 1
461 1468 1
461 1463 1
462 1457 1
462 1454 1
463 1449 1
463 1446 1
464 1442 1
464 1440 1
464 1437 1
464 1434 1
464 1431 1
462 1428 1
462 1425 1
461 1421 1
461 1419 1
459 1416 1
459 1414 1
456 1411 1
455 1409 1
453 1406 1
453 1405 1
451 1405 1
452 1404 1
451 1403 1
451 1403 1
451 1403 1
450 1402 1
450 1402 1
449 1402 1
449 1400 1
448 1401 1
448 1401 1
446 1399 1
445 1400 1
443 1400 1
441 1398 1
440 1399 1
438 1399 1
438 1399 1
436 1399 1
434 1399 1
433 1399 1
431 1399 1
429 1400 1
429 1400 1
426 1402 1
423 1403 1
418 1407 1
414 1411 1
410 1416 1
407 1421 1
402 1426 1
399 1431 1
397 1436 1
395 1440 1
392 1445 1
390 1449 1
389 1452 1
389 1455 1
387 1457 1
386 1460 1
386 1463 1
385 1465 1
385 1468 1
384 1473 1
383 1476 1
383 1481 1
383 1487 1
383 1493 1
383 1499 1
383 1506 1
383 1515 1
384 1522 1
384 1531 1
384 1539 1
384 1546 1
385 1553 1
385 1558 1
386 1564 1
386 1570 1
387 1576 1
387 1581 1
387 1587 1
387 1593 1
387 1600 1
387 1606 1
386 1613 1
386 1620 1
386 1627 1
386 1635 1
386 1643 1
386 1651 1
387 1660 1
387 1668 1
387 1676 1
387 1683 1
387 1689 1
388 1694 1
388 1699 1
388 1703 1
389 1708 1
389 1711 1
389 1715 1
390 1719 1
391 1723 1
393 1728 1
395 1733 1
397 1738 1
399 1741 1
401 1747 1
403 1751 1
406 1755 1
408 1760 1
412 1766 1
415 1771 1
418 1776 1
421 1781 1
426 1786 1
428 1789 1
431 1792 1
433 1795 1
435 1797 1
437 1800 1
438 1801 1
440 1803 1
441 1804 1
441 1804 1
442 1804 1
442 1804 1
442 1804 1
444 1804 1
446 1802 1
449 1799 1
454 1794 1
457 1790 1
460 1785 1
462 1779 1
466 1774 1
468 1770 1
470 1765 1
473 1760 1
475 1754 1
477 1747 1
479 1740 1
481 1733 1
483 1725 1
486 1718 1
487 1710 1
490 1701 1
492 1693 1
496 1683 1
499 1673 1
502 1663 1
506 1654 1
510 1645 1
515 1636 1
518 1628 1
522 1621 1
527 1612 1
532 1601 1
538 1591 1
543 1582 1
547 1574 1
550 1567 1
552 1561 1
553 1558 1
555 1554 1
556 1550 1
557 1545 1
557 1540 1
558 1535 1
557 1530 1
555 1525 1
554 1518 1
552 1512 1
549 1504 1
547 1497 1
544 1490 1
542 1483 1
538 1475 1
536 1469 1
535 1464 1
533 1459 1
533 1456 1
532 1453 1
530 1450 1
530 1448 1
529 1446 1
527 1443 1
526 1442 1
526 1440 1
523 1439 1
523 1438 1
523 1438 1
522 1437 1
522 1437 1
520 1437 1
521 1436 1
521 1436 1
521 1436 1
521 1436 1
519 1436 1
517 1436 1
514 1438 1
510 1439 1
505 1442 1
499 1447 1
491 1453 1
485 1459 1
478 1468 1
473 1476 1
469 1483 1
465 1490 1
462 1497 1
459 1504 1
456 1511 1
453 1519 1
452 1528 1
450 1536 1
448 1543 1
448 1552 1
446 1560 1
447 1568 1
447 1577 1
448 1586 1
448 1595 1
448 1603 1
449 1612 1
450 1620 1
451 1628 1
451 1637 1
452 1645 1
453 1655 1
453 1663 1
454 1672 1
454 1680 1
454 1686 1
455 1691 1
456 1696 1
456 1701 1
457 1706 1
458 1710 1
459 1715 1
460 1719 1
461 1723 1
463 1726 1
464 1730 1
467 1735 1
469 1739 1
471 1743 1
474 1748 1
476 1752 1
478 1755 1
480 1758 1
481 1761 1
483 1763 1
485 1766 1
486 1768 1
488 1770 1
490 1773 1
491 1775 1
493 1777 1
494 1778 1
496 1781 1
497 1783 1
498 1784 1
500 1786 1
501 1788 1
501 1788 1
502 1789 1
502 1789 1
502 1789 1
502 1790 1
502 1790 1
502 1790 1
503 1791 1
503 1791 1
503 1791 1
503 1791 1
503 1792 1
504 1792 1
504 1792 1
504 1793 1
504 1793 1
504 1793 1
504 1793 1
504 1793 1
505 1793 1
505 1794 1
505 1794 1
505 1794 1
505 1794 1
506 1794 1
506 1794 1
506 1794 1
506 1795 1
506 1795 1
506 1795 1
507 1795 1
507 1795 1
507 1795 1
507 1796 1
507 1796 1
507 1796 1
508 1796 1
508 1796 1
508 1796 1
508 1797 1
508 1797 1
508 1797 1
509 1797 1
509 1797 1
509 1798 1
509 1798 1
510 1798 1
510 1798 1
510 1798 1
512 1798 1
516 1796 1
520 1795 1
524 1793 1
529 1791 1
533 1787 1
536 1785 1
539 1782 1
542 1778 1
544 1773 1
548 1766 1
552 1757 1
557 1747 1
559 1737 1
563 1727 1
565 1717 1
567 1708 1
570 1699 1
574 1687 1
576 1676 1
578 1665 1
581 1653 1
582 1640 1
584 1625 1
585 1610 1
587 1595 1
590 1586 1
591 1576 1
594 1568 1
596 1560 1
600 1551 1
604 1541 1
607 1532 1
610 1524 1
614 1516 1
617 1510 1
620 1502 1
622 1497 1
624 1492 1
626 1486 1
627 1480 1
628 1474 1
629 1467 1
632 1460 1
634 1454 1
635 1447 1
637 1442 1
638 1437 1
638 1433 1
640 1429 1
640 1424 1
642 1419 1
644 1413 1
644 1406 1
646 1398 1
647 1389 1
647 1381 1
647 1373 1
647 1366 1
647 1361 1
646 1356 1
645 1351 1
643 1348 1
642 1344 1
642 1342 1
642 1339 1
641 1338 1
641 1336 1
639 1335 1
639 1335 1
637 1333 1
636 1333 1
635 1332 1
633 1332 1
632 1331 1
629 1331 1
625 1333 1
621 1335 1
614 1340 1
608 1348 1
601 1358 1
595 1367 1
589 1377 1
583 1387 1
578 1397 1
575 1405 1
572 1412 1
569 1418 1
567 1423 1
564 1428 1
563 1434 1
561 1439 1
560 1446 1
559 1453 1
557 1462 1
557 1473 1
555 1484 1
553 1494 1
553 1506 1
551 1516 1
551 1527 1
550 1537 1
550 1546 1
550 1554 1
548 1560 1
549 1567 1
549 1573 1
549 1579 1
549 1584 1
549 1591 1
549 1596 1
549 1603 1
550 1608 1
550 1614 1
550 1620 1
550 1626 1
550 1631 1
549 1637 1
549 1643 1
549 1649 1
547 1654 1
548 1660 1
548 1666 1
548 1672 1
548 1677 1
548 1682 1
548 1686 1
548 1690 1
549 1695 1
549 1698 1
549 1701 1
550 1704 1
550 1707 1
550 1711 1
551 1714 1
551 1717 1
552 1720 1
553 1724 1
553 1727 1
554 1730 1
554 1733 1
555 1737 1
556 1741 1
557 1744 1
558 1747 1
560 1751 1
560 1754 1
562 1757 1
564 1761 1
564 1763 1
566 1766 1
567 1768 1
569 1772 1
571 1773 1
572 1775 1
573 1777 1
575 1779 1
576 1780 1
577 1782 1
578 1783 1
580 1784 1
580 1785 1
580 1785 1
581 1785 1
581 1786 1
582 1786 1
583 1787 1
584 1787 1
587 1788 1
588 1788 1
591 1787 1
594 1787 1
598 1783 1
601 1781 1
605 1778 1
609 1773 1
613 1768 1
617 1764 1
621 1758 1
626 1753 1
629 1747 1
633 1740 1
636 1735 1
640 1728 1
643 1723 1
647 1717 1
649 1712 1
652 1707 1
654 1703 1
655 1698 1
657 1694 1
658 1688 1
660 1680 1
663 1672 1
664 1665 1
666 1658 1
667 1653 1
668 1647 1
670 1642 1
672 1634 1
675 1628 1
678 1620 1
680 1612 1
682 1604 1
684 1596 1
687 1587 1
690 1581 1
691 1574 1
694 1569 1
696 1562 1
698 1555 1
701 1547 1
703 1538 1
707 1530 1
709 1522 1
711 1515 1
714 1509 1
716 1502 1
718 1494 1
721 1485 1
724 1474 1
728 1461 1
732 1446 1
734 1434 1
737 1424 1
739 1414 1
741 1402 1
744 1392 1
746 1381 1
749 1372 1
753 1363 1
755 1354 1
757 1346 1
758 1338 1
760 1329 1
760 1321 1
760 1316 1
760 1313 1
758 1308 1
757 1306 1
755 1303 1
754 1302 1
752 1300 1
750 1298 1
748 1298 1
746 1298 1
743 1298 1
740 1298 1
736 1300 1
729 1305 1
718 1315 1
704 1330 1
688 1349 1
674 1368 1
663 1388 1
657 1403 1
652 1415 1
648 1426 1
646 1434 1
644 1442 1
644 1451 1
643 1462 1
643 1472 1
643 1484 1
644 1496 1
644 1513 1
644 1530 1
642 1552 1
642 1571 1
642 1589 1
641 1607 1
640 1623 1
638 1638 1
638 1652 1
638 1665 1
638 1675 1
638 1686 1
639 1696 1
640 1706 1
643 1718 1
646 1730 1
652 1745 1
658 1761 1
665 1776 1
672 1790 1
679 1803 1
684 1812 1
689 1820 1
694 1825 1
699 1831 1
705 1836 1
712 1840 1
722 1844 1
736 1847 1
757 1849 1
758 1850 1
758 1850 0
