574 1011 1
574 1011 1
574 1011 1
574 1011 1
574 1011 1
574 1011 1
574 1011 1
574 1011 1
574 1011 1
574 1011 1
574 1011 1
574 1011 1
573 1009 1
570 1005 1
568 998 1
565 990 1
560 980 1
557 968 1
553 955 1
551 943 1
550 931 1
548 921 1
549 913 1
550 907 1
551 902 1
552 898 1
555 894 1
557 891 1
561 888 1
566 887 1
573 890 1
584 896 1
597 909 1
610 927 1
621 949 1
629 971 1
635 993 1
636 1012 1
636 1027 1
634 1038 1
631 1045 1
628 1051 1
626 1055 1
621 1056 1
616 1055 1
606 1051 1
594 1043 1
579 1028 1
564 1005 1
551 979 1
541 952 1
532 924 1
525 897 1
521 873 1
518 853 1
517 821 1
518 817 1
519 810 1
521 803 1
528 799 1
544 800 1
567 809 1
596 828 1
627 857 1
655 900 1
678 949 1
697 1010 1
709 1068 1
714 1117 1
714 1146 1
710 1166 1
704 1178 1
699 1186 1
694 1191 1
687 1193 1
679 1194 1
668 1187 1
653 1178 1
635 1164 1
618 1145 1
600 1123 1
583 1100 1
568 1075 1
554 1048 1
542 1021 1
532 993 1
523 965 1
516 932 1
510 901 1
508 872 1
506 844 1
505 816 1
508 792 1
512 771 1
519 754 1
527 739 1
537 726 1
551 720 1
569 718 1
594 729 1
626 752 1
663 792 1
696 847 1
724 907 1
741 969 1
751 1024 1
756 1072 1
755 1106 1
751 1133 1
745 1148 1
738 1158 1
729 1165 1
720 1167 1
708 1168 1
693 1165 1
671 1152 1
647 1135 1
620 1110 1
594 1081 1
570 1047 1
550 1012 1
532 978 1
517 940 1
504 900 1
493 858 1
487 816 1
483 776 1
483 739 1
486 706 1
491 679 1
500 658 1
511 643 1
524 637 1
540 636 1
561 645 1
591 674 1
624 717 1
658 776 1
688 855 1
710 933 1
723 1002 1
731 1063 1
733 1113 1
731 1145 1
727 1169 1
721 1182 1
714 1190 1
706 1191 1
690 1182 1
670 1165 1
647 1139 1
614 1098 1
584 1056 1
562 1017 1
540 978 1
522 940 1
507 903 1
494 869 1
487 840 1
481 811 1
479 784 1
480 759 1
483 734 1
489 711 1
496 692 1
503 677 1
512 668 1
522 661 1
533 659 1
549 661 1
569 673 1
597 702 1
626 742 1
652 794 1
673 849 1
689 905 1
698 954 1
703 995 1
704 1028 1
702 1054 1
699 1076 1
693 1091 1
688 1103 1
683 1111 1
678 1114 1
672 1115 1
660 1110 1
643 1097 1
619 1075 1
590 1038 1
562 998 1
539 955 1
517 910 1
498 867 1
482 827 1
469 790 1
459 757 1
452 725 1
448 698 1
449 676 1
452 654 1
459 635 1
468 621 1
479 611 1
497 607 1
520 609 1
550 626 1
584 655 1
623 700 1
657 763 1
685 828 1
708 893 1
722 966 1
728 1027 1
729 1074 1
725 1114 1
720 1143 1
711 1161 1
703 1173 1
692 1179 1
680 1182 1
664 1180 1
641 1165 1
614 1143 1
584 1107 1
554 1063 1
525 1011 1
501 958 1
478 902 1
460 850 1
446 799 1
433 751 1
428 707 1
426 669 1
428 637 1
434 614 1
442 596 1
453 584 1
466 576 1
484 575 1
511 584 1
544 605 1
582 644 1
620 695 1
657 759 1
683 826 1
706 893 1
721 951 1
727 1005 1
732 1054 1
729 1088 1
725 1116 1
720 1136 1
713 1145 1
704 1152 1
694 1153 1
678 1150 1
654 1139 1
620 1114 1
583 1082 1
550 1043 1
517 999 1
489 950 1
467 900 1
448 851 1
438 808 1
432 768 1
433 733 1
439 705 1
447 681 1
459 664 1
475 650 1
495 640 1
518 639 1
545 642 1
576 655 1
610 685 1
642 727 1
673 788 1
699 855 1
716 924 1
727 985 1
734 1043 1
736 1087 1
734 1121 1
733 1146 1
728 1159 1
724 1169 1
719 1173 1
716 1176 1
711 1177 1
701 1173 1
686 1163 1
662 1142 1
635 1114 1
607 1079 1
580 1038 1
555 996 1
533 952 1
513 909 1
496 866 1
485 830 1
477 794 1
473 765 1
473 734 1
474 706 1
480 684 1
487 662 1
497 647 1
509 636 1
522 630 1
540 632 1
562 642 1
587 663 1
620 706 1
653 757 1
679 817 1
700 878 1
717 943 1
726 993 1
730 1039 1
731 1077 1
728 1108 1
724 1129 1
718 1141 1
713 1149 1
705 1153 1
696 1154 1
683 1151 1
662 1139 1
637 1122 1
608 1095 1
580 1060 1
552 1018 1
527 971 1
505 921 1
485 874 1
470 820 1
460 776 1
455 740 1
455 709 1
456 686 1
461 668 1
468 653 1
480 643 1
495 636 1
514 637 1
542 648 1
576 673 1
617 720 1
657 779 1
690 846 1
711 919 1
726 989 1
733 1050 1
736 1105 1
733 1147 1
727 1174 1
720 1193 1
715 1203 1
708 1207 1
701 1209 1
691 1207 1
678 1201 1
660 1188 1
637 1165 1
611 1135 1
586 1103 1
562 1069 1
540 1032 1
521 997 1
504 964 1
492 935 1
482 909 1
477 887 1
474 869 1
472 850 1
474 833 1
476 810 1
482 788 1
487 762 1
495 736 1
502 712 1
510 692 1
517 676 1
522 665 1
528 657 1
532 652 1
537 649 1
544 649 1
553 652 1
565 659 1
582 673 1
604 699 1
627 732 1
650 775 1
668 820 1
685 870 1
694 915 1
703 958 1
706 995 1
707 1027 1
705 1056 1
701 1080 1
696 1100 1
690 1115 1
685 1126 1
680 1134 1
674 1137 1
667 1139 1
655 1134 1
636 1121 1
611 1098 1
582 1065 1
555 1027 1
529 987 1
509 945 1
492 906 1
479 873 1
471 843 1
464 815 1
463 793 1
463 773 1
464 756 1
468 740 1
472 725 1
479 711 1
486 698 1
493 688 1
499 679 1
507 671 1
513 665 1
519 662 1
526 660 1
538 661 1
551 667 1
568 680 1
589 702 1
611 732 1
632 772 1
652 814 1
669 854 1
682 892 1
695 932 1
703 969 1
711 1007 1
715 1039 1
719 1068 1
721 1096 1
721 1115 1
719 1132 1
717 1145 1
714 1155 1
709 1165 1
704 1172 1
699 1177 1
692 1183 1
681 1185 1
669 1187 1
654 1185 1
639 1179 1
623 1171 1
601 1151 1
580 1129 1
560 1098 1
540 1065 1
523 1031 1
505 991 1
491 953 1
481 919 1
474 887 1
467 857 1
465 830 1
463 801 1
463 776 1
465 749 1
469 724 1
474 697 1
479 671 1
487 651 1
494 635 1
502 623 1
507 618 1
515 612 1
525 610 1
539 613 1
556 622 1
581 641 1
607 669 1
635 709 1
662 756 1
687 810 1
706 869 1
723 929 1
737 986 1
743 1038 1
749 1083 1
749 1116 1
746 1144 1
742 1166 1
737 1182 1
730 1194 1
724 1203 1
718 1209 1
711 1211 1
703 1213 1
694 1214 1
678 1207 1
660 1195 1
636 1174 1
608 1142 1
581 1108 1
558 1071 1
534 1027 1
514 986 1
500 950 1
490 913 1
480 881 1
476 849 1
473 820 1
474 790 1
475 761 1
478 731 1
482 702 1
488 674 1
494 651 1
501 631 1
506 616 1
513 607 1
519 600 1
525 597 1
532 597 1
543 599 1
558 611 1
579 631 1
603 661 1
630 711 1
655 765 1
675 823 1
691 884 1
703 939 1
708 988 1
712 1030 1
713 1062 1
711 1089 1
709 1109 1
704 1123 1
700 1133 1
693 1141 1
686 1146 1
676 1151 1
663 1152 1
646 1152 1
628 1147 1
602 1134 1
578 1117 1
553 1094 1
531 1068 1
510 1039 1
493 1009 1
480 978 1
470 945 1
462 910 1
455 874 1
452 834 1
449 794 1
450 753 1
450 709 1
451 668 1
452 632 1
455 598 1
457 574 1
459 555 1
462 541 1
466 534 1
470 529 1
476 527 1
484 529 1
496 536 1
513 550 1
534 570 1
558 600 1
585 639 1
611 681 1
636 732 1
660 785 1
683 841 1
698 897 1
712 951 1
719 996 1
723 1036 1
725 1068 1
722 1093 1
719 1115 1
715 1129 1
709 1141 1
703 1149 1
696 1156 1
689 1161 1
679 1164 1
666 1165 1
650 1162 1
628 1152 1
603 1134 1
577 1109 1
552 1072 1
528 1031 1
506 986 1
489 942 1
475 895 1
466 856 1
459 820 1
457 787 1
455 757 1
457 729 1
462 704 1
467 681 1
474 662 1
484 647 1
493 634 1
504 627 1
516 621 1
530 620 1
548 626 1
568 636 1
593 659 1
619 690 1
646 733 1
671 786 1
694 842 1
711 898 1
724 952 1
732 1004 1
736 1043 1
738 1077 1
737 1103 1
734 1124 1
732 1141 1
727 1151 1
722 1160 1
715 1166 1
708 1171 1
700 1173 1
686 1172 1
671 1167 1
647 1153 1
621 1133 1
592 1103 1
563 1064 1
537 1023 1
514 978 1
495 934 1
478 890 1
469 853 1
461 817 1
457 787 1
457 758 1
457 731 1
462 708 1
467 685 1
475 665 1
485 646 1
494 630 1
502 620 1
510 613 1
519 608 1
530 608 1
544 613 1
565 630 1
591 658 1
619 701 1
648 761 1
673 822 1
691 885 1
706 945 1
717 1002 1
724 1053 1
727 1097 1
727 1134 1
724 1162 1
719 1186 1
713 1201 1
708 1211 1
703 1220 1
696 1223 1
686 1225 1
674 1223 1
658 1215 1
637 1199 1
609 1167 1
581 1130 1
558 1095 1
534 1046 1
516 1004 1
503 963 1
490 924 1
482 885 1
475 847 1
470 807 1
469 770 1
470 735 1
473 705 1
477 678 1
484 654 1
490 638 1
498 625 1
505 616 1
516 614 1
528 615 1
547 626 1
568 646 1
593 677 1
622 726 1
647 783 1
669 845 1
688 908 1
704 971 1
717 1032 1
725 1088 1
727 1130 1
724 1164 1
720 1188 1
715 1200 1
709 1209 1
704 1213 1
697 1216 1
689 1216 1
676 1209 1
658 1197 1
635 1175 1
611 1146 1
585 1111 1
562 1071 1
540 1027 1
520 980 1
502 931 1
486 881 1
478 837 1
473 794 1
471 757 1
471 720 1
476 686 1
482 656 1
490 631 1
498 612 1
507 598 1
517 586 1
529 581 1
541 579 1
556 583 1
582 601 1
611 629 1
643 672 1
670 722 1
692 776 1
705 836 1
716 894 1
722 945 1
728 991 1
731 1030 1
730 1060 1
727 1087 1
722 1108 1
715 1123 1
710 1134 1
704 1141 1
700 1145 1
692 1147 1
684 1149 1
674 1146 1
655 1136 1
631 1120 1
604 1094 1
577 1063 1
551 1028 1
529 988 1
508 946 1
493 904 1
479 860 1
470 818 1
462 774 1
457 731 1
455 690 1
453 651 1
453 620 1
454 600 1
457 583 1
461 574 1
466 569 1
472 567 1
484 574 1
501 587 1
525 611 1
556 652 1
589 705 1
619 769 1
646 834 1
671 901 1
689 966 1
704 1031 1
713 1087 1
718 1138 1
718 1178 1
714 1204 1
710 1222 1
705 1233 1
696 1239 1
686 1242 1
671 1241 1
652 1235 1
628 1222 1
599 1196 1
570 1165 1
544 1129 1
521 1089 1
502 1048 1
488 1000 1
477 949 1
471 903 1
468 858 1
468 818 1
473 784 1
480 751 1
492 725 1
506 703 1
519 688 1
535 680 1
551 677 1
566 679 1
586 693 1
607 716 1
631 754 1
653 798 1
671 850 1
685 898 1
695 947 1
702 988 1
707 1024 1
708 1055 1
708 1077 1
706 1099 1
704 1112 1
700 1123 1
698 1131 1
693 1135 1
688 1138 1
681 1141 1
671 1140 1
658 1137 1
639 1125 1
618 1108 1
595 1082 1
572 1049 1
550 1009 1
530 965 1
513 916 1
498 870 1
487 824 1
478 782 1
471 746 1
468 714 1
466 689 1
466 669 1
467 654 1
470 644 1
475 637 1
481 632 1
491 632 1
506 635 1
527 647 1
552 663 1
577 686 1
600 719 1
624 759 1
643 805 1
659 853 1
673 899 1
681 940 1
686 977 1
688 1007 1
688 1033 1
685 1055 1
680 1070 1
676 1082 1
671 1090 1
665 1095 1
659 1098 1
653 1100 1
643 1099 1
633 1098 1
616 1088 1
597 1072 1
575 1044 1
554 1010 1
535 969 1
519 923 1
504 878 1
496 838 1
490 799 1
486 763 1
487 732 1
490 706 1
494 685 1
501 669 1
506 658 1
514 651 1
524 646 1
536 645 1
554 652 1
577 667 1
607 697 1
637 737 1
665 784 1
684 833 1
700 886 1
709 935 1
717 983 1
721 1027 1
722 1057 1
722 1083 1
719 1102 1
716 1114 1
713 1123 1
710 1127 1
707 1130 1
703 1131 1
696 1127 1
685 1119 1
663 1095 1
636 1063 1
609 1021 1
578 967 1
551 913 1
528 860 1
509 808 1
494 758 1
485 717 1
479 678 1
480 651 1
482 629 1
486 613 1
492 602 1
498 593 1
506 587 1
515 584 1
527 582 1
543 587 1
560 599 1
583 617 1
609 653 1
634 695 1
656 746 1
673 800 1
685 853 1
693 906 1
697 957 1
699 1000 1
698 1038 1
696 1068 1
690 1089 1
686 1106 1
679 1117 1
672 1126 1
665 1131 1
657 1134 1
646 1136 1
632 1132 1
615 1125 1
595 1112 1
572 1090 1
550 1062 1
530 1028 1
512 980 1
495 932 1
484 878 1
475 825 1
470 776 1
468 732 1
468 692 1
470 663 1
475 639 1
479 621 1
485 611 1
489 604 1
494 600 1
501 598 1
512 601 1
531 613 1
555 635 1
580 665 1
608 714 1
633 768 1
654 826 1
673 886 1
689 946 1
700 1003 1
707 1053 1
709 1091 1
710 1122 1
708 1145 1
705 1161 1
701 1174 1
695 1182 1
690 1188 1
685 1192 1
677 1194 1
668 1196 1
656 1194 1
640 1189 1
622 1180 1
601 1159 1
579 1133 1
561 1102 1
542 1056 1
529 1007 1
520 953 1
515 899 1
513 851 1
516 814 1
522 785 1
530 765 1
538 752 1
548 742 1
557 736 1
567 733 1
578 733 1
593 737 1
612 747 1
634 770 1
656 800 1
676 839 1
693 886 1
707 939 1
716 995 1
722 1051 1
725 1099 1
723 1140 1
721 1173 1
715 1195 1
710 1214 1
705 1225 1
699 1233 1
693 1238 1
688 1239 1
682 1238 1
674 1236 1
658 1220 1
640 1198 1
617 1161 1
593 1119 1
572 1077 1
555 1033 1
541 989 1
528 944 1
519 896 1
512 848 1
510 801 1
511 757 1
514 720 1
518 687 1
523 660 1
529 641 1
534 626 1
540 617 1
547 610 1
553 605 1
563 606 1
575 612 1
590 624 1
613 652 1
635 688 1
658 737 1
677 790 1
693 848 1
705 907 1
713 963 1
716 1014 1
718 1057 1
715 1097 1
708 1127 1
701 1152 1
693 1170 1
683 1186 1
672 1197 1
662 1203 1
651 1206 1
639 1206 1
621 1197 1
603 1184 1
580 1160 1
557 1131 1
538 1101 1
518 1060 1
500 1019 1
487 973 1
476 931 1
469 894 1
466 856 1
463 819 1
463 783 1
466 742 1
470 704 1
475 663 1
481 629 1
488 602 1
494 580 1
501 563 1
508 552 1
515 545 1
522 540 1
529 538 1
539 539 1
552 545 1
567 556 1
590 581 1
615 615 1
641 657 1
662 710 1
681 767 1
693 824 1
703 881 1
708 936 1
711 985 1
710 1029 1
708 1066 1
703 1097 1
698 1121 1
690 1137 1
681 1151 1
674 1162 1
662 1168 1
652 1173 1
641 1174 1
628 1171 1
613 1164 1
591 1144 1
569 1117 1
548 1078 1
528 1035 1
509 985 1
494 933 1
480 878 1
470 825 1
464 774 1
459 724 1
460 684 1
461 646 1
465 616 1
471 587 1
480 564 1
488 544 1
496 528 1
503 516 1
512 511 1
520 507 1
531 509 1
547 517 1
568 534 1
596 564 1
624 604 1
648 651 1
668 706 1
685 763 1
697 822 1
706 879 1
712 932 1
713 978 1
715 1019 1
711 1052 1
706 1080 1
701 1103 1
691 1120 1
682 1133 1
671 1141 1
661 1146 1
648 1151 1
634 1152 1
617 1149 1
599 1141 1
572 1122 1
548 1098 1
525 1062 1
503 1019 1
487 975 1
475 917 1
468 865 1
464 812 1
464 760 1
465 715 1
471 673 1
481 638 1
492 616 1
503 599 1
514 589 1
528 586 1
545 587 1
570 600 1
600 623 1
629 654 1
657 697 1
681 746 1
700 798 1
715 852 1
727 905 1
734 957 1
738 1006 1
740 1047 1
736 1085 1
732 1116 1
725 1139 1
716 1160 1
707 1177 1
696 1191 1
685 1202 1
672 1210 1
659 1216 1
647 1220 1
632 1221 1
616 1218 1
596 1208 1
572 1191 1
549 1165 1
528 1129 1
510 1088 1
495 1038 1
484 986 1
475 929 1
471 876 1
468 822 1
467 776 1
470 728 1
475 692 1
479 666 1
486 646 1
492 631 1
498 625 1
504 622 1
514 623 1
529 629 1
549 644 1
574 671 1
600 707 1
624 755 1
644 807 1
663 864 1
675 922 1
687 980 1
691 1033 1
694 1082 1
692 1122 1
688 1150 1
681 1176 1
674 1191 1
666 1202 1
658 1211 1
652 1215 1
642 1218 1
635 1221 1
620 1220 1
605 1217 1
585 1208 1
564 1195 1
543 1179 1
522 1152 1
504 1125 1
490 1089 1
477 1051 1
468 1011 1
463 963 1
460 915 1
462 871 1
466 830 1
473 791 1
481 760 1
490 731 1
502 707 1
513 688 1
524 674 1
534 667 1
543 662 1
552 661 1
563 665 1
577 678 1
597 704 1
617 740 1
638 788 1
655 845 1
670 901 1
682 962 1
692 1019 1
699 1076 1
701 1126 1
699 1168 1
693 1196 1
686 1219 1
678 1236 1
667 1245 1
659 1252 1
649 1255 1
638 1254 1
624 1250 1
606 1239 1
585 1221 1
563 1191 1
542 1154 1
523 1113 1
510 1066 1
497 1019 1
488 973 1
479 926 1
472 876 1
468 833 1
464 788 1
463 751 1
465 718 1
467 688 1
476 665 1
485 644 1
495 630 1
505 619 1
516 612 1
529 613 1
546 617 1
571 635 1
600 666 1
627 708 1
652 767 1
672 832 1
686 897 1
697 965 1
706 1027 1
710 1081 1
712 1128 1
710 1170 1
706 1196 1
702 1214 1
697 1226 1
692 1234 1
688 1239 1
683 1240 1
676 1241 1
665 1236 1
647 1224 1
623 1202 1
592 1165 1
564 1124 1
539 1079 1
514 1020 1
493 960 1
475 900 1
462 842 1
453 788 1
449 738 1
449 692 1
452 654 1
457 619 1
465 590 1
478 568 1
489 551 1
501 542 1
514 536 1
529 537 1
546 548 1
567 567 1
592 601 1
616 644 1
641 700 1
657 764 1
670 827 1
679 883 1
684 939 1
687 990 1
687 1031 1
684 1066 1
680 1094 1
673 1114 1
666 1128 1
658 1136 1
649 1141 1
638 1142 1
618 1135 1
596 1122 1
570 1098 1
544 1067 1
516 1026 1
495 977 1
476 928 1
464 879 1
456 834 1
454 795 1
456 764 1
461 737 1
469 715 1
480 698 1
492 684 1
513 676 1
535 673 1
557 675 1
587 691 1
616 715 1
645 755 1
671 803 1
693 857 1
709 922 1
721 983 1
729 1040 1
734 1090 1
736 1134 1
734 1164 1
731 1188 1
728 1201 1
726 1211 1
724 1216 1
722 1218 1
720 1221 1
716 1221 1
711 1220 1
701 1215 1
685 1204 1
665 1186 1
641 1158 1
612 1119 1
587 1080 1
566 1036 1
546 989 1
530 941 1
516 886 1
506 835 1
500 783 1
498 735 1
501 695 1
509 667 1
517 644 1
526 631 1
535 622 1
545 617 1
556 620 1
570 628 1
587 642 1
610 676 1
632 714 1
651 765 1
665 815 1
676 868 1
681 917 1
685 964 1
685 1004 1
681 1040 1
676 1068 1
669 1092 1
661 1113 1
652 1127 1
643 1138 1
633 1145 1
622 1148 1
610 1150 1
592 1143 1
570 1130 1
545 1107 1
516 1068 1
488 1023 1
466 968 1
447 910 1
436 856 1
432 810 1
430 770 1
437 737 1
445 710 1
455 689 1
466 671 1
477 659 1
488 650 1
500 645 1
511 645 1
526 649 1
545 662 1
569 691 1
594 734 1
619 791 1
644 858 1
664 927 1
679 993 1
690 1056 1
697 1113 1
700 1162 1
701 1200 1
697 1229 1
694 1250 1
690 1264 1
685 1269 1
680 1274 1
674 1275 1
663 1272 1
649 1263 1
627 1244 1
602 1217 1
574 1178 1
550 1134 1
527 1085 1
508 1032 1
492 975 1
481 916 1
474 860 1
472 808 1
475 764 1
481 725 1
489 693 1
500 667 1
511 646 1
522 632 1
533 623 1
543 618 1
555 620 1
570 627 1
588 647 1
608 677 1
630 718 1
647 770 1
663 825 1
673 883 1
682 943 1
688 999 1
690 1050 1
691 1099 1
687 1141 1
681 1177 1
673 1202 1
663 1219 1
652 1232 1
639 1240 1
623 1241 1
605 1236 1
582 1220 1
555 1192 1
530 1150 1
507 1099 1
487 1043 1
469 981 1
456 917 1
447 859 1
446 807 1
447 762 1
453 725 1
460 694 1
470 667 1
480 649 1
492 632 1
502 622 1
511 614 1
520 611 1
531 612 1
546 619 1
565 636 1
585 662 1
607 697 1
626 740 1
646 800 1
662 854 1
674 911 1
684 966 1
689 1018 1
691 1069 1
690 1116 1
685 1159 1
677 1192 1
668 1217 1
658 1236 1
647 1250 1
634 1258 1
621 1263 1
607 1263 1
590 1257 1
570 1244 1
547 1220 1
523 1189 1
501 1149 1
482 1101 1
466 1050 1
456 997 1
450 944 1
449 895 1
451 849 1
455 809 1
462 773 1
471 742 1
482 713 1
494 690 1
506 671 1
519 658 1
530 652 1
543 649 1
560 654 1
580 665 1
604 690 1
628 724 1
648 766 1
664 812 1
675 859 1
681 908 1
684 953 1
686 996 1
683 1030 1
679 1063 1
674 1090 1
668 1114 1
660 1132 1
652 1146 1
644 1156 1
635 1163 1
627 1166 1
616 1168 1
603 1163 1
587 1152 1
567 1136 1
548 1109 1
527 1077 1
509 1038 1
492 995 1
478 950 1
469 905 1
462 861 1
459 819 1
458 780 1
460 744 1
466 710 1
474 681 1
481 658 1
490 641 1
499 628 1
507 620 1
517 618 1
531 621 1
551 633 1
573 654 1
600 692 1
624 738 1
647 795 1
665 853 1
678 912 1
684 969 1
686 1018 1
685 1062 1
680 1098 1
674 1130 1
666 1154 1
656 1175 1
646 1190 1
636 1200 1
626 1207 1
618 1211 1
609 1213 1
598 1214 1
585 1208 1
570 1196 1
551 1175 1
529 1142 1
509 1099 1
490 1047 1
473 990 1
460 930 1
450 875 1
445 824 1
442 782 1
442 745 1
445 716 1
451 692 1
458 673 1
467 660 1
477 650 1
489 644 1
506 642 1
529 647 1
559 665 1
591 694 1
623 740 1
649 798 1
669 866 1
684 939 1
694 1010 1
701 1076 1
702 1132 1
699 1176 1
693 1205 1
686 1223 1
679 1232 1
674 1237 1
669 1238 1
663 1238 1
652 1232 1
636 1219 1
613 1196 1
587 1167 1
545 1099 1
526 1062 1
510 1025 1
495 983 1
482 942 1
473 900 1
466 856 1
463 816 1
462 776 1
465 740 1
472 706 1
482 678 1
494 656 1
507 639 1
518 630 1
529 625 1
542 626 1
560 638 1
582 660 1
607 697 1
628 744 1
646 797 1
662 903 1
667 950 1
669 990 1
667 1024 1
662 1052 1
656 1073 1
647 1092 1
637 1106 1
626 1116 1
614 1125 1
602 1129 1
591 1130 1
579 1128 1
565 1123 1
549 1110 1
529 1089 1
508 1057 1
487 1017 1
471 973 1
451 885 1
449 849 1
450 815 1
453 788 1
460 762 1
469 739 1
480 717 1
493 700 1
507 685 1
522 674 1
537 669 1
554 667 1
589 680 1
612 704 1
634 739 1
654 789 1
671 844 1
683 901 1
690 960 1
693 1010 1
692 1047 1
688 1078 1
681 1104 1
673 1120 1
665 1133 1
656 1139 1
645 1144 1
633 1144 1
616 1140 1
595 1127 1
573 1106 1
525 1031 1
504 977 1
488 920 1
479 869 1
474 819 1
476 777 1
481 740 1
490 709 1
502 685 1
516 666 1
546 647 1
564 644 1
584 649 1
609 666 1
631 694 1
652 734 1
668 784 1
679 837 1
686 897 1
690 951 1
688 1043 1
683 1076 1
677 1102 1
669 1119 1
660 1133 1
651 1140 1
640 1145 1
627 1148 1
610 1146 1
590 1141 1
569 1130 1
520 1090 1
495 1060 1
472 1022 1
452 980 1
435 933 1
422 881 1
414 825 1
407 700 1
408 707 0
