508 1060 1
508 1060 1
508 1060 1
508 1058 1
508 1058 1
508 1058 1
508 1055 1
508 1052 1
508 1049 1
508 1047 1
509 1043 1
511 1040 1
513 1037 1
516 1034 1
520 1032 1
526 1032 1
533 1034 1
542 1040 1
551 1051 1
558 1063 1
560 1080 1
561 1095 1
557 1108 1
554 1119 1
547 1126 1
541 1133 1
535 1136 1
528 1139 1
521 1138 1
514 1135 1
506 1129 1
499 1122 1
492 1114 1
487 1103 1
483 1092 1
479 1078 1
477 1065 1
476 1053 1
477 1042 1
478 1032 1
479 1023 1
481 1016 1
484 1009 1
489 1002 1
495 996 1
500 991 1
510 988 1
519 985 1
532 986 1
546 988 1
561 992 1
576 999 1
589 1008 1
603 1019 1
617 1036 1
628 1052 1
638 1074 1
647 1099 1
652 1125 1
653 1167 1
651 1190 1
645 1207 1
637 1223 1
629 1236 1
618 1250 1
604 1264 1
589 1275 1
573 1282 1
556 1289 1
540 1293 1
522 1295 1
504 1295 1
487 1293 1
469 1289 1
453 1280 1
437 1271 1
424 1258 1
412 1244 1
401 1229 1
392 1211 1
384 1191 1
379 1170 1
374 1146 1
371 1124 1
372 1104 1
373 1084 1
375 1066 1
380 1050 1
385 1035 1
393 1021 1
401 1007 1
412 994 1
423 980 1
436 968 1
451 958 1
467 948 1
484 941 1
500 933 1
516 927 1
532 923 1
547 921 1
562 919 1
579 920 1
596 922 1
614 924 1
632 930 1
650 937 1
668 946 1
684 958 1
701 970 1
717 986 1
731 1002 1
742 1021 1
753 1042 1
760 1064 1
764 1088 1
766 1113 1
764 1135 1
760 1157 1
753 1180 1
745 1199 1
735 1218 1
724 1236 1
712 1253 1
698 1269 1
685 1283 1
673 1296 1
660 1307 1
648 1317 1
635 1326 1
621 1335 1
606 1343 1
592 1348 1
575 1354 1
559 1358 1
542 1360 1
527 1362 1
512 1362 1
499 1360 1
487 1357 1
474 1353 1
460 1345 1
446 1335 1
432 1323 1
418 1308 1
406 1293 1
392 1271 1
380 1252 1
369 1231 1
359 1211 1
351 1191 1
345 1171 1
339 1151 1
336 1135 1
333 1120 1
332 1105 1
332 1086 1
335 1066 1
340 1046 1
347 1023 1
357 998 1
369 973 1
382 948 1
396 924 1
413 900 1
428 879 1
446 862 1
465 846 1
486 831 1
509 819 1
535 809 1
560 804 1
585 800 1
608 799 1
629 803 1
650 807 1
668 815 1
686 824 1
704 833 1
720 844 1
736 855 1
749 866 1
763 881 1
777 897 1
790 915 1
802 934 1
811 955 1
819 977 1
825 1001 1
830 1026 1
833 1051 1
834 1076 1
835 1104 1
833 1129 1
831 1155 1
827 1178 1
823 1200 1
816 1222 1
809 1241 1
802 1257 1
793 1272 1
785 1286 1
774 1300 1
761 1316 1
746 1332 1
727 1349 1
707 1365 1
687 1381 1
666 1395 1
648 1407 1
627 1416 1
608 1423 1
588 1429 1
569 1433 1
550 1434 1
531 1435 1
514 1434 1
498 1432 1
482 1428 1
467 1423 1
451 1414 1
437 1405 1
424 1395 1
410 1385 1
398 1376 1
385 1363 1
373 1350 1
361 1336 1
350 1322 1
337 1307 1
327 1290 1
316 1272 1
306 1255 1
297 1237 1
289 1218 1
283 1200 1
279 1181 1
275 1163 1
272 1141 1
270 1120 1
271 1098 1
274 1076 1
277 1055 1
283 1030 1
290 1008 1
298 985 1
306 962 1
315 941 1
324 919 1
334 898 1
344 877 1
354 856 1
366 837 1
379 818 1
391 799 1
406 781 1
421 765 1
436 752 1
452 739 1
470 727 1
491 719 1
513 710 1
535 705 1
560 702 1
585 700 1
609 701 1
633 705 1
653 709 1
673 715 1
690 720 1
704 726 1
718 734 1
732 743 1
744 752 1
756 762 1
767 773 1
779 785 1
790 796 1
801 808 1
812 821 1
821 833 1
832 846 1
842 859 1
852 872 1
861 886 1
869 900 1
879 914 1
887 929 1
894 943 1
900 958 1
906 974 1
911 990 1
915 1007 1
919 1026 1
922 1047 1
924 1070 1
925 1092 1
926 1116 1
926 1140 1
924 1162 1
922 1181 1
920 1200 1
918 1219 1
913 1237 1
908 1256 1
902 1274 1
894 1291 1
884 1310 1
873 1330 1
860 1351 1
846 1373 1
831 1393 1
817 1410 1
802 1426 1
788 1441 1
774 1455 1
758 1467 1
743 1478 1
726 1490 1
707 1499 1
688 1509 1
667 1517 1
648 1525 1
628 1532 1
611 1537 1
594 1540 1
579 1543 1
564 1544 1
550 1544 1
538 1541 1
525 1538 1
512 1533 1
497 1527 1
481 1522 1
465 1514 1
449 1506 1
433 1498 1
419 1489 1
405 1481 1
395 1472 1
384 1464 1
373 1456 1
363 1448 1
352 1438 1
340 1424 1
329 1410 1
316 1395 1
305 1379 1
293 1361 1
281 1342 1
271 1323 1
261 1303 1
252 1282 1
243 1259 1
233 1236 1
224 1210 1
217 1185 1
211 1155 1
206 1127 1
206 1100 1
206 1072 1
207 1043 1
210 1014 1
214 982 1
222 949 1
232 914 1
246 879 1
261 846 1
279 814 1
298 783 1
319 754 1
342 725 1
364 700 1
386 677 1
409 657 1
433 637 1
457 622 1
480 611 1
504 601 1
528 595 1
554 592 1
578 590 1
603 591 1
628 594 1
651 600 1
672 607 1
694 615 1
713 626 1
734 636 1
755 648 1
777 662 1
799 677 1
820 694 1
841 710 1
859 726 1
876 743 1
890 760 1
904 776 1
915 792 1
926 810 1
937 828 1
947 847 1
957 868 1
965 891 1
972 913 1
977 937 1
981 960 1
985 983 1
988 1005 1
991 1027 1
993 1051 1
995 1075 1
996 1100 1
996 1122 1
997 1144 1
997 1166 1
996 1188 1
994 1210 1
992 1232 1
988 1254 1
984 1274 1
978 1300 1
971 1323 1
961 1348 1
951 1372 1
941 1394 1
928 1417 1
915 1438 1
904 1457 1
891 1475 1
878 1493 1
864 1512 1
850 1529 1
837 1543 1
823 1556 1
811 1567 1
798 1576 1
783 1586 1
766 1596 1
748 1606 1
729 1616 1
709 1625 1
689 1634 1
670 1639 1
650 1644 1
633 1650 1
618 1651 1
604 1654 1
592 1655 1
580 1657 1
568 1657 1
559 1657 1
549 1655 1
540 1655 1
531 1653 1
522 1652 1
511 1650 1
500 1648 1
488 1645 1
475 1642 1
462 1638 1
448 1633 1
433 1626 1
417 1619 1
402 1611 1
386 1603 1
369 1595 1
354 1587 1
339 1576 1
325 1564 1
312 1552 1
298 1538 1
286 1524 1
272 1509 1
258 1492 1
246 1476 1
231 1456 1
217 1436 1
205 1414 1
194 1392 1
183 1371 1
174 1348 1
166 1326 1
158 1304 1
150 1281 1
143 1259 1
137 1237 1
130 1216 1
126 1196 1
121 1177 1
119 1159 1
118 1138 1
119 1117 1
122 1093 1
126 1067 1
132 1037 1
138 1003 1
142 970 1
148 939 1
151 911 1
156 883 1
162 856 1
170 827 1
181 794 1
195 761 1
210 727 1
226 699 1
242 674 1
258 651 1
276 629 1
294 611 1
313 592 1
333 576 1
353 558 1
376 542 1
398 527 1
421 515 1
444 503 1
469 492 1
490 483 1
512 477 1
531 474 1
552 471 1
574 469 1
596 470 1
618 471 1
640 474 1
663 479 1
684 483 1
705 490 1
726 499 1
746 507 1
768 517 1
787 528 1
807 542 1
827 556 1
845 570 1
863 584 1
880 600 1
896 616 1
911 632 1
925 647 1
937 663 1
948 679 1
959 695 1
969 710 1
978 727 1
986 742 1
993 760 1
999 777 1
1004 792 1
1008 807 1
1012 823 1
1015 839 1
1017 854 1
1019 869 1
1021 883 1
1022 897 1
1022 909 1
1023 920 1
1024 934 1
1026 948 1
1026 963 1
1027 976 1
1029 990 1
1029 1005 1
1031 1021 1
1031 1035 1
1032 1049 1
1033 1063 1
1033 1077 1
1033 1091 1
1033 1106 1
1034 1120 1
1034 1134 1
1034 1149 1
1034 1164 1
1032 1178 1
1033 1193 1
1033 1207 1
1033 1223 1
1031 1237 1
1031 1252 1
1031 1266 1
1029 1281 1
1029 1300 1
1026 1318 1
1025 1336 1
1023 1355 1
1020 1372 1
1018 1390 1
1015 1404 1
1011 1418 1
1008 1429 1
1002 1440 1
998 1451 1
992 1462 1
986 1472 1
979 1482 1
970 1492 1
962 1504 1
951 1515 1
941 1527 1
930 1538 1
919 1549 1
905 1558 1
890 1569 1
873 1581 1
855 1593 1
836 1605 1
819 1614 1
803 1623 1
788 1629 1
772 1635 1
756 1641 1
742 1645 1
729 1650 1
716 1654 1
703 1658 1
690 1663 1
677 1667 1
666 1670 1
655 1673 1
643 1676 1
632 1677 1
621 1679 1
610 1681 1
599 1683 1
589 1686 1
581 1687 1
571 1688 1
562 1690 1
552 1691 1
543 1693 1
533 1694 1
525 1695 1
515 1696 1
504 1696 1
493 1697 1
480 1698 1
469 1698 1
457 1696 1
444 1697 1
431 1695 1
418 1696 1
406 1695 1
393 1693 1
381 1690 1
369 1687 1
356 1683 1
344 1679 1
331 1675 1
319 1671 1
306 1665 1
293 1661 1
281 1654 1
268 1646 1
256 1636 1
244 1625 1
232 1614 1
222 1605 1
212 1595 1
205 1585 1
196 1571 1
187 1558 1
180 1545 1
171 1532 1
164 1520 1
155 1507 1
148 1494 1
140 1484 1
133 1472 1
128 1462 1
121 1449 1
115 1436 1
111 1420 1
105 1405 1
100 1388 1
94 1371 1
90 1355 1
86 1338 1
83 1322 1
78 1306 1
77 1292 1
74 1278 1
72 1265 1
70 1250 1
68 1236 1
67 1222 1
65 1207 1
64 1195 1
64 1184 1
62 1174 1
61 1161 1
61 1147 1
61 1134 1
59 1124 1
60 1105 1
57 1068 1
54 1037 1
50 1016 1
48 1003 1
47 997 1
49 970 1
51 958 1
55 933 1
61 899 1
64 877 1
65 862 1
67 849 1
68 839 1
69 822 1
73 802 1
79 775 1
88 743 1
98 709 1
110 676 1
124 644 1
136 618 1
149 594 1
163 571 1
179 551 1
196 529 1
213 509 1
237 484 1
258 462 1
278 442 1
300 423 1
323 405 1
344 390 1
364 375 1
384 363 1
403 353 1
424 343 1
445 336 1
466 327 1
487 321 1
509 315 1
530 309 1
549 305 1
567 302 1
585 300 1
602 298 1
617 295 1
630 296 1
643 295 1
655 295 1
664 296 1
660 296 0
