262 273 1
262 273 1
262 273 1
262 273 1
262 273 1
264 275 1
268 277 1
278 285 1
291 295 1
310 311 1
333 330 1
361 350 1
392 371 1
446 405 1
474 421 1
506 435 1
535 446 1
562 454 1
585 460 1
608 464 1
629 465 1
647 466 1
662 464 1
675 462 1
683 460 1
690 455 1
695 451 1
699 446 1
702 441 1
704 435 1
704 429 1
704 422 1
701 410 1
693 401 1
687 392 1
680 386 1
674 380 1
665 374 1
658 369 1
650 365 1
642 363 1
631 363 1
619 366 1
605 375 1
589 388 1
569 405 1
548 430 1
527 456 1
508 482 1
490 506 1
475 527 1
460 544 1
446 558 1
431 569 1
418 577 1
407 584 1
396 587 1
386 589 1
379 589 1
370 586 1
361 580 1
351 571 1
340 557 1
330 539 1
319 514 1
311 486 1
305 454 1
300 424 1
298 397 1
298 374 1
299 357 1
300 346 1
301 340 1
301 344 0
297 704 1
297 704 1
301 709 1
308 716 1
324 730 1
342 747 1
368 768 1
397 791 1
430 816 1
482 849 1
529 875 1
567 891 1
602 902 1
631 909 1
655 910 1
674 908 1
690 906 1
701 899 1
708 892 1
714 887 1
716 875 1
717 865 1
715 851 1
710 837 1
702 821 1
690 804 1
677 786 1
662 771 1
648 759 1
636 750 1
624 746 1
613 743 1
600 746 1
585 753 1
567 765 1
547 784 1
526 808 1
506 834 1
484 865 1
464 893 1
447 917 1
432 939 1
417 957 1
405 969 1
394 977 1
385 983 1
378 985 1
371 986 1
365 984 1
357 980 1
348 972 1
340 961 1
329 945 1
318 918 1
308 887 1
300 856 1
294 828 1
292 804 1
293 792 1
293 799 0
330 1172 1
330 1172 1
332 1173 1
342 1182 1
356 1193 1
380 1211 1
409 1233 1
444 1258 1
483 1282 1
546 1317 1
580 1332 1
615 1343 1
650 1350 1
681 1353 1
710 1354 1
734 1352 1
750 1346 1
763 1339 1
769 1332 1
773 1326 1
775 1321 1
774 1307 1
769 1293 1
759 1275 1
741 1251 1
722 1226 1
701 1203 1
678 1180 1
655 1160 1
636 1148 1
618 1140 1
604 1139 1
590 1140 1
576 1147 1
560 1162 1
543 1184 1
525 1216 1
509 1253 1
495 1295 1
480 1339 1
467 1379 1
454 1415 1
443 1443 1
433 1466 1
425 1477 1
418 1487 1
413 1493 1
409 1494 1
404 1496 1
398 1496 1
390 1493 1
381 1488 1
367 1474 1
353 1457 1
338 1431 1
327 1401 1
318 1367 1
312 1333 1
310 1300 1
310 1277 1
310 1266 1
310 1274 0
