812 1705 1
812 1705 1
812 1705 1
811 1705 1
809 1705 1
806 1705 1
798 1706 1
789 1707 1
771 1708 1
751 1711 1
728 1714 1
698 1716 1
670 1719 1
643 1720 1
601 1722 1
577 1720 1
553 1719 1
532 1713 1
515 1702 1
499 1688 1
484 1670 1
471 1642 1
460 1608 1
452 1571 1
448 1537 1
449 1511 1
449 1496 1
450 1485 1
453 1479 1
456 1474 1
461 1469 1
465 1466 1
470 1464 1
474 1463 1
479 1464 1
483 1466 1
487 1468 1
490 1473 1
490 1477 1
486 1484 1
477 1494 1
461 1506 1
441 1516 1
418 1525 1
396 1526 1
373 1523 1
350 1516 1
325 1500 1
301 1480 1
278 1451 1
258 1419 1
260 1422 0
713 1373 1
708 1373 1
690 1375 1
665 1379 1
633 1385 1
596 1391 1
564 1397 1
525 1400 1
497 1397 1
479 1390 1
460 1378 1
442 1359 1
426 1332 1
413 1303 1
403 1273 1
401 1247 1
401 1221 1
403 1201 1
409 1186 1
417 1175 1
426 1171 1
433 1168 1
438 1168 1
443 1169 1
448 1173 1
451 1181 1
454 1191 1
453 1204 1
450 1218 1
443 1232 1
430 1244 1
413 1254 1
392 1259 1
369 1259 1
345 1253 1
318 1238 1
290 1212 1
260 1175 1
272 1189 0
724 902 1
719 901 1
712 901 1
694 904 1
670 910 1
641 922 1
609 934 1
578 950 1
531 969 1
500 978 1
480 981 1
462 979 1
444 977 1
425 956 1
407 927 1
391 886 1
382 840 1
381 794 1
389 759 1
399 733 1
407 718 1
414 711 1
421 708 1
426 709 1
431 712 1
435 721 1
435 736 1
434 753 1
428 771 1
416 789 1
402 803 1
385 813 1
369 821 1
350 822 1
331 820 1
309 818 1
282 794 1
253 761 1
227 710 1
206 654 1
207 655 0
662 482 1
656 483 1
634 494 1
604 507 1
567 526 1
531 546 1
495 564 1
446 586 1
419 595 1
399 598 1
378 596 1
357 587 1
334 563 1
312 527 1
293 481 1
284 420 1
284 355 1
289 301 1
297 258 1
304 230 1
313 216 1
320 207 1
326 206 1
332 207 1
340 212 1
349 237 1
357 266 1
358 302 1
357 334 1
352 362 1
339 383 1
326 399 1
314 411 1
301 418 1
287 422 1
274 423 1
258 421 1
239 419 1
219 401 1
192 376 1
158 328 1
122 264 1
123 265 0
