172 119 1
172 119 1
172 119 1
176 120 1
180 121 1
187 124 1
197 127 1
208 132 1
222 138 1
240 145 1
263 154 1
288 165 1
315 177 1
361 195 1
389 206 1
414 213 1
441 222 1
470 228 1
501 233 1
552 237 1
578 238 1
601 238 1
619 237 1
637 234 1
648 229 1
657 225 1
663 220 1
669 216 1
673 210 1
675 206 1
676 200 1
677 196 1
675 192 1
670 186 1
658 181 1
645 178 1
630 174 1
613 172 1
594 172 1
578 172 1
560 173 1
539 175 1
519 181 1
500 187 1
476 195 1
454 201 1
435 208 1
415 214 1
397 219 1
379 224 1
364 228 1
347 234 1
329 239 1
309 246 1
293 250 1
279 255 1
269 259 1
257 264 1
237 276 1
229 283 1
223 292 1
219 301 1
217 313 1
218 330 1
223 353 1
237 378 1
253 405 1
275 430 1
296 454 1
318 476 1
341 495 1
368 511 1
396 526 1
426 539 1
451 548 1
474 552 1
493 553 1
509 551 1
525 549 1
543 546 1
562 540 1
581 534 1
596 530 1
607 526 1
615 523 1
620 521 1
623 520 1
626 518 1
627 517 1
629 515 1
630 515 1
630 513 1
630 513 1
630 513 1
629 512 1
627 509 1
623 507 1
619 504 1
610 500 1
598 497 1
584 494 1
566 491 1
545 490 1
522 488 1
500 488 1
479 489 1
461 490 1
442 492 1
422 494 1
400 496 1
382 498 1
365 500 1
353 500 1
339 501 1
326 501 1
314 502 1
301 502 1
289 503 1
277 504 1
265 506 1
253 509 1
244 513 1
234 517 1
227 521 1
220 527 1
215 534 1
210 544 1
209 554 1
210 567 1
215 585 1
225 605 1
243 627 1
265 651 1
292 675 1
321 695 1
354 712 1
385 725 1
416 736 1
443 744 1
470 752 1
494 759 1
518 764 1
542 767 1
562 769 1
579 771 1
592 772 1
603 772 1
610 772 1
615 772 1
619 772 1
621 772 1
622 772 1
622 772 1
622 772 1
623 772 1
622 771 1
619 768 1
612 764 1
602 758 1
589 752 1
574 745 1
556 737 1
535 730 1
516 722 1
496 714 1
478 711 1
458 706 1
440 706 1
421 704 1
405 705 1
388 706 1
376 706 1
361 707 1
349 708 1
335 709 1
324 709 1
313 711 1
305 713 1
299 714 1
294 715 1
289 716 1
283 719 1
279 721 1
274 724 1
270 727 1
265 732 1
262 737 1
259 744 1
258 751 1
256 758 1
258 767 1
260 776 1
265 788 1
274 802 1
290 819 1
311 837 1
335 854 1
359 869 1
385 883 1
413 896 1
442 907 1
472 917 1
501 922 1
528 925 1
553 927 1
574 928 1
593 928 1
609 926 1
620 926 1
628 926 1
634 924 1
638 924 1
641 923 1
643 921 1
643 921 1
643 921 1
644 922 1
642 922 1
642 922 1
639 919 1
632 915 1
622 909 1
608 901 1
593 893 1
574 884 1
553 877 1
531 872 1
509 867 1
488 866 1
467 866 1
447 866 1
425 867 1
405 869 1
385 871 1
369 873 1
354 876 1
339 878 1
323 880 1
310 881 1
298 883 1
288 884 1
277 886 1
266 890 1
255 895 1
248 899 1
240 904 1
234 909 1
229 914 1
225 918 1
222 922 1
221 927 1
221 934 1
226 943 1
233 955 1
249 969 1
268 984 1
289 1000 1
315 1015 1
343 1030 1
374 1043 1
405 1055 1
434 1065 1
463 1073 1
487 1078 1
507 1082 1
529 1084 1
551 1086 1
574 1087 1
595 1087 1
613 1084 1
626 1081 1
633 1079 1
638 1077 1
640 1076 1
642 1074 1
642 1073 1
640 1070 1
634 1065 1
624 1059 1
611 1052 1
596 1045 1
579 1041 1
564 1036 1
547 1034 1
529 1032 1
512 1033 1
491 1033 1
470 1034 1
449 1037 1
426 1040 1
405 1045 1
385 1049 1
368 1052 1
354 1056 1
340 1059 1
328 1062 1
314 1065 1
304 1068 1
295 1070 1
289 1071 1
283 1073 1
278 1074 1
275 1076 1
269 1079 1
265 1082 1
258 1086 1
252 1091 1
247 1097 1
243 1102 1
239 1108 1
236 1114 1
236 1122 1
237 1131 1
240 1141 1
247 1153 1
258 1168 1
275 1183 1
298 1199 1
326 1216 1
359 1234 1
391 1249 1
422 1261 1
448 1267 1
474 1271 1
500 1273 1
525 1274 1
547 1271 1
565 1268 1
579 1265 1
592 1262 1
600 1260 1
608 1257 1
612 1256 1
615 1256 1
616 1254 1
618 1254 1
619 1253 1
619 1253 1
619 1253 1
616 1250 1
610 1247 1
601 1242 1
587 1238 1
572 1232 1
554 1228 1
536 1225 1
517 1224 1
497 1224 1
474 1226 1
452 1227 1
429 1230 1
409 1233 1
386 1234 1
366 1235 1
348 1237 1
330 1239 1
314 1241 1
300 1244 1
287 1246 1
274 1249 1
262 1253 1
252 1256 1
244 1261 1
238 1265 1
233 1268 1
230 1271 1
227 1274 1
226 1276 1
224 1280 1
224 1286 1
226 1296 1
231 1309 1
238 1323 1
250 1339 1
264 1357 1
285 1374 1
307 1391 1
330 1404 1
353 1415 1
377 1423 1
402 1430 1
430 1434 1
459 1437 1
487 1439 1
512 1441 1
536 1442 1
559 1442 1
580 1440 1
600 1440 1
614 1438 1
625 1438 1
633 1436 1
638 1434 1
640 1434 1
643 1434 1
644 1434 1
644 1432 1
644 1432 1
643 1432 1
637 1428 1
628 1423 1
612 1416 1
596 1409 1
577 1405 1
558 1401 1
535 1402 1
511 1403 1
488 1406 1
464 1409 1
441 1415 1
422 1419 1
404 1423 1
387 1426 1
370 1430 1
353 1434 1
335 1438 1
317 1442 1
300 1448 1
285 1453 1
273 1459 1
262 1465 1
253 1471 1
246 1477 1
241 1483 1
237 1490 1
234 1498 1
234 1507 1
235 1515 1
240 1524 1
245 1534 1
254 1544 1
266 1554 1
282 1567 1
301 1581 1
328 1599 1
356 1616 1
388 1630 1
419 1641 1
450 1652 1
481 1659 1
513 1666 1
545 1671 1
572 1672 1
594 1673 1
612 1671 1
627 1669 1
636 1666 1
642 1663 1
647 1661 1
650 1659 1
652 1657 1
654 1655 1
655 1650 1
655 1646 1
650 1637 1
645 1629 1
636 1619 1
628 1612 1
618 1605 1
603 1600 1
587 1595 1
567 1594 1
545 1595 1
522 1598 1
498 1604 1
473 1611 1
449 1618 1
424 1624 1
400 1630 1
373 1637 1
349 1644 1
325 1653 1
303 1663 1
284 1674 1
267 1685 1
251 1697 1
237 1711 1
226 1724 1
221 1730 1
225 1726 0
