723 748 1
722 749 1
721 753 1
719 759 1
717 765 1
716 771 1
714 777 1
712 786 1
710 794 1
707 804 1
704 816 1
701 826 1
696 837 1
693 847 1
688 857 1
682 866 1
676 878 1
669 889 1
661 898 1
653 908 1
647 916 1
639 923 1
632 930 1
626 937 1
619 944 1
614 949 1
609 954 1
605 958 1
603 961 1
600 963 1
596 966 1
593 969 1
587 973 1
578 978 1
569 984 1
557 990 1
546 995 1
534 1002 1
523 1007 1
512 1012 1
501 1018 1
491 1023 1
483 1026 1
475 1029 1
467 1033 1
459 1036 1
452 1038 1
445 1041 1
439 1044 1
432 1048 1
424 1051 1
415 1056 1
406 1061 1
394 1065 1
382 1070 1
371 1073 1
359 1077 1
346 1082 1
333 1086 1
323 1090 1
313 1093 1
304 1097 1
298 1098 1
291 1099 1
288 1100 1
284 1100 1
280 1100 1
278 1101 1
275 1099 1
272 1100 1
270 1098 1
268 1096 1
267 1089 1
265 1078 1
263 1059 1
263 1042 1
263 1026 1
262 1014 1
262 1002 1
262 991 1
261 982 1
261 974 1
259 966 1
260 957 1
261 944 1
265 927 1
272 908 1
280 889 1
287 872 1
294 857 1
300 843 1
307 829 1
313 816 1
320 802 1
326 789 1
332 776 1
338 766 1
342 757 1
348 745 1
355 732 1
360 719 1
366 708 1
370 697 1
376 687 1
382 675 1
390 661 1
399 645 1
408 631 1
417 618 1
425 606 1
434 593 1
441 581 1
447 570 1
452 559 1
458 550 1
464 540 1
469 530 1
474 518 1
479 507 1
484 497 1
490 485 1
495 474 1
503 462 1
509 450 1
515 438 1
520 427 1
524 418 1
530 410 1
535 402 1
540 393 1
547 384 1
552 375 1
559 365 1
565 356 1
572 348 1
579 341 1
588 332 1
597 323 1
612 312 1
625 301 1
639 290 1
650 283 1
659 276 1
666 273 1
671 270 1
675 267 1
677 267 1
679 265 1
680 265 1
680 265 1
681 265 1
681 265 1
681 265 1
684 262 1
690 259 1
699 255 1
711 251 1
722 246 1
730 244 1
737 243 1
743 243 1
747 244 1
751 246 1
754 249 1
758 253 1
761 257 1
765 261 1
767 264 1
770 266 1
771 268 1
774 271 1
776 274 1
777 276 1
780 279 1
783 285 1
787 291 1
790 299 1
795 308 1
801 319 1
808 329 1
813 338 1
819 345 1
823 351 1
827 357 1
831 365 1
834 374 1
837 385 1
840 397 1
841 410 1
843 422 1
843 434 1
844 444 1
846 454 1
848 463 1
850 471 1
852 477 1
853 481 1
854 486 1
854 494 1
852 502 1
849 513 1
844 527 1
837 540 1
830 553 1
822 564 1
814 574 1
808 585 1
800 598 1
794 610 1
788 620 1
781 629 1
777 637 1
772 646 1
769 653 1
767 661 1
765 668 1
762 675 1
760 682 1
758 690 1
754 700 1
749 710 1
744 721 1
740 733 1
737 744 1
735 750 1
733 756 1
733 761 1
732 764 1
730 769 1
728 776 1
725 788 1
721 802 1
716 820 1
711 837 1
706 853 1
700 866 1
695 876 1
691 885 1
688 892 1
683 898 1
676 906 1
669 914 1
659 922 1
648 932 1
636 942 1
623 953 1
611 962 1
603 970 1
595 976 1
589 981 1
584 984 1
581 986 1
578 989 1
574 991 1
569 996 1
562 1000 1
553 1007 1
543 1015 1
534 1025 1
526 1032 1
518 1039 1
512 1045 1
505 1051 1
499 1056 1
493 1061 1
486 1066 1
480 1071 1
474 1077 1
468 1083 1
460 1089 1
452 1097 1
446 1103 1
439 1109 1
431 1116 1
424 1120 1
416 1124 1
408 1127 1
400 1128 1
392 1130 1
384 1131 1
376 1129 1
368 1129 1
359 1126 1
351 1124 1
343 1121 1
334 1118 1
325 1115 1
315 1112 1
306 1107 1
297 1104 1
289 1101 1
282 1096 1
275 1093 1
267 1087 1
258 1079 1
250 1071 1
242 1062 1
236 1053 1
230 1046 1
226 1039 1
221 1032 1
216 1023 1
212 1012 1
208 999 1
205 986 1
203 974 1
202 959 1
202 942 1
202 925 1
203 909 1
206 894 1
209 880 1
214 865 1
220 852 1
225 840 1
231 831 1
236 821 1
241 811 1
245 803 1
250 793 1
254 783 1
258 775 1
263 769 1
267 762 1
269 756 1
272 750 1
276 743 1
280 734 1
285 724 1
291 717 1
296 709 1
300 700 1
304 695 1
306 690 1
308 687 1
310 683 1
313 680 1
314 677 1
317 674 1
321 670 1
326 665 1
331 659 1
338 653 1
346 645 1
356 638 1
366 630 1
376 622 1
386 615 1
395 607 1
405 599 1
414 591 1
423 583 1
430 575 1
436 569 1
440 564 1
442 560 1
445 556 1
447 553 1
448 551 1
450 548 1
451 545 1
452 543 1
453 539 1
454 533 1
458 523 1
461 511 1
467 498 1
472 484 1
478 470 1
484 455 1
491 439 1
499 425 1
507 412 1
516 400 1
527 385 1
539 371 1
553 355 1
567 341 1
581 327 1
593 315 1
603 306 1
612 298 1
621 292 1
629 285 1
636 279 1
644 274 1
652 268 1
659 262 1
666 257 1
672 254 1
677 250 1
681 247 1
685 244 1
688 241 1
694 237 1
698 234 1
701 231 1
705 229 1
708 227 1
711 225 1
712 225 1
715 225 1
718 225 1
721 227 1
728 230 1
736 239 1
747 250 1
760 263 1
775 276 1
790 288 1
804 298 1
817 307 1
827 316 1
835 321 1
841 327 1
846 334 1
850 342 1
854 350 1
857 360 1
861 373 1
866 385 1
870 397 1
873 407 1
877 414 1
879 421 1
882 427 1
884 435 1
886 443 1
887 454 1
886 465 1
884 476 1
880 486 1
873 497 1
863 511 1
850 526 1
835 541 1
823 554 1
812 565 1
800 574 1
792 584 1
786 594 1
779 603 1
773 612 1
768 620 1
765 627 1
760 635 1
757 641 1
754 651 1
749 660 1
745 671 1
741 682 1
738 692 1
734 702 1
730 712 1
727 722 1
724 732 1
722 742 1
719 751 1
718 757 1
716 762 1
716 768 1
714 773 1
713 779 1
712 785 1
710 793 1
709 801 1
706 809 1
704 817 1
702 826 1
700 832 1
698 838 1
697 843 1
695 850 1
693 859 1
690 869 1
686 881 1
682 895 1
677 905 1
672 916 1
667 926 1
661 936 1
653 948 1
645 957 1
639 965 1
634 971 1
631 974 1
630 976 1
626 980 1
622 983 1
609 994 1
590 1008 1
565 1030 1
545 1045 1
531 1056 1
522 1060 1
517 1063 1
513 1065 1
510 1065 1
508 1066 1
503 1066 1
498 1066 1
492 1066 1
485 1066 1
476 1067 1
467 1068 1
454 1068 1
442 1068 1
429 1068 1
416 1068 1
406 1066 1
399 1066 1
393 1066 1
388 1063 1
385 1062 1
383 1059 1
381 1058 1
379 1056 1
377 1054 1
376 1053 1
373 1053 1
370 1050 1
369 1049 1
367 1047 1
364 1045 1
360 1041 1
355 1035 1
348 1029 1
338 1022 1
326 1012 1
316 1005 1
305 997 1
295 989 1
287 983 1
280 974 1
274 964 1
271 951 1
270 935 1
270 920 1
271 906 1
272 896 1
273 888 1
275 880 1
276 872 1
279 863 1
283 853 1
288 844 1
293 834 1
298 824 1
305 814 1
313 803 1
323 789 1
333 774 1
344 761 1
356 748 1
366 736 1
373 724 1
379 714 1
383 708 1
387 700 1
390 695 1
393 690 1
395 685 1
397 681 1
398 678 1
399 675 1
400 671 1
400 665 1
401 658 1
400 647 1
400 636 1
398 622 1
399 607 1
399 589 1
399 573 1
400 555 1
403 538 1
407 521 1
412 505 1
417 491 1
424 478 1
431 465 1
441 452 1
449 440 1
456 431 1
463 425 1
468 418 1
472 414 1
477 409 1
483 405 1
490 400 1
496 395 1
504 391 1
511 388 1
518 385 1
525 381 1
533 377 1
541 373 1
552 368 1
562 363 1
573 357 1
583 353 1
593 349 1
602 345 1
609 342 1
617 339 1
625 336 1
633 333 1
644 329 1
655 324 1
665 321 1
674 319 1
680 316 1
688 314 1
694 314 1
699 314 1
706 313 1
712 313 1
722 312 1
731 312 1
739 310 1
745 311 1
750 312 1
755 313 1
759 313 1
764 315 1
769 318 1
773 321 1
778 324 1
785 329 1
793 335 1
803 343 1
812 349 1
819 354 1
825 357 1
831 362 1
835 366 1
840 372 1
845 380 1
850 388 1
855 396 1
858 403 1
862 408 1
865 413 1
867 417 1
869 422 1
872 430 1
876 437 1
879 446 1
882 454 1
885 461 1
889 469 1
891 475 1
892 483 1
893 489 1
891 498 1
890 507 1
887 517 1
885 527 1
882 536 1
879 543 1
876 550 1
873 555 1
870 561 1
866 568 1
862 575 1
857 583 1
852 593 1
847 599 1
844 604 1
842 608 1
841 610 1
839 614 1
839 615 1
837 617 1
834 620 1
831 625 1
826 630 1
822 635 1
818 639 1
815 644 1
811 647 1
808 652 1
805 656 1
801 662 1
796 670 1
791 676 1
786 683 1
783 689 1
779 693 1
778 696 1
775 699 1
774 702 1
772 706 1
770 708 1
769 709 1
769 712 1
767 713 1
766 716 1
764 718 1
764 721 1
762 726 1
759 734 1
756 744 1
753 754 1
749 766 1
745 776 1
742 784 1
739 794 1
736 804 1
732 813 1
729 821 1
726 829 1
723 836 1
720 844 1
716 852 1
712 860 1
709 868 1
704 877 1
698 888 1
692 899 1
683 909 1
677 921 1
666 932 1
656 946 1
646 959 1
637 970 1
629 979 1
624 985 1
619 989 1
616 994 1
613 996 1
611 998 1
609 1001 1
606 1005 1
603 1010 1
596 1019 1
588 1030 1
579 1041 1
570 1051 1
561 1061 1
553 1070 1
544 1081 1
535 1091 1
526 1101 1
518 1110 1
508 1119 1
497 1127 1
486 1135 1
474 1140 1
463 1146 1
451 1152 1
438 1157 1
425 1161 1
411 1166 1
398 1169 1
386 1173 1
377 1175 1
368 1175 1
360 1176 1
352 1175 1
345 1174 1
339 1172 1
334 1172 1
329 1170 1
324 1167 1
319 1165 1
312 1161 1
304 1154 1
295 1146 1
284 1135 1
272 1123 1
262 1110 1
252 1096 1
243 1080 1
236 1063 1
231 1050 1
229 1039 1
229 1027 1
230 1015 1
234 1002 1
242 987 1
253 973 1
267 958 1
283 944 1
299 929 1
313 915 1
326 902 1
336 891 1
344 880 1
349 871 1
355 860 1
358 851 1
361 843 1
362 834 1
362 823 1
360 809 1
356 794 1
351 776 1
346 759 1
342 739 1
338 718 1
336 698 1
336 677 1
338 656 1
343 634 1
351 613 1
360 590 1
373 568 1
387 543 1
402 521 1
418 499 1
435 476 1
453 455 1
471 434 1
487 414 1
504 397 1
521 379 1
537 362 1
553 347 1
565 334 1
578 321 1
589 311 1
598 303 1
608 295 1
618 287 1
631 278 1
646 270 1
662 262 1
677 256 1
691 249 1
709 244 1
728 238 1
749 232 1
770 228 1
789 223 1
806 221 1
820 220 1
835 220 1
848 221 1
861 226 1
872 230 1
880 235 1
887 241 1
893 248 1
899 257 1
904 268 1
908 278 1
913 289 1
918 303 1
921 317 1
924 332 1
926 346 1
928 360 1
930 376 1
931 392 1
931 407 1
931 422 1
929 436 1
927 451 1
926 464 1
924 476 1
924 484 1
922 492 1
920 500 1
918 511 1
913 525 1
909 538 1
903 552 1
897 565 1
892 579 1
888 593 1
883 604 1
879 614 1
876 623 1
873 630 1
870 640 1
867 651 1
861 667 1
854 683 1
848 696 1
842 707 1
837 717 1
833 726 1
828 736 1
822 747 1
813 762 1
802 776 1
788 795 1
775 815 1
760 831 1
748 846 1
736 861 1
725 876 1
715 890 1
706 902 1
696 914 1
687 925 1
677 937 1
665 951 1
650 968 1
632 986 1
614 1004 1
595 1022 1
580 1037 1
566 1049 1
554 1058 1
546 1064 1
538 1069 1
532 1073 1
525 1079 1
517 1085 1
505 1097 1
490 1112 1
471 1128 1
453 1146 1
437 1163 1
422 1173 1
409 1182 1
399 1189 1
392 1193 1
384 1198 1
374 1201 1
365 1203 1
355 1206 1
344 1209 1
334 1210 1
324 1211 1
314 1209 1
304 1203 1
292 1196 1
282 1187 1
273 1177 1
267 1171 1
263 1165 1
258 1160 1
252 1155 1
247 1150 1
243 1146 1
239 1143 1
236 1138 1
233 1134 1
230 1127 1
227 1121 1
224 1114 1
219 1108 1
215 1100 1
211 1093 1
207 1085 1
204 1075 1
200 1066 1
198 1058 1
197 1050 1
197 1042 1
196 1036 1
196 1030 1
194 1022 1
195 1013 1
195 1001 1
196 988 1
196 975 1
197 964 1
199 952 1
199 944 1
200 937 1
201 933 1
201 930 1
201 927 1
201 925 1
201 922 1
201 917 1
205 910 1
209 902 1
215 892 1
221 881 1
227 869 1
232 859 1
236 849 1
239 840 1
243 831 1
246 821 1
249 808 1
252 793 1
257 778 1
263 763 1
269 748 1
275 733 1
281 720 1
287 709 1
292 700 1
299 691 1
306 680 1
316 665 1
328 649 1
341 632 1
353 617 1
362 604 1
372 592 1
381 580 1
391 568 1
399 558 1
407 549 1
415 541 1
425 531 1
435 521 1
447 509 1
460 495 1
473 483 1
484 471 1
496 460 1
507 450 1
518 439 1
529 429 1
537 421 1
543 415 1
549 409 1
554 404 1
562 397 1
572 389 1
584 380 1
598 369 1
609 358 1
620 351 1
628 345 1
633 340 1
639 337 1
644 334 1
650 330 1
659 325 1
670 319 1
682 313 1
693 307 1
703 304 1
709 301 1
715 299 1
721 297 1
730 297 1
739 295 1
752 292 1
765 292 1
777 293 1
785 293 1
793 297 1
799 301 1
807 307 1
815 315 1
825 324 1
836 334 1
847 344 1
856 351 1
864 357 1
870 365 1
875 375 1
880 386 1
884 399 1
889 412 1
893 424 1
899 434 1
905 445 1
911 453 1
915 459 1
918 466 1
920 469 1
922 474 1
924 479 1
925 484 1
927 490 1
929 495 1
929 498 1
930 501 1
931 504 1
931 509 1
929 517 1
926 529 1
920 545 1
913 563 1
906 581 1
901 596 1
898 605 1
896 613 1
896 617 1
895 621 1
895 624 1
894 628 1
893 633 1
891 641 1
888 650 1
883 662 1
877 675 1
871 686 1
866 695 1
860 702 1
855 709 1
850 715 1
847 720 1
844 725 1
841 729 1
839 733 1
837 740 1
836 746 1
834 753 1
831 760 1
829 767 1
827 775 1
823 783 1
819 791 1
815 799 1
811 805 1
808 810 1
804 814 1
803 816 1
801 818 1
800 822 1
799 828 1
797 835 1
797 846 1
795 859 1
793 873 1
787 886 1
779 898 1
770 908 1
760 917 1
747 925 1
734 931 1
723 938 1
714 943 1
708 947 1
702 950 1
700 951 1
698 953 1
696 954 1
694 958 1
691 964 1
687 972 1
682 982 1
675 997 1
668 1011 1
660 1022 1
656 1029 1
652 1035 1
649 1039 1
647 1041 1
645 1044 1
643 1048 1
639 1053 1
635 1061 1
623 1074 1
609 1090 1
591 1106 1
569 1122 1
546 1135 1
524 1146 1
498 1158 1
472 1169 1
449 1179 1
428 1186 1
409 1191 1
393 1194 1
378 1196 1
365 1196 1
351 1194 1
336 1191 1
318 1186 1
301 1183 1
286 1177 1
274 1173 1
266 1170 1
260 1168 1
257 1165 1
252 1162 1
249 1158 1
244 1153 1
241 1145 1
236 1136 1
232 1127 1
228 1119 1
225 1111 1
219 1102 1
214 1089 1
209 1076 1
205 1062 1
202 1050 1
199 1036 1
198 1023 1
196 1008 1
196 996 1
195 987 1
193 979 1
194 973 1
192 967 1
191 955 1
190 940 1
188 924 1
190 905 1
194 883 1
201 860 1
212 836 1
225 814 1
242 789 1
260 766 1
279 743 1
297 719 1
312 697 1
324 676 1
335 655 1
343 635 1
351 617 1
357 599 1
365 579 1
374 558 1
385 537 1
397 517 1
411 498 1
424 483 1
437 469 1
449 456 1
462 443 1
478 426 1
495 410 1
517 392 1
536 376 1
551 363 1
562 354 1
570 348 1
576 343 1
580 341 1
585 339 1
589 336 1
595 335 1
602 332 1
611 330 1
619 328 1
627 325 1
635 323 1
642 320 1
649 319 1
655 318 1
660 316 1
666 316 1
672 316 1
681 315 1
693 315 1
706 316 1
721 318 1
736 321 1
749 328 1
762 335 1
775 343 1
787 351 1
797 358 1
805 363 1
811 367 1
814 370 1
818 372 1
820 373 1
822 375 1
825 377 1
829 381 1
833 387 1
840 394 1
846 404 1
855 415 1
862 424 1
868 433 1
875 442 1
880 451 1
885 462 1
888 473 1
890 483 1
890 492 1
890 502 1
888 512 1
889 521 1
887 529 1
888 535 1
889 540 1
889 544 1
888 550 1
887 559 1
884 569 1
882 581 1
879 594 1
876 605 1
874 613 1
872 621 1
871 626 1
869 633 1
866 638 1
863 645 1
860 653 1
856 663 1
852 673 1
847 683 1
841 695 1
835 705 1
829 714 1
825 722 1
822 729 1
819 734 1
815 739 1
812 745 1
808 753 1
803 762 1
796 773 1
788 784 1
780 796 1
773 806 1
758 827 1
750 837 1
741 847 1
723 873 1
711 888 1
698 903 1
683 920 1
648 959 1
630 977 1
614 991 1
601 1002 1
592 1010 1
586 1014 1
581 1019 1
577 1022 1
573 1025 1
570 1028 1
566 1031 1
563 1036 1
558 1039 1
554 1043 1
551 1046 1
546 1049 1
543 1052 1
538 1056 1
531 1060 1
523 1065 1
513 1071 1
500 1077 1
485 1084 1
471 1089 1
458 1093 1
447 1095 1
434 1095 1
421 1093 1
409 1090 1
398 1088 1
389 1085 1
380 1084 1
372 1081 1
365 1078 1
359 1077 1
355 1075 1
351 1073 1
349 1073 1
346 1072 1
344 1071 1
341 1068 1
337 1064 1
332 1058 1
325 1050 1
319 1043 1
313 1037 1
308 1031 1
301 1024 1
295 1016 1
286 1006 1
279 997 1
274 989 1
270 984 1
266 979 1
263 975 1
262 971 1
259 966 1
258 964 1
257 961 1
255 958 1
254 957 1
254 954 1
251 950 1
251 944 1
251 935 1
251 922 1
251 908 1
251 891 1
252 875 1
252 861 1
252 850 1
250 842 1
251 835 1
251 829 1
252 823 1
253 815 1
254 806 1
256 795 1
258 785 1
260 777 1
264 769 1
267 761 1
272 753 1
276 742 1
281 731 1
287 719 1
291 710 1
294 702 1
297 696 1
299 691 1
301 687 1
303 681 1
307 674 1
312 665 1
318 654 1
324 644 1
329 636 1
332 630 1
335 627 1
336 625 1
338 623 1
338 621 1
339 622 1
340 619 1
342 616 1
347 610 1
353 604 1
362 594 1
371 583 1
380 573 1
388 564 1
395 556 1
401 550 1
408 543 1
414 537 1
422 528 1
431 519 1
442 506 1
452 493 1
463 481 1
473 468 1
486 455 1
498 440 1
510 425 1
520 412 1
530 402 1
538 393 1
544 386 1
551 378 1
557 370 1
564 362 1
572 353 1
581 345 1
591 336 1
600 329 1
608 323 1
616 317 1
621 312 1
628 306 1
634 302 1
642 297 1
649 292 1
655 287 1
663 283 1
671 279 1
678 276 1
684 273 1
691 270 1
697 268 1
705 268 1
713 268 1
725 270 1
737 274 1
749 278 1
759 283 1
767 288 1
774 293 1
781 300 1
788 306 1
795 313 1
804 321 1
813 329 1
822 334 1
830 341 1
835 344 1
838 347 1
841 353 1
845 361 1
849 370 1
852 381 1
856 393 1
861 404 1
867 414 1
873 424 1
879 434 1
883 445 1
888 457 1
892 469 1
894 480 1
896 490 1
898 502 1
900 513 1
902 525 1
903 535 1
904 545 1
905 556 1
904 569 1
902 584 1
899 601 1
895 619 1
889 636 1
884 651 1
879 664 1
875 675 1
872 683 1
869 691 1
863 699 1
855 710 1
844 726 1
830 743 1
816 762 1
804 778 1
794 789 1
786 798 1
780 805 1
774 811 1
769 818 1
762 826 1
755 835 1
745 847 1
735 861 1
727 874 1
720 886 1
715 895 1
711 902 1
707 909 1
702 917 1
695 930 1
684 948 1
671 966 1
658 986 1
647 1002 1
637 1016 1
629 1024 1
624 1030 1
622 1033 1
621 1035 1
618 1037 1
615 1041 1
607 1046 1
595 1054 1
581 1063 1
565 1073 1
549 1083 1
533 1094 1
519 1103 1
508 1108 1
498 1113 1
492 1115 1
487 1117 1
484 1118 1
481 1119 1
479 1120 1
475 1121 1
469 1123 1
462 1128 1
450 1131 1
435 1135 1
420 1138 1
405 1139 1
389 1138 1
374 1135 1
359 1130 1
345 1123 1
333 1115 1
324 1107 1
315 1099 1
309 1091 1
303 1084 1
300 1080 1
298 1076 1
296 1074 1
295 1073 1
293 1071 1
293 1071 1
293 1070 1
291 1068 1
291 1068 1
288 1065 1
284 1060 1
279 1055 1
271 1049 1
264 1045 1
256 1040 1
250 1035 1
243 1028 1
237 1020 1
230 1008 1
226 994 1
222 977 1
221 956 1
221 934 1
223 915 1
225 897 1
227 881 1
229 869 1
230 859 1
232 852 1
232 847 1
233 844 1
234 839 1
236 832 1
240 820 1
250 804 1
263 785 1
274 768 1
282 757 1
288 749 1
290 744 1
292 739 1
294 737 1
295 734 1
298 729 1
302 721 1
308 709 1
316 693 1
325 675 1
335 656 1
343 639 1
351 623 1
358 607 1
367 587 1
374 570 1
379 555 1
384 545 1
389 537 1
392 531 1
394 526 1
397 521 1
401 515 1
408 507 1
417 497 1
430 484 1
446 471 1
465 457 1
484 442 1
500 429 1
513 419 1
525 410 1
537 402 1
546 393 1
556 383 1
568 372 1
578 362 1
587 353 1
595 346 1
601 340 1
608 335 1
619 328 1
635 319 1
654 309 1
670 300 1
683 294 1
691 290 1
697 287 1
702 285 1
706 285 1
709 283 1
715 283 1
724 283 1
735 281 1
750 282 1
771 280 1
794 278 1
816 279 1
835 282 1
848 286 1
859 291 1
868 299 1
877 311 1
885 324 1
893 337 1
900 349 1
908 363 1
914 376 1
921 390 1
925 405 1
930 419 1
935 437 1
938 456 1
943 478 1
945 502 1
947 527 1
949 552 1
947 577 1
946 601 1
943 624 1
937 644 1
929 665 1
920 685 1
909 707 1
896 727 1
886 744 1
876 758 1
868 768 1
862 778 1
856 788 1
845 801 1
833 818 1
818 837 1
803 857 1
791 876 1
780 893 1
771 906 1
763 915 1
756 925 1
747 935 1
737 946 1
724 961 1
713 972 1
701 983 1
693 991 1
685 997 1
680 1003 1
676 1007 1
671 1012 1
668 1015 1
665 1018 1
663 1020 1
662 1022 1
660 1025 1
657 1030 1
653 1037 1
649 1042 1
645 1049 1
640 1054 1
635 1060 1
630 1065 1
625 1072 1
615 1080 1
603 1091 1
585 1104 1
566 1117 1
546 1127 1
524 1137 1
504 1144 1
486 1149 1
471 1151 1
456 1152 1
442 1152 1
428 1148 1
415 1145 1
404 1141 1
393 1137 1
382 1133 1
373 1129 1
363 1124 1
354 1118 1
346 1112 1
337 1105 1
327 1095 1
318 1084 1
308 1069 1
299 1055 1
291 1041 1
281 1023 1
272 1005 1
264 990 1
258 978 1
253 969 1
249 962 1
247 955 1
244 947 1
243 934 1
241 922 1
242 908 1
242 896 1
243 881 1
247 863 1
250 847 1
255 829 1
261 807 1
269 786 1
280 760 1
293 731 1
308 699 1
324 667 1
342 635 1
361 604 1
380 573 1
400 542 1
418 515 1
435 492 1
451 472 1
468 454 1
484 436 1
502 418 1
501 420 0
