577 985 1
577 985 1
577 985 1
577 985 1
577 985 1
577 985 1
577 985 1
577 985 1
577 985 1
577 985 1
576 984 1
574 984 1
574 984 1
573 982 1
572 981 1
572 981 1
570 979 1
570 978 1
568 977 1
568 975 1
567 974 1
567 972 1
566 972 1
566 971 1
566 971 1
566 970 1
566 968 1
567 965 1
568 963 1
571 961 1
573 958 1
576 955 1
581 952 1
584 950 1
589 950 1
593 948 1
597 946 1
601 946 1
603 945 1
606 945 1
608 944 1
611 944 1
614 944 1
615 944 1
618 945 1
620 947 1
622 948 1
624 950 1
627 953 1
629 957 1
632 961 1
633 966 1
635 970 1
635 976 1
635 982 1
635 987 1
635 994 1
633 1000 1
629 1010 1
627 1020 1
625 1028 1
623 1035 1
620 1041 1
618 1046 1
617 1049 1
615 1052 1
613 1056 1
612 1059 1
609 1062 1
607 1065 1
605 1068 1
601 1073 1
597 1076 1
594 1079 1
591 1082 1
586 1086 1
583 1089 1
579 1092 1
576 1095 1
573 1097 1
570 1100 1
567 1102 1
565 1103 1
563 1105 1
561 1106 1
559 1107 1
557 1109 1
555 1109 1
553 1111 1
550 1112 1
547 1113 1
544 1115 1
540 1115 1
535 1116 1
530 1117 1
525 1118 1
520 1118 1
516 1118 1
512 1118 1
510 1118 1
507 1118 1
505 1118 1
503 1118 1
503 1118 1
501 1118 1
501 1118 1
499 1117 1
499 1117 1
497 1116 1
494 1114 1
489 1112 1
484 1109 1
478 1104 1
472 1097 1
466 1089 1
460 1082 1
455 1075 1
450 1068 1
447 1062 1
443 1056 1
441 1051 1
440 1047 1
438 1042 1
438 1037 1
437 1033 1
435 1026 1
436 1021 1
436 1014 1
436 1008 1
436 1002 1
436 996 1
436 991 1
436 987 1
437 982 1
437 977 1
437 972 1
437 966 1
437 960 1
437 953 1
437 946 1
438 937 1
439 929 1
440 920 1
441 912 1
442 905 1
443 897 1
445 890 1
446 885 1
448 880 1
451 875 1
452 871 1
454 866 1
456 862 1
458 858 1
460 855 1
461 852 1
463 849 1
465 845 1
466 843 1
468 840 1
471 838 1
475 834 1
478 830 1
483 827 1
488 822 1
493 819 1
497 816 1
500 814 1
503 812 1
506 810 1
509 808 1
511 807 1
513 805 1
515 805 1
517 804 1
517 804 1
518 803 1
518 802 1
519 803 1
520 802 1
523 802 1
527 802 1
532 801 1
537 801 1
541 801 1
544 801 1
547 802 1
548 802 1
550 802 1
550 802 1
551 802 1
551 802 1
552 802 1
554 803 1
557 804 1
559 805 1
562 806 1
564 807 1
566 809 1
569 811 1
571 812 1
574 813 1
576 815 1
580 819 1
584 823 1
590 828 1
595 833 1
603 841 1
611 847 1
619 854 1
628 861 1
635 867 1
642 873 1
647 877 1
650 882 1
654 884 1
655 887 1
657 890 1
659 892 1
661 895 1
663 897 1
664 900 1
666 903 1
669 907 1
673 912 1
676 917 1
679 922 1
682 927 1
686 932 1
689 938 1
692 944 1
693 948 1
696 953 1
698 957 1
698 962 1
700 965 1
701 970 1
702 975 1
703 978 1
703 983 1
705 988 1
707 993 1
708 1000 1
710 1006 1
712 1013 1
712 1019 1
714 1026 1
714 1030 1
715 1034 1
715 1037 1
716 1039 1
716 1042 1
716 1046 1
716 1048 1
716 1052 1
715 1056 1
713 1060 1
711 1066 1
710 1072 1
708 1080 1
705 1088 1
704 1094 1
701 1102 1
699 1108 1
697 1113 1
693 1119 1
691 1124 1
689 1127 1
687 1132 1
685 1136 1
682 1141 1
680 1145 1
678 1150 1
674 1155 1
672 1160 1
669 1164 1
664 1171 1
661 1176 1
655 1181 1
652 1185 1
649 1190 1
646 1192 1
644 1195 1
641 1197 1
640 1198 1
638 1200 1
636 1202 1
635 1203 1
635 1204 1
635 1204 1
634 1204 1
632 1205 1
629 1206 1
626 1208 1
621 1210 1
617 1212 1
612 1214 1
607 1215 1
601 1218 1
594 1221 1
585 1223 1
575 1225 1
565 1228 1
558 1229 1
550 1231 1
546 1231 1
543 1232 1
539 1233 1
537 1233 1
537 1233 1
536 1233 1
536 1233 1
535 1231 1
535 1231 1
534 1232 1
534 1232 1
532 1232 1
530 1232 1
527 1232 1
524 1232 1
521 1232 1
519 1232 1
516 1232 1
515 1232 1
513 1232 1
514 1231 1
512 1231 1
511 1231 1
509 1230 1
507 1230 1
503 1228 1
497 1225 1
491 1221 1
481 1216 1
472 1210 1
463 1202 1
455 1196 1
450 1192 1
445 1188 1
441 1184 1
439 1182 1
437 1181 1
435 1179 1
435 1177 1
434 1178 1
434 1178 1
433 1177 1
433 1177 1
431 1174 1
430 1173 1
428 1171 1
426 1167 1
424 1162 1
421 1156 1
420 1149 1
417 1143 1
415 1135 1
412 1127 1
410 1119 1
408 1112 1
406 1107 1
405 1102 1
405 1099 1
403 1094 1
403 1091 1
402 1085 1
400 1080 1
399 1072 1
397 1064 1
395 1056 1
393 1046 1
391 1035 1
390 1025 1
386 1013 1
383 1002 1
380 992 1
377 984 1
375 978 1
373 973 1
371 970 1
370 967 1
368 965 1
367 962 1
366 960 1
366 957 1
364 955 1
364 952 1
361 947 1
360 941 1
358 934 1
358 926 1
358 915 1
358 904 1
358 890 1
361 877 1
364 865 1
366 854 1
369 845 1
371 836 1
374 830 1
377 824 1
378 818 1
380 815 1
382 810 1
386 805 1
389 799 1
393 792 1
399 784 1
406 776 1
415 769 1
423 762 1
429 757 1
434 752 1
438 750 1
440 748 1
443 746 1
444 745 1
447 743 1
450 741 1
453 739 1
459 736 1
465 733 1
471 730 1
476 728 1
480 727 1
483 725 1
485 725 1
486 724 1
487 724 1
488 724 1
488 724 1
489 723 1
491 722 1
495 722 1
498 720 1
502 721 1
505 721 1
511 721 1
518 722 1
526 723 1
533 724 1
539 725 1
546 727 1
552 728 1
556 730 1
560 731 1
564 732 1
566 734 1
568 734 1
571 736 1
574 737 1
576 738 1
579 740 1
581 741 1
585 743 1
587 746 1
589 748 1
591 751 1
593 753 1
597 757 1
599 760 1
603 765 1
608 770 1
614 776 1
620 783 1
627 790 1
633 798 1
640 805 1
645 812 1
650 819 1
655 825 1
658 830 1
661 835 1
664 840 1
666 842 1
669 845 1
672 848 1
674 850 1
676 853 1
680 856 1
684 860 1
688 863 1
693 868 1
699 873 1
704 877 1
709 882 1
714 885 1
719 890 1
724 895 1
728 899 1
734 904 1
740 908 1
746 912 1
752 915 1
758 918 1
764 921 1
768 923 1
771 925 1
774 926 1
778 928 1
781 930 1
785 932 1
790 934 1
793 937 1
797 938 1
801 940 1
805 941 1
810 944 1
814 947 1
819 949 1
826 954 1
832 956 1
838 960 1
844 963 1
848 965 1
853 968 1
856 970 1
857 971 1
860 972 1
861 973 1
863 975 1
866 976 1
866 977 1
867 978 1
868 978 1
868 978 1
868 978 1
868 978 1
869 978 1
869 979 1
869 979 1
869 979 1
869 980 1
869 980 1
870 981 1
870 982 1
870 984 1
871 986 1
870 988 1
870 991 1
867 997 1
866 1003 1
863 1009 1
862 1017 1
859 1022 1
856 1028 1
855 1033 1
853 1036 1
852 1038 1
851 1041 1
849 1044 1
848 1046 1
848 1048 1
845 1051 1
844 1052 1
844 1055 1
842 1056 1
840 1059 1
838 1061 1
838 1063 1
836 1065 1
835 1067 1
834 1071 1
832 1073 1
831 1076 1
829 1079 1
827 1084 1
826 1089 1
824 1094 1
823 1097 1
821 1102 1
819 1107 1
818 1112 1
815 1117 1
813 1121 1
811 1125 1
809 1132 1
807 1137 1
804 1142 1
801 1148 1
799 1154 1
796 1160 1
794 1164 1
792 1168 1
789 1171 1
788 1174 1
786 1177 1
784 1181 1
783 1184 1
781 1187 1
780 1191 1
777 1194 1
774 1199 1
772 1204 1
769 1210 1
766 1215 1
761 1222 1
757 1230 1
751 1238 1
745 1247 1
739 1254 1
735 1259 1
730 1264 1
725 1268 1
722 1272 1
716 1275 1
712 1277 1
707 1279 1
704 1281 1
698 1284 1
692 1287 1
684 1289 1
678 1291 1
670 1294 1
663 1296 1
658 1298 1
652 1299 1
648 1300 1
645 1301 1
643 1301 1
640 1302 1
637 1302 1
635 1302 1
632 1302 1
628 1302 1
623 1302 1
618 1302 1
611 1301 1
603 1301 1
596 1300 1
587 1299 1
579 1297 1
570 1297 1
562 1295 1
555 1294 1
549 1294 1
544 1292 1
542 1293 1
538 1292 1
535 1292 1
532 1291 1
527 1289 1
522 1289 1
516 1287 1
511 1285 1
502 1284 1
492 1281 1
482 1278 1
474 1276 1
465 1273 1
458 1270 1
454 1269 1
449 1267 1
446 1266 1
443 1264 1
438 1262 1
435 1261 1
432 1258 1
427 1255 1
422 1251 1
417 1247 1
413 1243 1
408 1238 1
403 1234 1
398 1229 1
395 1226 1
391 1221 1
386 1216 1
383 1212 1
379 1207 1
376 1202 1
371 1197 1
368 1192 1
364 1187 1
359 1179 1
353 1170 1
347 1159 1
341 1147 1
335 1134 1
331 1122 1
326 1111 1
323 1102 1
320 1092 1
317 1084 1
315 1077 1
314 1072 1
312 1068 1
312 1066 1
310 1063 1
309 1059 1
309 1057 1
309 1054 1
308 1052 1
306 1049 1
307 1045 1
306 1041 1
304 1036 1
303 1031 1
302 1024 1
300 1017 1
299 1010 1
296 1004 1
296 996 1
294 990 1
294 986 1
293 981 1
293 976 1
293 971 1
293 965 1
291 959 1
292 952 1
291 945 1
291 937 1
291 926 1
291 915 1
291 903 1
291 892 1
292 880 1
294 869 1
297 858 1
299 849 1
300 841 1
302 836 1
304 831 1
304 827 1
305 823 1
306 820 1
307 816 1
309 812 1
310 808 1
312 803 1
315 797 1
318 789 1
322 780 1
328 769 1
335 756 1
342 743 1
349 728 1
356 715 1
362 704 1
366 695 1
370 689 1
373 684 1
375 680 1
377 678 1
378 676 1
380 674 1
383 671 1
387 667 1
392 663 1
400 656 1
408 648 1
417 639 1
425 632 1
433 625 1
437 621 1
441 617 1
443 615 1
445 613 1
447 611 1
448 609 1
450 607 1
452 605 1
453 603 1
457 599 1
461 596 1
465 591 1
468 586 1
474 580 1
477 576 1
481 571 1
483 567 1
485 564 1
486 560 1
487 558 1
488 556 1
488 552 1
488 550 1
489 548 1
489 546 1
489 543 1
490 540 1
490 538 1
490 535 1
490 533 1
490 529 1
490 526 1
491 521 1
491 515 1
493 508 1
494 501 1
497 493 1
501 485 1
505 477 1
510 470 1
515 462 1
521 456 1
527 448 1
533 442 1
540 437 1
546 432 1
552 427 1
560 423 1
567 421 1
575 419 1
583 418 1
591 418 1
601 418 1
610 419 1
620 422 1
629 426 1
636 429 1
644 432 1
649 437 1
656 442 1
659 449 1
663 457 1
668 467 1
672 477 1
674 487 1
677 496 1
679 507 1
681 518 1
685 530 1
688 544 1
693 559 1
695 573 1
699 588 1
702 601 1
704 612 1
707 623 1
711 635 1
715 647 1
719 660 1
724 671 1
728 681 1
732 691 1
736 700 1
739 711 1
744 720 1
750 731 1
756 741 1
761 751 1
766 759 1
771 768 1
776 777 1
781 785 1
786 794 1
792 802 1
797 810 1
803 818 1
808 827 1
814 835 1
819 843 1
826 851 1
830 859 1
836 867 1
841 876 1
847 887 1
853 897 1
860 910 1
866 922 1
872 934 1
877 945 1
880 954 1
884 962 1
887 969 1
890 976 1
892 983 1
897 991 1
901 999 1
905 1008 1
908 1017 1
912 1025 1
914 1032 1
916 1040 1
916 1049 1
918 1060 1
919 1072 1
919 1088 1
918 1103 1
915 1119 1
914 1132 1
911 1144 1
909 1156 1
906 1168 1
903 1177 1
902 1185 1
899 1192 1
897 1197 1
895 1203 1
892 1208 1
891 1214 1
888 1220 1
885 1226 1
883 1231 1
880 1236 1
878 1242 1
876 1249 1
873 1255 1
870 1262 1
868 1271 1
865 1280 1
865 1290 1
863 1299 1
862 1308 1
859 1317 1
856 1325 1
852 1334 1
847 1342 1
840 1351 1
835 1358 1
829 1366 1
824 1372 1
819 1379 1
813 1383 1
806 1389 1
800 1394 1
790 1398 1
778 1404 1
763 1410 1
748 1415 1
733 1420 1
718 1424 1
702 1427 1
688 1430 1
669 1431 1
651 1434 1
632 1435 1
615 1436 1
603 1436 1
594 1436 1
590 1435 1
586 1435 1
584 1435 1
580 1435 1
576 1435 1
567 1433 1
553 1431 1
531 1426 1
504 1418 1
477 1409 1
455 1400 1
438 1391 1
427 1384 1
419 1378 1
414 1374 1
409 1371 1
404 1368 1
400 1364 1
395 1361 1
389 1356 1
381 1351 1
373 1345 1
364 1339 1
355 1331 1
346 1325 1
338 1318 1
332 1313 1
325 1308 1
321 1303 1
316 1298 1
314 1295 1
312 1292 1
310 1290 1
307 1286 1
304 1283 1
301 1278 1
297 1270 1
291 1262 1
285 1251 1
278 1237 1
271 1221 1
264 1203 1
256 1185 1
250 1167 1
244 1150 1
239 1134 1
235 1119 1
232 1106 1
229 1092 1
226 1078 1
222 1064 1
218 1050 1
215 1036 1
212 1022 1
209 1007 1
207 994 1
205 979 1
204 967 1
202 956 1
201 949 1
200 941 1
200 934 1
198 930 1
197 925 1
197 922 1
196 920 1
196 917 1
196 911 1
197 904 1
198 895 1
200 883 1
204 869 1
207 856 1
209 842 1
211 829 1
211 816 1
211 804 1
209 792 1
210 783 1
210 773 1
211 764 1
211 755 1
213 743 1
214 732 1
216 723 1
217 714 1
218 707 1
219 701 1
219 697 1
220 692 1
222 687 1
224 681 1
227 673 1
232 663 1
237 651 1
243 638 1
249 624 1
256 609 1
263 593 1
269 578 1
275 564 1
282 552 1
288 541 1
292 533 1
296 523 1
301 513 1
306 503 1
313 491 1
320 480 1
327 468 1
336 455 1
343 444 1
348 435 1
353 429 1
358 423 1
360 419 1
363 416 1
364 415 1
367 412 1
368 412 1
369 410 1
371 410 1
372 407 1
375 406 1
379 404 1
386 400 1
394 396 1
401 393 1
408 390 1
415 387 1
421 384 1
426 383 1
432 381 1
441 380 1
452 379 1
464 377 1
475 376 1
484 374 1
493 373 1
500 371 1
508 369 1
515 369 1
524 369 1
532 368 1
538 368 1
543 368 1
546 368 1
549 368 1
550 368 1
551 368 1
551 368 1
554 369 1
560 370 1
569 372 1
580 377 1
592 381 1
604 386 1
616 392 1
628 398 1
636 404 1
644 409 1
649 415 1
653 419 1
658 424 1
661 429 1
665 433 1
668 437 1
672 442 1
677 449 1
682 455 1
688 464 1
693 472 1
697 480 1
700 487 1
703 494 1
706 501 1
710 509 1
713 517 1
715 527 1
717 537 1
719 546 1
719 554 1
720 562 1
720 570 1
722 579 1
724 587 1
726 595 1
728 604 1
731 612 1
733 618 1
735 626 1
738 632 1
740 640 1
744 647 1
748 655 1
752 664 1
758 674 1
764 683 1
769 693 1
774 701 1
779 709 1
784 716 1
788 723 1
791 731 1
795 738 1
799 746 1
803 755 1
807 764 1
812 773 1
818 782 1
823 791 1
828 801 1
834 811 1
838 819 1
842 827 1
845 834 1
848 840 1
850 845 1
852 850 1
854 856 1
855 862 1
856 867 1
856 875 1
856 881 1
856 888 1
856 895 1
856 902 1
856 909 1
855 918 1
855 927 1
856 937 1
856 947 1
857 955 1
857 963 1
858 971 1
860 976 1
860 981 1
862 987 1
864 993 1
865 999 1
867 1008 1
868 1020 1
870 1033 1
872 1044 1
872 1056 1
875 1071 1
877 1086 1
881 1102 1
884 1116 1
887 1128 1
890 1141 1
892 1153 1
894 1165 1
895 1175 1
896 1185 1
896 1193 1
894 1200 1
893 1208 1
891 1215 1
891 1223 1
891 1231 1
892 1240 1
893 1248 1
896 1254 1
899 1262 1
902 1269 1
904 1277 1
906 1284 1
908 1293 1
910 1303 1
911 1310 1
912 1318 1
912 1327 1
912 1332 1
912 1339 1
913 1343 1
913 1347 1
914 1350 1
914 1353 1
915 1355 1
915 1358 1
914 1360 1
914 1362 1
914 1364 1
914 1367 1
914 1372 1
914 1377 1
914 1382 1
914 1387 1
914 1392 1
914 1396 1
913 1401 1
913 1404 1
912 1408 1
911 1411 1
909 1414 1
909 1418 1
908 1422 1
906 1425 1
906 1429 1
904 1432 1
901 1438 1
898 1443 1
894 1448 1
890 1454 1
885 1459 1
881 1464 1
877 1468 1
875 1471 1
873 1473 1
870 1476 1
868 1478 1
867 1479 1
865 1481 1
863 1483 1
863 1483 1
863 1484 1
863 1484 1
862 1484 1
860 1485 1
857 1486 1
854 1489 1
848 1492 1
842 1494 1
838 1497 1
832 1501 1
824 1505 1
817 1510 1
808 1514 1
798 1519 1
790 1522 1
781 1526 1
773 1529 1
765 1532 1
757 1535 1
748 1537 1
737 1538 1
724 1540 1
713 1541 1
701 1541 1
688 1541 1
676 1540 1
667 1538 1
657 1537 1
651 1536 1
644 1534 1
641 1534 1
637 1532 1
633 1530 1
630 1528 1
627 1526 1
622 1523 1
617 1521 1
612 1518 1
606 1515 1
598 1512 1
589 1509 1
577 1504 1
563 1499 1
543 1493 1
522 1487 1
500 1482 1
479 1477 1
458 1472 1
439 1469 1
423 1466 1
407 1464 1
393 1463 1
378 1461 1
365 1459 1
355 1457 1
346 1455 1
338 1452 1
331 1450 1
324 1447 1
319 1445 1
311 1440 1
303 1433 1
292 1423 1
280 1411 1
266 1397 1
252 1380 1
238 1363 1
226 1343 1
215 1324 1
205 1304 1
197 1283 1
189 1260 1
182 1234 1
177 1207 1
171 1174 1
165 1138 1
162 1104 1
159 1070 1
157 1034 1
154 998 1
151 964 1
151 962 1
151 962 0
