260 1079 1
260 1079 1
260 1079 1
260 1079 1
260 1079 1
260 1079 1
260 1079 1
260 1079 1
260 1079 1
260 1079 1
260 1079 1
260 1079 1
260 1078 1
260 1076 1
262 1072 1
262 1068 1
264 1065 1
264 1060 1
266 1055 1
267 1051 1
267 1047 1
269 1044 1
271 1038 1
272 1031 1
274 1022 1
275 1013 1
277 1004 1
278 994 1
278 986 1
279 978 1
279 972 1
278 965 1
276 958 1
276 951 1
274 943 1
273 936 1
272 928 1
270 920 1
270 911 1
268 903 1
266 895 1
265 885 1
263 876 1
262 865 1
260 854 1
258 844 1
258 834 1
256 823 1
255 812 1
252 799 1
249 787 1
247 777 1
244 769 1
243 764 1
241 758 1
239 753 1
238 748 1
236 745 1
234 741 1
234 739 1
232 737 1
230 737 1
227 736 1
224 734 1
219 735 1
214 733 1
210 734 1
205 734 1
200 734 1
196 734 1
193 734 1
189 734 1
186 734 1
184 734 1
181 735 1
179 735 1
177 736 1
176 736 1
176 738 1
173 742 1
169 750 1
166 758 1
163 767 1
160 773 1
158 782 1
158 789 1
158 795 1
158 802 1
158 807 1
158 812 1
158 815 1
159 817 1
159 819 1
159 821 1
160 823 1
160 823 1
162 825 1
163 827 1
164 828 1
166 830 1
167 832 1
170 836 1
175 842 1
180 846 1
184 850 1
189 854 1
194 858 1
198 862 1
202 866 1
207 871 1
211 874 1
216 878 1
220 882 1
225 886 1
230 891 1
234 895 1
238 898 1
243 903 1
247 907 1
252 912 1
256 916 1
260 920 1
265 923 1
268 926 1
273 930 1
277 934 1
282 937 1
287 942 1
291 946 1
295 949 1
299 953 1
302 957 1
305 960 1
308 963 1
310 966 1
312 968 1
313 970 1
315 973 1
316 975 1
317 976 1
318 978 1
320 981 1
321 982 1
323 985 1
324 986 1
326 989 1
328 991 1
329 993 1
330 995 1
332 998 1
333 999 1
334 1002 1
335 1004 1
337 1006 1
338 1009 1
339 1011 1
340 1014 1
341 1016 1
342 1019 1
344 1021 1
344 1023 1
345 1026 1
346 1029 1
346 1031 1
346 1034 1
346 1037 1
346 1040 1
346 1043 1
346 1045 1
344 1048 1
345 1051 1
343 1053 1
343 1055 1
341 1057 1
339 1060 1
337 1063 1
336 1065 1
333 1068 1
330 1071 1
327 1073 1
324 1076 1
321 1078 1
317 1081 1
314 1084 1
311 1086 1
308 1088 1
304 1091 1
301 1093 1
298 1095 1
295 1097 1
292 1099 1
288 1102 1
284 1105 1
279 1107 1
275 1109 1
275 1110 1
275 1110 0
537 1166 1
537 1166 1
537 1166 1
537 1166 1
537 1166 1
537 1166 1
537 1166 1
537 1166 1
537 1166 1
537 1166 1
537 1165 1
537 1162 1
538 1157 1
539 1152 1
540 1146 1
542 1141 1
543 1135 1
544 1129 1
546 1123 1
547 1118 1
549 1114 1
550 1109 1
554 1104 1
555 1098 1
558 1091 1
561 1083 1
565 1074 1
571 1063 1
576 1053 1
583 1044 1
588 1036 1
594 1029 1
598 1023 1
605 1016 1
608 1009 1
613 1002 1
618 995 1
623 988 1
628 981 1
632 974 1
636 967 1
640 961 1
643 954 1
646 948 1
649 940 1
650 933 1
651 926 1
652 918 1
653 912 1
653 903 1
654 895 1
654 887 1
655 877 1
655 867 1
653 856 1
654 847 1
654 837 1
653 828 1
652 820 1
650 812 1
650 804 1
648 798 1
646 792 1
646 787 1
644 784 1
644 781 1
642 777 1
640 774 1
639 772 1
637 770 1
636 768 1
636 768 1
634 766 1
634 766 1
632 766 1
630 764 1
630 764 1
628 763 1
628 763 1
626 764 1
624 764 1
623 764 1
621 765 1
616 766 1
610 767 1
605 769 1
599 770 1
596 773 1
591 777 1
588 780 1
585 784 1
583 788 1
581 792 1
579 797 1
579 802 1
579 808 1
578 814 1
577 821 1
577 826 1
577 831 1
577 836 1
577 840 1
577 844 1
577 849 1
577 853 1
577 858 1
578 862 1
578 867 1
579 871 1
580 876 1
582 882 1
584 888 1
585 895 1
587 903 1
591 912 1
599 924 1
608 935 1
615 947 1
624 958 1
631 969 1
636 977 1
641 985 1
646 991 1
651 997 1
656 1003 1
660 1009 1
663 1014 1
666 1017 1
670 1022 1
673 1025 1
675 1029 1
677 1032 1
680 1037 1
682 1040 1
684 1042 1
685 1045 1
686 1049 1
687 1052 1
687 1054 1
687 1057 1
688 1060 1
688 1062 1
686 1064 1
687 1066 1
686 1069 1
684 1071 1
684 1074 1
682 1076 1
679 1081 1
676 1086 1
673 1089 1
669 1094 1
665 1098 1
661 1102 1
658 1104 1
655 1107 1
651 1110 1
648 1111 1
645 1114 1
642 1115 1
639 1118 1
636 1120 1
633 1122 1
631 1124 1
627 1126 1
624 1128 1
619 1130 1
613 1132 1
607 1134 1
599 1137 1
593 1139 1
586 1141 1
580 1143 1
573 1145 1
566 1146 1
558 1147 1
552 1150 1
548 1151 1
550 1151 0
862 1009 1
862 1007 1
862 1007 1
862 1005 1
862 1002 1
862 1001 1
860 999 1
861 998 1
861 996 1
859 994 1
860 992 1
860 989 1
858 986 1
859 983 1
859 980 1
859 976 1
859 971 1
859 966 1
860 960 1
861 952 1
862 944 1
863 935 1
863 926 1
864 917 1
865 909 1
866 899 1
867 890 1
869 881 1
870 870 1
871 861 1
872 852 1
873 843 1
873 836 1
873 829 1
873 824 1
873 819 1
872 815 1
870 812 1
868 806 1
866 802 1
863 798 1
857 794 1
851 789 1
845 785 1
841 783 1
836 780 1
833 779 1
830 778 1
827 778 1
825 777 1
823 777 1
821 775 1
821 775 1
819 776 1
819 777 1
817 777 1
814 778 1
810 778 1
805 780 1
800 781 1
795 782 1
790 785 1
785 788 1
780 793 1
777 797 1
773 801 1
771 805 1
769 809 1
767 812 1
767 816 1
766 818 1
766 821 1
765 822 1
765 823 1
765 824 1
765 824 1
765 825 1
765 825 1
764 826 1
764 826 1
764 826 1
764 827 1
765 828 1
765 829 1
766 831 1
766 832 1
768 834 1
770 838 1
772 845 1
777 851 1
783 859 1
788 868 1
793 876 1
798 884 1
803 892 1
808 897 1
811 902 1
813 905 1
814 908 1
816 910 1
816 912 1
817 913 1
817 913 1
817 914 1
818 914 1
818 914 1
818 914 1
819 914 1
819 914 1
819 915 1
820 915 1
820 915 1
821 916 1
822 917 1
823 917 1
824 918 1
826 918 1
830 919 1
834 921 1
838 921 1
841 922 1
845 923 1
849 924 1
852 926 1
854 926 1
857 927 1
859 928 1
860 929 1
862 930 1
863 931 1
865 932 1
868 935 1
872 938 1
877 941 1
884 947 1
890 951 1
898 956 1
903 961 1
908 964 1
913 968 1
916 971 1
919 974 1
921 977 1
924 980 1
926 982 1
927 984 1
929 986 1
931 988 1
932 989 1
933 991 1
934 992 1
935 994 1
936 994 1
936 994 1
936 995 1
936 996 1
937 997 1
938 999 1
939 1001 1
941 1005 1
943 1009 1
944 1013 1
946 1018 1
948 1023 1
949 1027 1
952 1032 1
953 1037 1
955 1041 1
956 1045 1
957 1047 1
958 1050 1
959 1053 1
960 1055 1
960 1057 1
961 1058 1
961 1060 1
961 1061 1
961 1061 1
961 1061 1
961 1062 1
961 1062 1
961 1062 1
961 1062 1
961 1063 1
961 1063 1
961 1064 1
961 1065 1
960 1065 1
960 1067 1
960 1069 1
959 1071 1
957 1073 1
956 1076 1
956 1078 1
954 1081 1
954 1083 1
952 1086 1
951 1089 1
950 1091 1
950 1093 1
948 1095 1
947 1097 1
945 1099 1
945 1101 1
943 1102 1
944 1103 1
943 1103 1
943 1103 1
943 1103 1
942 1104 1
942 1104 1
940 1105 1
938 1107 1
935 1109 1
931 1111 1
926 1112 1
923 1113 1
919 1115 1
916 1115 1
914 1116 1
912 1116 1
911 1117 1
911 1117 1
909 1117 1
909 1117 1
908 1117 1
908 1117 1
906 1117 1
904 1118 1
900 1119 1
897 1121 1
893 1122 1
890 1124 1
883 1126 1
876 1129 1
868 1132 1
860 1134 1
852 1138 1
847 1140 1
843 1140 1
841 1142 1
838 1143 1
835 1144 1
833 1144 1
833 1145 1
833 1145 1
831 1145 1
831 1145 1
830 1145 1
830 1145 1
830 1145 1
830 1143 1
829 1144 1
827 1142 1
827 1142 1
825 1142 1
825 1140 1
823 1139 1
823 1137 1
822 1136 1
822 1136 1
821 1133 1
821 1130 1
821 1127 1
822 1123 1
823 1118 1
826 1113 1
828 1108 1
832 1101 1
836 1094 1
840 1086 1
844 1076 1
848 1069 1
851 1062 1
854 1055 1
856 1051 1
858 1047 1
859 1044 1
861 1041 1
864 1037 1
865 1034 1
867 1029 1
870 1023 1
874 1015 1
877 1008 1
879 999 1
881 996 1
880 999 0
