984 477 1
984 477 1
984 477 1
984 477 1
984 477 1
984 477 1
984 477 1
984 477 1
984 477 1
984 477 1
984 477 1
984 477 1
984 477 1
984 477 1
984 477 1
982 477 1
983 478 1
983 480 1
983 483 1
982 485 1
982 487 1
982 489 1
982 492 1
982 494 1
982 498 1
980 500 1
981 502 1
981 505 1
981 507 1
979 510 1
980 514 1
978 519 1
978 525 1
978 533 1
978 541 1
977 548 1
977 553 1
977 559 1
977 563 1
977 568 1
979 573 1
979 578 1
981 583 1
982 587 1
982 590 1
983 592 1
984 594 1
984 597 1
985 599 1
986 601 1
986 606 1
986 609 1
987 613 1
987 618 1
985 624 1
986 629 1
986 636 1
986 646 1
986 656 1
986 665 1
985 673 1
985 679 1
985 685 1
985 689 1
984 693 1
984 696 1
983 699 1
983 703 1
983 705 1
982 706 1
982 707 1
982 708 1
982 709 1
980 710 1
981 711 1
981 711 1
981 713 1
981 714 1
981 715 1
981 716 1
981 717 1
981 718 1
981 719 1
981 721 1
981 725 1
981 728 1
981 731 1
981 734 1
981 736 1
981 739 1
981 742 1
981 747 1
980 749 1
979 753 1
979 757 1
979 760 1
976 763 1
977 765 1
975 767 1
975 768 1
975 769 1
974 770 1
972 771 1
971 771 1
971 772 1
971 772 1
970 772 1
968 773 1
967 773 1
965 773 1
963 773 1
957 772 1
948 770 1
940 769 1
932 767 1
924 766 1
917 764 1
912 764 1
907 762 1
905 762 1
903 762 1
899 761 1
898 760 1
896 760 1
895 758 1
893 758 1
891 756 1
886 753 1
879 749 1
871 741 1
862 732 1
853 722 1
847 712 1
841 705 1
837 698 1
834 694 1
831 689 1
831 687 1
829 685 1
828 682 1
829 680 1
827 678 1
828 676 1
828 676 1
828 675 1
828 675 1
828 674 1
829 674 1
829 673 1
829 673 1
830 672 1
832 670 1
834 668 1
839 667 1
845 665 1
852 664 1
858 665 1
864 665 1
869 665 1
873 665 1
876 665 1
878 665 1
880 665 1
882 666 1
883 666 1
883 666 1
884 666 1
884 667 1
886 669 1
888 672 1
891 678 1
895 683 1
900 689 1
903 694 1
906 699 1
908 702 1
909 705 1
910 708 1
910 711 1
911 716 1
911 720 1
911 725 1
911 731 1
910 738 1
908 744 1
907 751 1
905 757 1
903 763 1
900 770 1
898 776 1
896 781 1
894 786 1
892 792 1
890 797 1
889 802 1
887 807 1
885 810 1
885 813 1
883 816 1
884 818 1
882 821 1
883 823 1
883 825 1
883 828 1
883 830 1
884 835 1
884 838 1
886 843 1
887 848 1
889 853 1
892 860 1
895 866 1
897 873 1
900 879 1
903 886 1
904 890 1
906 895 1
907 898 1
907 901 1
908 903 1
908 906 1
907 908 1
907 911 1
907 914 1
905 917 1
903 920 1
900 925 1
897 931 1
891 937 1
885 943 1
878 950 1
872 958 1
864 965 1
857 971 1
849 977 1
842 982 1
834 988 1
825 992 1
818 995 1
810 1000 1
801 1005 1
794 1009 1
787 1012 1
790 1011 0
667 533 1
667 533 1
667 533 1
667 533 1
667 533 1
667 533 1
667 533 1
667 533 1
667 533 1
667 533 1
667 533 1
667 533 1
667 533 1
667 533 1
667 533 1
667 534 1
667 538 1
667 542 1
667 547 1
668 552 1
669 556 1
669 561 1
671 564 1
671 568 1
672 573 1
673 576 1
673 579 1
674 582 1
675 585 1
676 588 1
676 591 1
677 594 1
678 597 1
678 600 1
680 605 1
680 607 1
681 610 1
681 612 1
682 615 1
682 617 1
682 619 1
683 621 1
683 624 1
684 627 1
684 630 1
685 634 1
685 637 1
686 641 1
686 644 1
686 649 1
687 652 1
688 657 1
689 662 1
690 665 1
691 670 1
692 673 1
693 676 1
693 679 1
693 682 1
694 685 1
694 688 1
694 690 1
695 692 1
695 694 1
695 695 1
696 696 1
696 697 1
697 700 1
697 703 1
698 708 1
698 713 1
699 717 1
700 721 1
700 725 1
701 728 1
701 730 1
702 732 1
702 733 1
702 734 1
703 736 1
703 737 1
704 739 1
705 740 1
706 742 1
706 744 1
707 747 1
707 752 1
709 757 1
710 763 1
710 768 1
712 774 1
713 779 1
715 784 1
715 790 1
717 795 1
718 800 1
719 805 1
720 810 1
721 813 1
722 816 1
722 818 1
723 821 1
723 822 1
724 824 1
724 824 1
725 825 1
725 826 1
725 826 1
726 827 1
726 828 1
726 829 1
726 830 1
724 831 1
724 833 1
721 838 1
714 845 1
707 850 1
699 856 1
693 860 1
687 863 1
683 865 1
680 867 1
677 868 1
675 868 1
672 869 1
671 869 1
669 870 1
665 870 1
654 868 1
642 867 1
631 864 1
621 858 1
613 852 1
604 845 1
598 839 1
593 833 1
588 827 1
585 821 1
583 816 1
581 811 1
581 808 1
579 803 1
578 790 1
579 780 1
580 772 1
581 764 1
582 756 1
583 751 1
584 746 1
585 742 1
586 738 1
587 734 1
588 730 1
589 727 1
589 725 1
590 723 1
590 722 1
591 722 1
592 721 1
593 721 1
593 720 1
594 719 1
594 719 1
595 719 1
595 719 1
595 719 1
595 719 1
595 719 1
595 719 1
595 719 1
595 719 1
595 719 1
595 719 1
596 720 1
597 721 1
599 724 1
601 734 1
605 745 1
610 757 1
614 768 1
617 777 1
620 786 1
622 796 1
623 804 1
624 812 1
625 819 1
626 826 1
626 833 1
627 839 1
627 844 1
627 851 1
628 857 1
628 866 1
628 876 1
629 885 1
629 894 1
629 902 1
629 910 1
629 918 1
628 927 1
628 938 1
627 950 1
627 961 1
624 970 1
623 978 1
621 986 1
620 995 1
618 1004 1
615 1014 1
610 1024 1
607 1032 1
604 1040 1
600 1047 1
597 1052 1
595 1056 1
593 1060 1
591 1064 1
591 1068 1
589 1071 1
589 1074 1
589 1078 1
588 1081 1
586 1085 1
586 1089 1
585 1094 1
583 1097 1
583 1103 1
581 1108 1
580 1112 1
578 1117 1
576 1122 1
575 1126 1
575 1130 1
574 1132 1
572 1135 1
572 1136 1
572 1137 1
571 1138 1
569 1139 1
569 1139 1
569 1139 1
569 1139 1
569 1139 1
569 1140 1
569 1140 1
569 1140 0
466 561 1
466 561 1
466 561 1
466 561 1
466 561 1
466 561 1
466 561 1
466 561 1
466 561 1
466 561 1
466 561 1
466 561 1
466 561 1
466 561 1
466 561 1
466 561 1
466 561 1
466 561 1
466 561 1
466 561 1
465 561 1
465 563 1
464 566 1
462 571 1
459 576 1
458 581 1
456 587 1
455 592 1
453 598 1
454 604 1
454 610 1
454 615 1
455 621 1
457 628 1
459 635 1
461 642 1
462 650 1
464 659 1
466 667 1
468 675 1
469 684 1
470 692 1
471 699 1
471 706 1
472 715 1
472 724 1
472 735 1
472 745 1
472 755 1
472 764 1
472 772 1
472 781 1
472 788 1
472 797 1
472 806 1
472 814 1
473 822 1
473 830 1
473 836 1
471 842 1
472 846 1
472 847 1
472 851 1
472 852 1
472 854 1
472 855 1
472 856 1
471 856 1
471 856 1
471 856 1
471 857 1
471 858 1
470 858 1
470 860 1
468 863 1
466 868 1
466 873 1
464 878 1
462 883 1
461 887 1
459 890 1
459 893 1
457 895 1
457 896 1
457 898 1
456 898 1
454 899 1
453 900 1
453 901 1
453 902 1
452 902 1
450 903 1
449 904 1
447 906 1
445 906 1
442 908 1
435 909 1
430 910 1
425 911 1
419 911 1
414 909 1
409 910 1
406 908 1
403 908 1
400 906 1
396 906 1
394 904 1
392 902 1
392 902 1
390 900 1
390 899 1
390 899 1
389 897 1
389 895 1
388 894 1
388 891 1
387 887 1
387 884 1
385 879 1
386 874 1
386 866 1
386 858 1
386 849 1
386 844 1
386 838 1
386 834 1
387 831 1
387 828 1
387 826 1
388 824 1
388 823 1
388 823 1
388 823 1
388 823 1
388 823 1
388 823 1
388 823 1
388 823 1
388 823 1
388 823 1
388 823 1
388 823 1
388 823 1
389 823 1
390 824 1
392 827 1
395 833 1
400 842 1
406 852 1
412 863 1
416 874 1
419 886 1
423 895 1
424 902 1
425 910 1
425 917 1
425 926 1
424 936 1
422 948 1
420 962 1
417 974 1
412 984 1
407 995 1
403 1007 1
400 1018 1
397 1029 1
396 1036 1
396 1044 1
395 1052 1
395 1058 1
395 1066 1
394 1073 1
394 1081 1
394 1089 1
392 1094 1
393 1099 1
393 1105 1
393 1110 1
393 1108 0
284 634 1
284 634 1
284 634 1
284 634 1
284 634 1
284 634 1
284 634 1
284 634 1
284 634 1
283 634 1
283 634 1
281 635 1
281 635 1
279 637 1
278 639 1
275 642 1
275 646 1
273 651 1
274 657 1
276 664 1
278 672 1
280 680 1
282 687 1
284 693 1
286 700 1
288 706 1
290 713 1
291 720 1
292 728 1
293 736 1
292 744 1
292 750 1
292 756 1
292 760 1
292 765 1
292 770 1
292 774 1
292 779 1
292 786 1
293 795 1
293 806 1
294 817 1
294 826 1
294 835 1
295 841 1
295 849 1
295 857 1
293 865 1
294 874 1
294 882 1
293 890 1
293 895 1
293 899 1
293 904 1
293 905 1
293 909 1
293 912 1
293 915 1
294 918 1
294 921 1
294 923 1
294 924 1
295 926 1
294 927 1
294 929 1
294 933 1
293 936 1
291 940 1
291 944 1
291 946 1
289 949 1
287 952 1
283 954 1
277 956 1
269 957 1
262 957 1
257 957 1
251 957 1
247 955 1
244 956 1
239 954 1
237 954 1
234 954 1
231 951 1
228 950 1
225 948 1
221 946 1
218 942 1
217 936 1
215 931 1
215 927 1
215 924 1
213 920 1
214 918 1
214 916 1
214 915 1
214 913 1
214 913 1
215 911 1
215 911 1
215 911 1
215 909 1
215 909 1
216 910 1
216 910 1
216 909 1
217 909 1
217 909 1
217 909 1
218 909 1
218 909 1
219 909 1
219 909 1
220 910 1
221 911 1
222 912 1
223 914 1
224 918 1
225 924 1
226 932 1
227 939 1
228 946 1
228 951 1
229 955 1
230 958 1
231 961 1
231 963 1
232 966 1
233 968 1
233 969 1
234 970 1
234 970 1
234 972 1
235 973 1
235 975 1
236 977 1
237 982 1
238 990 1
239 997 1
241 1007 1
242 1017 1
244 1025 1
245 1033 1
247 1040 1
248 1047 1
250 1053 1
251 1059 1
252 1066 1
253 1073 1
253 1082 1
253 1092 1
253 1101 1
251 1111 1
250 1120 1
244 1139 1
236 1152 1
229 1162 1
223 1172 1
218 1179 1
214 1187 1
210 1191 1
207 1196 1
204 1199 1
201 1205 1
195 1212 1
189 1220 1
180 1229 1
181 1229 0
