70 1387 1
70 1386 1
70 1386 1
70 1386 1
70 1386 1
70 1384 1
71 1381 1
73 1373 1
74 1361 1
77 1349 1
78 1337 1
81 1326 1
82 1311 1
83 1292 1
84 1272 1
86 1252 1
89 1233 1
92 1203 1
96 1183 1
102 1159 1
108 1136 1
112 1124 1
117 1114 1
120 1104 1
128 1081 1
134 1063 1
140 1045 1
145 1031 1
148 1018 1
152 998 1
155 978 1
158 957 1
159 935 1
159 921 1
157 910 1
157 901 1
155 891 1
151 883 1
145 874 1
137 865 1
131 858 1
126 853 1
121 850 1
118 846 1
116 844 1
114 842 1
114 842 1
114 840 1
114 840 1
114 840 1
114 840 1
114 840 1
114 840 1
113 840 1
111 840 1
111 840 1
112 839 1
111 839 1
111 837 1
111 837 1
111 837 1
111 837 1
111 837 1
109 838 1
110 839 1
110 841 1
110 851 1
110 869 1
109 891 1
107 910 1
106 927 1
104 940 1
104 950 1
103 958 1
101 964 1
102 970 1
102 974 1
101 979 1
102 984 1
102 987 1
103 992 1
104 995 1
105 998 1
106 1001 1
106 1003 1
107 1006 1
107 1011 1
109 1016 1
110 1024 1
111 1031 1
113 1038 1
114 1045 1
115 1052 1
116 1058 1
117 1065 1
118 1075 1
120 1084 1
124 1095 1
127 1103 1
129 1111 1
130 1117 1
132 1122 1
133 1127 1
134 1130 1
134 1135 1
135 1140 1
136 1145 1
136 1150 1
138 1156 1
138 1163 1
139 1169 1
140 1175 1
142 1181 1
142 1186 1
144 1192 1
145 1197 1
146 1200 1
147 1203 1
147 1206 1
148 1209 1
149 1213 1
150 1218 1
151 1223 1
152 1231 1
154 1238 1
155 1246 1
157 1254 1
159 1261 1
162 1268 1
164 1275 1
166 1283 1
169 1290 1
171 1297 1
173 1304 1
174 1310 1
176 1314 1
176 1317 1
177 1320 1
178 1322 1
178 1324 1
179 1327 1
180 1329 1
180 1331 1
181 1333 1
181 1335 1
182 1337 1
182 1340 1
183 1343 1
183 1347 1
184 1350 1
185 1355 1
186 1359 1
187 1363 1
188 1368 1
188 1372 1
189 1377 1
191 1381 1
191 1384 1
192 1387 1
193 1389 1
194 1392 1
194 1394 1
194 1396 1
195 1399 1
196 1400 1
197 1403 1
197 1404 1
199 1405 1
199 1406 1
199 1406 1
199 1406 1
199 1406 1
199 1406 1
199 1406 1
200 1406 1
200 1406 1
202 1406 1
203 1406 1
205 1404 1
206 1404 1
210 1402 1
211 1400 1
213 1399 1
215 1397 1
217 1395 1
219 1393 1
221 1392 1
223 1389 1
226 1386 1
231 1382 1
235 1376 1
240 1369 1
246 1360 1
252 1350 1
258 1340 1
261 1334 1
264 1328 1
267 1325 1
267 1322 1
268 1320 1
268 1318 1
269 1316 1
269 1314 1
269 1311 1
269 1307 1
269 1298 1
270 1287 1
271 1272 1
274 1255 1
276 1238 1
279 1222 1
280 1205 1
281 1190 1
281 1173 1
281 1158 1
281 1145 1
279 1133 1
276 1122 1
275 1111 1
272 1101 1
272 1092 1
272 1084 1
273 1072 1
276 1060 1
280 1047 1
284 1036 1
287 1027 1
289 1019 1
292 1011 1
293 1004 1
296 995 1
297 987 1
298 980 1
299 974 1
299 968 1
297 962 1
297 956 1
295 950 1
294 943 1
292 936 1
290 929 1
288 922 1
285 916 1
282 909 1
279 903 1
276 899 1
274 894 1
272 893 1
270 891 1
267 889 1
265 889 1
263 887 1
261 887 1
259 885 1
258 886 1
256 886 1
256 886 1
254 887 1
251 891 1
247 898 1
242 908 1
236 920 1
231 932 1
227 947 1
222 961 1
219 973 1
218 983 1
216 992 1
215 1002 1
215 1013 1
215 1023 1
216 1032 1
216 1039 1
217 1046 1
219 1051 1
219 1055 1
221 1061 1
222 1067 1
224 1073 1
226 1081 1
228 1087 1
230 1095 1
232 1102 1
234 1107 1
235 1111 1
237 1116 1
237 1119 1
239 1122 1
239 1126 1
241 1129 1
243 1133 1
243 1136 1
245 1140 1
246 1145 1
248 1150 1
249 1156 1
250 1160 1
251 1165 1
252 1168 1
253 1172 1
253 1175 1
255 1179 1
256 1184 1
258 1189 1
260 1194 1
263 1199 1
266 1203 1
270 1208 1
273 1215 1
277 1223 1
281 1231 1
284 1239 1
288 1247 1
291 1254 1
294 1260 1
297 1266 1
301 1274 1
305 1281 1
307 1288 1
310 1294 1
312 1301 1
314 1305 1
315 1311 1
317 1316 1
320 1322 1
322 1326 1
324 1331 1
325 1336 1
326 1339 1
327 1343 1
328 1346 1
328 1349 1
328 1354 1
329 1356 1
329 1359 1
329 1361 1
330 1364 1
330 1366 1
330 1368 1
331 1370 1
331 1373 1
332 1373 1
332 1374 1
332 1374 1
332 1374 1
332 1375 1
332 1375 1
332 1375 1
332 1375 1
332 1375 1
332 1375 1
332 1375 1
332 1375 1
332 1373 1
334 1372 1
337 1367 1
343 1361 1
347 1354 1
352 1346 1
356 1338 1
359 1331 1
363 1325 1
366 1319 1
368 1313 1
370 1307 1
371 1300 1
371 1293 1
371 1286 1
372 1278 1
372 1269 1
373 1258 1
374 1246 1
375 1232 1
376 1217 1
379 1200 1
382 1183 1
385 1165 1
388 1147 1
391 1128 1
392 1113 1
393 1099 1
393 1084 1
391 1070 1
388 1056 1
386 1043 1
381 1030 1
379 1019 1
376 1007 1
374 993 1
372 978 1
373 963 1
371 948 1
372 939 1
370 932 1
370 927 1
368 923 1
366 921 1
366 919 1
364 919 1
364 918 1
364 918 1
363 918 1
361 918 1
359 918 1
358 918 1
358 918 1
356 918 1
355 919 1
353 922 1
349 926 1
346 932 1
342 939 1
338 949 1
335 959 1
332 969 1
329 977 1
328 984 1
326 989 1
324 994 1
324 998 1
324 1001 1
323 1005 1
323 1008 1
323 1012 1
323 1015 1
324 1019 1
324 1024 1
325 1029 1
325 1034 1
326 1040 1
327 1046 1
329 1053 1
331 1063 1
333 1072 1
335 1084 1
337 1095 1
339 1105 1
340 1114 1
341 1120 1
342 1126 1
343 1131 1
343 1136 1
345 1141 1
349 1148 1
351 1154 1
354 1160 1
356 1164 1
358 1168 1
359 1170 1
360 1173 1
361 1176 1
361 1177 1
362 1180 1
362 1181 1
363 1184 1
364 1186 1
365 1188 1
366 1190 1
367 1192 1
368 1195 1
369 1198 1
370 1202 1
372 1209 1
375 1218 1
380 1231 1
385 1243 1
390 1253 1
394 1261 1
398 1269 1
402 1278 1
406 1286 1
411 1294 1
416 1301 1
418 1306 1
420 1310 1
422 1313 1
423 1316 1
424 1318 1
425 1320 1
426 1321 1
426 1322 1
426 1323 1
426 1323 1
427 1323 1
427 1325 1
427 1325 1
428 1328 1
428 1330 1
429 1333 1
429 1339 1
430 1346 1
431 1353 1
432 1362 1
432 1370 1
432 1377 1
432 1384 1
432 1389 1
432 1394 1
432 1398 1
433 1401 1
433 1404 1
433 1405 1
434 1408 1
434 1409 1
434 1410 1
434 1410 1
434 1410 1
434 1411 1
435 1412 1
437 1414 1
439 1415 1
441 1416 1
443 1417 1
447 1418 1
448 1419 1
449 1419 1
452 1419 1
453 1418 1
455 1418 1
457 1416 1
459 1414 1
461 1412 1
463 1408 1
466 1404 1
468 1399 1
471 1390 1
474 1378 1
479 1364 1
480 1351 1
484 1339 1
486 1325 1
488 1311 1
491 1297 1
494 1283 1
497 1270 1
500 1251 1
505 1228 1
511 1201 1
515 1174 1
517 1150 1
516 1126 1
513 1105 1
508 1081 1
501 1059 1
493 1039 1
487 1023 1
480 1012 1
472 1001 1
466 993 1
460 987 1
457 982 1
454 979 1
452 976 1
451 975 1
448 972 1
445 970 1
443 969 1
440 967 1
436 966 1
432 966 1
426 964 1
422 962 1
416 963 1
411 961 1
408 962 1
404 963 1
402 964 1
400 965 1
398 967 1
397 968 1
395 971 1
394 976 1
392 981 1
390 989 1
388 997 1
388 1009 1
386 1021 1
386 1034 1
386 1042 1
387 1052 1
387 1058 1
388 1066 1
390 1072 1
390 1076 1
391 1080 1
392 1084 1
393 1088 1
394 1091 1
395 1094 1
396 1097 1
398 1101 1
400 1104 1
401 1109 1
404 1113 1
406 1118 1
409 1123 1
412 1127 1
414 1132 1
418 1137 1
420 1142 1
424 1148 1
428 1155 1
433 1161 1
439 1170 1
444 1176 1
450 1182 1
455 1188 1
460 1192 1
463 1195 1
465 1198 1
467 1199 1
469 1201 1
470 1202 1
471 1203 1
471 1204 1
473 1206 1
475 1209 1
477 1212 1
480 1216 1
484 1222 1
489 1229 1
495 1237 1
501 1245 1
506 1252 1
511 1259 1
515 1265 1
517 1269 1
520 1274 1
522 1279 1
524 1284 1
527 1289 1
530 1296 1
532 1301 1
535 1307 1
537 1313 1
540 1319 1
543 1326 1
546 1331 1
549 1335 1
552 1339 1
554 1343 1
555 1346 1
557 1349 1
558 1353 1
560 1356 1
561 1360 1
564 1365 1
566 1369 1
568 1373 1
570 1377 1
571 1382 1
574 1385 1
575 1390 1
577 1395 1
579 1399 1
581 1404 1
584 1408 1
585 1412 1
587 1417 1
588 1421 1
589 1424 1
590 1427 1
591 1430 1
591 1432 1
592 1435 1
592 1437 1
592 1438 1
592 1439 1
592 1439 1
592 1440 1
592 1440 1
592 1440 1
592 1441 1
592 1441 1
592 1441 1
592 1441 1
592 1442 1
592 1442 1
592 1442 1
592 1442 1
592 1442 1
592 1442 1
592 1442 1
592 1442 1
592 1442 1
592 1442 1
592 1442 1
592 1441 1
593 1439 1
593 1435 1
595 1428 1
595 1419 1
597 1410 1
597 1400 1
598 1391 1
599 1381 1
600 1369 1
601 1355 1
601 1341 1
604 1326 1
607 1309 1
610 1291 1
615 1276 1
620 1262 1
625 1244 1
630 1225 1
635 1206 1
640 1193 1
643 1182 1
644 1174 1
645 1165 1
643 1152 1
641 1139 1
638 1125 1
635 1113 1
631 1102 1
625 1088 1
619 1074 1
614 1063 1
611 1054 1
607 1045 1
605 1038 1
602 1030 1
598 1022 1
591 1015 1
582 1007 1
566 1001 1
544 999 1
521 1000 1
498 1005 1
481 1009 1
468 1013 1
462 1014 1
458 1016 1
457 1017 1
457 1017 1
457 1017 1
457 1017 1
460 1018 1
463 1020 1
469 1023 1
476 1028 1
484 1037 1
492 1048 1
500 1061 1
508 1079 1
515 1096 1
520 1110 1
524 1121 1
527 1129 1
531 1136 1
536 1142 1
541 1149 1
549 1157 1
556 1165 1
563 1172 1
570 1179 1
576 1185 1
581 1191 1
587 1197 1
592 1203 1
596 1207 1
602 1213 1
607 1218 1
612 1223 1
617 1229 1
623 1236 1
630 1244 1
635 1251 1
640 1257 1
644 1262 1
649 1269 1
654 1274 1
658 1279 1
662 1285 1
667 1292 1
672 1298 1
675 1305 1
680 1311 1
684 1319 1
688 1324 1
692 1330 1
695 1334 1
697 1337 1
699 1340 1
701 1342 1
702 1345 1
704 1349 1
706 1351 1
707 1355 1
710 1358 1
711 1362 1
714 1366 1
716 1370 1
718 1375 1
720 1378 1
722 1383 1
724 1387 1
725 1391 1
727 1395 1
729 1399 1
731 1403 1
732 1406 1
734 1409 1
734 1410 1
735 1414 1
736 1414 1
736 1415 1
736 1415 1
736 1415 1
736 1416 1
736 1416 1
736 1416 1
736 1417 1
737 1417 1
737 1417 1
737 1418 1
737 1418 1
737 1418 1
737 1419 1
737 1419 1
737 1419 1
737 1420 1
737 1420 1
738 1420 1
738 1420 1
738 1421 1
738 1421 1
738 1421 1
738 1422 1
739 1422 1
739 1422 1
739 1423 1
739 1423 1
740 1423 1
740 1423 1
740 1423 1
741 1423 1
741 1423 1
741 1424 1
742 1424 1
742 1424 1
743 1424 1
744 1423 1
747 1423 1
749 1419 1
752 1416 1
754 1410 1
755 1404 1
755 1396 1
753 1385 1
750 1370 1
748 1351 1
746 1331 1
746 1309 1
746 1288 1
747 1268 1
748 1248 1
751 1226 1
755 1204 1
761 1184 1
764 1169 1
766 1158 1
768 1149 1
768 1141 1
765 1134 1
762 1127 1
759 1119 1
755 1110 1
752 1098 1
751 1082 1
749 1064 1
749 1044 1
749 1026 1
749 1008 1
748 995 1
746 985 1
744 977 1
742 971 1
740 968 1
738 965 1
736 963 1
736 962 1
734 962 1
734 962 1
733 962 1
733 962 1
732 962 1
732 962 1
731 962 1
728 963 1
726 965 1
723 969 1
719 974 1
715 981 1
710 988 1
707 996 1
703 1007 1
698 1018 1
695 1032 1
692 1046 1
690 1059 1
689 1073 1
687 1086 1
688 1099 1
688 1111 1
689 1121 1
691 1132 1
696 1144 1
700 1157 1
704 1168 1
708 1178 1
711 1187 1
713 1194 1
717 1202 1
720 1210 1
722 1217 1
724 1227 1
726 1235 1
729 1244 1
732 1253 1
735 1261 1
737 1267 1
741 1274 1
744 1281 1
747 1289 1
750 1299 1
753 1308 1
756 1317 1
758 1326 1
761 1334 1
763 1341 1
765 1351 1
769 1360 1
772 1369 1
775 1378 1
777 1385 1
780 1393 1
782 1398 1
784 1403 1
785 1406 1
786 1409 1
787 1412 1
788 1413 1
789 1416 1
789 1417 1
790 1419 1
791 1421 1
792 1423 1
794 1426 1
794 1427 1
795 1430 1
796 1432 1
797 1434 1
798 1437 1
800 1442 1
802 1445 1
803 1448 1
805 1451 1
805 1454 1
807 1457 1
808 1459 1
809 1461 1
810 1462 1
810 1462 1
810 1463 1
810 1463 1
810 1461 1
811 1462 1
812 1460 1
815 1459 1
817 1457 1
821 1454 1
823 1451 1
826 1446 1
829 1440 1
832 1432 1
835 1424 1
837 1415 1
839 1407 1
843 1399 1
845 1389 1
847 1375 1
849 1361 1
851 1349 1
854 1337 1
858 1320 1
863 1299 1
869 1274 1
873 1250 1
877 1228 1
879 1212 1
881 1200 1
882 1190 1
884 1180 1
885 1168 1
887 1152 1
889 1136 1
891 1120 1
892 1106 1
893 1091 1
893 1077 1
892 1064 1
890 1052 1
887 1042 1
884 1033 1
880 1026 1
875 1019 1
870 1014 1
866 1010 1
861 1007 1
859 1005 1
856 1003 1
853 1004 1
852 1004 1
849 1004 1
849 1004 1
849 1004 1
848 1005 1
846 1006 1
845 1008 1
843 1013 1
840 1021 1
839 1031 1
836 1046 1
832 1064 1
827 1086 1
823 1105 1
820 1123 1
820 1139 1
820 1155 1
822 1170 1
824 1182 1
827 1193 1
830 1200 1
833 1206 1
836 1214 1
839 1220 1
842 1228 1
844 1235 1
846 1243 1
849 1251 1
852 1261 1
856 1271 1
862 1282 1
868 1293 1
872 1303 1
877 1313 1
882 1322 1
885 1330 1
887 1337 1
890 1345 1
892 1355 1
894 1366 1
897 1377 1
898 1386 1
900 1394 1
900 1400 1
901 1406 1
901 1409 1
902 1412 1
902 1415 1
903 1419 1
904 1420 1
904 1422 1
905 1424 1
905 1424 1
905 1425 1
905 1425 1
905 1426 1
905 1426 1
905 1426 1
906 1427 1
906 1427 1
909 1428 1
912 1427 1
917 1427 1
920 1425 1
925 1422 1
930 1418 1
935 1413 1
939 1409 1
943 1403 1
946 1398 1
949 1394 1
951 1388 1
955 1379 1
957 1369 1
959 1358 1
960 1347 1
963 1334 1
965 1317 1
968 1296 1
971 1275 1
975 1255 1
977 1238 1
979 1223 1
981 1208 1
984 1193 1
987 1176 1
990 1156 1
992 1137 1
995 1114 1
997 1093 1
999 1072 1
1000 1057 1
1001 1044 1
1001 1038 1
1001 1032 1
1001 1030 1
999 1025 1
998 1022 1
996 1020 1
994 1017 1
992 1016 1
990 1016 1
988 1015 1
985 1013 1
984 1014 1
982 1014 1
980 1014 1
979 1015 1
976 1018 1
972 1026 1
966 1039 1
961 1059 1
956 1082 1
953 1112 1
949 1144 1
947 1175 1
948 1202 1
951 1225 1
955 1245 1
960 1260 1
964 1272 1
970 1283 1
977 1296 1
983 1310 1
989 1323 1
995 1336 1
1001 1348 1
1006 1363 1
1011 1378 1
1017 1392 1
1023 1403 1
1028 1414 1
1032 1420 1
1031 1418 0
