508 455 1
505 455 1
502 455 1
494 458 1
482 466 1
466 475 1
450 486 1
433 499 1
416 513 1
399 529 1
382 546 1
362 571 1
350 587 1
339 605 1
329 624 1
320 643 1
313 662 1
308 683 1
303 703 1
298 727 1
295 750 1
293 771 1
291 794 1
292 819 1
294 846 1
302 879 1
313 914 1
326 949 1
342 980 1
357 1010 1
371 1037 1
384 1059 1
397 1082 1
405 1099 1
414 1117 1
422 1134 1
431 1155 1
439 1176 1
446 1197 1
451 1219 1
454 1240 1
456 1262 1
458 1284 1
458 1305 1
457 1326 1
455 1345 1
453 1364 1
453 1381 1
453 1397 1
454 1410 1
456 1421 1
458 1431 1
462 1439 1
467 1448 1
476 1458 1
487 1467 1
498 1475 1
509 1480 1
520 1486 1
531 1490 1
542 1492 1
555 1495 1
569 1498 1
584 1498 1
597 1499 1
612 1499 1
629 1497 1
645 1494 1
662 1491 1
676 1486 1
689 1481 1
700 1478 1
709 1473 1
717 1468 1
723 1463 1
729 1457 1
735 1450 1
740 1439 1
744 1424 1
747 1407 1
749 1388 1
750 1365 1
752 1343 1
753 1322 1
753 1298 1
754 1274 1
754 1254 1
755 1235 1
755 1216 1
754 1195 1
752 1174 1
751 1152 1
752 1130 1
752 1110 1
752 1088 1
753 1069 1
753 1048 1
754 1029 1
756 1009 1
758 990 1
760 973 1
763 958 1
764 943 1
766 929 1
769 914 1
772 900 1
775 885 1
780 871 1
785 857 1
790 843 1
795 830 1
800 815 1
803 801 1
809 788 1
814 777 1
818 766 1
823 757 1
827 742 1
830 725 1
833 708 1
834 691 1
836 673 1
834 655 1
833 636 1
830 617 1
824 597 1
817 574 1
808 551 1
797 529 1
787 507 1
777 486 1
766 466 1
756 447 1
746 430 1
738 415 1
732 401 1
724 388 1
716 376 1
708 360 1
699 347 1
689 332 1
680 321 1
671 310 1
662 301 1
655 295 1
649 290 1
642 285 1
636 281 1
631 278 1
626 276 1
623 274 1
619 274 1
617 273 1
614 273 1
610 273 1
602 275 1
593 278 1
578 285 1
562 293 1
542 305 1
523 319 1
506 333 1
493 348 1
482 360 1
474 373 1
467 387 1
460 401 1
453 415 1
449 429 1
445 446 1
440 465 1
435 486 1
429 509 1
422 538 1
414 571 1
403 607 1
393 643 1
382 678 1
373 710 1
363 740 1
354 767 1
347 792 1
340 815 1
334 837 1
329 860 1
325 884 1
322 908 1
320 934 1
316 959 1
313 984 1
311 1009 1
310 1034 1
308 1057 1
308 1084 1
307 1111 1
307 1142 1
308 1177 1
308 1215 1
309 1256 1
310 1294 1
311 1327 1
313 1352 1
315 1376 1
318 1397 1
323 1417 1
330 1437 1
337 1455 1
344 1470 1
352 1486 1
363 1502 1
375 1518 1
390 1534 1
406 1548 1
422 1558 1
437 1566 1
452 1571 1
467 1576 1
485 1579 1
502 1581 1
519 1581 1
536 1579 1
552 1576 1
568 1569 1
584 1558 1
600 1545 1
615 1530 1
629 1515 1
644 1499 1
657 1483 1
669 1468 1
680 1455 1
690 1441 1
700 1426 1
711 1410 1
724 1391 1
736 1371 1
746 1350 1
754 1329 1
761 1307 1
768 1282 1
773 1255 1
776 1227 1
777 1197 1
778 1168 1
777 1137 1
775 1107 1
773 1077 1
773 1050 1
771 1025 1
772 1004 1
773 982 1
773 959 1
775 935 1
778 911 1
783 889 1
787 871 1
790 853 1
793 833 1
797 812 1
800 788 1
803 763 1
808 736 1
811 708 1
814 683 1
817 658 1
820 638 1
823 619 1
828 598 1
833 579 1
837 561 1
841 548 1
846 538 1
848 531 1
850 523 1
852 515 1
854 506 1
855 495 1
855 482 1
853 466 1
848 451 1
842 430 1
833 410 1
822 388 1
808 368 1
794 351 1
780 335 1
762 321 1
744 308 1
726 297 1
709 288 1
693 280 1
681 276 1
672 273 1
666 273 1
661 272 1
658 272 1
653 273 1
649 274 1
644 277 1
634 282 1
622 292 1
607 306 1
589 324 1
570 342 1
555 359 1
540 377 1
525 395 1
513 411 1
504 427 1
494 444 1
485 463 1
475 487 1
465 514 1
453 542 1
442 570 1
432 598 1
424 623 1
414 650 1
404 674 1
395 698 1
386 721 1
378 745 1
370 768 1
363 792 1
358 817 1
354 844 1
352 871 1
352 900 1
351 928 1
352 958 1
354 986 1
355 1014 1
357 1041 1
360 1070 1
362 1098 1
365 1127 1
367 1158 1
369 1187 1
371 1213 1
373 1238 1
376 1261 1
380 1283 1
383 1305 1
385 1328 1
386 1350 1
388 1371 1
389 1391 1
389 1408 1
391 1424 1
394 1440 1
400 1455 1
406 1469 1
415 1484 1
428 1502 1
445 1520 1
465 1537 1
485 1549 1
503 1557 1
520 1563 1
533 1567 1
548 1568 1
560 1568 1
573 1563 1
584 1558 1
596 1550 1
604 1542 1
612 1535 1
619 1526 1
631 1513 1
645 1495 1
659 1474 1
672 1453 1
684 1434 1
693 1418 1
701 1403 1
711 1388 1
720 1372 1
730 1353 1
741 1335 1
749 1319 1
756 1303 1
762 1285 1
768 1266 1
773 1247 1
778 1229 1
783 1211 1
785 1197 1
787 1182 1
789 1166 1
791 1150 1
795 1134 1
797 1116 1
800 1097 1
803 1079 1
807 1059 1
810 1042 1
813 1024 1
816 1007 1
819 992 1
823 978 1
827 964 1
830 949 1
834 936 1
838 924 1
841 912 1
843 902 1
846 889 1
850 876 1
855 860 1
860 846 1
865 832 1
868 820 1
872 809 1
874 797 1
877 785 1
879 774 1
881 762 1
882 748 1
882 731 1
882 713 1
878 695 1
874 674 1
869 653 1
863 635 1
858 618 1
853 603 1
849 589 1
844 575 1
842 565 1
838 555 1
835 546 1
833 537 1
828 525 1
823 512 1
819 501 1
812 485 1
807 471 1
799 455 1
790 438 1
781 422 1
771 407 1
762 394 1
753 383 1
744 374 1
736 366 1
730 361 1
723 355 1
716 352 1
709 350 1
703 349 1
695 349 1
688 351 1
677 355 1
664 360 1
644 369 1
621 380 1
595 393 1
568 409 1
543 423 1
515 439 1
492 455 1
469 472 1
450 486 1
433 500 1
417 513 1
404 526 1
390 541 1
379 556 1
369 571 1
359 586 1
350 601 1
342 618 1
334 633 1
326 651 1
318 671 1
310 691 1
302 714 1
294 738 1
288 766 1
282 797 1
278 832 1
277 872 1
280 916 1
286 962 1
294 1004 1
303 1043 1
313 1083 1
323 1122 1
335 1157 1
346 1189 1
358 1218 1
367 1242 1
375 1265 1
383 1287 1
391 1309 1
398 1330 1
406 1350 1
414 1369 1
422 1389 1
431 1411 1
441 1431 1
450 1451 1
461 1467 1
473 1483 1
488 1497 1
508 1513 1
529 1528 1
550 1538 1
571 1545 1
593 1547 1
614 1544 1
636 1537 1
658 1522 1
681 1501 1
703 1475 1
726 1446 1
744 1417 1
757 1389 1
766 1360 1
771 1334 1
777 1306 1
782 1275 1
786 1241 1
787 1207 1
788 1176 1
785 1146 1
782 1116 1
780 1087 1
779 1056 1
779 1026 1
779 1000 1
780 976 1
782 951 1
787 929 1
792 910 1
798 892 1
805 875 1
812 858 1
820 842 1
828 824 1
836 807 1
841 788 1
846 767 1
850 743 1
854 717 1
856 688 1
858 659 1
857 630 1
855 603 1
854 579 1
851 557 1
848 537 1
845 518 1
840 499 1
832 478 1
821 458 1
809 440 1
798 427 1
785 415 1
772 405 1
756 397 1
739 391 1
716 388 1
691 390 1
663 396 1
631 406 1
601 417 1
574 428 1
552 439 1
532 451 1
513 464 1
496 482 1
479 502 1
463 523 1
450 544 1
437 567 1
424 590 1
410 617 1
395 648 1
378 679 1
362 709 1
347 735 1
332 759 1
319 779 1
307 798 1
293 815 1
279 835 1
265 855 1
253 876 1
243 899 1
233 922 1
225 947 1
218 972 1
213 1000 1
209 1030 1
204 1062 1
200 1094 1
196 1121 1
193 1148 1
191 1172 1
191 1194 1
191 1216 1
192 1238 1
195 1258 1
198 1276 1
203 1293 1
208 1308 1
213 1323 1
218 1336 1
224 1352 1
231 1370 1
239 1388 1
246 1405 1
256 1423 1
265 1443 1
276 1466 1
288 1492 1
303 1518 1
316 1540 1
331 1559 1
346 1576 1
363 1591 1
381 1604 1
401 1615 1
423 1623 1
444 1628 1
466 1629 1
485 1627 1
503 1621 1
519 1614 1
535 1604 1
551 1591 1
568 1574 1
588 1552 1
609 1526 1
630 1500 1
648 1476 1
661 1455 1
672 1434 1
683 1413 1
693 1392 1
703 1370 1
713 1345 1
721 1320 1
726 1294 1
730 1268 1
733 1243 1
733 1218 1
729 1188 1
726 1158 1
721 1125 1
718 1095 1
714 1068 1
713 1048 1
712 1030 1
712 1011 1
713 986 1
719 959 1
726 932 1
734 908 1
741 886 1
748 865 1
756 844 1
764 822 1
775 796 1
786 771 1
794 746 1
801 724 1
805 702 1
809 683 1
810 663 1
810 647 1
810 633 1
811 620 1
810 605 1
808 590 1
803 571 1
799 554 1
794 538 1
789 520 1
784 503 1
778 485 1
770 469 1
762 454 1
754 443 1
747 434 1
740 427 1
737 424 1
734 422 1
732 420 1
730 421 1
728 421 1
725 422 1
720 424 1
712 427 1
699 435 1
681 443 1
661 457 1
638 474 1
614 490 1
593 507 1
573 525 1
553 545 1
536 564 1
519 584 1
504 603 1
492 620 1
482 639 1
473 657 1
464 676 1
457 698 1
450 720 1
445 743 1
439 768 1
433 796 1
426 827 1
421 859 1
415 894 1
409 927 1
403 958 1
396 987 1
387 1018 1
379 1047 1
369 1077 1
359 1106 1
350 1135 1
342 1160 1
336 1181 1
329 1201 1
325 1220 1
321 1240 1
318 1262 1
316 1284 1
314 1307 1
312 1327 1
313 1348 1
314 1369 1
316 1388 1
321 1406 1
326 1424 1
333 1444 1
341 1469 1
351 1494 1
363 1520 1
376 1543 1
389 1562 1
404 1578 1
422 1592 1
446 1602 1
473 1608 1
502 1606 1
530 1598 1
558 1586 1
586 1564 1
615 1533 1
646 1493 1
676 1443 1
704 1391 1
722 1340 1
736 1291 1
746 1245 1
756 1200 1
767 1150 1
779 1097 1
788 1040 1
797 987 1
800 941 1
802 899 1
804 863 1
804 830 1
805 795 1
807 755 1
808 716 1
810 679 1
808 644 1
807 612 1
805 583 1
804 554 1
802 528 1
801 506 1
799 487 1
796 470 1
792 452 1
785 434 1
778 418 1
769 405 1
760 393 1
749 387 1
738 382 1
727 379 1
717 379 1
704 381 1
688 385 1
667 395 1
642 410 1
613 430 1
587 451 1
562 474 1
538 497 1
516 521 1
494 545 1
475 572 1
455 598 1
439 626 1
420 656 1
403 685 1
387 716 1
374 743 1
361 772 1
350 800 1
340 827 1
330 861 1
320 896 1
312 933 1
304 967 1
298 1000 1
292 1031 1
287 1065 1
283 1102 1
278 1142 1
273 1181 1
269 1217 1
265 1248 1
262 1279 1
261 1307 1
262 1335 1
265 1362 1
269 1391 1
276 1420 1
285 1449 1
298 1479 1
313 1509 1
332 1535 1
352 1554 1
373 1570 1
396 1579 1
423 1587 1
457 1589 1
491 1588 1
524 1583 1
554 1573 1
585 1557 1
617 1535 1
651 1503 1
681 1470 1
707 1436 1
726 1404 1
743 1371 1
760 1335 1
777 1291 1
792 1245 1
804 1192 1
812 1142 1
815 1093 1
816 1050 1
816 1009 1
813 965 1
812 918 1
809 872 1
807 831 1
803 794 1
800 759 1
800 725 1
800 691 1
800 658 1
803 629 1
805 604 1
805 584 1
803 566 1
801 549 1
798 527 1
794 506 1
787 486 1
780 470 1
771 458 1
763 448 1
753 438 1
740 428 1
726 419 1
710 411 1
693 407 1
672 405 1
647 409 1
616 417 1
583 429 1
555 441 1
530 455 1
506 471 1
487 488 1
470 505 1
453 526 1
439 548 1
426 568 1
417 588 1
408 607 1
397 627 1
386 651 1
375 679 1
360 710 1
346 738 1
332 765 1
319 794 1
306 823 1
293 852 1
280 882 1
269 912 1
257 943 1
248 973 1
239 1004 1
229 1034 1
220 1067 1
210 1102 1
200 1138 1
192 1171 1
186 1203 1
184 1233 1
185 1265 1
186 1296 1
192 1331 1
202 1368 1
216 1401 1
232 1432 1
252 1460 1
273 1486 1
296 1511 1
322 1536 1
347 1555 1
372 1572 1
398 1585 1
424 1596 1
447 1601 1
471 1602 1
496 1600 1
519 1595 1
542 1585 1
564 1570 1
588 1544 1
615 1512 1
643 1472 1
672 1432 1
701 1391 1
725 1354 1
746 1320 1
762 1288 1
777 1254 1
791 1217 1
806 1175 1
817 1136 1
824 1104 1
828 1078 1
830 1053 1
831 1026 1
829 995 1
827 960 1
826 920 1
824 879 1
822 839 1
823 800 1
824 759 1
828 718 1
833 675 1
839 635 1
844 600 1
847 570 1
849 547 1
849 526 1
847 504 1
845 476 1
842 444 1
838 412 1
831 382 1
821 357 1
811 337 1
799 321 1
788 308 1
775 294 1
763 283 1
749 272 1
733 263 1
714 255 1
692 248 1
673 243 1
653 241 1
636 241 1
617 243 1
598 246 1
580 252 1
563 260 1
547 271 1
531 283 1
515 297 1
498 316 1
481 336 1
463 360 1
449 386 1
436 412 1
423 437 1
411 463 1
398 489 1
385 514 1
374 536 1
364 556 1
353 576 1
345 597 1
334 621 1
324 648 1
315 676 1
307 700 1
301 726 1
295 750 1
290 774 1
287 797 1
283 823 1
278 852 1
273 882 1
268 916 1
262 949 1
256 986 1
250 1023 1
245 1062 1
239 1100 1
235 1137 1
232 1172 1
230 1204 1
228 1234 1
227 1263 1
230 1292 1
234 1320 1
240 1347 1
248 1373 1
256 1397 1
266 1420 1
277 1442 1
290 1463 1
305 1482 1
324 1502 1
345 1524 1
369 1543 1
392 1559 1
414 1567 1
433 1574 1
455 1578 1
476 1578 1
496 1578 1
518 1573 1
539 1565 1
560 1552 1
581 1537 1
599 1522 1
616 1509 1
632 1497 1
647 1484 1
661 1472 1
673 1460 1
685 1448 1
696 1435 1
707 1420 1
715 1406 1
725 1388 1
736 1369 1
747 1345 1
762 1319 1
777 1286 1
792 1251 1
802 1218 1
807 1189 1
811 1163 1
813 1135 1
813 1101 1
811 1065 1
808 1026 1
805 989 1
803 956 1
799 926 1
796 895 1
792 862 1
790 826 1
790 788 1
791 753 1
794 720 1
799 688 1
804 662 1
808 640 1
812 621 1
815 604 1
818 588 1
820 570 1
823 552 1
825 532 1
826 512 1
826 490 1
822 463 1
817 437 1
809 413 1
800 391 1
789 372 1
776 356 1
761 338 1
743 321 1
723 306 1
702 295 1
681 286 1
660 283 1
641 281 1
620 286 1
600 292 1
579 304 1
558 322 1
537 344 1
516 371 1
495 402 1
475 433 1
458 461 1
442 489 1
424 519 1
409 545 1
395 571 1
383 595 1
372 616 1
363 635 1
354 653 1
348 671 1
341 691 1
335 711 1
330 732 1
325 755 1
322 778 1
319 802 1
316 829 1
314 860 1
312 892 1
310 925 1
306 959 1
304 990 1
303 1022 1
303 1053 1
303 1085 1
303 1118 1
303 1150 1
303 1181 1
303 1212 1
303 1243 1
303 1275 1
303 1306 1
303 1337 1
303 1366 1
306 1391 1
309 1412 1
314 1431 1
319 1448 1
326 1464 1
334 1479 1
347 1496 1
362 1513 1
378 1526 1
396 1538 1
414 1546 1
435 1550 1
458 1549 1
483 1544 1
510 1533 1
538 1517 1
566 1499 1
594 1476 1
620 1454 1
644 1429 1
663 1406 1
680 1384 1
692 1365 1
704 1346 1
714 1326 1
724 1303 1
733 1279 1
743 1252 1
752 1224 1
759 1194 1
766 1164 1
771 1134 1
776 1105 1
782 1072 1
788 1039 1
800 998 1
808 960 1
813 926 1
816 898 1
818 872 1
821 846 1
823 818 1
826 789 1
828 763 1
830 738 1
832 714 1
832 692 1
832 671 1
830 650 1
831 631 1
831 613 1
831 592 1
831 571 1
831 550 1
831 529 1
829 509 1
827 491 1
825 475 1
821 460 1
813 444 1
804 430 1
794 416 1
779 404 1
764 393 1
743 384 1
722 378 1
700 374 1
675 374 1
650 375 1
624 382 1
602 389 1
584 397 1
571 405 1
556 415 1
542 426 1
528 437 1
515 450 1
501 466 1
484 484 1
465 502 1
444 524 1
422 547 1
401 570 1
383 592 1
367 612 1
353 630 1
338 648 1
325 666 1
313 684 1
304 700 1
295 717 1
287 735 1
282 754 1
277 778 1
274 803 1
271 832 1
271 865 1
271 906 1
272 948 1
273 993 1
274 1040 1
274 1085 1
274 1129 1
276 1171 1
280 1207 1
283 1241 1
288 1271 1
292 1302 1
295 1332 1
299 1362 1
300 1390 1
302 1415 1
305 1438 1
309 1458 1
313 1476 1
317 1495 1
322 1513 1
329 1529 1
337 1541 1
346 1551 1
359 1559 1
372 1566 1
388 1572 1
407 1577 1
428 1580 1
453 1582 1
480 1578 1
509 1572 1
537 1561 1
564 1545 1
592 1524 1
618 1502 1
641 1479 1
662 1457 1
679 1434 1
694 1411 1
707 1388 1
718 1361 1
729 1329 1
737 1299 1
744 1267 1
749 1235 1
752 1204 1
755 1175 1
758 1138 1
761 1100 1
766 1058 1
772 1012 1
777 971 1
781 934 1
786 900 1
791 866 1
799 832 1
807 796 1
814 766 1
819 738 1
823 713 1
827 691 1
830 670 1
832 647 1
833 621 1
832 595 1
830 572 1
828 549 1
823 526 1
815 500 1
805 471 1
794 442 1
784 416 1
774 394 1
765 378 1
757 364 1
750 353 1
743 341 1
735 332 1
730 326 1
725 322 1
722 320 1
719 319 1
715 319 1
711 320 1
705 322 1
699 325 1
686 334 1
666 348 1
641 367 1
611 389 1
583 411 1
559 429 1
540 445 1
522 459 1
506 476 1
492 492 1
479 510 1
466 529 1
455 547 1
444 566 1
435 586 1
425 608 1
414 633 1
404 660 1
391 688 1
380 717 1
371 748 1
361 776 1
352 804 1
342 831 1
332 861 1
322 891 1
314 918 1
307 946 1
300 974 1
292 1004 1
284 1037 1
274 1071 1
267 1102 1
260 1133 1
255 1164 1
251 1192 1
249 1219 1
246 1247 1
246 1273 1
246 1298 1
245 1320 1
246 1340 1
247 1358 1
248 1373 1
251 1388 1
256 1401 1
261 1416 1
271 1433 1
284 1454 1
302 1478 1
325 1501 1
350 1525 1
375 1547 1
399 1562 1
422 1572 1
443 1580 1
462 1585 1
477 1587 1
491 1589 1
506 1587 1
520 1584 1
537 1576 1
553 1563 1
571 1546 1
591 1521 1
612 1494 1
635 1465 1
657 1436 1
678 1409 1
694 1381 1
709 1354 1
720 1328 1
730 1304 1
738 1280 1
747 1254 1
756 1223 1
765 1192 1
773 1159 1
778 1129 1
781 1100 1
783 1072 1
785 1046 1
788 1021 1
790 995 1
793 970 1
797 948 1
800 928 1
803 909 1
806 889 1
811 868 1
819 842 1
830 810 1
843 776 1
850 745 1
855 716 1
857 687 1
853 654 1
848 619 1
839 583 1
828 548 1
816 517 1
804 489 1
792 464 1
782 442 1
773 426 1
765 411 1
758 401 1
750 391 1
742 384 1
734 379 1
726 374 1
714 369 1
701 366 1
690 363 1
680 364 1
670 365 1
659 368 1
645 374 1
629 382 1
610 394 1
592 406 1
573 418 1
557 429 1
540 443 1
524 457 1
507 472 1
492 487 1
480 499 1
468 512 1
457 525 1
445 541 1
434 557 1
422 573 1
413 589 1
402 607 1
393 622 1
385 636 1
376 651 1
367 668 1
358 686 1
351 704 1
342 724 1
334 745 1
326 765 1
316 792 1
305 819 1
294 846 1
283 872 1
273 896 1
263 920 1
253 946 1
242 970 1
233 994 1
223 1016 1
215 1037 1
208 1056 1
204 1072 1
199 1089 1
195 1105 1
192 1118 1
190 1131 1
190 1143 1
190 1157 1
191 1172 1
192 1191 1
197 1212 1
202 1238 1
207 1263 1
213 1289 1
220 1313 1
227 1338 1
235 1365 1
247 1392 1
259 1416 1
273 1439 1
289 1459 1
305 1476 1
328 1498 1
352 1520 1
375 1540 1
396 1556 1
414 1567 1
431 1575 1
445 1583 1
460 1588 1
472 1591 1
486 1592 1
500 1590 1
517 1586 1
538 1577 1
561 1559 1
587 1537 1
614 1511 1
643 1480 1
672 1446 1
697 1412 1
718 1383 1
733 1357 1
745 1334 1
759 1306 1
771 1278 1
785 1241 1
797 1202 1
810 1160 1
819 1119 1
826 1079 1
831 1042 1
836 1004 1
841 967 1
845 931 1
847 902 1
849 878 1
849 858 1
849 839 1
848 816 1
849 793 1
849 769 1
850 749 1
850 729 1
853 706 1
857 675 1
860 645 1
862 617 1
862 593 1
860 571 1
858 548 1
854 525 1
851 501 1
848 482 1
845 464 1
840 451 1
837 440 1
834 432 1
832 425 1
829 420 1
827 417 1
826 415 1
824 413 1
825 413 1
825 413 1
824 412 1
824 412 1
823 412 1
821 411 1
820 410 1
818 410 1
814 409 1
805 409 1
790 408 1
775 407 1
757 407 1
737 407 1
722 407 1
709 409 1
698 411 1
689 414 1
680 419 1
669 423 1
656 429 1
639 437 1
620 449 1
601 462 1
582 479 1
563 494 1
544 509 1
525 525 1
506 539 1
489 553 1
474 565 1
461 577 1
449 586 1
439 596 1
428 606 1
419 615 1
409 624 1
399 634 1
390 643 1
376 654 1
364 666 1
352 681 1
339 695 1
324 713 1
309 734 1
296 755 1
283 776 1
272 800 1
261 827 1
253 855 1
245 886 1
240 919 1
236 951 1
235 983 1
235 1013 1
238 1041 1
244 1068 1
250 1094 1
259 1122 1
267 1152 1
277 1180 1
288 1208 1
301 1235 1
311 1257 1
321 1277 1
330 1302 1
340 1324 1
349 1343 1
359 1363 1
368 1381 1
380 1401 1
392 1422 1
405 1445 1
418 1464 1
429 1485 1
439 1506 1
452 1528 1
464 1548 1
477 1567 1
492 1582 1
507 1594 1
522 1602 1
536 1607 1
549 1610 1
559 1611 1
571 1607 1
587 1598 1
609 1577 1
635 1549 1
660 1513 1
681 1483 1
700 1449 1
719 1411 1
737 1368 1
755 1323 1
769 1281 1
782 1241 1
794 1202 1
803 1162 1
810 1120 1
817 1080 1
821 1043 1
825 1007 1
827 971 1
830 937 1
834 902 1
838 868 1
841 835 1
844 800 1
846 763 1
848 728 1
849 694 1
851 661 1
851 632 1
851 605 1
851 580 1
850 556 1
847 533 1
844 510 1
841 489 1
836 471 1
830 451 1
823 431 1
813 409 1
801 387 1
790 368 1
778 355 1
765 344 1
755 336 1
744 329 1
732 322 1
719 317 1
706 315 1
695 315 1
684 316 1
672 319 1
659 325 1
644 333 1
629 343 1
615 354 1
600 366 1
585 380 1
569 396 1
553 412 1
537 432 1
522 452 1
507 471 1
495 490 1
483 512 1
470 533 1
457 555 1
444 579 1
430 606 1
415 637 1
401 670 1
388 705 1
375 742 1
362 779 1
350 817 1
338 855 1
329 890 1
320 928 1
310 967 1
299 1010 1
287 1057 1
276 1106 1
264 1152 1
254 1192 1
245 1221 1
239 1246 1
236 1268 1
234 1287 1
234 1304 1
235 1318 1
236 1330 1
239 1341 1
245 1354 1
252 1369 1
261 1384 1
272 1400 1
286 1415 1
300 1433 1
319 1451 1
338 1468 1
359 1488 1
381 1510 1
407 1531 1
432 1550 1
453 1564 1
473 1575 1
490 1583 1
506 1588 1
518 1590 1
529 1591 1
538 1588 1
550 1583 1
565 1570 1
582 1552 1
601 1527 1
619 1500 1
637 1475 1
650 1452 1
662 1430 1
673 1409 1
684 1387 1
694 1363 1
702 1341 1
710 1320 1
717 1297 1
724 1276 1
732 1255 1
742 1231 1
752 1206 1
761 1181 1
771 1155 1
780 1127 1
787 1102 1
794 1075 1
801 1051 1
806 1024 1
811 995 1
816 968 1
820 941 1
823 918 1
826 895 1
829 873 1
832 852 1
835 831 1
837 808 1
839 784 1
842 757 1
843 731 1
844 703 1
844 677 1
842 652 1
840 628 1
837 607 1
836 586 1
834 567 1
832 549 1
831 530 1
829 512 1
827 497 1
824 483 1
819 468 1
812 454 1
804 438 1
795 424 1
785 411 1
775 399 1
763 388 1
749 379 1
735 370 1
720 363 1
705 357 1
690 353 1
678 352 1
669 352 1
660 356 1
645 366 1
625 383 1
601 408 1
573 438 1
543 471 1
514 509 1
484 549 1
454 596 1
426 647 1
399 700 1
374 756 1
352 818 1
334 884 1
320 954 1
309 1034 1
300 1109 1
292 1191 1
287 1269 1
283 1344 1
282 1377 1
283 1354 0
