494 912 1
492 912 1
492 912 1
491 912 1
491 912 1
491 912 1
491 912 1
491 911 1
489 911 1
486 909 1
484 909 1
481 907 1
478 905 1
476 904 1
474 902 1
473 902 1
473 900 1
472 899 1
472 899 1
472 898 1
472 898 1
471 899 1
471 898 1
471 897 1
472 895 1
473 893 1
476 890 1
478 887 1
481 885 1
484 883 1
488 881 1
491 880 1
495 880 1
498 879 1
501 879 1
505 879 1
509 880 1
512 881 1
515 881 1
519 882 1
522 884 1
525 885 1
527 887 1
530 889 1
533 891 1
535 894 1
537 899 1
540 904 1
541 909 1
542 914 1
542 921 1
541 929 1
540 938 1
538 947 1
538 956 1
535 963 1
533 970 1
529 976 1
526 981 1
521 986 1
515 991 1
506 996 1
497 1000 1
488 1003 1
479 1006 1
469 1008 1
461 1010 1
451 1009 1
443 1007 1
435 1003 1
427 999 1
419 992 1
413 984 1
407 976 1
402 969 1
398 960 1
395 950 1
392 940 1
389 928 1
387 917 1
387 908 1
387 898 1
388 889 1
389 881 1
391 873 1
394 864 1
399 854 1
407 843 1
416 831 1
426 820 1
439 808 1
456 793 1
474 780 1
491 770 1
505 763 1
518 757 1
529 754 1
540 752 1
552 752 1
563 753 1
576 756 1
587 762 1
597 770 1
607 780 1
616 789 1
623 799 1
630 810 1
635 821 1
640 832 1
642 844 1
645 855 1
646 868 1
647 882 1
645 897 1
642 909 1
639 924 1
632 938 1
625 954 1
617 968 1
607 982 1
595 996 1
581 1009 1
568 1022 1
557 1033 1
545 1043 1
534 1051 1
523 1056 1
514 1062 1
506 1065 1
498 1069 1
489 1072 1
481 1075 1
472 1077 1
463 1079 1
450 1081 1
436 1082 1
423 1082 1
411 1080 1
398 1077 1
384 1071 1
369 1065 1
355 1055 1
342 1046 1
332 1035 1
323 1024 1
312 1009 1
304 995 1
297 980 1
289 966 1
283 951 1
276 936 1
271 922 1
268 907 1
266 893 1
266 879 1
267 866 1
270 853 1
272 838 1
275 820 1
278 800 1
281 780 1
286 759 1
291 741 1
296 724 1
300 710 1
303 699 1
307 689 1
310 682 1
313 675 1
317 669 1
322 663 1
328 658 1
336 653 1
346 648 1
358 644 1
371 642 1
387 640 1
402 641 1
418 641 1
434 642 1
450 643 1
465 645 1
481 648 1
496 652 1
511 655 1
523 659 1
535 662 1
547 668 1
559 673 1
570 679 1
580 685 1
592 692 1
602 700 1
612 706 1
621 712 1
630 720 1
638 728 1
644 737 1
651 745 1
655 754 1
659 762 1
662 770 1
665 776 1
668 784 1
670 792 1
673 799 1
675 807 1
677 814 1
681 822 1
684 829 1
687 838 1
691 845 1
694 852 1
697 860 1
700 867 1
704 876 1
706 885 1
707 894 1
709 905 1
709 918 1
708 933 1
705 951 1
702 971 1
697 989 1
691 1010 1
686 1030 1
679 1050 1
672 1066 1
664 1082 1
655 1099 1
647 1110 1
638 1122 1
629 1130 1
619 1137 1
608 1144 1
596 1149 1
582 1155 1
568 1159 1
553 1163 1
537 1165 1
520 1167 1
500 1167 1
477 1165 1
457 1163 1
437 1160 1
420 1157 1
404 1155 1
388 1152 1
375 1148 1
361 1144 1
347 1139 1
332 1133 1
319 1126 1
305 1117 1
291 1106 1
278 1097 1
265 1085 1
253 1072 1
242 1059 1
231 1045 1
220 1032 1
209 1016 1
198 999 1
188 980 1
178 961 1
170 943 1
164 926 1
158 908 1
153 890 1
149 871 1
147 853 1
145 834 1
146 815 1
150 793 1
156 769 1
164 744 1
174 719 1
182 697 1
193 676 1
206 656 1
220 638 1
236 623 1
252 612 1
266 603 1
280 595 1
293 591 1
310 586 1
327 583 1
347 583 1
366 583 1
386 585 1
406 587 1
426 590 1
445 594 1
464 600 1
483 606 1
499 613 1
515 619 1
530 627 1
543 634 1
553 641 1
562 646 1
571 653 1
582 660 1
593 670 1
604 681 1
616 692 1
625 700 1
634 708 1
644 718 1
655 728 1
664 739 1
674 751 1
682 762 1
691 771 1
698 780 1
706 789 1
713 799 1
719 808 1
726 819 1
732 829 1
739 840 1
743 849 1
748 860 1
753 871 1
756 882 1
759 893 1
762 904 1
763 914 1
764 926 1
764 942 1
762 960 1
758 982 1
753 1004 1
748 1026 1
743 1048 1
739 1070 1
734 1092 1
729 1111 1
724 1127 1
719 1141 1
714 1156 1
709 1171 1
702 1185 1
693 1200 1
682 1213 1
669 1227 1
652 1240 1
635 1252 1
618 1261 1
602 1269 1
588 1274 1
575 1278 1
563 1282 1
551 1284 1
540 1286 1
528 1287 1
515 1287 1
504 1286 1
489 1286 1
472 1284 1
452 1280 1
427 1275 1
401 1270 1
378 1262 1
355 1255 1
331 1247 1
305 1237 1
279 1225 1
251 1212 1
224 1198 1
201 1183 1
184 1171 1
171 1160 1
161 1147 1
151 1133 1
141 1119 1
131 1101 1
123 1079 1
114 1053 1
103 1022 1
92 988 1
85 952 1
83 920 1
84 891 1
86 865 1
92 839 1
98 813 1
104 788 1
110 762 1
116 736 1
121 714 1
128 695 1
134 679 1
141 665 1
149 651 1
158 638 1
169 627 1
181 617 1
195 609 1
213 600 1
231 592 1
252 584 1
274 578 1
296 573 1
317 568 1
338 567 1
357 564 1
376 562 1
394 563 1
412 563 1
428 565 1
446 567 1
464 570 1
482 573 1
501 579 1
522 585 1
544 594 1
566 605 1
589 619 1
610 631 1
630 644 1
649 657 1
666 672 1
685 688 1
703 704 1
718 718 1
734 733 1
748 748 1
762 763 1
774 777 1
784 791 1
793 806 1
802 820 1
809 834 1
814 846 1
818 858 1
822 869 1
825 881 1
828 894 1
831 908 1
833 921 1
835 934 1
836 947 1
838 960 1
839 971 1
839 983 1
839 998 1
837 1014 1
837 1033 1
835 1051 1
831 1072 1
826 1094 1
821 1118 1
816 1141 1
810 1163 1
803 1184 1
796 1202 1
789 1219 1
783 1233 1
775 1246 1
767 1258 1
757 1268 1
746 1278 1
731 1289 1
716 1298 1
701 1309 1
686 1317 1
672 1324 1
658 1329 1
646 1333 1
635 1336 1
625 1340 1
616 1341 1
607 1344 1
598 1345 1
589 1346 1
576 1348 1
566 1348 1
555 1349 1
544 1350 1
533 1351 1
520 1351 1
507 1350 1
492 1348 1
478 1347 1
463 1346 1
448 1344 1
434 1342 1
419 1340 1
404 1338 1
391 1337 1
378 1334 1
366 1331 1
354 1329 1
342 1326 1
333 1323 1
323 1320 1
313 1317 1
302 1314 1
290 1311 1
278 1306 1
267 1301 1
255 1297 1
243 1292 1
230 1286 1
216 1280 1
204 1272 1
193 1265 1
182 1257 1
170 1248 1
160 1238 1
149 1227 1
139 1214 1
130 1202 1
124 1192 1
121 1185 1
119 1180 1
117 1175 1
117 1172 1
116 1170 1
116 1168 1
117 1165 1
117 1163 1
118 1161 1
119 1159 1
121 1157 1
121 1158 0
