127 1417 1
127 1416 1
127 1416 1
127 1416 1
127 1416 1
127 1416 1
127 1416 1
127 1411 1
130 1402 1
134 1388 1
141 1370 1
148 1355 1
154 1340 1
160 1324 1
168 1308 1
176 1292 1
185 1278 1
192 1264 1
199 1253 1
205 1242 1
219 1224 1
231 1208 1
242 1192 1
252 1176 1
259 1165 1
263 1156 1
268 1144 1
274 1122 1
276 1108 1
278 1093 1
278 1078 1
277 1061 1
275 1045 1
272 1030 1
267 1018 1
263 1006 1
258 995 1
253 984 1
247 974 1
242 964 1
239 956 1
236 951 1
232 945 1
229 941 1
228 938 1
226 935 1
224 932 1
224 931 1
222 931 1
221 930 1
221 928 1
218 927 1
217 928 1
215 926 1
214 927 1
210 926 1
207 926 1
202 926 1
196 927 1
190 929 1
184 931 1
177 935 1
173 942 1
168 948 1
162 957 1
156 966 1
151 976 1
145 987 1
141 996 1
138 1004 1
136 1012 1
134 1019 1
134 1026 1
133 1033 1
133 1040 1
132 1047 1
133 1056 1
134 1067 1
138 1079 1
143 1090 1
149 1099 1
157 1108 1
166 1116 1
174 1123 1
183 1130 1
192 1138 1
201 1143 1
210 1149 1
220 1155 1
228 1160 1
236 1164 1
243 1168 1
251 1172 1
258 1176 1
267 1181 1
278 1186 1
291 1191 1
304 1195 1
317 1201 1
329 1205 1
341 1209 1
354 1213 1
367 1216 1
379 1221 1
391 1225 1
404 1229 1
418 1235 1
429 1240 1
439 1246 1
447 1251 1
453 1257 1
460 1262 1
465 1267 1
472 1274 1
477 1283 1
484 1294 1
487 1306 1
490 1316 1
492 1326 1
493 1334 1
493 1340 1
493 1347 1
492 1350 1
489 1354 1
486 1357 1
482 1360 1
476 1363 1
467 1365 1
459 1365 1
449 1365 1
440 1363 1
434 1361 1
427 1361 1
422 1360 1
419 1360 1
415 1359 1
410 1358 1
404 1358 1
398 1357 1
393 1357 1
386 1356 1
381 1355 1
376 1355 1
371 1354 1
367 1354 1
363 1352 1
359 1353 1
356 1353 1
352 1354 1
349 1354 1
346 1356 1
342 1357 1
339 1359 1
333 1362 1
329 1364 1
326 1367 1
321 1370 1
314 1375 1
308 1380 1
301 1386 1
295 1391 1
290 1395 1
286 1398 1
281 1402 1
274 1407 1
266 1412 1
253 1416 1
235 1418 1
216 1420 1
197 1420 1
184 1418 1
174 1416 1
168 1416 1
163 1414 1
160 1414 1
158 1413 1
156 1413 1
156 1413 1
156 1413 1
156 1413 1
155 1412 1
152 1412 1
149 1411 1
147 1410 1
144 1408 1
143 1408 1
141 1408 1
142 1408 0
600 1228 1
600 1228 1
600 1228 1
600 1228 1
600 1228 1
600 1228 1
600 1227 1
600 1223 1
601 1219 1
603 1208 1
607 1194 1
610 1176 1
614 1158 1
619 1140 1
624 1121 1
627 1105 1
632 1090 1
636 1075 1
641 1061 1
645 1046 1
649 1034 1
654 1023 1
657 1014 1
662 1004 1
666 995 1
670 985 1
675 976 1
680 966 1
685 956 1
689 947 1
695 937 1
701 927 1
707 919 1
712 910 1
717 902 1
722 892 1
726 883 1
730 874 1
732 865 1
734 857 1
735 849 1
733 842 1
733 835 1
731 829 1
729 824 1
727 820 1
727 817 1
725 814 1
723 811 1
722 809 1
720 807 1
718 806 1
712 806 1
704 806 1
692 806 1
680 807 1
666 811 1
653 817 1
640 823 1
630 829 1
621 835 1
614 839 1
608 842 1
603 846 1
596 852 1
590 857 1
583 863 1
577 869 1
572 874 1
569 877 1
566 882 1
563 886 1
562 891 1
560 897 1
561 905 1
560 914 1
560 924 1
561 937 1
563 949 1
566 962 1
574 975 1
584 986 1
592 994 1
603 1002 1
613 1009 1
626 1017 1
638 1023 1
650 1028 1
659 1032 1
668 1035 1
675 1037 1
683 1040 1
692 1042 1
701 1043 1
711 1044 1
720 1045 1
730 1046 1
738 1047 1
746 1049 1
752 1051 1
761 1054 1
768 1055 1
776 1057 1
783 1059 1
791 1062 1
799 1064 1
807 1066 1
814 1069 1
820 1072 1
825 1074 1
830 1077 1
835 1080 1
840 1083 1
845 1087 1
849 1089 1
852 1092 1
855 1095 1
859 1099 1
861 1103 1
865 1108 1
868 1111 1
871 1117 1
873 1122 1
876 1126 1
877 1131 1
879 1137 1
880 1142 1
881 1149 1
882 1154 1
882 1160 1
883 1166 1
883 1171 1
883 1178 1
883 1183 1
882 1190 1
881 1195 1
879 1201 1
878 1206 1
875 1213 1
872 1221 1
866 1231 1
861 1239 1
855 1248 1
849 1254 1
843 1261 1
838 1265 1
831 1270 1
825 1275 1
817 1279 1
809 1283 1
802 1287 1
795 1291 1
788 1294 1
781 1296 1
775 1299 1
771 1301 1
768 1301 1
765 1303 1
762 1303 1
762 1304 1
762 1304 1
762 1304 1
762 1304 1
762 1304 1
762 1304 1
762 1304 1
762 1304 1
762 1304 1
762 1304 1
762 1304 1
762 1302 1
760 1303 1
760 1303 1
761 1302 1
761 1302 1
761 1301 1
761 1301 1
760 1300 1
760 1300 1
760 1299 1
760 1298 1
760 1298 1
759 1297 1
759 1295 1
757 1295 1
755 1292 1
752 1290 1
751 1289 1
749 1287 1
747 1287 1
745 1285 1
744 1286 1
745 1285 1
743 1285 1
743 1285 1
741 1285 1
738 1285 1
735 1285 1
732 1286 1
728 1287 1
724 1288 1
719 1289 1
715 1290 1
712 1292 1
707 1293 1
703 1295 1
698 1297 1
694 1299 1
690 1303 1
685 1305 1
682 1308 1
679 1311 1
676 1314 1
674 1316 1
672 1318 1
671 1320 1
669 1322 1
667 1325 1
666 1326 1
664 1329 1
662 1331 1
661 1332 1
659 1334 1
657 1334 1
655 1335 1
652 1336 1
650 1337 1
647 1337 1
644 1338 1
640 1338 1
635 1338 1
623 1336 1
611 1334 1
600 1331 1
592 1329 1
585 1327 1
582 1327 1
578 1326 1
576 1326 1
576 1325 1
574 1325 1
575 1324 1
574 1324 1
574 1322 1
573 1323 1
573 1321 1
572 1319 1
570 1316 1
568 1312 1
568 1306 1
567 1297 1
567 1286 1
568 1272 1
570 1258 1
572 1244 1
576 1230 1
580 1213 1
588 1194 1
597 1172 1
610 1147 1
626 1122 1
646 1095 1
671 1067 1
672 1067 1
672 1067 0
924 1054 1
924 1054 1
924 1054 1
924 1054 1
924 1054 1
924 1054 1
924 1054 1
924 1054 1
924 1054 1
923 1053 1
923 1049 1
924 1044 1
925 1035 1
927 1022 1
931 1008 1
935 989 1
939 972 1
944 954 1
948 936 1
953 917 1
956 893 1
963 854 1
963 834 1
963 815 1
964 800 1
964 789 1
963 778 1
963 767 1
962 759 1
960 751 1
958 745 1
957 740 1
955 735 1
953 732 1
949 730 1
945 728 1
929 729 1
911 730 1
890 736 1
878 742 1
869 745 1
863 748 1
857 751 1
852 753 1
849 754 1
847 756 1
843 759 1
840 766 1
838 775 1
837 784 1
835 794 1
836 805 1
836 816 1
837 828 1
838 839 1
840 850 1
845 860 1
852 869 1
858 877 1
865 884 1
872 889 1
878 894 1
887 899 1
896 902 1
907 907 1
917 910 1
925 913 1
933 914 1
941 916 1
949 917 1
958 918 1
967 918 1
974 920 1
980 920 1
985 921 1
988 921 1
991 922 1
995 923 1
996 923 1
998 924 1
1000 925 1
1000 925 1
1001 926 1
1001 927 1
1003 929 1
1004 933 1
1005 941 1
1007 952 1
1008 963 1
1010 974 1
1011 983 1
1011 992 1
1012 1000 1
1012 1008 1
1013 1017 1
1011 1025 1
1012 1034 1
1011 1042 1
1011 1052 1
1009 1059 1
1009 1068 1
1006 1075 1
1005 1081 1
1005 1086 1
1004 1090 1
1003 1093 1
1001 1096 1
1001 1098 1
999 1100 1
998 1103 1
998 1104 1
998 1105 1
996 1106 1
996 1106 1
996 1106 1
996 1106 1
996 1106 1
996 1106 1
996 1106 1
996 1106 1
996 1106 1
996 1106 1
996 1106 1
996 1106 1
996 1106 1
996 1106 1
993 1102 1
988 1098 1
979 1089 1
969 1079 1
959 1067 1
951 1058 1
944 1049 1
940 1042 1
937 1036 1
932 1029 1
928 1018 1
927 1013 1
928 1017 0
