1010 365 1
1010 365 1
1010 365 1
1010 365 1
1009 365 1
1009 368 1
1009 375 1
1008 385 1
1008 397 1
1008 412 1
1008 427 1
1008 443 1
1008 461 1
1009 477 1
1010 493 1
1011 507 1
1013 522 1
1014 535 1
1014 546 1
1015 556 1
1015 563 1
1015 569 1
1015 574 1
1014 580 1
1014 586 1
1012 595 1
1012 604 1
1012 612 1
1010 619 1
1008 624 1
1007 628 1
1007 632 1
1005 637 1
1005 640 1
1003 646 1
1001 651 1
1000 658 1
998 664 1
996 672 1
995 680 1
993 687 1
992 693 1
990 698 1
989 704 1
989 708 1
987 713 1
988 716 1
987 721 1
987 727 1
987 734 1
987 740 1
987 747 1
988 752 1
988 757 1
988 761 1
989 766 1
989 769 1
989 772 1
990 775 1
990 777 1
990 780 1
990 782 1
990 783 1
990 784 1
990 786 1
989 788 1
989 792 1
987 798 1
985 805 1
982 810 1
977 815 1
972 818 1
966 822 1
959 826 1
953 829 1
947 830 1
941 832 1
935 832 1
930 832 1
924 832 1
920 832 1
915 832 1
911 832 1
906 831 1
900 831 1
895 830 1
889 828 1
884 826 1
878 826 1
873 824 1
867 821 1
863 818 1
857 813 1
852 808 1
847 805 1
844 799 1
841 795 1
838 792 1
836 788 1
834 783 1
832 778 1
832 774 1
832 769 1
831 764 1
830 761 1
830 757 1
830 753 1
830 750 1
830 745 1
830 742 1
831 739 1
831 735 1
832 731 1
834 728 1
834 725 1
836 723 1
838 719 1
841 718 1
844 716 1
849 716 1
854 714 1
858 713 1
862 714 1
865 712 1
868 713 1
871 713 1
874 713 1
875 713 1
877 714 1
878 714 1
879 715 1
881 716 1
881 717 1
883 718 1
885 722 1
888 729 1
891 736 1
895 743 1
899 750 1
901 756 1
903 760 1
904 763 1
905 767 1
906 771 1
906 774 1
906 778 1
907 781 1
907 786 1
907 791 1
907 795 1
907 800 1
907 805 1
905 810 1
906 815 1
906 818 1
905 822 1
905 826 1
905 830 1
904 835 1
902 840 1
902 845 1
900 851 1
897 856 1
894 862 1
889 868 1
884 873 1
879 878 1
875 882 1
871 884 1
867 887 1
864 889 1
861 890 1
858 891 1
855 891 1
851 892 1
848 893 1
844 893 1
841 894 1
836 895 1
832 895 1
829 896 1
826 896 1
823 897 1
820 898 1
818 898 1
816 899 1
815 899 1
814 900 1
814 901 1
812 901 1
810 903 1
808 905 1
806 907 1
803 911 1
797 918 1
792 925 1
786 932 1
780 938 1
773 945 1
767 951 1
759 959 1
749 969 1
740 978 1
731 987 1
721 996 1
706 1008 1
691 1022 1
673 1036 1
673 1037 1
673 1037 0
712 356 1
711 356 1
711 356 1
711 356 1
711 356 1
711 356 1
711 356 1
711 356 1
711 356 1
711 356 1
711 358 1
711 361 1
710 367 1
709 374 1
709 381 1
708 389 1
708 396 1
706 403 1
707 408 1
707 413 1
707 418 1
708 423 1
708 428 1
709 433 1
709 438 1
709 444 1
709 452 1
710 458 1
710 466 1
711 472 1
712 478 1
712 482 1
713 487 1
713 492 1
713 497 1
714 505 1
714 512 1
715 520 1
715 529 1
715 538 1
713 546 1
714 553 1
715 558 1
715 565 1
715 571 1
715 579 1
715 587 1
715 595 1
715 604 1
716 612 1
716 620 1
717 629 1
718 636 1
719 642 1
719 649 1
720 655 1
721 661 1
722 666 1
723 671 1
723 677 1
725 684 1
726 688 1
726 693 1
727 696 1
727 701 1
728 705 1
729 710 1
729 715 1
730 721 1
730 728 1
730 736 1
728 744 1
728 754 1
727 764 1
724 776 1
721 787 1
716 798 1
711 807 1
707 814 1
704 819 1
702 823 1
699 826 1
697 829 1
697 831 1
697 833 1
695 833 1
694 834 1
692 836 1
690 836 1
687 837 1
680 839 1
674 840 1
666 841 1
657 842 1
649 843 1
640 844 1
633 844 1
627 845 1
622 845 1
617 845 1
613 845 1
610 845 1
607 845 1
604 845 1
601 845 1
599 843 1
598 844 1
596 842 1
595 841 1
594 841 1
594 841 1
592 839 1
590 837 1
587 834 1
585 829 1
582 824 1
578 818 1
575 813 1
572 808 1
570 803 1
568 799 1
566 795 1
567 791 1
565 788 1
566 785 1
566 782 1
565 779 1
565 776 1
565 773 1
565 769 1
565 766 1
565 763 1
565 761 1
565 759 1
566 756 1
567 754 1
568 751 1
569 748 1
570 745 1
572 741 1
573 739 1
576 737 1
580 736 1
586 735 1
590 733 1
594 733 1
597 733 1
601 731 1
603 732 1
605 732 1
605 732 1
605 732 1
605 732 1
605 732 1
605 732 1
605 732 1
606 732 1
607 733 1
608 734 1
609 737 1
611 741 1
611 745 1
613 748 1
614 752 1
615 756 1
617 759 1
618 762 1
620 765 1
621 768 1
623 771 1
625 773 1
626 774 1
628 775 1
629 776 1
630 776 1
631 777 1
631 777 1
632 779 1
634 782 1
634 789 1
636 799 1
637 812 1
637 833 1
635 847 1
634 859 1
632 873 1
630 887 1
627 902 1
623 915 1
617 927 1
607 948 1
599 964 1
589 983 1
576 1002 1
563 1021 1
548 1040 1
532 1059 1
512 1081 1
491 1101 1
498 1095 0
498 378 1
498 378 1
498 378 1
498 378 1
498 378 1
498 378 1
498 378 1
498 378 1
498 378 1
496 378 1
497 379 1
497 383 1
495 391 1
496 401 1
496 411 1
494 423 1
495 433 1
495 444 1
493 456 1
493 470 1
492 483 1
491 494 1
489 508 1
486 523 1
486 537 1
484 552 1
483 566 1
483 579 1
483 592 1
483 605 1
481 618 1
482 630 1
481 643 1
481 654 1
481 666 1
481 674 1
481 683 1
481 690 1
482 697 1
483 704 1
483 712 1
484 719 1
485 727 1
486 737 1
488 745 1
489 755 1
490 765 1
492 773 1
493 780 1
495 788 1
496 794 1
497 799 1
499 804 1
500 809 1
501 812 1
501 816 1
502 821 1
503 824 1
503 826 1
503 828 1
504 830 1
504 831 1
505 832 1
505 832 1
505 832 1
505 832 1
505 832 1
505 832 1
505 832 1
505 832 1
505 832 1
505 832 1
505 832 1
505 832 1
505 833 1
504 834 1
504 836 1
502 840 1
502 844 1
500 848 1
500 853 1
497 859 1
494 864 1
490 870 1
485 876 1
481 880 1
478 884 1
475 887 1
473 889 1
470 892 1
468 894 1
468 895 1
466 896 1
466 896 1
465 897 1
465 898 1
463 898 1
463 899 1
462 900 1
460 900 1
460 901 1
458 901 1
458 901 1
455 902 1
455 902 1
453 902 1
453 902 1
452 902 1
450 902 1
449 902 1
447 902 1
445 901 1
439 899 1
430 897 1
420 893 1
410 888 1
400 880 1
392 875 1
385 870 1
380 867 1
377 864 1
373 861 1
369 860 1
366 858 1
363 857 1
354 854 1
335 846 1
304 831 1
275 818 1
261 811 1
253 806 1
248 804 1
244 802 1
242 800 1
242 800 1
241 800 1
241 800 1
241 800 1
241 800 1
241 800 1
241 800 1
241 800 1
241 800 1
242 797 1
245 792 1
250 787 1
257 780 1
263 775 1
270 770 1
276 767 1
283 762 1
288 759 1
293 758 1
295 756 1
299 754 1
302 755 1
305 753 1
310 754 1
316 753 1
321 753 1
327 754 1
333 755 1
340 756 1
345 757 1
350 759 1
356 761 1
362 763 1
369 767 1
375 771 1
383 777 1
391 782 1
397 790 1
403 798 1
410 810 1
416 822 1
423 833 1
429 844 1
433 857 1
438 873 1
442 888 1
445 905 1
447 920 1
449 935 1
450 953 1
449 971 1
447 994 1
442 1027 1
431 1070 1
410 1129 1
389 1181 1
374 1223 1
367 1249 1
368 1249 0
202 378 1
201 378 1
201 379 1
201 382 1
200 385 1
198 388 1
197 394 1
195 402 1
192 412 1
190 424 1
188 437 1
185 450 1
183 464 1
181 478 1
179 494 1
175 510 1
172 529 1
170 546 1
168 561 1
168 574 1
167 586 1
165 598 1
166 609 1
164 622 1
163 634 1
163 646 1
163 659 1
163 670 1
162 683 1
162 694 1
163 704 1
163 713 1
164 722 1
165 732 1
166 743 1
167 752 1
169 763 1
172 773 1
175 782 1
179 790 1
183 798 1
188 806 1
193 814 1
197 822 1
202 829 1
205 835 1
210 842 1
215 849 1
221 858 1
227 867 1
234 876 1
240 884 1
247 891 1
251 897 1
255 902 1
259 906 1
263 910 1
266 915 1
270 918 1
274 922 1
277 925 1
278 927 1
280 929 1
281 931 1
281 931 1
282 932 1
283 933 1
283 934 1
284 935 1
285 936 1
285 937 1
286 938 1
286 939 1
287 941 1
287 942 1
288 943 1
288 944 1
288 945 1
288 946 1
288 947 1
289 949 1
289 950 1
289 951 1
288 952 1
288 953 1
288 954 1
288 956 1
287 957 1
285 960 1
283 967 1
280 974 1
276 982 1
271 987 1
268 992 1
264 996 1
262 999 1
260 1001 1
259 1003 1
259 1005 1
256 1006 1
256 1006 1
256 1007 1
253 1008 1
253 1008 1
251 1009 1
251 1009 1
249 1010 1
247 1011 1
246 1012 1
243 1013 1
239 1013 1
235 1015 1
229 1016 1
223 1017 1
218 1018 1
213 1019 1
208 1021 1
204 1022 1
199 1023 1
194 1025 1
190 1026 1
185 1027 1
181 1028 1
177 1029 1
172 1030 1
169 1031 1
167 1031 1
165 1032 1
163 1033 1
163 1033 1
161 1033 1
161 1033 1
159 1034 1
158 1034 1
158 1034 1
158 1034 1
157 1034 1
157 1034 1
157 1034 1
157 1034 1
157 1034 1
155 1033 1
153 1031 1
149 1028 1
141 1020 1
133 1011 1
125 1001 1
118 993 1
114 986 1
110 983 1
107 978 1
104 975 1
101 972 1
96 966 1
87 949 1
77 929 1
69 906 1
65 890 1
62 880 1
62 874 1
61 870 1
61 867 1
61 866 1
61 866 1
61 866 1
61 866 1
61 866 1
61 866 1
61 866 1
61 866 1
61 865 1
62 865 1
63 864 1
64 863 1
65 863 1
67 863 1
73 863 1
82 863 1
92 864 1
102 867 1
112 872 1
120 878 1
130 888 1
146 904 1
154 914 1
160 921 1
165 929 1
171 939 1
180 956 1
187 975 1
194 996 1
199 1023 1
203 1057 1
205 1106 1
203 1163 1
196 1227 1
188 1287 1
180 1342 1
173 1386 1
167 1416 1
164 1430 1
166 1423 0
