57 1625 1
57 1618 1
58 1604 1
58 1588 1
61 1573 1
62 1561 1
65 1548 1
67 1533 1
69 1516 1
71 1497 1
74 1477 1
76 1451 1
79 1427 1
80 1399 1
81 1371 1
83 1335 1
84 1306 1
85 1280 1
86 1255 1
87 1231 1
88 1206 1
89 1182 1
91 1159 1
96 1139 1
102 1113 1
107 1084 1
114 1053 1
120 1025 1
124 1001 1
125 980 1
125 960 1
124 939 1
122 919 1
122 902 1
121 890 1
119 878 1
118 868 1
118 857 1
116 844 1
116 832 1
115 820 1
115 809 1
115 796 1
115 775 1
115 760 1
116 747 1
116 736 1
117 727 1
117 718 1
120 701 1
125 686 1
129 673 1
133 664 1
138 657 1
142 650 1
147 642 1
154 632 1
163 622 1
172 613 1
177 606 1
181 602 1
184 599 1
186 595 1
186 595 1
186 595 1
186 595 1
186 595 1
186 595 1
186 595 1
186 595 1
186 595 1
187 596 1
187 598 1
188 603 1
188 611 1
188 624 1
187 638 1
187 652 1
185 665 1
183 676 1
179 689 1
175 701 1
171 713 1
166 725 1
162 737 1
158 749 1
153 760 1
149 771 1
145 782 1
142 791 1
140 799 1
138 807 1
136 815 1
134 834 1
133 851 1
130 871 1
124 897 1
118 917 1
113 936 1
110 950 1
105 963 1
101 977 1
96 992 1
92 1005 1
87 1019 1
83 1033 1
80 1048 1
77 1062 1
74 1074 1
71 1085 1
68 1097 1
65 1108 1
64 1117 1
62 1126 1
61 1133 1
62 1141 1
60 1150 1
60 1166 1
60 1182 1
59 1197 1
59 1210 1
59 1222 1
58 1234 1
58 1248 1
58 1263 1
58 1278 1
58 1289 1
58 1301 1
58 1314 1
59 1328 1
59 1341 1
60 1354 1
61 1366 1
62 1377 1
63 1386 1
63 1395 1
64 1406 1
66 1416 1
67 1426 1
68 1434 1
69 1443 1
71 1452 1
73 1462 1
76 1472 1
79 1482 1
83 1490 1
86 1496 1
89 1501 1
92 1506 1
96 1510 1
100 1514 1
104 1517 1
107 1520 1
113 1523 1
118 1524 1
123 1524 1
129 1523 1
134 1521 1
141 1515 1
146 1509 1
152 1501 1
157 1491 1
161 1477 1
166 1462 1
169 1447 1
171 1431 1
174 1414 1
175 1393 1
175 1373 1
174 1351 1
173 1331 1
171 1311 1
171 1291 1
171 1268 1
172 1245 1
172 1226 1
173 1211 1
173 1197 1
174 1183 1
176 1168 1
177 1154 1
179 1141 1
180 1133 1
180 1124 1
181 1114 1
182 1101 1
185 1085 1
192 1063 1
198 1039 1
205 1019 1
209 1003 1
213 991 1
217 980 1
222 967 1
226 954 1
233 941 1
239 928 1
244 918 1
250 909 1
255 899 1
260 890 1
264 882 1
266 877 1
268 872 1
269 867 1
271 864 1
271 860 1
271 853 1
270 840 1
266 825 1
263 810 1
260 800 1
258 792 1
256 786 1
256 782 1
254 780 1
254 776 1
251 770 1
248 762 1
244 751 1
241 743 1
238 735 1
236 731 1
234 728 1
234 725 1
234 723 1
233 722 1
233 722 1
233 722 1
233 722 1
232 721 1
232 721 1
231 720 1
231 720 1
231 719 1
231 719 1
230 718 1
230 718 1
229 717 1
229 717 1
228 716 1
227 716 1
226 716 1
226 716 1
225 715 1
225 715 1
224 715 1
225 714 1
223 714 1
220 714 1
218 714 1
214 716 1
210 718 1
207 722 1
202 727 1
200 732 1
198 737 1
195 743 1
193 747 1
191 753 1
189 759 1
188 767 1
186 776 1
187 783 1
187 793 1
188 803 1
188 814 1
190 827 1
192 841 1
193 853 1
195 866 1
196 877 1
198 889 1
200 902 1
201 915 1
202 927 1
203 937 1
203 947 1
201 958 1
199 971 1
195 986 1
192 1002 1
188 1018 1
185 1036 1
179 1055 1
175 1072 1
172 1088 1
169 1104 1
167 1119 1
164 1134 1
165 1149 1
166 1164 1
167 1179 1
168 1194 1
169 1208 1
169 1220 1
170 1232 1
171 1242 1
172 1255 1
173 1268 1
174 1282 1
177 1297 1
180 1312 1
184 1331 1
189 1351 1
193 1370 1
197 1389 1
200 1405 1
203 1420 1
207 1433 1
210 1445 1
212 1456 1
215 1470 1
219 1481 1
220 1489 1
222 1494 1
222 1498 1
223 1500 1
224 1502 1
225 1503 1
227 1501 1
232 1498 1
241 1491 1
252 1483 1
261 1473 1
271 1460 1
283 1443 1
297 1418 1
311 1391 1
322 1366 1
329 1344 1
334 1324 1
336 1301 1
338 1279 1
338 1260 1
336 1243 1
334 1230 1
333 1218 1
331 1205 1
329 1189 1
329 1172 1
329 1156 1
329 1140 1
329 1124 1
329 1109 1
329 1092 1
329 1076 1
329 1060 1
330 1044 1
331 1030 1
331 1014 1
331 997 1
332 977 1
333 956 1
335 936 1
335 917 1
336 901 1
336 888 1
336 875 1
338 863 1
339 850 1
340 837 1
342 825 1
342 814 1
343 805 1
343 797 1
343 789 1
343 781 1
342 771 1
340 761 1
337 751 1
335 743 1
333 737 1
333 732 1
331 730 1
331 727 1
331 727 1
329 727 1
330 725 1
330 725 1
328 724 1
328 724 1
329 724 1
327 724 1
327 724 1
328 723 1
326 721 1
326 721 1
326 721 1
326 721 1
326 721 1
326 721 1
325 720 1
325 720 1
324 720 1
321 720 1
318 722 1
312 727 1
306 735 1
298 746 1
291 760 1
285 774 1
282 788 1
279 801 1
277 815 1
276 833 1
274 852 1
272 871 1
271 889 1
269 907 1
269 923 1
267 937 1
266 949 1
267 959 1
267 970 1
266 980 1
266 990 1
266 1000 1
265 1011 1
265 1022 1
265 1034 1
264 1049 1
264 1067 1
262 1087 1
260 1111 1
257 1133 1
256 1155 1
254 1176 1
253 1197 1
254 1215 1
255 1232 1
256 1250 1
258 1268 1
261 1287 1
262 1304 1
264 1320 1
267 1334 1
271 1348 1
275 1362 1
280 1375 1
285 1389 1
289 1403 1
295 1418 1
300 1431 1
306 1445 1
312 1460 1
319 1473 1
326 1486 1
334 1498 1
338 1504 1
342 1510 1
345 1514 1
346 1516 1
348 1518 1
350 1520 1
352 1519 1
356 1517 1
363 1512 1
372 1503 1
381 1493 1
393 1477 1
406 1459 1
415 1441 1
421 1427 1
426 1413 1
430 1397 1
433 1376 1
436 1352 1
437 1329 1
437 1309 1
435 1291 1
433 1271 1
431 1249 1
429 1226 1
427 1202 1
424 1179 1
423 1159 1
421 1136 1
422 1110 1
424 1081 1
428 1053 1
431 1029 1
433 1006 1
437 983 1
438 962 1
441 939 1
442 918 1
444 899 1
442 884 1
441 871 1
439 860 1
436 848 1
432 834 1
429 818 1
427 803 1
424 791 1
422 784 1
421 780 1
421 773 1
421 762 1
422 748 1
423 732 1
423 718 1
423 707 1
422 702 1
422 697 1
422 695 1
422 694 1
422 693 1
422 693 1
422 693 1
422 693 1
422 693 1
422 693 1
422 693 1
422 693 1
420 694 1
414 697 1
405 703 1
397 711 1
388 720 1
380 730 1
374 738 1
367 748 1
362 758 1
360 767 1
356 775 1
354 783 1
352 789 1
349 797 1
346 805 1
344 815 1
341 826 1
340 837 1
338 848 1
338 861 1
337 869 1
337 879 1
337 886 1
338 893 1
340 902 1
343 910 1
345 918 1
349 926 1
352 934 1
356 941 1
360 949 1
364 957 1
368 965 1
372 975 1
375 985 1
378 998 1
380 1010 1
382 1023 1
383 1035 1
384 1046 1
385 1057 1
386 1068 1
388 1076 1
389 1086 1
392 1096 1
395 1107 1
398 1118 1
401 1130 1
404 1140 1
405 1149 1
406 1157 1
407 1169 1
411 1183 1
413 1197 1
415 1212 1
418 1225 1
420 1238 1
421 1252 1
423 1267 1
424 1284 1
427 1300 1
429 1319 1
430 1335 1
431 1350 1
432 1361 1
434 1371 1
435 1381 1
436 1390 1
438 1399 1
440 1409 1
442 1417 1
444 1427 1
446 1435 1
449 1443 1
451 1449 1
452 1453 1
453 1456 1
455 1459 1
455 1460 1
455 1462 1
456 1462 1
456 1463 1
456 1463 1
456 1463 1
456 1463 1
456 1463 1
456 1463 1
459 1463 1
463 1460 1
471 1455 1
478 1447 1
486 1439 1
494 1426 1
503 1411 1
509 1395 1
515 1381 1
519 1370 1
524 1358 1
528 1340 1
534 1317 1
539 1298 1
542 1282 1
544 1267 1
546 1253 1
547 1238 1
548 1222 1
548 1205 1
548 1188 1
549 1171 1
549 1155 1
550 1139 1
552 1119 1
553 1096 1
555 1075 1
555 1053 1
556 1031 1
556 1007 1
555 982 1
553 958 1
552 938 1
551 920 1
551 903 1
550 889 1
550 875 1
549 858 1
548 842 1
546 827 1
546 813 1
545 802 1
543 790 1
541 778 1
538 763 1
533 744 1
530 728 1
525 714 1
522 705 1
519 699 1
517 693 1
516 691 1
516 688 1
515 689 1
515 688 1
515 688 1
515 688 1
515 688 1
515 688 1
515 688 1
515 688 1
515 688 1
515 688 1
515 688 1
515 688 1
515 688 1
515 688 1
515 688 1
515 688 1
515 688 1
512 691 1
509 699 1
506 708 1
503 716 1
501 722 1
499 727 1
497 730 1
497 732 1
497 735 1
496 738 1
495 742 1
493 750 1
492 762 1
489 774 1
487 785 1
486 796 1
484 806 1
482 816 1
481 826 1
479 836 1
478 846 1
478 856 1
477 870 1
476 883 1
476 901 1
475 919 1
475 935 1
475 949 1
475 958 1
477 966 1
479 976 1
481 984 1
483 994 1
486 1005 1
488 1015 1
492 1026 1
494 1037 1
497 1045 1
500 1053 1
503 1060 1
505 1065 1
507 1070 1
510 1075 1
514 1082 1
519 1090 1
524 1099 1
531 1110 1
539 1122 1
545 1133 1
551 1147 1
556 1158 1
561 1170 1
565 1181 1
568 1191 1
571 1202 1
574 1210 1
576 1220 1
577 1230 1
579 1241 1
580 1254 1
580 1267 1
581 1279 1
581 1289 1
581 1299 1
581 1307 1
581 1314 1
581 1322 1
581 1329 1
581 1337 1
581 1344 1
582 1352 1
582 1358 1
582 1363 1
583 1366 1
583 1371 1
583 1376 1
584 1381 1
585 1387 1
585 1394 1
587 1402 1
588 1408 1
590 1414 1
591 1419 1
592 1421 1
593 1424 1
593 1427 1
594 1428 1
594 1429 1
594 1429 1
594 1429 1
595 1430 1
595 1430 1
595 1430 1
595 1430 1
595 1430 1
595 1430 1
598 1425 1
606 1416 1
617 1398 1
629 1378 1
638 1359 1
647 1335 1
656 1308 1
663 1281 1
668 1258 1
673 1236 1
676 1223 1
678 1208 1
680 1190 1
681 1170 1
684 1149 1
686 1128 1
688 1109 1
690 1091 1
693 1073 1
694 1051 1
697 1027 1
698 1004 1
700 985 1
701 971 1
702 958 1
702 949 1
703 937 1
703 923 1
704 906 1
704 887 1
704 865 1
704 846 1
704 825 1
702 807 1
701 789 1
699 772 1
697 757 1
697 742 1
697 729 1
694 716 1
693 701 1
691 685 1
690 672 1
689 663 1
687 657 1
687 653 1
687 650 1
686 647 1
684 646 1
682 644 1
681 644 1
679 642 1
677 641 1
676 642 1
674 640 1
674 640 1
673 641 1
671 642 1
667 647 1
661 656 1
650 675 1
640 693 1
627 723 1
617 748 1
610 770 1
605 788 1
602 803 1
599 814 1
598 826 1
599 836 1
600 846 1
602 858 1
604 871 1
609 885 1
615 904 1
620 922 1
625 940 1
630 961 1
636 982 1
641 1006 1
646 1032 1
649 1059 1
651 1085 1
653 1110 1
653 1133 1
653 1151 1
653 1165 1
652 1177 1
652 1189 1
652 1201 1
651 1214 1
651 1227 1
649 1244 1
647 1263 1
645 1283 1
644 1305 1
642 1327 1
641 1350 1
641 1369 1
641 1385 1
641 1400 1
641 1413 1
641 1423 1
641 1432 1
641 1440 1
641 1446 1
641 1451 1
641 1455 1
641 1457 1
641 1459 1
641 1462 1
641 1463 1
641 1463 1
641 1464 1
641 1464 1
641 1465 1
642 1466 1
644 1469 1
645 1470 1
647 1472 1
648 1473 1
650 1475 1
652 1476 1
652 1476 1
656 1475 1
662 1471 1
670 1463 1
680 1454 1
688 1443 1
696 1432 1
704 1416 1
713 1395 1
721 1372 1
727 1354 1
732 1340 1
734 1329 1
737 1317 1
739 1301 1
744 1276 1
748 1253 1
751 1232 1
752 1220 1
754 1207 1
756 1191 1
759 1172 1
762 1151 1
767 1133 1
770 1118 1
772 1104 1
774 1093 1
778 1082 1
781 1070 1
784 1057 1
789 1043 1
792 1031 1
795 1019 1
799 1005 1
804 989 1
810 973 1
816 957 1
820 944 1
824 932 1
828 920 1
832 907 1
835 894 1
839 880 1
842 868 1
845 859 1
846 849 1
848 840 1
849 828 1
850 816 1
850 803 1
851 786 1
851 769 1
852 749 1
852 728 1
853 707 1
853 690 1
852 676 1
850 666 1
850 661 1
850 656 1
849 654 1
848 653 1
848 653 1
848 653 1
848 653 1
848 653 1
848 653 1
848 653 1
844 655 1
840 661 1
834 671 1
826 686 1
818 703 1
811 725 1
805 747 1
798 769 1
795 788 1
791 805 1
788 821 1
786 838 1
783 855 1
780 872 1
779 893 1
777 915 1
776 937 1
774 958 1
772 981 1
772 1002 1
770 1025 1
768 1049 1
766 1072 1
763 1096 1
759 1121 1
754 1146 1
750 1170 1
746 1195 1
743 1221 1
739 1247 1
734 1273 1
731 1296 1
728 1319 1
726 1340 1
723 1357 1
723 1373 1
721 1387 1
722 1399 1
722 1411 1
722 1421 1
722 1430 1
722 1438 1
722 1442 1
723 1446 1
723 1449 1
723 1450 1
724 1452 1
724 1454 1
725 1455 1
726 1456 1
727 1457 1
731 1458 1
735 1460 1
741 1460 1
749 1461 1
759 1462 1
769 1461 1
777 1461 1
782 1461 1
786 1460 1
789 1460 1
791 1460 1
793 1460 1
796 1459 1
801 1456 1
808 1452 1
817 1445 1
828 1436 1
839 1425 1
853 1408 1
867 1389 1
879 1370 1
889 1352 1
896 1335 1
902 1315 1
908 1293 1
913 1266 1
916 1243 1
918 1222 1
920 1205 1
921 1187 1
923 1166 1
924 1142 1
925 1116 1
926 1091 1
926 1066 1
927 1042 1
927 1016 1
927 993 1
927 967 1
928 944 1
926 923 1
927 903 1
927 885 1
925 865 1
926 847 1
925 829 1
925 812 1
925 795 1
926 777 1
928 758 1
928 741 1
929 725 1
929 713 1
930 702 1
930 694 1
931 686 1
929 679 1
930 671 1
930 666 1
928 661 1
928 657 1
926 654 1
925 651 1
925 650 1
923 647 1
923 647 1
922 646 1
922 646 1
922 646 1
921 646 1
918 646 1
914 650 1
907 656 1
898 667 1
890 679 1
884 692 1
879 706 1
874 721 1
870 735 1
868 751 1
866 766 1
866 781 1
866 797 1
867 813 1
868 832 1
870 855 1
871 883 1
871 916 1
871 953 1
869 994 1
868 1031 1
868 1065 1
867 1097 1
868 1127 1
869 1154 1
871 1180 1
874 1205 1
878 1230 1
881 1255 1
886 1284 1
891 1315 1
897 1349 1
903 1382 1
909 1412 1
918 1442 1
931 1474 1
948 1505 1
965 1534 1
978 1553 1
988 1568 1
993 1575 1
998 1580 1
1000 1583 1
1001 1584 1
1003 1586 1
1003 1587 1
1003 1587 1
1003 1587 1
1003 1587 1
1003 1587 1
1003 1587 1
1003 1587 0
