527 370 1
524 371 1
522 372 1
516 378 1
507 385 1
500 395 1
490 408 1
482 419 1
474 432 1
466 444 1
458 457 1
449 471 1
439 486 1
430 506 1
416 537 1
408 557 1
400 576 1
390 598 1
383 616 1
375 633 1
370 649 1
366 665 1
359 685 1
353 703 1
348 722 1
343 741 1
337 760 1
332 779 1
326 794 1
320 811 1
314 829 1
306 847 1
302 863 1
296 880 1
292 896 1
286 911 1
281 928 1
275 946 1
269 962 1
264 976 1
258 990 1
253 1005 1
247 1021 1
243 1034 1
238 1046 1
232 1062 1
226 1082 1
219 1102 1
213 1121 1
208 1140 1
203 1159 1
199 1178 1
194 1196 1
191 1215 1
188 1236 1
184 1259 1
182 1283 1
179 1307 1
179 1331 1
179 1356 1
178 1379 1
178 1399 1
179 1412 1
180 1424 1
181 1433 1
184 1445 1
187 1455 1
192 1465 1
197 1473 1
204 1482 1
212 1493 1
225 1507 1
237 1520 1
244 1528 1
252 1536 1
260 1542 1
273 1548 1
285 1554 1
298 1560 1
312 1565 1
325 1572 1
340 1577 1
354 1582 1
366 1585 1
377 1589 1
385 1591 1
394 1594 1
403 1595 1
412 1597 1
420 1597 1
429 1597 1
438 1595 1
446 1593 1
454 1591 1
462 1588 1
471 1585 1
479 1582 1
486 1579 1
493 1575 1
500 1569 1
507 1562 1
514 1553 1
523 1543 1
532 1532 1
541 1518 1
550 1504 1
558 1490 1
565 1478 1
571 1468 1
577 1456 1
581 1444 1
588 1428 1
593 1413 1
597 1398 1
602 1381 1
608 1362 1
612 1344 1
616 1328 1
620 1313 1
623 1299 1
626 1284 1
629 1270 1
633 1254 1
638 1239 1
642 1220 1
647 1205 1
650 1191 1
651 1183 1
654 1173 1
656 1162 1
658 1151 1
661 1140 1
663 1131 1
666 1122 1
668 1115 1
671 1107 1
674 1099 1
678 1092 1
681 1085 1
685 1077 1
688 1070 1
693 1064 1
699 1057 1
705 1049 1
710 1043 1
715 1037 1
718 1030 1
721 1023 1
724 1015 1
728 1005 1
731 995 1
733 982 1
736 968 1
737 952 1
738 936 1
738 922 1
738 907 1
737 895 1
737 884 1
737 873 1
737 864 1
737 855 1
736 847 1
736 839 1
735 831 1
733 821 1
734 811 1
732 801 1
733 790 1
733 779 1
733 771 1
732 762 1
732 752 1
732 742 1
732 728 1
731 713 1
731 698 1
731 682 1
733 664 1
734 649 1
734 636 1
735 625 1
735 614 1
737 600 1
740 585 1
743 571 1
746 559 1
749 548 1
751 541 1
753 535 1
755 529 1
757 524 1
759 517 1
762 511 1
764 505 1
767 499 1
769 495 1
772 489 1
775 483 1
780 478 1
785 472 1
788 465 1
791 461 1
793 457 1
795 453 1
797 449 1
798 444 1
800 438 1
801 432 1
803 427 1
804 421 1
807 415 1
809 409 1
811 403 1
813 396 1
815 389 1
817 381 1
818 372 1
820 362 1
821 353 1
822 344 1
822 336 1
822 330 1
822 324 1
820 318 1
818 312 1
817 305 1
814 297 1
811 287 1
808 278 1
804 271 1
799 265 1
796 260 1
794 258 1
792 255 1
791 254 1
788 252 1
784 250 1
780 248 1
775 247 1
770 245 1
766 245 1
761 245 1
752 242 1
742 243 1
731 244 1
718 246 1
705 250 1
691 255 1
675 259 1
661 267 1
649 274 1
636 281 1
625 289 1
615 295 1
608 300 1
600 305 1
592 312 1
583 318 1
576 327 1
568 335 1
560 342 1
554 348 1
546 355 1
538 363 1
528 372 1
520 380 1
512 389 1
505 400 1
500 408 1
494 416 1
488 427 1
481 439 1
473 453 1
466 466 1
459 479 1
452 492 1
443 508 1
437 524 1
430 541 1
425 555 1
420 566 1
417 578 1
411 592 1
406 607 1
402 620 1
397 634 1
392 648 1
388 661 1
384 673 1
382 682 1
379 690 1
377 698 1
375 704 1
373 711 1
370 719 1
368 728 1
366 738 1
364 750 1
361 763 1
357 775 1
352 788 1
349 801 1
345 813 1
340 826 1
337 839 1
332 851 1
327 865 1
323 877 1
318 891 1
312 901 1
308 911 1
304 920 1
301 928 1
297 938 1
294 949 1
289 958 1
284 968 1
279 976 1
275 984 1
270 994 1
265 1004 1
258 1016 1
253 1027 1
247 1038 1
242 1048 1
237 1056 1
231 1066 1
227 1075 1
222 1084 1
218 1095 1
214 1104 1
211 1113 1
208 1122 1
205 1130 1
202 1141 1
197 1154 1
194 1167 1
189 1179 1
185 1192 1
181 1204 1
176 1217 1
173 1229 1
169 1242 1
166 1257 1
164 1268 1
161 1282 1
159 1297 1
158 1311 1
156 1325 1
156 1338 1
156 1352 1
155 1365 1
156 1378 1
156 1389 1
156 1398 1
157 1408 1
158 1416 1
159 1424 1
160 1434 1
163 1443 1
165 1452 1
168 1460 1
170 1468 1
172 1476 1
175 1483 1
177 1489 1
180 1496 1
182 1502 1
185 1509 1
188 1516 1
193 1525 1
199 1534 1
207 1545 1
216 1555 1
225 1564 1
234 1571 1
243 1579 1
253 1587 1
262 1594 1
273 1600 1
281 1605 1
290 1610 1
296 1612 1
304 1615 1
313 1618 1
325 1620 1
339 1622 1
353 1623 1
364 1624 1
374 1624 1
382 1622 1
388 1622 1
396 1620 1
404 1618 1
409 1618 1
416 1616 1
421 1615 1
426 1613 1
432 1612 1
438 1609 1
448 1607 1
460 1603 1
471 1600 1
484 1597 1
495 1594 1
504 1592 1
513 1589 1
521 1586 1
528 1583 1
535 1580 1
541 1575 1
549 1568 1
556 1555 1
566 1539 1
576 1520 1
585 1502 1
592 1488 1
596 1479 1
599 1468 1
604 1456 1
610 1435 1
616 1416 1
620 1402 1
622 1392 1
623 1380 1
624 1361 1
625 1336 1
626 1309 1
626 1287 1
626 1273 1
624 1262 1
623 1253 1
623 1240 1
624 1225 1
625 1209 1
627 1195 1
629 1185 1
631 1176 1
631 1167 1
633 1155 1
636 1142 1
640 1129 1
643 1118 1
646 1109 1
649 1101 1
652 1091 1
657 1079 1
663 1067 1
670 1055 1
674 1044 1
677 1036 1
681 1027 1
684 1018 1
687 1008 1
690 996 1
695 985 1
697 973 1
700 961 1
704 947 1
707 934 1
709 917 1
711 902 1
714 886 1
718 874 1
722 861 1
725 851 1
727 838 1
730 825 1
732 808 1
736 791 1
739 772 1
744 754 1
751 734 1
759 715 1
766 700 1
773 687 1
778 674 1
783 660 1
791 645 1
798 630 1
804 614 1
810 599 1
814 583 1
818 569 1
822 556 1
827 541 1
832 525 1
834 509 1
835 495 1
838 481 1
840 468 1
843 453 1
847 434 1
850 415 1
854 392 1
859 368 1
863 351 1
867 336 1
869 323 1
871 312 1
872 302 1
873 294 1
874 287 1
874 282 1
872 277 1
872 273 1
870 268 1
868 262 1
866 258 1
863 254 1
862 251 1
859 248 1
856 246 1
853 243 1
847 241 1
839 238 1
826 234 1
809 230 1
782 227 1
760 226 1
741 224 1
726 225 1
714 226 1
705 227 1
698 229 1
690 231 1
681 234 1
668 239 1
658 243 1
646 250 1
634 258 1
620 269 1
604 279 1
590 288 1
578 297 1
567 306 1
554 317 1
542 330 1
527 341 1
515 351 1
504 360 1
496 370 1
488 380 1
481 393 1
471 404 1
464 415 1
457 425 1
450 434 1
445 444 1
440 457 1
433 473 1
427 489 1
421 507 1
414 523 1
410 539 1
405 553 1
401 567 1
396 580 1
389 593 1
383 605 1
377 615 1
371 625 1
365 635 1
358 647 1
350 662 1
343 678 1
338 694 1
334 709 1
329 727 1
324 745 1
317 765 1
311 785 1
305 802 1
299 817 1
295 833 1
292 845 1
289 857 1
287 868 1
283 879 1
280 891 1
276 904 1
271 916 1
267 927 1
263 938 1
259 949 1
253 959 1
247 969 1
242 977 1
236 987 1
229 995 1
224 1005 1
218 1016 1
213 1026 1
207 1037 1
203 1048 1
197 1059 1
192 1071 1
186 1083 1
181 1096 1
177 1108 1
175 1121 1
173 1138 1
171 1155 1
172 1171 1
172 1185 1
172 1202 1
172 1220 1
172 1239 1
172 1257 1
169 1276 1
170 1295 1
171 1313 1
171 1330 1
172 1348 1
172 1365 1
172 1382 1
172 1397 1
173 1411 1
174 1425 1
177 1438 1
180 1451 1
184 1463 1
189 1474 1
195 1487 1
203 1502 1
211 1518 1
219 1531 1
227 1543 1
235 1554 1
243 1566 1
250 1577 1
257 1588 1
264 1600 1
271 1610 1
278 1618 1
285 1624 1
292 1629 1
298 1634 1
305 1637 1
311 1640 1
317 1643 1
324 1645 1
333 1647 1
345 1648 1
358 1648 1
375 1648 1
394 1648 1
412 1646 1
428 1644 1
438 1640 1
449 1636 1
461 1629 1
474 1621 1
485 1613 1
494 1607 1
501 1601 1
507 1598 1
515 1590 1
526 1575 1
542 1557 1
556 1533 1
568 1517 1
576 1503 1
583 1491 1
588 1482 1
592 1472 1
595 1463 1
597 1453 1
600 1442 1
604 1430 1
607 1418 1
611 1404 1
614 1388 1
617 1371 1
620 1355 1
623 1343 1
625 1332 1
628 1322 1
630 1306 1
634 1291 1
636 1275 1
638 1262 1
641 1248 1
646 1232 1
651 1216 1
657 1201 1
660 1189 1
662 1180 1
664 1172 1
666 1168 1
667 1164 1
668 1160 1
668 1156 1
670 1151 1
671 1145 1
673 1141 1
675 1137 1
677 1132 1
679 1128 1
682 1123 1
687 1117 1
694 1109 1
699 1101 1
702 1094 1
706 1087 1
710 1080 1
714 1072 1
719 1063 1
724 1053 1
727 1046 1
730 1038 1
733 1030 1
735 1022 1
738 1011 1
739 1000 1
742 990 1
744 976 1
747 962 1
752 946 1
756 931 1
760 915 1
765 901 1
767 886 1
771 871 1
774 857 1
777 843 1
779 829 1
781 816 1
783 803 1
784 789 1
785 776 1
786 762 1
787 749 1
788 735 1
788 721 1
790 706 1
791 693 1
793 679 1
794 663 1
796 647 1
797 632 1
799 618 1
800 603 1
804 588 1
805 574 1
806 562 1
808 549 1
809 538 1
811 527 1
812 514 1
814 502 1
815 490 1
817 476 1
818 463 1
821 450 1
824 438 1
827 427 1
832 416 1
837 404 1
841 394 1
843 385 1
845 377 1
847 368 1
850 360 1
854 349 1
857 339 1
860 328 1
863 318 1
866 307 1
867 298 1
870 289 1
872 280 1
874 270 1
875 262 1
876 254 1
877 247 1
878 241 1
878 237 1
878 233 1
878 230 1
878 228 1
878 226 1
877 225 1
875 223 1
874 221 1
872 219 1
869 217 1
868 216 1
864 214 1
861 213 1
858 211 1
854 210 1
851 208 1
846 208 1
840 208 1
834 208 1
823 208 1
811 208 1
795 211 1
779 214 1
763 218 1
747 221 1
732 224 1
720 226 1
710 228 1
701 230 1
694 232 1
686 234 1
675 237 1
665 240 1
654 243 1
644 246 1
636 249 1
629 253 1
621 256 1
610 261 1
600 266 1
589 272 1
577 280 1
564 289 1
549 299 1
533 310 1
520 320 1
509 330 1
500 339 1
492 347 1
484 357 1
476 369 1
468 383 1
460 396 1
454 410 1
449 421 1
444 431 1
442 441 1
442 450 1
440 459 1
438 469 1
434 479 1
431 488 1
425 500 1
421 513 1
415 531 1
407 552 1
398 575 1
391 598 1
383 618 1
376 635 1
369 654 1
363 676 1
357 698 1
353 720 1
352 738 1
350 754 1
351 767 1
351 778 1
351 786 1
349 794 1
348 803 1
346 811 1
345 821 1
343 830 1
341 841 1
338 850 1
335 860 1
331 871 1
327 883 1
321 897 1
315 913 1
309 930 1
303 947 1
299 963 1
294 979 1
291 990 1
287 1001 1
283 1012 1
278 1022 1
274 1031 1
269 1039 1
266 1046 1
261 1052 1
256 1060 1
250 1068 1
246 1076 1
241 1086 1
236 1096 1
232 1106 1
227 1118 1
221 1129 1
216 1143 1
210 1159 1
206 1172 1
201 1185 1
197 1195 1
195 1204 1
190 1214 1
186 1225 1
183 1234 1
181 1245 1
178 1256 1
176 1266 1
174 1277 1
172 1287 1
171 1296 1
171 1305 1
169 1314 1
169 1323 1
168 1334 1
168 1347 1
168 1365 1
169 1383 1
170 1402 1
174 1420 1
177 1437 1
181 1452 1
186 1466 1
192 1482 1
198 1499 1
205 1517 1
212 1535 1
219 1548 1
225 1562 1
233 1574 1
239 1586 1
246 1597 1
254 1608 1
264 1618 1
274 1626 1
286 1634 1
296 1639 1
305 1644 1
312 1647 1
320 1649 1
329 1652 1
339 1653 1
349 1653 1
360 1652 1
370 1650 1
382 1648 1
397 1643 1
413 1635 1
431 1624 1
444 1614 1
456 1606 1
466 1599 1
476 1592 1
486 1586 1
496 1574 1
507 1559 1
516 1546 1
524 1535 1
529 1524 1
535 1513 1
542 1502 1
548 1489 1
556 1476 1
561 1466 1
565 1458 1
567 1453 1
569 1448 1
572 1439 1
577 1427 1
582 1416 1
588 1406 1
592 1398 1
595 1391 1
598 1383 1
603 1371 1
608 1357 1
614 1344 1
619 1331 1
624 1317 1
628 1303 1
630 1289 1
632 1272 1
636 1252 1
639 1227 1
643 1202 1
645 1181 1
647 1161 1
647 1144 1
647 1130 1
647 1119 1
648 1109 1
650 1100 1
652 1091 1
656 1081 1
659 1071 1
662 1062 1
665 1053 1
668 1044 1
672 1034 1
676 1023 1
681 1009 1
685 995 1
690 980 1
696 964 1
702 946 1
708 928 1
714 910 1
719 892 1
724 876 1
728 863 1
733 851 1
736 841 1
739 832 1
742 822 1
747 812 1
754 799 1
762 786 1
772 774 1
783 760 1
795 748 1
811 732 1
827 715 1
838 699 1
848 686 1
856 674 1
864 665 1
869 656 1
875 647 1
878 640 1
880 632 1
882 626 1
885 618 1
886 609 1
886 599 1
884 586 1
882 573 1
880 557 1
878 543 1
876 525 1
873 507 1
871 490 1
868 475 1
864 462 1
861 450 1
858 437 1
856 424 1
854 413 1
853 403 1
851 392 1
851 381 1
851 370 1
850 359 1
850 348 1
848 339 1
848 330 1
846 322 1
846 314 1
844 306 1
843 299 1
841 293 1
840 288 1
837 285 1
836 281 1
833 276 1
829 273 1
826 270 1
821 267 1
815 263 1
807 260 1
799 258 1
788 256 1
776 255 1
762 253 1
746 254 1
731 258 1
717 261 1
705 265 1
692 269 1
680 274 1
668 278 1
656 285 1
644 291 1
627 303 1
605 320 1
579 341 1
556 361 1
537 379 1
522 393 1
510 404 1
500 413 1
492 421 1
484 430 1
474 440 1
464 452 1
453 466 1
443 478 1
436 488 1
429 499 1
423 512 1
417 528 1
410 546 1
403 565 1
395 583 1
389 602 1
384 618 1
378 636 1
373 654 1
369 673 1
365 691 1
361 708 1
357 724 1
352 739 1
347 755 1
341 769 1
336 782 1
330 793 1
326 804 1
321 813 1
316 825 1
309 835 1
303 848 1
296 862 1
289 878 1
283 893 1
276 907 1
271 921 1
265 935 1
260 949 1
254 963 1
248 975 1
241 986 1
236 996 1
230 1006 1
226 1016 1
220 1026 1
214 1036 1
207 1048 1
199 1061 1
193 1075 1
186 1091 1
181 1105 1
176 1121 1
173 1137 1
169 1156 1
167 1173 1
166 1190 1
164 1207 1
165 1222 1
165 1236 1
166 1250 1
168 1264 1
170 1277 1
172 1290 1
174 1304 1
174 1317 1
175 1329 1
175 1339 1
175 1348 1
175 1357 1
175 1368 1
175 1380 1
175 1391 1
175 1403 1
175 1416 1
175 1431 1
175 1445 1
177 1458 1
179 1470 1
182 1481 1
185 1492 1
188 1505 1
194 1519 1
202 1534 1
211 1551 1
221 1567 1
230 1581 1
241 1593 1
250 1603 1
260 1612 1
270 1618 1
279 1624 1
290 1629 1
299 1632 1
309 1635 1
322 1637 1
337 1637 1
353 1637 1
368 1633 1
385 1628 1
402 1620 1
420 1612 1
438 1603 1
452 1595 1
461 1591 1
466 1588 1
471 1586 1
473 1585 1
475 1585 1
478 1583 1
483 1580 1
488 1575 1
496 1567 1
505 1556 1
513 1546 1
521 1535 1
530 1524 1
537 1513 1
545 1502 1
552 1493 1
558 1483 1
563 1476 1
566 1469 1
570 1461 1
574 1452 1
579 1439 1
585 1425 1
590 1414 1
593 1404 1
594 1396 1
597 1389 1
599 1380 1
601 1370 1
604 1359 1
606 1348 1
610 1339 1
612 1331 1
615 1324 1
619 1314 1
622 1300 1
627 1287 1
632 1274 1
635 1262 1
637 1252 1
640 1241 1
642 1227 1
645 1213 1
646 1198 1
648 1183 1
648 1168 1
650 1153 1
651 1138 1
653 1122 1
654 1103 1
657 1086 1
660 1068 1
664 1053 1
665 1038 1
667 1024 1
669 1009 1
670 994 1
672 980 1
674 966 1
677 952 1
680 939 1
683 929 1
687 917 1
691 905 1
696 892 1
700 879 1
705 865 1
709 853 1
713 839 1
718 827 1
722 813 1
729 797 1
735 780 1
741 765 1
746 750 1
752 734 1
757 717 1
762 700 1
768 681 1
773 661 1
778 641 1
784 623 1
791 604 1
799 587 1
806 571 1
811 559 1
817 549 1
820 538 1
825 528 1
830 515 1
833 501 1
836 488 1
841 474 1
846 458 1
852 442 1
857 425 1
862 411 1
866 397 1
869 383 1
872 370 1
875 356 1
877 342 1
878 328 1
879 314 1
879 304 1
877 295 1
877 289 1
875 283 1
874 278 1
872 275 1
870 271 1
867 269 1
865 267 1
863 267 1
860 265 1
852 267 1
838 270 1
810 279 1
780 290 1
749 299 1
729 304 1
712 310 1
701 315 1
691 319 1
679 327 1
664 334 1
651 343 1
639 351 1
629 356 1
618 363 1
606 371 1
592 379 1
577 389 1
562 398 1
548 407 1
533 416 1
521 423 1
511 427 1
505 430 1
499 433 1
493 437 1
486 441 1
477 445 1
470 451 1
462 456 1
454 461 1
446 470 1
438 479 1
429 490 1
420 500 1
410 516 1
399 531 1
388 546 1
379 559 1
371 573 1
362 587 1
354 603 1
348 617 1
344 631 1
338 646 1
333 662 1
329 679 1
324 698 1
320 718 1
317 736 1
313 752 1
311 768 1
309 782 1
308 799 1
306 818 1
306 836 1
306 856 1
305 874 1
305 893 1
305 908 1
304 922 1
304 938 1
303 950 1
301 963 1
300 973 1
300 981 1
298 988 1
296 994 1
293 1002 1
290 1010 1
287 1018 1
283 1029 1
280 1038 1
276 1045 1
273 1053 1
267 1062 1
262 1072 1
256 1085 1
248 1099 1
242 1114 1
235 1129 1
228 1144 1
222 1159 1
217 1175 1
212 1189 1
207 1204 1
204 1218 1
201 1233 1
198 1247 1
195 1261 1
192 1275 1
191 1290 1
188 1306 1
187 1323 1
185 1341 1
185 1363 1
183 1383 1
183 1400 1
183 1416 1
183 1430 1
183 1442 1
184 1453 1
185 1463 1
187 1474 1
189 1485 1
193 1499 1
199 1516 1
205 1531 1
214 1548 1
222 1563 1
232 1577 1
241 1590 1
250 1601 1
260 1612 1
270 1623 1
282 1632 1
293 1640 1
308 1650 1
322 1658 1
335 1665 1
348 1669 1
360 1671 1
372 1669 1
387 1665 1
403 1658 1
419 1648 1
433 1638 1
446 1625 1
460 1610 1
477 1589 1
493 1560 1
507 1538 1
516 1523 1
522 1513 1
526 1503 1
531 1486 1
537 1467 1
544 1443 1
549 1425 1
553 1412 1
557 1403 1
561 1390 1
567 1372 1
575 1350 1
584 1328 1
594 1307 1
601 1293 1
607 1281 1
612 1273 1
617 1264 1
625 1250 1
636 1232 1
646 1213 1
652 1199 1
656 1188 1
659 1177 1
662 1164 1
665 1149 1
667 1132 1
670 1112 1
673 1094 1
676 1076 1
679 1059 1
684 1042 1
689 1026 1
693 1010 1
697 997 1
702 983 1
706 970 1
711 956 1
716 944 1
720 933 1
725 921 1
729 908 1
732 892 1
734 877 1
736 860 1
738 842 1
741 823 1
745 804 1
749 789 1
752 776 1
754 765 1
756 753 1
759 740 1
763 727 1
765 716 1
768 705 1
771 693 1
776 681 1
781 666 1
788 652 1
797 635 1
807 623 1
815 612 1
822 602 1
830 591 1
837 581 1
844 572 1
850 563 1
857 554 1
861 544 1
864 535 1
868 526 1
872 515 1
875 504 1
877 492 1
879 479 1
880 465 1
881 451 1
881 435 1
881 420 1
882 402 1
882 387 1
882 372 1
882 359 1
882 348 1
879 335 1
876 321 1
873 308 1
870 295 1
867 285 1
864 276 1
860 267 1
857 261 1
854 256 1
851 251 1
848 249 1
846 246 1
844 244 1
842 243 1
840 241 1
837 240 1
835 238 1
832 237 1
829 237 1
827 235 1
824 235 1
821 235 1
817 234 1
814 234 1
810 233 1
807 233 1
805 232 1
801 231 1
798 231 1
795 230 1
792 230 1
788 229 1
784 227 1
778 227 1
773 227 1
770 226 1
764 224 1
759 225 1
753 225 1
745 225 1
735 225 1
723 227 1
711 228 1
699 230 1
685 232 1
669 236 1
655 240 1
641 243 1
628 247 1
616 252 1
602 257 1
590 261 1
579 267 1
567 273 1
556 279 1
545 285 1
532 293 1
521 298 1
510 304 1
501 309 1
492 315 1
485 322 1
477 330 1
469 338 1
461 347 1
453 356 1
444 367 1
436 379 1
428 393 1
421 405 1
417 415 1
414 423 1
411 431 1
409 439 1
406 448 1
405 458 1
403 469 1
402 479 1
400 491 1
396 506 1
390 523 1
384 540 1
378 556 1
371 567 1
365 578 1
360 586 1
357 593 1
354 599 1
351 606 1
347 612 1
342 620 1
336 627 1
329 638 1
321 650 1
314 665 1
306 681 1
299 694 1
292 708 1
284 721 1
278 734 1
271 747 1
265 759 1
260 769 1
257 777 1
254 786 1
248 799 1
242 815 1
234 834 1
226 856 1
218 879 1
212 900 1
207 921 1
204 940 1
201 957 1
196 974 1
191 991 1
185 1010 1
181 1028 1
177 1045 1
174 1062 1
171 1080 1
168 1097 1
165 1112 1
161 1130 1
158 1147 1
156 1167 1
155 1183 1
157 1199 1
157 1213 1
160 1228 1
162 1242 1
165 1256 1
169 1270 1
172 1286 1
175 1303 1
178 1320 1
183 1338 1
187 1354 1
191 1368 1
194 1382 1
198 1394 1
200 1404 1
203 1413 1
205 1422 1
208 1431 1
211 1440 1
214 1451 1
218 1463 1
223 1478 1
228 1498 1
233 1517 1
239 1536 1
244 1552 1
249 1567 1
255 1583 1
261 1597 1
268 1611 1
279 1625 1
292 1640 1
304 1655 1
316 1667 1
328 1677 1
338 1685 1
348 1690 1
359 1693 1
370 1694 1
383 1692 1
398 1687 1
415 1679 1
429 1670 1
443 1656 1
459 1637 1
477 1610 1
495 1582 1
510 1555 1
521 1535 1
529 1515 1
537 1498 1
546 1479 1
554 1459 1
563 1438 1
573 1416 1
581 1396 1
588 1377 1
594 1357 1
600 1340 1
606 1323 1
611 1306 1
617 1290 1
622 1275 1
626 1261 1
631 1246 1
638 1227 1
646 1207 1
653 1189 1
657 1171 1
663 1152 1
668 1135 1
674 1113 1
680 1093 1
689 1068 1
698 1043 1
709 1016 1
718 994 1
727 970 1
736 949 1
745 928 1
752 908 1
761 886 1
774 863 1
784 840 1
794 815 1
802 791 1
810 768 1
820 745 1
829 724 1
839 707 1
849 690 1
858 674 1
866 657 1
875 640 1
881 621 1
886 601 1
890 577 1
894 551 1
899 526 1
903 506 1
907 490 1
909 477 1
911 467 1
912 456 1
913 445 1
911 433 1
911 422 1
909 412 1
909 403 1
907 395 1
905 386 1
905 377 1
902 368 1
898 357 1
895 348 1
891 339 1
888 330 1
884 321 1
881 313 1
876 303 1
872 291 1
864 277 1
856 261 1
847 245 1
839 232 1
833 224 1
827 219 1
823 217 1
820 217 1
816 217 1
808 218 1
791 224 1
767 234 1
732 245 1
697 258 1
658 273 1
618 289 1
584 304 1
553 321 1
524 338 1
496 360 1
469 384 1
442 415 1
413 447 1
384 489 1
354 536 1
328 591 1
309 642 1
294 689 1
280 737 1
266 783 1
254 830 1
242 878 1
233 926 1
225 970 1
218 1012 1
211 1050 1
204 1087 1
198 1123 1
195 1159 1
194 1194 1
194 1230 1
194 1263 1
197 1298 1
203 1336 1
210 1377 1
217 1419 1
221 1458 1
226 1493 1
232 1523 1
236 1548 1
241 1563 1
246 1576 1
249 1583 1
254 1590 1
257 1595 1
264 1600 1
277 1607 1
299 1615 1
325 1622 1
354 1622 1
384 1616 1
421 1594 1
461 1565 1
498 1524 1
530 1485 1
555 1450 1
574 1419 1
590 1387 1
606 1348 1
625 1303 1
646 1251 1
666 1204 1
684 1159 1
704 1114 1
724 1064 1
742 1014 1
761 964 1
779 916 1
794 868 1
811 816 1
825 768 1
834 730 1
841 697 1
847 668 1
852 636 1
856 601 1
859 568 1
861 536 1
862 509 1
865 483 1
867 459 1
869 435 1
870 410 1
869 386 1
866 364 1
863 346 1
857 329 1
851 313 1
846 301 1
840 292 1
834 284 1
827 276 1
818 268 1
806 264 1
793 260 1
779 258 1
761 261 1
741 265 1
716 273 1
687 285 1
653 298 1
620 315 1
580 338 1
539 367 1
505 396 1
477 423 1
453 452 1
432 484 1
411 520 1
389 564 1
370 605 1
353 647 1
338 693 1
321 748 1
308 804 1
297 858 1
285 912 1
275 966 1
268 1017 1
265 1065 1
263 1107 1
263 1148 1
263 1186 1
263 1222 1
263 1258 1
266 1293 1
272 1325 1
278 1357 1
284 1386 1
290 1411 1
296 1435 1
301 1458 1
307 1483 1
315 1506 1
323 1527 1
331 1544 1
337 1558 1
344 1568 1
352 1578 1
361 1587 1
371 1595 1
381 1601 1
393 1602 1
410 1598 1
428 1590 1
447 1575 1
468 1555 1
488 1531 1
510 1501 1
535 1462 1
565 1414 1
597 1351 1
625 1296 1
647 1244 1
665 1193 1
683 1142 1
700 1096 1
714 1054 1
726 1021 1
734 992 1
739 967 1
745 943 1
750 918 1
756 893 1
761 865 1
765 837 1
770 809 1
776 781 1
784 754 1
792 727 1
799 703 1
803 680 1
809 659 1
814 640 1
820 623 1
825 605 1
829 588 1
832 571 1
833 557 1
834 543 1
831 530 1
829 515 1
828 499 1
826 484 1
824 468 1
823 452 1
820 432 1
818 412 1
816 394 1
817 376 1
817 359 1
818 342 1
819 325 1
819 311 1
817 299 1
817 288 1
815 279 1
812 273 1
810 266 1
807 258 1
804 253 1
799 248 1
792 243 1
783 237 1
773 233 1
760 228 1
747 225 1
729 226 1
708 229 1
687 234 1
665 242 1
643 252 1
620 264 1
596 279 1
570 296 1
541 319 1
507 348 1
472 380 1
444 411 1
421 441 1
402 473 1
383 507 1
361 547 1
343 582 1
332 616 1
321 649 1
310 687 1
299 728 1
288 771 1
279 810 1
272 851 1
265 893 1
261 933 1
255 971 1
249 1009 1
245 1049 1
240 1095 1
235 1154 1
236 1152 0
