631 1013 1
631 1013 1
631 1013 1
631 1013 1
631 1013 1
631 1013 1
631 1013 1
631 1013 1
630 1012 1
630 1012 1
629 1012 1
629 1012 1
627 1012 1
627 1012 1
625 1011 1
623 1010 1
621 1008 1
617 1006 1
614 1005 1
611 1002 1
607 999 1
604 996 1
601 992 1
598 989 1
597 986 1
595 983 1
594 980 1
594 978 1
594 974 1
595 972 1
596 969 1
598 966 1
601 963 1
604 960 1
607 957 1
611 955 1
614 953 1
619 951 1
622 949 1
626 947 1
628 947 1
631 945 1
632 946 1
635 944 1
637 945 1
639 945 1
641 945 1
643 945 1
645 946 1
647 946 1
648 947 1
650 948 1
653 949 1
654 950 1
656 952 1
656 954 1
658 956 1
659 957 1
660 959 1
661 961 1
662 963 1
663 965 1
664 968 1
665 971 1
666 972 1
667 975 1
667 977 1
667 980 1
668 982 1
668 985 1
669 986 1
669 989 1
669 991 1
670 993 1
670 995 1
670 997 1
670 999 1
670 1001 1
671 1003 1
671 1005 1
671 1008 1
672 1010 1
673 1012 1
673 1014 1
673 1017 1
674 1019 1
674 1023 1
675 1026 1
676 1029 1
677 1032 1
678 1036 1
679 1040 1
680 1043 1
681 1048 1
682 1050 1
683 1053 1
684 1056 1
686 1059 1
687 1063 1
687 1065 1
689 1067 1
689 1069 1
690 1072 1
691 1074 1
692 1076 1
693 1078 1
694 1080 1
694 1081 1
694 1083 1
695 1084 1
695 1084 1
695 1084 1
695 1084 1
695 1085 1
695 1085 1
695 1085 1
695 1086 1
695 1086 1
694 1086 1
694 1087 1
692 1090 1
692 1093 1
690 1096 1
688 1100 1
686 1104 1
684 1108 1
682 1111 1
680 1113 1
677 1116 1
673 1118 1
668 1122 1
665 1123 1
662 1124 1
658 1126 1
655 1127 1
652 1129 1
650 1130 1
648 1131 1
646 1132 1
644 1133 1
642 1133 1
639 1134 1
637 1135 1
635 1135 1
632 1135 1
631 1136 1
628 1136 1
626 1136 1
624 1134 1
622 1135 1
619 1135 1
617 1134 1
615 1134 1
612 1133 1
610 1132 1
607 1130 1
605 1129 1
602 1127 1
598 1126 1
594 1123 1
590 1120 1
585 1117 1
580 1114 1
575 1111 1
571 1107 1
565 1104 1
561 1100 1
557 1097 1
553 1094 1
550 1091 1
547 1089 1
545 1087 1
542 1085 1
540 1083 1
537 1081 1
532 1077 1
529 1074 1
526 1071 1
522 1068 1
518 1065 1
513 1061 1
508 1058 1
506 1055 1
503 1052 1
500 1050 1
498 1047 1
496 1045 1
494 1043 1
492 1040 1
492 1038 1
490 1035 1
490 1032 1
488 1029 1
489 1023 1
489 1018 1
488 1011 1
488 1005 1
488 997 1
488 990 1
488 984 1
488 977 1
489 971 1
489 964 1
491 956 1
492 948 1
493 940 1
494 933 1
495 925 1
497 918 1
499 911 1
502 905 1
503 899 1
506 891 1
507 883 1
509 875 1
510 865 1
513 856 1
514 846 1
517 837 1
519 828 1
521 822 1
523 816 1
524 810 1
526 804 1
527 799 1
529 794 1
531 790 1
533 787 1
536 783 1
539 781 1
544 779 1
549 778 1
555 776 1
559 776 1
565 776 1
570 776 1
576 776 1
582 777 1
587 777 1
593 779 1
598 780 1
604 782 1
609 784 1
615 786 1
619 787 1
624 789 1
627 791 1
631 793 1
635 796 1
638 799 1
642 801 1
645 804 1
649 807 1
652 810 1
654 813 1
657 817 1
660 820 1
662 824 1
665 827 1
668 832 1
670 835 1
673 839 1
675 843 1
678 848 1
681 853 1
683 857 1
687 862 1
690 865 1
693 870 1
697 875 1
701 880 1
704 884 1
707 888 1
709 893 1
712 897 1
713 901 1
716 904 1
717 908 1
719 913 1
720 916 1
723 921 1
725 926 1
726 931 1
728 937 1
730 943 1
732 950 1
733 955 1
736 960 1
737 965 1
739 970 1
740 975 1
742 981 1
744 986 1
745 990 1
747 994 1
748 1000 1
750 1006 1
751 1014 1
754 1022 1
755 1031 1
757 1039 1
759 1047 1
760 1054 1
762 1061 1
762 1068 1
764 1075 1
764 1083 1
764 1089 1
764 1096 1
764 1104 1
763 1110 1
762 1113 1
762 1117 1
762 1119 1
760 1121 1
761 1123 1
761 1125 1
760 1127 1
760 1128 1
760 1129 1
760 1129 1
759 1131 1
758 1132 1
758 1135 1
756 1138 1
754 1141 1
754 1144 1
752 1148 1
752 1151 1
750 1156 1
749 1158 1
748 1163 1
746 1166 1
746 1170 1
744 1173 1
744 1176 1
744 1178 1
743 1181 1
741 1183 1
741 1185 1
739 1188 1
738 1191 1
737 1193 1
734 1196 1
731 1198 1
728 1201 1
724 1204 1
720 1206 1
716 1208 1
711 1210 1
707 1211 1
702 1213 1
697 1215 1
692 1216 1
687 1217 1
680 1218 1
673 1220 1
666 1221 1
660 1222 1
654 1222 1
649 1223 1
643 1223 1
638 1224 1
634 1224 1
631 1224 1
628 1224 1
626 1224 1
623 1224 1
619 1224 1
614 1224 1
610 1224 1
605 1224 1
600 1224 1
597 1224 1
593 1224 1
591 1224 1
588 1224 1
586 1224 1
583 1224 1
581 1223 1
579 1223 1
579 1223 1
579 1223 1
579 1223 1
579 1223 1
579 1223 1
579 1223 1
579 1223 1
579 1223 1
579 1223 1
579 1223 1
579 1223 1
579 1223 1
579 1223 1
579 1223 1
579 1223 1
576 1223 1
570 1219 1
564 1214 1
553 1206 1
541 1194 1
529 1182 1
520 1173 1
513 1166 1
508 1161 1
505 1158 1
503 1156 1
501 1156 1
501 1155 1
501 1155 1
500 1154 1
500 1154 1
498 1154 1
499 1153 1
499 1153 1
499 1153 1
498 1151 1
498 1151 1
496 1152 1
497 1151 1
496 1151 1
496 1151 1
493 1150 1
492 1147 1
489 1145 1
484 1140 1
477 1134 1
469 1127 1
459 1117 1
450 1109 1
442 1100 1
435 1092 1
429 1083 1
423 1075 1
419 1068 1
415 1061 1
413 1055 1
410 1050 1
409 1045 1
407 1041 1
405 1035 1
403 1029 1
402 1022 1
402 1014 1
400 1008 1
399 1000 1
399 991 1
399 983 1
401 976 1
402 969 1
404 961 1
406 955 1
408 948 1
410 942 1
412 937 1
414 931 1
415 926 1
416 921 1
417 916 1
418 910 1
419 904 1
420 898 1
421 893 1
422 887 1
423 881 1
424 875 1
426 867 1
427 861 1
429 854 1
430 848 1
433 840 1
434 834 1
436 828 1
437 821 1
439 815 1
439 807 1
440 801 1
441 793 1
442 786 1
443 779 1
444 773 1
446 768 1
447 762 1
449 756 1
450 751 1
451 746 1
453 741 1
455 736 1
458 730 1
460 725 1
462 720 1
465 714 1
469 709 1
473 704 1
477 700 1
483 695 1
486 690 1
491 688 1
495 685 1
498 683 1
502 680 1
506 678 1
509 678 1
512 676 1
515 676 1
518 676 1
522 676 1
525 676 1
530 676 1
533 677 1
536 677 1
539 677 1
541 678 1
543 678 1
547 679 1
552 680 1
556 681 1
563 682 1
568 684 1
573 686 1
580 690 1
587 694 1
596 698 1
605 704 1
613 708 1
619 711 1
625 713 1
630 716 1
632 717 1
635 719 1
639 721 1
640 721 1
643 723 1
644 723 1
645 724 1
646 724 1
649 725 1
655 727 1
664 732 1
680 741 1
698 753 1
717 768 1
733 781 1
750 794 1
762 806 1
772 817 1
777 822 1
780 827 1
783 829 1
785 832 1
786 833 1
788 835 1
790 837 1
791 838 1
793 840 1
794 842 1
795 844 1
796 845 1
798 847 1
798 847 1
799 848 1
799 849 1
799 849 1
800 851 1
801 854 1
802 858 1
803 865 1
806 873 1
808 883 1
811 894 1
812 902 1
814 910 1
815 916 1
817 922 1
818 927 1
818 931 1
819 936 1
819 940 1
820 943 1
821 948 1
821 953 1
822 957 1
822 962 1
823 967 1
823 974 1
823 979 1
823 985 1
823 990 1
823 996 1
824 1004 1
825 1011 1
826 1019 1
827 1026 1
829 1032 1
830 1038 1
831 1042 1
833 1046 1
833 1049 1
834 1052 1
835 1055 1
836 1058 1
837 1061 1
839 1066 1
840 1070 1
843 1075 1
847 1083 1
850 1090 1
853 1099 1
856 1107 1
858 1115 1
860 1122 1
862 1129 1
863 1136 1
865 1144 1
866 1150 1
868 1157 1
869 1162 1
869 1166 1
870 1170 1
870 1173 1
870 1176 1
870 1177 1
870 1180 1
870 1181 1
870 1184 1
868 1186 1
869 1188 1
867 1191 1
866 1194 1
863 1198 1
859 1203 1
854 1209 1
847 1216 1
841 1223 1
836 1229 1
832 1233 1
830 1237 1
827 1240 1
825 1243 1
823 1245 1
821 1248 1
820 1249 1
818 1251 1
816 1253 1
814 1254 1
812 1256 1
811 1257 1
808 1259 1
806 1260 1
803 1262 1
799 1264 1
794 1266 1
790 1268 1
785 1270 1
782 1272 1
778 1273 1
775 1275 1
772 1276 1
769 1278 1
766 1279 1
763 1282 1
760 1283 1
757 1285 1
754 1286 1
751 1288 1
747 1290 1
744 1291 1
739 1293 1
735 1295 1
731 1297 1
727 1298 1
724 1300 1
719 1301 1
714 1303 1
712 1303 1
707 1305 1
704 1306 1
701 1306 1
698 1307 1
694 1307 1
690 1307 1
681 1308 1
672 1306 1
662 1307 1
651 1305 1
642 1304 1
631 1303 1
621 1301 1
607 1300 1
596 1298 1
587 1297 1
579 1297 1
574 1295 1
569 1295 1
562 1293 1
554 1293 1
544 1291 1
534 1290 1
523 1290 1
515 1288 1
508 1286 1
503 1286 1
498 1284 1
495 1283 1
491 1283 1
488 1281 1
486 1281 1
483 1279 1
482 1278 1
480 1276 1
479 1275 1
479 1272 1
478 1268 1
476 1263 1
476 1258 1
474 1255 1
472 1249 1
470 1243 1
467 1233 1
461 1220 1
454 1207 1
446 1195 1
439 1182 1
430 1171 1
422 1159 1
412 1148 1
405 1139 1
398 1131 1
393 1125 1
388 1119 1
384 1114 1
381 1110 1
376 1105 1
373 1100 1
369 1095 1
366 1087 1
360 1080 1
356 1071 1
351 1061 1
347 1050 1
343 1040 1
341 1031 1
339 1022 1
338 1014 1
336 1007 1
336 1001 1
334 995 1
334 990 1
333 986 1
331 981 1
331 976 1
331 972 1
330 966 1
330 962 1
330 955 1
330 948 1
331 940 1
333 932 1
336 924 1
338 917 1
340 909 1
342 901 1
345 893 1
346 887 1
348 883 1
349 876 1
350 870 1
351 865 1
352 860 1
353 854 1
353 850 1
353 845 1
352 840 1
350 834 1
349 826 1
347 819 1
346 811 1
344 802 1
342 794 1
341 787 1
339 779 1
339 774 1
339 770 1
338 767 1
338 764 1
338 761 1
339 758 1
339 753 1
342 747 1
345 738 1
349 728 1
352 718 1
357 708 1
363 699 1
370 690 1
378 682 1
386 674 1
395 666 1
402 660 1
411 652 1
420 646 1
429 641 1
437 637 1
444 633 1
449 630 1
453 629 1
456 627 1
460 626 1
463 626 1
468 623 1
472 624 1
478 623 1
486 621 1
496 619 1
504 618 1
513 616 1
523 616 1
532 616 1
542 617 1
551 618 1
558 618 1
566 619 1
571 621 1
577 621 1
581 623 1
587 625 1
591 627 1
597 630 1
602 632 1
608 635 1
613 638 1
619 641 1
622 642 1
627 644 1
631 646 1
635 648 1
639 650 1
643 652 1
647 654 1
652 657 1
657 661 1
662 664 1
668 669 1
674 674 1
679 679 1
684 683 1
688 686 1
690 689 1
693 692 1
696 695 1
701 698 1
706 704 1
710 709 1
714 714 1
718 720 1
722 726 1
727 733 1
732 740 1
738 749 1
743 757 1
746 762 1
751 767 1
754 772 1
757 776 1
759 778 1
763 782 1
766 785 1
771 789 1
774 792 1
778 795 1
782 799 1
787 803 1
793 807 1
800 812 1
807 817 1
815 822 1
821 827 1
827 832 1
830 834 1
833 836 1
834 838 1
837 840 1
839 842 1
840 843 1
841 844 1
841 844 1
842 844 1
843 845 1
844 846 1
845 846 1
846 847 1
847 848 1
848 848 1
848 849 1
848 849 1
849 849 1
849 849 1
849 849 1
849 850 1
850 850 1
851 851 1
852 853 1
854 855 1
856 857 1
858 859 1
859 861 1
861 863 1
862 865 1
864 868 1
866 872 1
868 875 1
870 879 1
873 884 1
875 887 1
876 890 1
878 894 1
879 897 1
881 901 1
882 904 1
883 907 1
883 909 1
884 911 1
885 914 1
885 916 1
886 918 1
887 920 1
888 922 1
888 924 1
888 926 1
889 927 1
889 930 1
890 932 1
890 936 1
891 941 1
892 949 1
894 957 1
895 968 1
898 979 1
900 990 1
903 1004 1
906 1016 1
909 1028 1
912 1038 1
914 1045 1
916 1053 1
919 1060 1
922 1068 1
923 1073 1
925 1078 1
926 1082 1
927 1085 1
928 1089 1
929 1091 1
929 1095 1
930 1097 1
930 1101 1
931 1105 1
932 1109 1
932 1114 1
933 1120 1
933 1125 1
935 1133 1
935 1138 1
937 1146 1
938 1153 1
939 1158 1
940 1163 1
940 1167 1
941 1171 1
941 1175 1
941 1178 1
942 1182 1
942 1185 1
942 1188 1
942 1193 1
942 1198 1
942 1205 1
942 1212 1
942 1223 1
942 1232 1
941 1242 1
939 1252 1
939 1259 1
937 1267 1
936 1274 1
936 1279 1
936 1284 1
935 1287 1
933 1290 1
933 1293 1
931 1296 1
931 1298 1
931 1300 1
930 1302 1
930 1305 1
928 1307 1
928 1309 1
926 1312 1
926 1314 1
924 1316 1
924 1319 1
922 1321 1
920 1324 1
918 1328 1
914 1331 1
912 1334 1
909 1337 1
908 1339 1
905 1342 1
904 1343 1
902 1345 1
901 1346 1
899 1348 1
898 1349 1
898 1351 1
897 1352 1
897 1352 1
896 1352 1
896 1353 1
894 1353 1
893 1354 1
890 1356 1
888 1358 1
883 1360 1
877 1364 1
872 1367 1
864 1370 1
858 1372 1
852 1375 1
845 1377 1
841 1379 1
836 1381 1
831 1383 1
826 1385 1
820 1387 1
814 1388 1
809 1389 1
803 1390 1
798 1390 1
793 1391 1
786 1391 1
782 1392 1
778 1392 1
775 1393 1
772 1393 1
770 1394 1
767 1394 1
764 1394 1
762 1395 1
760 1395 1
757 1395 1
754 1396 1
752 1396 1
749 1396 1
744 1397 1
741 1397 1
735 1397 1
729 1397 1
722 1397 1
717 1397 1
712 1397 1
708 1397 1
704 1397 1
701 1397 1
697 1397 1
694 1398 1
688 1398 1
684 1399 1
679 1399 1
674 1399 1
670 1399 1
664 1398 1
660 1398 1
655 1398 1
650 1396 1
646 1397 1
643 1397 1
638 1397 1
636 1397 1
633 1397 1
630 1397 1
626 1397 1
620 1396 1
614 1396 1
606 1394 1
597 1392 1
587 1388 1
577 1385 1
565 1381 1
551 1377 1
534 1372 1
518 1364 1
501 1356 1
486 1346 1
472 1338 1
462 1331 1
453 1325 1
446 1320 1
441 1316 1
435 1313 1
429 1309 1
425 1306 1
419 1301 1
412 1296 1
406 1291 1
400 1286 1
394 1281 1
388 1276 1
383 1270 1
380 1267 1
378 1263 1
377 1260 1
375 1257 1
376 1253 1
378 1247 1
379 1240 1
381 1231 1
382 1218 1
381 1206 1
379 1195 1
377 1185 1
373 1174 1
367 1163 1
359 1149 1
349 1134 1
338 1120 1
328 1108 1
317 1096 1
308 1085 1
299 1073 1
290 1062 1
281 1049 1
273 1037 1
266 1025 1
261 1014 1
255 1003 1
250 994 1
248 985 1
245 977 1
242 969 1
241 963 1
239 955 1
239 947 1
237 939 1
238 932 1
238 925 1
238 919 1
238 913 1
239 909 1
239 904 1
239 899 1
240 895 1
241 890 1
241 884 1
242 878 1
243 871 1
244 863 1
244 854 1
246 846 1
246 838 1
248 830 1
250 821 1
251 812 1
252 804 1
253 795 1
255 787 1
256 779 1
257 772 1
257 767 1
258 761 1
259 755 1
260 750 1
261 744 1
261 736 1
263 728 1
264 721 1
266 712 1
268 704 1
271 698 1
274 691 1
279 683 1
284 675 1
288 668 1
292 661 1
296 655 1
300 649 1
305 642 1
309 636 1
316 631 1
322 625 1
328 621 1
336 616 1
345 611 1
352 607 1
360 603 1
367 600 1
372 597 1
378 596 1
382 593 1
387 593 1
393 591 1
398 590 1
405 590 1
411 587 1
418 587 1
424 585 1
431 585 1
436 583 1
443 583 1
451 581 1
460 581 1
469 581 1
479 580 1
487 580 1
495 580 1
500 580 1
505 580 1
509 580 1
513 580 1
519 580 1
525 580 1
531 581 1
537 581 1
545 582 1
551 582 1
558 583 1
564 583 1
569 584 1
575 584 1
581 585 1
587 585 1
592 586 1
598 586 1
603 587 1
608 587 1
612 587 1
617 588 1
621 588 1
626 589 1
630 590 1
634 591 1
637 592 1
640 593 1
643 594 1
646 596 1
650 597 1
652 598 1
655 600 1
657 601 1
659 603 1
661 603 1
663 605 1
665 605 1
667 607 1
668 607 1
671 609 1
673 610 1
674 611 1
678 613 1
683 616 1
690 620 1
698 627 1
707 632 1
716 639 1
725 645 1
738 654 1
751 663 1
763 672 1
774 681 1
784 689 1
794 695 1
802 702 1
810 706 1
816 709 1
822 713 1
829 717 1
833 719 1
836 720 1
840 722 1
842 724 1
845 726 1
846 727 1
849 729 1
851 732 1
854 738 1
858 746 1
861 755 1
866 765 1
870 776 1
876 789 1
885 806 1
896 824 1
906 840 1
914 854 1
919 863 1
924 871 1
928 877 1
931 882 1
934 887 1
935 892 1
937 895 1
938 899 1
940 903 1
941 908 1
942 911 1
943 916 1
944 921 1
945 929 1
946 937 1
948 948 1
948 958 1
950 968 1
951 977 1
952 986 1
953 993 1
955 1001 1
957 1008 1
958 1015 1
960 1022 1
961 1028 1
962 1033 1
962 1038 1
963 1040 1
964 1043 1
965 1045 1
965 1047 1
966 1049 1
966 1049 1
966 1050 1
967 1051 1
967 1051 1
967 1053 1
968 1054 1
968 1055 1
969 1056 1
970 1057 1
970 1059 1
971 1059 1
972 1061 1
972 1062 1
973 1063 1
973 1064 1
974 1065 1
975 1066 1
976 1068 1
977 1070 1
979 1072 1
982 1075 1
984 1077 1
987 1080 1
988 1082 1
990 1085 1
992 1088 1
994 1090 1
995 1092 1
997 1094 1
999 1097 1
1000 1099 1
1002 1101 1
1003 1103 1
1005 1105 1
1006 1107 1
1008 1109 1
1008 1111 1
1010 1113 1
1011 1115 1
1012 1117 1
1013 1120 1
1014 1121 1
1015 1123 1
1016 1125 1
1017 1128 1
1017 1130 1
1018 1133 1
1020 1137 1
1020 1142 1
1022 1148 1
1023 1155 1
1025 1161 1
1026 1168 1
1027 1174 1
1027 1177 1
1028 1182 1
1028 1185 1
1028 1188 1
1028 1192 1
1027 1195 1
1027 1199 1
1025 1204 1
1023 1209 1
1022 1216 1
1020 1225 1
1017 1237 1
1014 1249 1
1011 1262 1
1008 1277 1
1005 1292 1
1001 1307 1
998 1320 1
994 1332 1
991 1342 1
988 1351 1
985 1361 1
981 1369 1
979 1374 1
977 1379 1
976 1382 1
976 1385 1
974 1386 1
974 1389 1
972 1390 1
970 1392 1
968 1395 1
966 1397 1
962 1401 1
957 1405 1
953 1411 1
944 1416 1
935 1422 1
924 1429 1
912 1437 1
896 1448 1
880 1458 1
863 1467 1
848 1475 1
834 1481 1
820 1486 1
808 1490 1
794 1495 1
782 1498 1
775 1502 1
767 1506 1
759 1507 1
751 1508 1
744 1509 1
735 1509 1
727 1509 1
719 1508 1
712 1508 1
705 1507 1
699 1505 1
690 1503 1
681 1502 1
670 1499 1
659 1496 1
650 1493 1
642 1491 1
635 1488 1
632 1487 1
629 1487 1
626 1485 1
624 1483 1
620 1481 1
616 1480 1
610 1477 1
602 1474 1
593 1471 1
584 1467 1
575 1463 1
566 1459 1
557 1456 1
546 1452 1
535 1449 1
525 1445 1
517 1443 1
509 1440 1
501 1438 1
492 1436 1
484 1434 1
475 1431 1
463 1429 1
453 1427 1
444 1426 1
433 1424 1
424 1422 1
416 1421 1
409 1419 1
403 1418 1
400 1416 1
396 1416 1
394 1414 1
392 1413 1
389 1411 1
386 1408 1
385 1405 1
383 1399 1
380 1385 1
376 1366 1
369 1342 1
363 1316 1
355 1293 1
349 1269 1
341 1250 1
332 1230 1
320 1212 1
309 1195 1
297 1182 1
287 1172 1
278 1164 1
269 1156 1
260 1147 1
249 1137 1
236 1124 1
223 1111 1
209 1094 1
195 1076 1
185 1055 1
175 1034 1
169 1011 1
163 991 1
160 969 1
157 949 1
153 933 1
152 919 1
149 907 1
147 898 1
145 890 1
146 892 0
