58 1378 1
58 1378 1
58 1378 1
58 1378 1
58 1378 1
58 1378 1
58 1378 1
58 1378 1
58 1378 1
58 1378 1
58 1378 1
58 1376 1
58 1375 1
60 1371 1
63 1364 1
66 1356 1
70 1348 1
74 1339 1
78 1331 1
81 1324 1
85 1317 1
88 1309 1
93 1302 1
96 1295 1
99 1288 1
102 1280 1
107 1270 1
111 1262 1
115 1254 1
119 1245 1
124 1235 1
128 1224 1
133 1212 1
140 1201 1
146 1191 1
153 1180 1
158 1171 1
164 1162 1
168 1156 1
171 1149 1
174 1142 1
176 1135 1
178 1130 1
179 1124 1
180 1118 1
180 1113 1
180 1107 1
179 1099 1
179 1090 1
178 1081 1
178 1072 1
177 1064 1
177 1056 1
176 1049 1
176 1041 1
175 1035 1
175 1026 1
176 1017 1
176 1008 1
176 998 1
177 990 1
178 982 1
178 975 1
180 967 1
181 957 1
183 948 1
186 938 1
191 927 1
195 918 1
198 910 1
201 901 1
203 892 1
205 882 1
206 873 1
207 864 1
207 856 1
207 849 1
206 842 1
203 836 1
199 830 1
193 824 1
188 818 1
181 814 1
175 810 1
168 808 1
163 806 1
158 805 1
155 805 1
152 805 1
150 805 1
145 806 1
139 812 1
128 824 1
118 837 1
104 857 1
90 880 1
78 901 1
69 924 1
61 948 1
58 973 1
56 999 1
57 1026 1
57 1049 1
57 1068 1
57 1084 1
58 1098 1
59 1108 1
60 1118 1
63 1132 1
72 1149 1
84 1164 1
96 1180 1
109 1194 1
122 1210 1
139 1226 1
155 1243 1
169 1258 1
182 1274 1
196 1292 1
209 1314 1
221 1338 1
231 1359 1
239 1377 1
242 1391 1
244 1402 1
244 1410 1
244 1418 1
241 1431 1
236 1440 1
226 1449 1
212 1458 1
199 1464 1
186 1468 1
177 1470 1
161 1469 1
148 1467 1
136 1462 1
125 1455 1
114 1444 1
102 1429 1
93 1412 1
86 1394 1
81 1377 1
79 1361 1
79 1344 1
79 1325 1
81 1300 1
81 1307 0
392 1398 1
392 1398 1
392 1398 1
392 1398 1
392 1398 1
392 1398 1
391 1397 1
391 1395 1
391 1392 1
390 1388 1
388 1383 1
388 1376 1
386 1367 1
384 1355 1
384 1344 1
384 1335 1
384 1326 1
385 1318 1
385 1308 1
385 1297 1
385 1284 1
383 1272 1
382 1259 1
381 1248 1
380 1235 1
381 1223 1
381 1212 1
382 1203 1
384 1195 1
385 1187 1
387 1181 1
390 1171 1
395 1161 1
406 1140 1
412 1130 1
417 1121 1
421 1115 1
425 1107 1
430 1101 1
437 1093 1
444 1084 1
451 1074 1
457 1066 1
463 1058 1
468 1053 1
473 1048 1
478 1044 1
483 1041 1
489 1036 1
495 1032 1
499 1029 1
504 1024 1
508 1020 1
513 1013 1
519 1005 1
525 995 1
530 986 1
536 978 1
539 971 1
542 964 1
544 956 1
546 947 1
547 937 1
547 927 1
547 915 1
545 904 1
546 895 1
544 886 1
544 879 1
542 873 1
540 867 1
540 862 1
537 856 1
533 850 1
528 844 1
520 838 1
512 834 1
503 829 1
494 824 1
484 822 1
475 819 1
463 820 1
453 820 1
444 822 1
430 829 1
416 840 1
404 854 1
394 868 1
385 885 1
378 899 1
373 912 1
365 930 1
363 948 1
359 966 1
357 983 1
357 1001 1
357 1022 1
359 1046 1
367 1073 1
380 1102 1
396 1129 1
414 1154 1
432 1178 1
450 1196 1
467 1213 1
484 1232 1
501 1252 1
515 1269 1
525 1285 1
534 1302 1
541 1320 1
549 1337 1
555 1356 1
559 1378 1
560 1398 1
557 1417 1
549 1431 1
539 1442 1
526 1449 1
511 1452 1
496 1452 1
478 1446 1
458 1437 1
441 1424 1
427 1410 1
418 1399 1
413 1392 1
409 1386 1
407 1384 1
405 1381 1
405 1381 1
403 1381 1
404 1381 0
717 1422 1
717 1422 1
717 1422 1
717 1422 1
717 1422 1
715 1420 1
715 1420 1
714 1417 1
713 1412 1
710 1406 1
706 1398 1
703 1391 1
700 1383 1
698 1373 1
695 1362 1
692 1351 1
690 1342 1
689 1334 1
689 1326 1
688 1318 1
689 1307 1
690 1295 1
691 1285 1
692 1275 1
692 1265 1
693 1256 1
693 1246 1
695 1235 1
696 1225 1
698 1214 1
699 1207 1
701 1199 1
703 1193 1
704 1188 1
706 1183 1
706 1178 1
709 1172 1
713 1163 1
722 1145 1
727 1133 1
732 1122 1
736 1113 1
739 1103 1
744 1091 1
747 1079 1
752 1068 1
755 1060 1
759 1053 1
761 1048 1
764 1043 1
767 1041 1
769 1037 1
773 1033 1
776 1031 1
780 1028 1
784 1025 1
790 1021 1
796 1017 1
802 1013 1
810 1007 1
817 1001 1
823 994 1
828 986 1
832 979 1
837 970 1
840 960 1
842 944 1
843 928 1
841 911 1
838 892 1
832 874 1
826 857 1
816 840 1
805 823 1
792 808 1
778 795 1
762 784 1
745 777 1
730 773 1
718 773 1
707 776 1
695 790 1
683 812 1
668 841 1
656 874 1
652 908 1
649 942 1
656 986 1
665 1031 1
679 1076 1
701 1126 1
727 1175 1
762 1225 1
794 1271 1
819 1312 1
835 1345 1
846 1377 1
850 1403 1
848 1429 1
836 1451 1
818 1469 1
794 1475 1
767 1474 1
737 1464 1
713 1450 1
697 1432 1
687 1414 1
682 1395 1
681 1378 1
682 1385 0
