975 453 1
975 453 1
975 453 1
975 453 1
975 453 1
975 453 1
975 453 1
975 453 1
975 453 1
975 453 1
975 453 1
975 453 1
975 453 1
975 453 1
975 453 1
975 453 1
975 453 1
975 453 1
975 453 1
975 453 1
975 453 1
975 453 1
975 453 1
975 453 1
975 453 1
975 453 1
975 453 1
975 453 1
975 453 1
975 453 1
975 453 1
975 453 1
975 453 1
975 453 1
975 453 1
975 453 1
975 453 1
975 453 1
975 453 1
975 453 1
975 453 1
973 453 1
973 453 1
974 454 1
974 456 1
973 458 1
973 460 1
973 463 1
971 465 1
972 467 1
972 470 1
971 472 1
969 477 1
968 480 1
966 484 1
963 489 1
960 493 1
958 497 1
956 500 1
954 503 1
953 505 1
951 508 1
950 511 1
948 514 1
947 518 1
947 522 1
946 525 1
946 529 1
946 533 1
946 538 1
947 542 1
948 548 1
949 554 1
951 558 1
953 562 1
954 566 1
955 570 1
957 573 1
958 576 1
960 581 1
961 588 1
964 596 1
967 607 1
969 620 1
974 643 1
977 658 1
980 674 1
981 686 1
982 696 1
982 708 1
982 720 1
981 732 1
981 741 1
980 749 1
978 755 1
978 760 1
978 765 1
977 769 1
976 772 1
976 774 1
975 776 1
975 778 1
973 781 1
971 784 1
970 789 1
968 795 1
967 803 1
965 811 1
963 819 1
964 826 1
963 834 1
963 841 1
963 847 1
963 851 1
963 854 1
963 857 1
963 859 1
963 862 1
963 865 1
963 870 1
961 874 1
960 882 1
959 889 1
957 895 1
953 903 1
949 909 1
941 914 1
935 919 1
929 922 1
924 926 1
921 927 1
918 928 1
916 928 1
913 929 1
910 929 1
905 929 1
899 929 1
894 929 1
888 929 1
883 928 1
877 928 1
869 926 1
863 926 1
856 924 1
850 923 1
844 921 1
837 918 1
829 913 1
821 905 1
813 897 1
806 889 1
800 881 1
795 875 1
792 869 1
788 864 1
786 860 1
784 857 1
784 854 1
784 852 1
784 850 1
784 850 1
784 849 1
784 849 1
784 849 1
784 849 1
784 849 1
784 849 1
784 849 1
784 849 1
784 849 1
784 849 1
784 847 1
784 845 1
786 839 1
787 829 1
789 819 1
791 806 1
794 794 1
799 782 1
803 774 1
806 766 1
808 761 1
810 757 1
811 755 1
811 752 1
812 751 1
812 749 1
813 749 1
813 749 1
814 747 1
815 748 1
815 746 1
815 746 1
815 746 1
815 746 1
815 746 1
815 746 1
815 746 1
815 746 1
815 746 1
816 747 1
817 747 1
820 748 1
826 751 1
833 756 1
840 765 1
846 774 1
854 784 1
862 803 1
865 812 1
868 822 1
871 831 1
873 840 1
875 849 1
876 858 1
877 867 1
877 878 1
878 890 1
878 901 1
879 910 1
879 920 1
879 931 1
878 952 1
876 967 1
873 983 1
870 1002 1
865 1023 1
861 1045 1
856 1069 1
851 1092 1
846 1114 1
838 1135 1
832 1154 1
827 1169 1
824 1178 1
821 1185 1
820 1190 1
820 1195 1
819 1198 1
819 1200 1
818 1201 1
818 1203 1
818 1203 1
818 1203 1
818 1203 1
818 1203 1
818 1203 1
818 1203 1
818 1203 1
818 1203 1
818 1203 1
818 1203 1
818 1203 1
818 1203 1
818 1203 1
818 1203 1
818 1203 1
818 1203 1
818 1203 1
818 1203 1
818 1203 1
818 1203 1
820 1204 1
828 1202 1
838 1200 1
846 1195 1
852 1191 1
858 1186 1
863 1182 1
867 1180 1
869 1177 1
871 1177 1
873 1175 1
873 1175 1
873 1175 1
873 1175 1
873 1175 1
873 1175 0
671 491 1
671 491 1
671 491 1
671 491 1
671 491 1
671 491 1
671 491 1
671 491 1
671 491 1
671 491 1
671 491 1
671 491 1
671 491 1
671 492 1
671 495 1
672 500 1
673 507 1
675 518 1
677 530 1
679 542 1
681 553 1
682 563 1
683 571 1
684 578 1
684 583 1
685 588 1
685 591 1
685 593 1
685 596 1
684 597 1
684 597 1
684 598 1
684 598 1
684 598 1
684 598 1
684 598 1
684 598 1
684 598 1
684 598 1
682 598 1
682 598 1
681 598 1
679 598 1
679 598 1
679 598 1
679 599 1
677 601 1
676 605 1
674 610 1
674 615 1
674 620 1
673 624 1
672 629 1
672 632 1
671 634 1
671 637 1
671 638 1
671 640 1
670 641 1
670 642 1
670 642 1
670 642 1
670 642 1
670 642 1
670 642 1
669 643 1
669 644 1
668 644 1
668 646 1
667 646 1
665 647 1
666 648 1
666 650 1
666 653 1
667 658 1
668 667 1
671 677 1
675 686 1
680 692 1
684 697 1
687 701 1
689 704 1
690 706 1
691 708 1
692 710 1
693 710 1
693 711 1
693 711 1
694 711 1
694 711 1
694 711 1
694 711 1
694 711 1
694 711 1
694 711 1
694 711 1
694 711 1
694 711 1
694 711 1
694 711 1
694 711 1
694 712 1
694 712 1
694 712 1
694 712 1
694 712 1
694 712 1
694 712 1
694 712 1
694 712 1
694 712 1
694 712 1
694 712 1
694 712 1
694 712 1
694 712 1
694 712 1
694 712 1
694 712 1
694 712 1
694 712 1
694 712 1
694 712 1
694 712 1
694 712 1
694 712 1
694 712 1
694 712 1
694 712 1
694 712 1
694 713 1
694 713 1
692 713 1
692 713 1
691 713 1
691 713 1
690 713 1
691 714 1
691 714 1
691 715 1
691 716 1
691 718 1
691 722 1
693 727 1
693 734 1
694 739 1
694 743 1
695 746 1
694 750 1
694 754 1
690 758 1
687 760 1
683 763 1
679 764 1
675 766 1
673 766 1
670 767 1
669 767 1
669 768 1
668 768 1
668 769 1
668 770 1
668 770 1
668 771 1
669 771 1
669 772 1
669 773 1
669 773 1
669 773 1
669 774 1
669 775 1
669 777 1
669 782 1
669 787 1
670 793 1
670 798 1
670 805 1
670 810 1
670 814 1
670 820 1
671 826 1
671 831 1
672 838 1
673 844 1
674 850 1
675 855 1
676 860 1
678 864 1
678 867 1
679 870 1
679 872 1
680 875 1
680 879 1
680 886 1
681 893 1
682 899 1
683 904 1
684 908 1
685 911 1
685 914 1
686 917 1
687 919 1
688 921 1
688 922 1
688 923 1
689 924 1
689 924 1
690 925 1
690 926 1
690 926 1
690 926 1
690 926 1
690 926 1
690 926 1
690 926 1
690 926 1
690 926 1
690 926 1
690 926 1
690 926 1
688 926 1
684 926 1
671 927 1
650 927 1
627 927 1
612 926 1
600 924 1
591 924 1
583 923 1
576 921 1
570 921 1
565 921 1
561 920 1
557 918 1
554 918 1
552 918 1
551 917 1
551 917 1
551 917 1
551 917 1
551 917 1
551 917 1
551 917 1
550 914 1
550 911 1
549 903 1
547 893 1
547 883 1
545 873 1
545 866 1
545 860 1
545 855 1
545 852 1
545 849 1
545 848 1
546 846 1
546 846 1
546 846 1
546 846 1
546 846 1
546 846 1
546 846 1
546 846 1
546 846 1
546 846 1
546 846 1
546 846 1
546 846 1
547 844 1
549 842 1
554 836 1
562 829 1
568 823 1
574 819 1
579 814 1
582 812 1
584 811 1
586 811 1
587 810 1
588 810 1
589 810 1
590 810 1
591 810 1
593 811 1
601 818 1
611 831 1
620 842 1
626 851 1
631 860 1
635 869 1
638 878 1
640 885 1
642 892 1
643 901 1
644 919 1
644 935 1
644 955 1
645 977 1
645 1000 1
646 1023 1
647 1045 1
649 1067 1
649 1088 1
650 1106 1
650 1118 1
651 1127 1
651 1135 1
650 1142 1
650 1147 1
649 1150 1
647 1153 1
647 1155 1
647 1157 1
646 1158 1
646 1159 1
646 1160 1
644 1161 1
645 1161 0
467 536 1
467 536 1
467 536 1
467 536 1
467 536 1
467 536 1
467 536 1
467 536 1
467 536 1
467 536 1
467 536 1
467 536 1
467 536 1
467 536 1
467 536 1
467 536 1
467 536 1
467 536 1
467 536 1
465 534 1
465 534 1
464 535 1
465 533 1
465 533 1
464 534 1
462 534 1
459 535 1
457 539 1
453 543 1
448 551 1
443 560 1
440 569 1
436 578 1
433 587 1
432 594 1
432 603 1
432 612 1
433 619 1
434 626 1
435 631 1
436 636 1
437 639 1
437 641 1
438 644 1
439 646 1
439 649 1
440 651 1
441 655 1
443 662 1
444 671 1
447 681 1
448 690 1
450 698 1
450 706 1
451 713 1
452 723 1
453 731 1
453 740 1
454 747 1
454 752 1
454 756 1
454 759 1
454 761 1
455 763 1
455 764 1
455 765 1
455 766 1
456 767 1
456 768 1
456 768 1
457 769 1
457 770 1
457 770 1
457 770 1
457 770 1
457 770 1
457 770 1
457 770 1
457 770 1
457 771 1
457 771 1
457 773 1
457 777 1
457 784 1
456 792 1
456 800 1
456 805 1
456 812 1
455 818 1
454 825 1
452 834 1
452 849 1
450 866 1
451 883 1
451 901 1
452 920 1
454 933 1
457 943 1
459 951 1
462 958 1
463 962 1
464 966 1
464 968 1
465 970 1
465 971 1
465 971 1
465 971 1
465 971 1
465 971 1
465 971 1
465 971 1
465 971 1
464 972 1
462 972 1
459 973 1
454 974 1
447 975 1
440 975 1
433 977 1
427 977 1
422 978 1
419 979 1
415 979 1
412 979 1
410 979 1
406 979 1
398 978 1
387 975 1
373 969 1
362 963 1
353 959 1
345 954 1
340 951 1
335 948 1
331 943 1
331 940 1
329 931 1
331 923 1
332 915 1
332 908 1
334 899 1
334 890 1
336 879 1
336 868 1
337 856 1
335 846 1
336 839 1
336 830 1
335 823 1
335 814 1
335 803 1
336 794 1
336 786 1
337 780 1
337 777 1
338 774 1
339 771 1
340 769 1
341 768 1
342 768 1
345 769 1
353 774 1
362 784 1
373 801 1
384 820 1
394 843 1
404 866 1
410 890 1
415 913 1
417 940 1
421 966 1
423 994 1
424 1021 1
425 1047 1
425 1077 1
425 1105 1
424 1131 1
422 1154 1
421 1173 1
418 1187 1
413 1194 1
411 1200 1
406 1207 1
402 1216 1
404 1213 0
236 702 1
234 700 1
234 700 1
234 700 1
234 700 1
234 700 1
234 700 1
234 700 1
234 700 1
234 700 1
234 700 1
234 700 1
234 700 1
234 700 1
234 700 1
234 700 1
235 700 1
235 699 1
235 697 1
234 695 1
234 694 1
234 692 1
234 691 1
234 689 1
234 688 1
234 686 1
234 685 1
234 683 1
233 682 1
233 682 1
232 680 1
232 678 1
230 676 1
230 675 1
228 673 1
227 672 1
225 670 1
224 668 1
222 666 1
221 666 1
221 666 1
221 666 1
221 666 1
221 666 1
221 666 1
221 666 1
221 666 1
221 667 1
221 667 1
221 667 1
221 667 1
221 668 1
221 668 1
221 669 1
221 671 1
221 672 1
221 673 1
221 673 1
221 674 1
221 674 1
220 674 1
220 674 1
218 674 1
219 675 1
217 676 1
214 680 1
212 685 1
209 693 1
206 701 1
204 712 1
201 723 1
199 735 1
198 745 1
196 754 1
196 761 1
196 767 1
196 773 1
196 778 1
196 783 1
196 789 1
197 795 1
198 801 1
200 807 1
205 818 1
213 829 1
221 840 1
228 849 1
235 855 1
240 860 1
244 863 1
246 865 1
248 867 1
249 868 1
250 869 1
251 870 1
251 870 1
253 872 1
255 875 1
257 882 1
262 891 1
267 903 1
272 912 1
275 920 1
278 926 1
280 930 1
282 933 1
283 937 1
283 940 1
284 941 1
284 942 1
284 943 1
284 943 1
284 943 1
284 943 1
284 943 1
284 943 1
284 943 1
283 945 1
282 946 1
282 949 1
280 956 1
278 964 1
277 972 1
275 978 1
274 986 1
272 992 1
269 999 1
268 1003 1
266 1007 1
265 1010 1
265 1013 1
263 1015 1
261 1017 1
261 1018 1
259 1019 1
259 1019 1
257 1020 1
256 1021 1
256 1021 1
254 1022 1
254 1022 1
252 1022 1
251 1023 1
249 1023 1
247 1024 1
239 1024 1
230 1024 1
218 1022 1
205 1023 1
195 1022 1
185 1020 1
180 1020 1
175 1020 1
171 1019 1
169 1019 1
166 1018 1
164 1016 1
161 1014 1
158 1010 1
153 1001 1
146 984 1
141 967 1
138 950 1
135 934 1
135 925 1
133 919 1
134 913 1
134 909 1
134 905 1
134 903 1
135 901 1
137 901 1
144 901 1
154 901 1
163 903 1
172 905 1
190 916 1
200 928 1
211 941 1
217 955 1
223 969 1
226 981 1
226 998 1
224 1016 1
220 1039 1
213 1063 1
203 1091 1
192 1119 1
184 1143 1
175 1167 1
166 1189 1
154 1214 1
140 1238 1
129 1264 1
127 1270 1
127 1270 0
