92 1458 1
91 1457 1
91 1457 1
91 1457 1
91 1457 1
91 1457 1
91 1457 1
91 1457 1
91 1457 1
91 1457 1
91 1457 1
91 1455 1
90 1453 1
90 1450 1
89 1444 1
88 1438 1
88 1432 1
87 1426 1
87 1420 1
87 1413 1
87 1405 1
87 1399 1
87 1392 1
88 1384 1
89 1375 1
89 1366 1
90 1357 1
91 1347 1
92 1340 1
93 1332 1
94 1323 1
95 1315 1
96 1307 1
97 1299 1
98 1290 1
99 1281 1
99 1274 1
100 1266 1
101 1258 1
102 1250 1
103 1243 1
103 1232 1
104 1222 1
105 1212 1
106 1202 1
107 1195 1
109 1187 1
111 1179 1
112 1172 1
114 1164 1
115 1157 1
117 1149 1
118 1142 1
121 1134 1
124 1124 1
129 1116 1
132 1109 1
136 1101 1
138 1093 1
141 1084 1
144 1073 1
148 1062 1
151 1052 1
153 1042 1
156 1032 1
157 1024 1
158 1016 1
159 1006 1
159 995 1
160 985 1
161 975 1
162 967 1
163 960 1
163 953 1
164 948 1
164 942 1
164 936 1
165 930 1
165 924 1
166 916 1
167 909 1
167 902 1
168 895 1
169 888 1
170 880 1
171 872 1
173 861 1
177 850 1
182 838 1
186 825 1
191 811 1
196 800 1
200 790 1
203 783 1
207 776 1
210 768 1
213 762 1
217 756 1
220 750 1
223 744 1
225 739 1
227 736 1
228 731 1
228 728 1
229 724 1
229 721 1
230 717 1
230 713 1
230 710 1
231 708 1
231 705 1
231 703 1
231 701 1
231 699 1
229 698 1
230 698 1
229 696 1
228 695 1
228 694 1
228 694 1
227 692 1
227 692 1
226 691 1
226 689 1
225 689 1
224 687 1
222 687 1
222 685 1
222 685 1
221 683 1
219 683 1
219 682 1
219 680 1
218 680 1
216 678 1
215 677 1
216 677 1
214 675 1
214 675 1
214 673 1
213 669 1
213 662 1
212 654 1
212 646 1
212 641 1
213 635 1
214 628 1
214 620 1
216 612 1
216 600 1
218 590 1
219 580 1
219 570 1
220 563 1
220 555 1
220 550 1
219 547 1
217 543 1
217 541 1
217 539 1
216 538 1
214 538 1
213 537 1
211 535 1
209 534 1
208 535 1
205 533 1
203 534 1
200 534 1
197 534 1
194 534 1
192 534 1
190 534 1
188 534 1
187 534 1
187 534 1
185 534 1
185 535 1
183 535 1
181 537 1
178 538 1
173 541 1
167 548 1
159 557 1
150 566 1
141 575 1
133 586 1
125 597 1
118 608 1
112 618 1
107 629 1
103 637 1
100 646 1
96 657 1
94 668 1
91 680 1
90 703 1
90 724 1
91 746 1
92 765 1
94 784 1
99 801 1
103 812 1
108 823 1
113 835 1
117 844 1
121 852 1
124 859 1
126 864 1
128 869 1
129 874 1
130 880 1
131 889 1
132 900 1
134 913 1
140 936 1
146 954 1
151 974 1
156 992 1
159 1011 1
161 1024 1
164 1035 1
166 1045 1
168 1054 1
170 1064 1
171 1072 1
173 1079 1
173 1087 1
175 1094 1
175 1102 1
177 1109 1
178 1117 1
179 1125 1
181 1132 1
181 1139 1
182 1145 1
183 1154 1
184 1163 1
184 1173 1
185 1183 1
186 1194 1
187 1215 1
188 1227 1
189 1241 1
191 1252 1
192 1263 1
195 1276 1
198 1288 1
201 1298 1
203 1308 1
206 1318 1
207 1325 1
209 1332 1
211 1339 1
212 1346 1
214 1352 1
215 1359 1
217 1365 1
218 1374 1
220 1383 1
222 1391 1
224 1399 1
225 1406 1
227 1414 1
229 1422 1
230 1431 1
232 1441 1
233 1448 1
235 1456 1
235 1462 1
236 1467 1
237 1469 1
238 1472 1
238 1474 1
239 1475 1
239 1476 1
239 1476 1
239 1476 1
240 1476 1
241 1476 1
243 1475 1
245 1475 1
246 1473 1
248 1472 1
250 1470 1
251 1469 1
253 1467 1
254 1466 1
256 1464 1
256 1462 1
258 1459 1
261 1452 1
265 1444 1
269 1433 1
272 1422 1
274 1411 1
274 1400 1
272 1391 1
272 1381 1
272 1371 1
272 1364 1
272 1356 1
273 1349 1
273 1341 1
272 1333 1
272 1325 1
270 1318 1
271 1310 1
269 1302 1
269 1294 1
267 1287 1
266 1279 1
264 1271 1
265 1267 1
263 1261 1
264 1256 1
264 1253 1
262 1248 1
262 1241 1
262 1233 1
260 1223 1
258 1212 1
257 1200 1
255 1187 1
255 1173 1
253 1158 1
253 1143 1
252 1131 1
252 1120 1
251 1111 1
249 1098 1
248 1085 1
248 1071 1
247 1061 1
247 1052 1
247 1047 1
247 1044 1
247 1041 1
247 1040 1
247 1038 1
246 1038 1
246 1036 1
246 1036 1
246 1034 1
245 1029 1
245 1023 1
246 1014 1
247 1005 1
248 998 1
250 990 1
252 981 1
254 973 1
257 965 1
258 957 1
260 949 1
263 939 1
265 930 1
268 921 1
269 912 1
272 904 1
273 895 1
275 884 1
277 874 1
280 864 1
282 855 1
284 847 1
287 838 1
290 830 1
292 821 1
294 810 1
296 799 1
297 787 1
299 776 1
300 765 1
301 752 1
302 738 1
302 723 1
303 710 1
303 699 1
304 689 1
305 678 1
306 668 1
307 658 1
308 647 1
309 640 1
310 632 1
311 625 1
313 616 1
316 606 1
317 596 1
320 585 1
321 576 1
324 567 1
327 559 1
330 548 1
334 537 1
337 525 1
341 515 1
343 507 1
345 500 1
346 494 1
347 490 1
347 485 1
347 482 1
346 480 1
346 477 1
345 475 1
344 474 1
344 474 1
343 472 1
341 472 1
341 471 1
339 469 1
338 470 1
337 470 1
336 470 1
334 470 1
332 470 1
331 471 1
331 471 1
328 472 1
326 474 1
324 475 1
322 478 1
320 479 1
316 483 1
314 486 1
310 489 1
304 495 1
298 502 1
290 510 1
283 519 1
277 528 1
271 537 1
265 546 1
260 555 1
256 563 1
252 572 1
250 582 1
247 592 1
246 604 1
244 615 1
243 624 1
243 633 1
242 643 1
242 655 1
243 665 1
243 673 1
244 681 1
245 687 1
246 692 1
247 698 1
248 702 1
249 708 1
251 715 1
252 725 1
253 736 1
255 747 1
256 758 1
257 770 1
258 783 1
259 795 1
260 808 1
260 821 1
260 833 1
260 845 1
260 858 1
258 870 1
257 882 1
258 891 1
256 900 1
256 908 1
256 914 1
255 922 1
253 928 1
252 933 1
252 939 1
250 945 1
248 951 1
246 959 1
245 966 1
242 974 1
241 983 1
238 993 1
237 1007 1
235 1023 1
234 1038 1
234 1054 1
234 1071 1
235 1091 1
237 1109 1
240 1127 1
242 1144 1
245 1158 1
248 1170 1
250 1180 1
252 1188 1
253 1196 1
255 1202 1
256 1211 1
258 1220 1
259 1234 1
260 1249 1
262 1266 1
265 1285 1
268 1303 1
272 1322 1
278 1339 1
282 1353 1
285 1367 1
289 1379 1
294 1389 1
297 1397 1
301 1403 1
306 1409 1
311 1415 1
315 1419 1
318 1423 1
321 1426 1
323 1428 1
325 1430 1
326 1431 1
328 1432 1
329 1432 1
329 1432 1
329 1433 1
329 1433 1
330 1433 1
330 1433 1
331 1433 1
332 1434 1
333 1435 1
336 1435 1
338 1436 1
340 1437 1
342 1437 1
344 1437 1
346 1438 1
347 1438 1
348 1438 1
348 1438 1
348 1438 1
349 1438 1
349 1438 1
349 1438 1
350 1438 1
350 1438 1
350 1438 1
350 1438 1
351 1436 1
352 1437 1
352 1436 1
354 1434 1
354 1434 1
356 1432 1
356 1431 1
357 1429 1
358 1427 1
359 1423 1
360 1420 1
361 1414 1
364 1405 1
366 1392 1
369 1377 1
370 1364 1
372 1353 1
372 1343 1
373 1336 1
374 1326 1
374 1316 1
374 1305 1
374 1297 1
372 1289 1
371 1281 1
369 1273 1
369 1268 1
369 1263 1
368 1259 1
367 1256 1
367 1252 1
366 1246 1
364 1239 1
363 1229 1
360 1218 1
357 1207 1
355 1196 1
351 1187 1
348 1178 1
345 1169 1
342 1159 1
340 1150 1
338 1140 1
335 1131 1
334 1121 1
332 1112 1
331 1102 1
329 1090 1
328 1074 1
327 1060 1
327 1046 1
328 1035 1
329 1022 1
330 1011 1
332 999 1
334 987 1
336 978 1
336 969 1
337 960 1
339 952 1
340 944 1
341 935 1
341 926 1
342 917 1
343 908 1
344 897 1
346 885 1
349 873 1
353 862 1
356 853 1
359 845 1
362 836 1
366 827 1
371 819 1
374 810 1
379 799 1
384 790 1
387 784 1
392 778 1
395 771 1
397 765 1
400 761 1
401 756 1
403 752 1
403 746 1
405 739 1
406 731 1
408 722 1
409 712 1
409 703 1
409 690 1
409 677 1
407 662 1
407 643 1
405 625 1
405 607 1
403 591 1
403 578 1
402 565 1
402 554 1
402 543 1
402 532 1
402 522 1
403 514 1
403 507 1
403 502 1
403 499 1
403 496 1
404 493 1
403 490 1
403 488 1
402 486 1
402 483 1
401 481 1
399 478 1
400 478 1
398 476 1
398 476 1
399 475 1
398 476 1
398 476 1
398 476 1
398 476 1
398 476 1
398 476 1
398 476 1
398 476 1
398 476 1
398 476 1
398 476 1
398 477 1
397 481 1
395 485 1
392 495 1
388 508 1
383 524 1
378 541 1
376 555 1
373 569 1
371 582 1
370 594 1
370 603 1
369 611 1
367 618 1
368 622 1
366 627 1
366 633 1
364 641 1
362 651 1
359 663 1
356 677 1
352 692 1
349 707 1
346 724 1
343 742 1
342 758 1
342 773 1
341 787 1
341 801 1
341 815 1
340 826 1
340 837 1
340 847 1
340 856 1
340 867 1
340 876 1
340 888 1
341 901 1
341 912 1
342 925 1
340 939 1
340 954 1
337 968 1
336 981 1
334 994 1
334 1006 1
332 1020 1
332 1031 1
331 1040 1
331 1048 1
331 1055 1
331 1063 1
331 1069 1
331 1076 1
331 1084 1
333 1092 1
334 1100 1
336 1108 1
339 1119 1
341 1130 1
344 1142 1
349 1156 1
355 1172 1
361 1184 1
367 1198 1
372 1209 1
377 1220 1
382 1230 1
385 1239 1
389 1248 1
392 1256 1
395 1264 1
397 1273 1
400 1280 1
403 1290 1
406 1301 1
411 1311 1
415 1319 1
417 1327 1
419 1332 1
421 1336 1
423 1340 1
425 1343 1
426 1346 1
428 1349 1
429 1352 1
431 1355 1
432 1357 1
432 1358 1
432 1359 1
433 1359 1
433 1359 1
433 1360 1
433 1360 1
433 1360 1
433 1361 1
433 1361 1
433 1361 1
433 1361 1
433 1361 1
433 1361 1
433 1361 1
433 1361 1
433 1361 1
433 1361 1
433 1361 1
433 1361 1
434 1361 1
434 1361 1
436 1362 1
439 1363 1
442 1364 1
444 1364 1
447 1366 1
449 1366 1
449 1367 1
449 1367 1
450 1367 1
450 1367 1
450 1367 1
450 1367 1
450 1367 1
450 1364 1
452 1357 1
453 1347 1
454 1335 1
453 1323 1
453 1309 1
451 1292 1
449 1278 1
447 1264 1
444 1252 1
442 1240 1
440 1229 1
437 1216 1
434 1204 1
430 1194 1
428 1183 1
425 1171 1
424 1158 1
422 1145 1
422 1132 1
422 1121 1
421 1108 1
421 1095 1
421 1083 1
421 1072 1
421 1063 1
421 1054 1
422 1046 1
422 1038 1
424 1030 1
425 1024 1
426 1016 1
428 1008 1
429 1001 1
430 994 1
431 985 1
433 976 1
434 964 1
437 949 1
439 934 1
442 919 1
443 908 1
445 897 1
447 885 1
448 872 1
450 855 1
450 838 1
452 822 1
453 806 1
455 792 1
456 780 1
457 769 1
457 759 1
457 748 1
458 734 1
458 721 1
460 708 1
461 697 1
462 686 1
463 675 1
465 662 1
466 651 1
469 640 1
471 634 1
472 630 1
474 626 1
474 623 1
475 621 1
476 619 1
477 617 1
479 613 1
481 608 1
485 600 1
488 593 1
493 582 1
497 571 1
500 563 1
502 556 1
504 551 1
505 546 1
505 541 1
506 534 1
504 525 1
501 514 1
498 503 1
495 492 1
491 483 1
488 474 1
484 465 1
481 458 1
478 451 1
475 446 1
472 441 1
470 438 1
467 435 1
466 434 1
464 431 1
464 431 1
462 431 1
463 430 1
463 430 1
463 430 1
463 430 1
463 430 1
463 430 1
460 431 1
457 435 1
453 442 1
446 453 1
440 467 1
432 480 1
426 493 1
421 504 1
417 518 1
415 534 1
414 548 1
415 563 1
415 578 1
416 592 1
416 605 1
416 617 1
415 628 1
415 642 1
416 658 1
419 677 1
423 696 1
426 715 1
430 734 1
433 753 1
436 772 1
439 793 1
442 813 1
446 830 1
447 844 1
448 854 1
447 861 1
447 866 1
445 869 1
445 871 1
444 872 1
444 873 1
443 873 1
443 874 1
443 876 1
442 880 1
440 887 1
441 897 1
441 906 1
441 914 1
441 925 1
441 938 1
441 953 1
442 968 1
443 982 1
444 997 1
445 1011 1
447 1025 1
448 1036 1
449 1045 1
450 1057 1
452 1068 1
455 1080 1
457 1091 1
460 1103 1
461 1112 1
463 1119 1
463 1127 1
465 1136 1
466 1146 1
468 1158 1
470 1172 1
473 1183 1
476 1193 1
480 1204 1
484 1219 1
488 1234 1
492 1249 1
496 1261 1
499 1272 1
502 1281 1
505 1290 1
508 1297 1
510 1303 1
512 1309 1
513 1313 1
516 1317 1
518 1320 1
520 1323 1
522 1327 1
524 1329 1
525 1331 1
527 1334 1
528 1335 1
530 1338 1
532 1340 1
534 1341 1
537 1343 1
538 1345 1
541 1347 1
542 1348 1
544 1349 1
545 1350 1
545 1350 1
546 1351 1
546 1351 1
546 1351 1
546 1351 1
546 1351 1
546 1349 1
548 1347 1
550 1344 1
553 1339 1
557 1332 1
562 1324 1
566 1314 1
569 1305 1
571 1294 1
571 1284 1
571 1273 1
569 1262 1
567 1251 1
565 1236 1
562 1224 1
559 1213 1
556 1204 1
555 1196 1
553 1188 1
551 1180 1
551 1174 1
549 1168 1
550 1162 1
550 1153 1
550 1143 1
550 1132 1
551 1120 1
551 1109 1
552 1095 1
555 1081 1
557 1068 1
558 1054 1
560 1040 1
561 1025 1
562 1011 1
563 1000 1
565 990 1
565 982 1
567 974 1
568 967 1
568 960 1
569 953 1
569 948 1
570 943 1
570 938 1
570 934 1
570 923 1
568 910 1
568 890 1
565 870 1
563 852 1
560 833 1
557 813 1
552 792 1
548 773 1
544 758 1
541 744 1
542 731 1
542 717 1
544 707 1
545 699 1
547 693 1
548 688 1
550 685 1
551 682 1
553 679 1
555 675 1
560 669 1
568 658 1
578 644 1
586 633 1
592 624 1
596 619 1
599 614 1
602 611 1
605 607 1
608 601 1
612 594 1
617 586 1
623 574 1
628 562 1
633 549 1
637 538 1
640 527 1
641 517 1
642 509 1
642 502 1
640 494 1
639 488 1
638 483 1
635 478 1
633 474 1
630 471 1
628 467 1
625 464 1
621 459 1
618 456 1
614 452 1
612 450 1
610 447 1
609 446 1
607 444 1
606 444 1
606 444 1
606 443 1
604 443 1
604 443 1
603 442 1
603 442 1
603 442 1
601 442 1
600 442 1
597 443 1
595 443 1
590 446 1
585 453 1
577 461 1
570 473 1
563 484 1
557 494 1
551 507 1
545 519 1
538 532 1
534 542 1
528 552 1
523 561 1
521 569 1
518 579 1
514 587 1
512 596 1
510 607 1
510 616 1
508 624 1
509 635 1
509 648 1
510 661 1
511 675 1
513 688 1
514 701 1
515 715 1
516 728 1
517 742 1
517 754 1
517 766 1
515 776 1
513 787 1
513 797 1
511 808 1
509 818 1
509 831 1
507 843 1
507 857 1
507 871 1
506 884 1
506 897 1
506 909 1
506 921 1
508 938 1
509 955 1
511 973 1
513 991 1
516 1009 1
520 1026 1
523 1042 1
525 1054 1
528 1067 1
529 1080 1
531 1092 1
532 1103 1
533 1112 1
534 1117 1
534 1122 1
535 1125 1
535 1129 1
536 1134 1
537 1140 1
539 1148 1
543 1160 1
546 1172 1
550 1187 1
556 1201 1
562 1217 1
570 1233 1
578 1247 1
585 1256 1
591 1264 1
596 1270 1
601 1277 1
604 1283 1
607 1288 1
610 1293 1
611 1297 1
613 1300 1
614 1303 1
616 1306 1
617 1309 1
619 1312 1
621 1315 1
621 1317 1
623 1319 1
623 1320 1
624 1320 1
624 1320 1
624 1321 1
624 1321 1
624 1321 1
624 1321 1
624 1321 1
624 1321 1
624 1321 1
624 1321 1
624 1321 1
624 1321 1
624 1321 1
624 1321 1
624 1321 1
624 1321 1
624 1321 1
624 1321 1
624 1321 1
624 1321 1
624 1321 1
624 1319 1
624 1319 1
625 1316 1
628 1312 1
632 1308 1
638 1300 1
644 1291 1
650 1282 1
655 1273 1
660 1261 1
664 1249 1
667 1236 1
668 1223 1
670 1209 1
671 1198 1
671 1186 1
672 1174 1
672 1162 1
672 1150 1
672 1138 1
669 1125 1
668 1112 1
665 1098 1
663 1080 1
660 1060 1
656 1037 1
651 1012 1
649 987 1
646 966 1
645 944 1
643 924 1
644 901 1
644 880 1
644 861 1
645 845 1
646 830 1
647 819 1
649 810 1
651 802 1
653 796 1
656 789 1
657 785 1
659 782 1
660 778 1
661 774 1
662 767 1
663 760 1
664 750 1
665 738 1
666 724 1
666 710 1
667 696 1
668 681 1
668 665 1
668 647 1
668 629 1
666 610 1
666 592 1
666 575 1
666 561 1
667 551 1
668 544 1
668 537 1
669 529 1
672 519 1
676 507 1
681 493 1
687 478 1
695 466 1
702 452 1
708 439 1
715 426 1
719 414 1
723 406 1
725 399 1
727 395 1
728 392 1
729 389 1
729 387 1
730 385 1
731 382 1
731 381 1
731 381 1
731 381 1
731 380 1
731 380 1
731 380 1
731 380 1
731 380 1
731 380 1
731 380 1
731 380 1
731 380 1
731 380 1
731 380 1
731 380 1
731 380 1
730 381 1
727 382 1
727 383 1
724 385 1
721 389 1
718 393 1
712 401 1
706 407 1
701 414 1
696 421 1
688 431 1
679 441 1
672 453 1
665 464 1
658 473 1
653 482 1
648 489 1
644 498 1
639 507 1
635 518 1
631 528 1
628 538 1
625 546 1
623 554 1
622 561 1
620 568 1
618 578 1
616 589 1
615 602 1
613 618 1
610 633 1
609 649 1
610 672 1
611 693 1
614 714 1
617 732 1
619 750 1
622 767 1
624 782 1
627 798 1
629 812 1
631 826 1
633 838 1
635 850 1
637 862 1
639 876 1
640 886 1
642 895 1
643 904 1
644 912 1
645 920 1
647 932 1
649 945 1
652 958 1
655 971 1
659 986 1
664 1001 1
667 1020 1
669 1036 1
671 1051 1
672 1067 1
675 1086 1
676 1100 1
679 1114 1
680 1126 1
682 1137 1
685 1149 1
686 1161 1
689 1171 1
690 1181 1
692 1190 1
693 1198 1
694 1207 1
695 1216 1
697 1225 1
699 1234 1
701 1242 1
705 1251 1
708 1259 1
711 1269 1
716 1280 1
720 1294 1
724 1307 1
729 1320 1
733 1329 1
736 1337 1
741 1345 1
744 1349 1
747 1354 1
748 1356 1
750 1358 1
752 1358 1
754 1359 1
755 1359 1
758 1359 1
760 1359 1
760 1358 1
761 1358 1
761 1358 1
761 1358 1
761 1358 1
762 1353 1
762 1347 1
764 1339 1
765 1330 1
766 1318 1
768 1300 1
768 1282 1
768 1266 1
764 1250 1
761 1232 1
756 1213 1
751 1197 1
749 1180 1
744 1161 1
739 1138 1
735 1119 1
730 1103 1
729 1091 1
727 1080 1
728 1074 1
729 1069 1
730 1065 1
732 1062 1
733 1060 1
734 1058 1
735 1055 1
736 1051 1
738 1046 1
738 1038 1
739 1028 1
738 1017 1
736 1006 1
736 995 1
734 984 1
733 973 1
733 962 1
733 953 1
733 946 1
733 938 1
733 930 1
733 924 1
734 916 1
734 908 1
734 899 1
735 889 1
737 877 1
739 863 1
743 847 1
745 833 1
747 818 1
749 804 1
751 790 1
754 778 1
759 768 1
760 760 1
763 751 1
764 744 1
768 733 1
771 722 1
774 709 1
778 698 1
780 687 1
782 677 1
785 666 1
787 653 1
790 640 1
793 628 1
795 616 1
796 604 1
797 594 1
798 583 1
796 573 1
797 562 1
797 552 1
797 542 1
797 531 1
798 520 1
798 509 1
800 497 1
801 484 1
803 472 1
804 461 1
806 453 1
806 447 1
807 444 1
806 441 1
806 439 1
806 439 1
806 439 1
806 439 1
806 439 1
806 439 1
806 439 1
806 439 1
806 439 1
804 441 1
801 444 1
798 447 1
795 452 1
790 458 1
785 467 1
778 476 1
771 486 1
765 496 1
760 507 1
753 518 1
749 528 1
744 538 1
741 546 1
739 555 1
738 567 1
738 585 1
738 604 1
739 623 1
740 639 1
742 653 1
743 665 1
744 676 1
744 686 1
744 697 1
742 705 1
742 711 1
742 717 1
741 722 1
739 730 1
740 738 1
740 748 1
740 758 1
741 767 1
741 774 1
740 782 1
740 789 1
739 794 1
737 800 1
737 805 1
737 812 1
734 819 1
734 827 1
734 837 1
734 845 1
735 853 1
735 861 1
737 868 1
740 877 1
742 888 1
746 898 1
749 907 1
753 916 1
758 926 1
762 937 1
768 949 1
773 960 1
777 972 1
783 984 1
789 999 1
797 1016 1
803 1032 1
808 1045 1
813 1060 1
818 1076 1
821 1093 1
826 1106 1
831 1119 1
834 1128 1
838 1138 1
841 1148 1
843 1158 1
846 1167 1
846 1173 1
848 1177 1
848 1181 1
848 1184 1
849 1187 1
849 1188 1
850 1191 1
850 1193 1
851 1195 1
851 1196 1
852 1199 1
853 1200 1
854 1203 1
856 1206 1
858 1211 1
861 1218 1
864 1227 1
868 1238 1
873 1249 1
876 1260 1
879 1268 1
882 1274 1
884 1280 1
887 1285 1
889 1288 1
889 1289 1
890 1291 1
890 1291 1
890 1291 1
890 1291 1
890 1291 1
890 1291 1
890 1291 1
890 1291 1
890 1291 1
890 1291 1
890 1291 1
890 1291 1
890 1291 1
890 1291 1
890 1288 1
889 1284 1
887 1278 1
885 1271 1
884 1261 1
884 1251 1
883 1241 1
881 1230 1
882 1218 1
883 1209 1
884 1201 1
884 1194 1
885 1188 1
884 1180 1
884 1173 1
884 1163 1
884 1154 1
884 1146 1
885 1139 1
884 1131 1
883 1123 1
880 1116 1
878 1107 1
875 1099 1
869 1086 1
861 1071 1
852 1056 1
843 1042 1
834 1025 1
826 1008 1
819 992 1
815 979 1
813 967 1
812 959 1
812 951 1
813 942 1
814 934 1
816 927 1
818 919 1
821 912 1
822 907 1
823 902 1
824 897 1
825 891 1
825 885 1
826 878 1
826 871 1
826 865 1
827 857 1
828 850 1
831 842 1
833 831 1
836 818 1
838 802 1
841 787 1
844 774 1
846 763 1
850 753 1
853 741 1
856 729 1
859 715 1
861 701 1
865 685 1
870 666 1
873 647 1
876 631 1
877 618 1
879 604 1
879 591 1
879 576 1
880 561 1
880 546 1
881 533 1
882 524 1
883 516 1
883 510 1
883 506 1
883 503 1
883 501 1
881 499 1
881 499 1
882 498 1
882 498 1
882 498 1
882 498 1
882 498 1
882 498 1
882 498 1
882 498 1
882 498 1
882 498 1
880 500 1
880 500 1
880 500 1
880 500 1
879 501 1
877 502 1
876 502 1
874 504 1
871 506 1
868 509 1
863 515 1
858 521 1
852 528 1
845 538 1
838 547 1
833 554 1
828 560 1
826 564 1
823 571 1
819 577 1
817 586 1
815 597 1
813 608 1
813 621 1
813 632 1
814 643 1
816 656 1
818 670 1
819 682 1
820 694 1
820 706 1
820 721 1
818 736 1
817 756 1
815 778 1
814 798 1
812 818 1
813 835 1
813 851 1
815 866 1
816 878 1
818 889 1
820 895 1
822 900 1
823 903 1
825 907 1
827 909 1
829 912 1
832 915 1
834 917 1
837 920 1
841 923 1
846 926 1
850 930 1
855 934 1
858 936 1
860 937 1
862 939 1
863 940 1
865 942 1
866 943 1
868 945 1
870 946 1
871 949 1
874 951 1
879 957 1
887 965 1
895 974 1
905 985 1
914 995 1
922 1004 1
930 1014 1
937 1024 1
944 1033 1
949 1042 1
954 1051 1
959 1060 1
963 1071 1
969 1084 1
974 1098 1
977 1110 1
980 1121 1
982 1129 1
983 1135 1
985 1140 1
986 1144 1
987 1147 1
987 1149 1
988 1151 1
988 1152 1
988 1153 1
988 1154 1
988 1154 0
