551 1365 1
551 1364 1
552 1362 1
560 1350 1
580 1324 1
609 1285 1
650 1221 1
691 1152 1
749 1034 1
783 951 1
811 867 1
835 779 1
854 696 1
865 622 1
872 551 1
873 493 1
865 442 1
851 397 1
825 361 1
793 334 1
748 316 1
686 321 1
617 340 1
548 374 1
477 418 1
409 473 1
355 539 1
312 605 1
285 673 1
266 742 1
254 810 1
249 885 1
246 963 1
246 1042 1
246 1120 1
246 1190 1
249 1247 1
254 1298 1
263 1338 1
275 1372 1
287 1397 1
300 1410 1
315 1420 1
333 1423 1
362 1421 1
398 1412 1
443 1389 1
492 1361 1
540 1327 1
589 1287 1
632 1248 1
667 1210 1
700 1170 1
726 1128 1
750 1085 1
771 1039 1
790 986 1
807 930 1
820 874 1
830 820 1
835 772 1
839 726 1
842 681 1
843 639 1
844 597 1
845 558 1
843 522 1
840 491 1
835 468 1
827 446 1
819 427 1
807 411 1
793 396 1
773 382 1
744 371 1
708 363 1
667 363 1
623 371 1
576 387 1
531 416 1
490 446 1
456 486 1
424 529 1
397 575 1
373 626 1
352 676 1
335 729 1
320 782 1
307 836 1
298 891 1
288 949 1
279 1006 1
270 1063 1
262 1120 1
257 1176 1
254 1230 1
257 1280 1
264 1324 1
273 1356 1
285 1378 1
296 1394 1
311 1406 1
334 1409 1
363 1407 1
405 1396 1
453 1378 1
505 1354 1
570 1313 1
627 1272 1
669 1229 1
706 1184 1
737 1138 1
767 1082 1
795 1025 1
819 962 1
843 896 1
862 832 1
879 761 1
892 698 1
897 642 1
901 589 1
902 542 1
898 497 1
893 457 1
885 423 1
874 393 1
864 370 1
842 347 1
811 326 1
761 312 1
700 307 1
639 317 1
573 343 1
518 375 1
472 418 1
432 466 1
398 518 1
367 573 1
340 624 1
321 676 1
305 724 1
293 771 1
287 817 1
280 862 1
274 905 1
268 949 1
261 996 1
258 1047 1
255 1096 1
256 1143 1
259 1186 1
263 1229 1
270 1267 1
278 1302 1
291 1331 1
306 1357 1
324 1378 1
347 1395 1
374 1409 1
411 1417 1
453 1420 1
502 1414 1
559 1396 1
618 1367 1
676 1324 1
727 1278 1
768 1227 1
797 1173 1
826 1120 1
850 1064 1
872 1004 1
891 948 1
907 882 1
920 819 1
927 766 1
932 716 1
933 669 1
930 627 1
923 587 1
912 551 1
897 517 1
882 489 1
864 464 1
848 445 1
834 432 1
820 420 1
804 411 1
772 408 1
730 408 1
672 421 1
614 436 1
558 459 1
509 487 1
470 519 1
437 561 1
406 604 1
380 651 1
355 706 1
333 764 1
316 823 1
301 882 1
291 940 1
283 1003 1
280 1064 1
281 1127 1
287 1190 1
299 1245 1
317 1297 1
338 1343 1
361 1379 1
383 1407 1
405 1425 1
431 1433 1
456 1439 1
484 1434 1
513 1424 1
545 1400 1
581 1363 1
621 1312 1
661 1249 1
699 1186 1
737 1123 1
775 1057 1
813 989 1
847 922 1
879 858 1
902 800 1
920 746 1
932 693 1
939 641 1
942 588 1
942 540 1
936 488 1
929 443 1
917 410 1
902 382 1
880 362 1
838 348 1
786 344 1
720 355 1
656 379 1
592 415 1
539 461 1
494 512 1
456 574 1
420 639 1
392 700 1
368 762 1
349 820 1
332 880 1
319 941 1
310 1001 1
305 1062 1
300 1117 1
300 1167 1
302 1217 1
306 1264 1
314 1306 1
324 1341 1
335 1367 1
349 1388 1
367 1403 1
393 1410 1
427 1411 1
473 1398 1
525 1376 1
585 1339 1
647 1285 1
699 1228 1
734 1173 1
763 1118 1
786 1061 1
804 1000 1
821 935 1
832 870 1
842 807 1
850 746 1
855 693 1
859 642 1
862 603 1
863 569 1
861 541 1
858 522 1
854 504 1
847 488 1
835 473 1
817 458 1
782 447 1
743 442 1
693 446 1
641 460 1
591 481 1
548 513 1
507 550 1
470 596 1
434 644 1
400 696 1
374 751 1
348 809 1
329 867 1
313 923 1
297 984 1
290 1042 1
285 1098 1
283 1149 1
283 1195 1
286 1237 1
291 1265 1
297 1289 1
304 1309 1
317 1324 1
330 1337 1
347 1343 1
366 1348 1
391 1348 1
425 1335 1
463 1316 1
503 1285 1
544 1246 1
586 1199 1
635 1135 1
677 1072 1
715 1010 1
751 948 1
784 888 1
820 816 1
855 742 1
886 662 1
906 594 1
913 544 1
911 515 1
905 490 1
898 473 1
887 455 1
868 427 1
832 391 1
790 354 1
747 329 1
705 314 1
669 306 1
637 315 1
604 331 1
560 366 1
516 407 1
472 455 1
435 515 1
399 579 1
373 637 1
351 695 1
334 748 1
322 800 1
312 854 1
306 912 1
302 974 1
303 1045 1
306 1114 1
310 1182 1
316 1239 1
327 1293 1
337 1333 1
353 1369 1
371 1398 1
393 1418 1
419 1431 1
451 1438 1
500 1434 1
558 1414 1
630 1365 1
702 1299 1
767 1223 1
824 1134 1
875 1041 1
914 950 1
944 867 1
966 795 1
981 731 1
994 668 1
1001 602 1
1005 539 1
1005 478 1
998 422 1
990 372 1
975 327 1
959 292 1
941 266 1
921 255 1
893 247 1
851 250 1
801 263 1
741 288 1
679 327 1
617 371 1
563 422 1
521 466 1
477 522 1
440 582 1
403 643 1
370 701 1
341 761 1
316 821 1
301 878 1
289 935 1
283 995 1
280 1054 1
282 1114 1
291 1172 1
304 1225 1
318 1270 1
335 1307 1
353 1336 1
371 1353 1
390 1364 1
416 1368 1
448 1365 1
492 1352 1
557 1312 1
627 1263 1
694 1201 1
752 1139 1
799 1078 1
831 1019 1
859 960 1
882 901 1
899 834 1
912 771 1
922 713 1
929 658 1
932 608 1
933 553 1
934 494 1
936 427 1
938 364 1
938 313 1
931 281 1
923 259 1
911 247 1
897 240 1
871 241 1
819 257 1
757 285 1
688 331 1
620 385 1
559 444 1
516 501 1
479 564 1
450 627 1
426 689 1
405 749 1
389 813 1
375 877 1
366 949 1
358 1018 1
354 1085 1
358 1143 1
366 1194 1
380 1238 1
399 1277 1
422 1311 1
454 1336 1
486 1353 1
521 1360 1
559 1358 1
603 1343 1
654 1306 1
702 1261 1
742 1201 1
780 1134 1
814 1063 1
841 990 1
864 919 1
881 849 1
897 778 1
913 707 1
919 641 1
920 584 1
913 536 1
903 496 1
892 463 1
876 439 1
861 419 1
845 409 1
826 403 1
801 401 1
762 411 1
719 425 1
667 446 1
611 476 1
558 509 1
514 549 1
471 593 1
436 639 1
404 688 1
372 745 1
344 806 1
320 870 1
301 935 1
285 999 1
274 1060 1
268 1119 1
265 1174 1
268 1223 1
276 1266 1
287 1305 1
306 1339 1
326 1369 1
349 1392 1
376 1406 1
408 1415 1
448 1415 1
491 1407 1
542 1385 1
603 1337 1
666 1275 1
719 1203 1
762 1122 1
796 1046 1
821 976 1
842 907 1
861 842 1
877 773 1
889 709 1
899 643 1
907 574 1
909 508 1
910 447 1
905 399 1
898 365 1
889 337 1
877 320 1
862 307 1
844 300 1
813 297 1
776 299 1
728 311 1
674 331 1
613 362 1
553 407 1
499 452 1
455 501 1
414 557 1
378 615 1
348 671 1
320 731 1
297 794 1
278 860 1
262 927 1
254 990 1
249 1050 1
251 1103 1
257 1151 1
266 1199 1
281 1237 1
297 1271 1
313 1297 1
331 1317 1
347 1333 1
367 1345 1
390 1354 1
417 1361 1
455 1363 1
495 1360 1
548 1341 1
607 1312 1
665 1273 1
720 1224 1
774 1168 1
815 1110 1
848 1054 1
874 999 1
893 945 1
908 891 1
917 842 1
924 792 1
927 749 1
925 699 1
921 650 1
914 602 1
905 556 1
895 517 1
886 482 1
878 450 1
868 423 1
859 401 1
850 384 1
840 370 1
829 361 1
816 354 1
798 351 1
774 352 1
729 363 1
683 378 1
627 405 1
572 436 1
524 470 1
484 507 1
447 552 1
415 601 1
388 647 1
364 695 1
343 748 1
326 805 1
314 865 1
305 928 1
301 993 1
301 1059 1
303 1123 1
315 1179 1
327 1230 1
345 1271 1
363 1304 1
382 1330 1
402 1345 1
424 1358 1
453 1365 1
487 1369 1
530 1364 1
582 1343 1
635 1312 1
688 1266 1
735 1215 1
777 1159 1
807 1103 1
835 1047 1
857 988 1
877 926 1
894 855 1
909 780 1
922 700 1
929 618 1
933 541 1
933 477 1
930 428 1
924 386 1
916 353 1
906 324 1
893 300 1
876 278 1
852 257 1
823 238 1
776 225 1
728 219 1
679 227 1
628 245 1
578 273 1
520 322 1
470 372 1
428 421 1
385 473 1
349 527 1
316 590 1
292 649 1
272 708 1
253 771 1
237 833 1
224 893 1
216 954 1
213 1011 1
213 1066 1
216 1117 1
224 1165 1
234 1208 1
246 1244 1
259 1274 1
275 1300 1
295 1321 1
317 1338 1
348 1349 1
384 1359 1
428 1364 1
478 1364 1
526 1356 1
579 1334 1
633 1301 1
685 1257 1
728 1198 1
768 1131 1
799 1060 1
825 987 1
848 910 1
862 832 1
874 756 1
879 686 1
880 619 1
878 554 1
871 503 1
864 459 1
854 427 1
844 402 1
834 381 1
819 364 1
804 347 1
782 333 1
753 320 1
716 310 1
670 310 1
622 318 1
567 342 1
512 375 1
465 413 1
429 456 1
396 504 1
368 562 1
342 622 1
321 679 1
306 737 1
293 792 1
283 845 1
275 903 1
269 962 1
268 1020 1
269 1077 1
276 1131 1
286 1179 1
297 1226 1
312 1261 1
328 1293 1
346 1319 1
370 1336 1
395 1348 1
424 1356 1
456 1360 1
491 1358 1
533 1341 1
581 1317 1
633 1276 1
682 1229 1
729 1173 1
761 1111 1
791 1045 1
811 971 1
827 900 1
838 835 1
845 779 1
848 728 1
848 679 1
846 633 1
842 590 1
837 559 1
831 533 1
826 510 1
818 489 1
810 468 1
797 444 1
782 419 1
763 394 1
742 370 1
720 349 1
692 333 1
664 323 1
628 322 1
585 329 1
532 350 1
475 386 1
427 424 1
387 466 1
347 518 1
317 574 1
292 635 1
270 694 1
253 747 1
236 802 1
218 865 1
202 935 1
191 1004 1
185 1068 1
182 1128 1
185 1180 1
195 1225 1
206 1264 1
222 1296 1
239 1325 1
255 1346 1
277 1365 1
299 1381 1
326 1392 1
356 1400 1
390 1401 1
432 1390 1
473 1375 1
515 1350 1
559 1318 1
606 1281 1
655 1240 1
700 1198 1
737 1154 1
768 1110 1
795 1066 1
815 1017 1
832 968 1
843 923 1
852 878 1
857 837 1
860 797 1
861 758 1
859 715 1
854 666 1
846 613 1
835 555 1
824 503 1
809 455 1
795 416 1
780 384 1
766 359 1
751 340 1
735 326 1
714 316 1
690 309 1
657 309 1
620 311 1
576 328 1
530 352 1
487 383 1
455 418 1
425 454 1
400 503 1
373 560 1
349 624 1
330 683 1
313 744 1
300 802 1
288 862 1
279 922 1
273 984 1
269 1046 1
271 1110 1
276 1171 1
284 1231 1
297 1282 1
312 1325 1
328 1355 1
348 1374 1
373 1387 1
402 1388 1
439 1377 1
482 1352 1
536 1297 1
586 1237 1
631 1175 1
672 1119 1
707 1070 1
745 1017 1
780 965 1
811 909 1
838 853 1
857 806 1
877 754 1
895 706 1
912 650 1
925 592 1
933 535 1
937 484 1
938 438 1
933 402 1
925 369 1
916 345 1
897 320 1
874 299 1
845 287 1
810 279 1
767 288 1
721 307 1
677 338 1
630 390 1
586 446 1
549 509 1
513 574 1
480 638 1
451 702 1
428 763 1
408 821 1
390 879 1
374 936 1
358 993 1
347 1048 1
340 1095 1
337 1146 1
340 1187 1
348 1223 1
357 1256 1
371 1285 1
388 1312 1
409 1336 1
435 1355 1
465 1368 1
497 1375 1
530 1377 1
568 1372 1
615 1349 1
666 1316 1
713 1271 1
756 1218 1
796 1159 1
829 1092 1
858 1029 1
882 963 1
902 898 1
917 835 1
926 773 1
931 712 1
932 655 1
923 594 1
912 541 1
900 495 1
889 452 1
877 408 1
862 365 1
844 325 1
825 292 1
804 264 1
783 244 1
755 229 1
726 219 1
690 221 1
647 230 1
599 248 1
540 286 1
482 329 1
433 379 1
390 428 1
352 479 1
316 543 1
290 604 1
269 670 1
251 739 1
236 805 1
224 874 1
214 940 1
208 1007 1
205 1070 1
204 1129 1
210 1185 1
220 1239 1
234 1287 1
251 1332 1
271 1373 1
288 1401 1
307 1425 1
328 1444 1
350 1460 1
374 1472 1
406 1480 1
441 1484 1
479 1480 1
520 1470 1
562 1453 1
606 1422 1
649 1386 1
689 1341 1
724 1295 1
755 1246 1
788 1186 1
819 1127 1
848 1062 1
874 997 1
893 937 1
909 874 1
922 817 1
927 762 1
932 704 1
935 652 1
930 597 1
921 547 1
912 504 1
903 465 1
894 432 1
886 402 1
878 376 1
868 357 1
858 340 1
847 327 1
832 316 1
814 308 1
783 299 1
745 294 1
701 295 1
651 304 1
602 322 1
550 355 1
499 395 1
459 438 1
424 495 1
391 561 1
364 631 1
341 700 1
321 772 1
304 846 1
290 921 1
277 999 1
266 1065 1
259 1124 1
253 1181 1
251 1232 1
253 1276 1
259 1315 1
269 1345 1
283 1373 1
303 1396 1
330 1412 1
362 1425 1
401 1431 1
452 1422 1
505 1401 1
554 1359 1
606 1306 1
653 1249 1
695 1190 1
735 1137 1
767 1085 1
799 1031 1
826 977 1
847 919 1
864 864 1
874 813 1
883 759 1
891 697 1
899 631 1
904 560 1
906 486 1
908 418 1
904 359 1
897 308 1
886 266 1
872 241 1
857 219 1
836 207 1
811 197 1
779 195 1
734 204 1
683 220 1
634 242 1
574 277 1
518 318 1
468 363 1
430 404 1
400 442 1
372 486 1
346 541 1
325 603 1
305 668 1
288 733 1
276 805 1
266 869 1
261 932 1
258 992 1
259 1050 1
262 1106 1
269 1156 1
280 1209 1
294 1256 1
314 1302 1
336 1343 1
361 1378 1
388 1403 1
419 1425 1
455 1443 1
501 1453 1
546 1457 1
591 1449 1
635 1431 1
680 1400 1
725 1344 1
766 1284 1
801 1217 1
831 1153 1
857 1087 1
878 1018 1
896 947 1
908 872 1
917 799 1
924 733 1
925 668 1
920 608 1
908 556 1
894 507 1
879 462 1
860 419 1
841 384 1
821 357 1
800 335 1
779 317 1
759 303 1
738 291 1
715 280 1
690 270 1
664 260 1
635 256 1
604 254 1
569 261 1
532 273 1
492 293 1
451 322 1
416 352 1
387 388 1
358 427 1
328 470 1
298 523 1
271 578 1
248 636 1
229 695 1
211 753 1
198 808 1
185 867 1
178 927 1
173 985 1
171 1038 1
171 1084 1
174 1125 1
183 1164 1
194 1201 1
209 1236 1
231 1269 1
257 1301 1
288 1330 1
319 1353 1
351 1371 1
386 1385 1
420 1394 1
460 1396 1
501 1391 1
541 1382 1
582 1354 1
623 1319 1
661 1272 1
697 1222 1
727 1168 1
752 1106 1
770 1041 1
781 969 1
787 899 1
788 832 1
783 772 1
776 719 1
764 667 1
750 617 1
736 571 1
718 529 1
701 492 1
684 460 1
666 429 1
646 402 1
628 378 1
610 358 1
590 345 1
563 335 1
534 326 1
500 326 1
467 329 1
435 338 1
401 359 1
366 385 1
334 418 1
302 457 1
271 501 1
245 552 1
224 603 1
207 655 1
195 708 1
186 758 1
182 806 1
180 853 1
180 903 1
182 955 1
183 1009 1
185 1061 1
190 1111 1
197 1157 1
207 1199 1
220 1239 1
237 1276 1
258 1309 1
281 1338 1
305 1362 1
331 1381 1
357 1394 1
384 1400 1
413 1397 1
443 1385 1
508 1325 1
541 1276 1
574 1215 1
605 1152 1
630 1092 1
652 1031 1
670 976 1
686 919 1
702 864 1
717 815 1
732 770 1
747 727 1
760 683 1
775 637 1
789 587 1
804 539 1
815 494 1
824 455 1
830 420 1
831 365 1
829 343 1
823 323 1
815 306 1
804 291 1
788 276 1
764 261 1
731 246 1
695 233 1
658 224 1
623 221 1
590 223 1
555 232 1
517 249 1
477 270 1
442 296 1
408 324 1
378 355 1
348 385 1
319 417 1
289 449 1
261 484 1
233 522 1
209 561 1
186 603 1
166 648 1
148 693 1
133 738 1
121 783 1
113 827 1
106 917 1
109 966 1
115 1014 1
122 1055 1
130 1095 1
143 1133 1
161 1171 1
181 1210 1
203 1246 1
227 1281 1
250 1308 1
271 1330 1
293 1345 1
317 1356 1
344 1363 1
377 1366 1
418 1364 1
459 1357 1
502 1342 1
545 1319 1
587 1288 1
627 1251 1
665 1210 1
699 1164 1
757 1062 1
778 1009 1
797 955 1
811 899 1
822 842 1
830 780 1
837 714 1
845 585 1
847 535 1
846 496 1
845 464 1
842 437 1
838 410 1
833 385 1
824 362 1
815 343 1
804 327 1
779 303 1
764 290 1
741 277 1
715 263 1
682 250 1
649 239 1
614 228 1
579 221 1
545 216 1
515 215 1
487 216 1
463 221 1
443 228 1
425 237 1
407 249 1
387 266 1
365 288 1
341 318 1
317 351 1
296 387 1
279 421 1
267 457 1
257 495 1
249 536 1
247 577 1
247 618 1
248 658 1
251 699 1
254 740 1
265 825 1
272 869 1
280 910 1
289 948 1
298 981 1
308 1012 1
318 1041 1
331 1070 1
347 1101 1
365 1133 1
383 1162 1
402 1187 1
420 1211 1
443 1237 1
466 1260 1
489 1281 1
512 1300 1
532 1312 1
554 1320 1
578 1322 1
610 1312 1
649 1292 1
694 1259 1
741 1214 1
783 1160 1
822 1100 1
855 1039 1
880 978 1
899 917 1
914 854 1
924 790 1
931 728 1
935 669 1
935 613 1
932 559 1
929 505 1
918 401 1
913 362 1
907 328 1
898 301 1
889 276 1
862 236 1
845 219 1
818 207 1
789 201 1
754 202 1
715 213 1
675 232 1
634 265 1
589 315 1
546 373 1
507 440 1
476 506 1
448 575 1
422 644 1
400 712 1
380 777 1
360 843 1
326 967 1
297 1085 1
285 1183 1
285 1225 1
290 1264 1
300 1299 1
315 1330 1
333 1356 1
360 1379 1
390 1396 1
429 1404 1
470 1408 1
511 1402 1
565 1385 1
621 1354 1
680 1313 1
732 1264 1
775 1205 1
817 1137 1
853 1068 1
882 998 1
908 931 1
925 870 1
936 810 1
943 753 1
947 696 1
949 645 1
949 599 1
947 553 1
945 510 1
941 467 1
934 426 1
926 387 1
916 350 1
903 317 1
888 288 1
872 264 1
857 248 1
836 235 1
814 228 1
784 227 1
746 234 1
696 254 1
644 286 1
592 332 1
545 385 1
508 440 1
480 502 1
455 568 1
432 646 1
412 723 1
393 803 1
374 891 1
355 984 1
335 1077 1
321 1164 1
309 1241 1
301 1310 1
297 1366 1
295 1418 1
298 1458 1
305 1499 1
315 1538 1
328 1575 1
343 1605 1
359 1629 1
376 1647 1
394 1658 1
415 1661 1
446 1656 1
489 1629 1
541 1584 1
602 1519 1
663 1443 1
718 1372 1
767 1302 1
808 1236 1
844 1174 1
871 1114 1
894 1057 1
912 1001 1
926 945 1
936 887 1
943 831 1
949 721 1
950 666 1
951 613 1
951 562 1
954 513 1
957 474 1
959 440 1
958 411 1
955 386 1
943 344 1
935 326 1
919 308 1
894 289 1
807 267 1
752 273 1
692 298 1
572 398 1
525 461 1
485 528 1
452 597 1
395 736 1
372 809 1
354 878 1
339 947 1
325 1014 1
314 1082 1
308 1145 1
304 1207 1
303 1261 1
303 1310 1
307 1355 1
316 1396 1
327 1435 1
341 1473 1
359 1508 1
376 1544 1
395 1575 1
412 1599 1
427 1615 1
442 1622 1
457 1624 1
481 1611 1
512 1583 1
598 1464 1
643 1387 1
684 1302 1
721 1216 1
754 1134 1
781 1059 1
804 988 1
821 922 1
837 858 1
854 796 1
888 672 1
905 604 1
918 539 1
927 482 1
932 432 1
934 390 1
934 353 1
932 320 1
928 291 1
922 269 1
916 253 1
906 243 1
895 236 1
875 233 1
840 238 1
790 257 1
727 292 1
661 340 1
597 399 1
546 460 1
508 521 1
479 583 1
457 648 1
440 713 1
425 779 1
413 842 1
405 905 1
396 967 1
391 1025 1
386 1080 1
383 1132 1
381 1177 1
381 1219 1
381 1258 1
382 1295 1
386 1330 1
391 1366 1
398 1400 1
407 1431 1
419 1462 1
452 1518 1
472 1542 1
495 1557 1
521 1566 1
550 1565 1
624 1524 1
666 1478 1
706 1419 1
743 1353 1
776 1280 1
806 1202 1
834 1122 1
858 1044 1
879 971 1
896 900 1
911 831 1
923 756 1
932 677 1
936 598 1
934 522 1
928 453 1
920 394 1
910 346 1
898 308 1
885 279 1
870 256 1
851 237 1
828 224 1
799 220 1
765 224 1
726 241 1
685 270 1
644 308 1
606 355 1
570 412 1
540 472 1
513 533 1
488 593 1
470 649 1
437 762 1
421 822 1
404 884 1
390 943 1
377 997 1
364 1049 1
352 1100 1
343 1150 1
338 1196 1
334 1238 1
334 1277 1
334 1311 1
335 1345 1
338 1376 1
341 1407 1
345 1437 1
352 1468 1
362 1500 1
373 1531 1
384 1556 1
397 1578 1
413 1596 1
434 1611 1
461 1621 1
495 1626 1
536 1619 1
585 1599 1
642 1558 1
700 1506 1
805 1376 1
849 1302 1
884 1224 1
913 1144 1
954 974 1
967 890 1
976 808 1
981 730 1
981 652 1
976 575 1
966 498 1
953 430 1
938 366 1
919 312 1
900 264 1
879 223 1
861 194 1
844 173 1
828 161 1
812 154 1
792 153 1
768 157 1
736 169 1
694 194 1
648 227 1
595 273 1
538 329 1
486 387 1
444 443 1
408 502 1
379 564 1
353 624 1
331 679 1
313 732 1
299 780 1
287 829 1
278 878 1
269 928 1
264 976 1
259 1023 1
256 1067 1
254 1109 1
253 1150 1
253 1191 1
252 1232 1
252 1274 1
253 1316 1
258 1361 1
264 1400 1
271 1435 1
280 1466 1
291 1498 1
306 1529 1
323 1558 1
344 1585 1
366 1606 1
389 1622 1
415 1633 1
445 1640 1
482 1644 1
524 1642 1
568 1634 1
611 1617 1
652 1590 1
692 1551 1
729 1508 1
762 1456 1
793 1396 1
821 1329 1
848 1257 1
873 1181 1
898 1097 1
922 1010 1
940 926 1
954 850 1
963 782 1
968 715 1
969 651 1
958 515 1
948 449 1
935 389 1
901 289 1
881 250 1
859 218 1
837 192 1
782 151 1
742 139 1
699 135 1
650 144 1
598 165 1
545 200 1
493 246 1
448 299 1
413 352 1
358 461 1
337 518 1
320 575 1
293 694 1
283 754 1
274 812 1
267 868 1
260 970 1
258 1017 1
258 1060 1
259 1102 1
262 1136 1
264 1169 1
268 1201 1
272 1232 1
276 1261 1
280 1291 1
284 1319 1
288 1348 1
294 1376 1
299 1401 1
307 1426 1
315 1449 1
324 1470 1
335 1495 1
350 1523 1
369 1553 1
395 1586 1
425 1617 1
458 1644 1
490 1666 1
523 1682 1
552 1689 1
583 1690 1
614 1681 1
648 1661 1
689 1624 1
732 1575 1
818 1445 1
853 1375 1
879 1305 1
901 1234 1
918 1161 1
942 1016 1
949 939 1
956 858 1
961 773 1
963 687 1
956 522 1
947 448 1
936 374 1
920 307 1
900 251 1
879 210 1
856 178 1
829 152 1
762 117 1
717 111 1
663 118 1
605 136 1
544 169 1
483 213 1
430 269 1
388 338 1
351 407 1
319 479 1
294 553 1
274 629 1
260 706 1
246 783 1
236 855 1
227 925 1
220 997 1
215 1064 1
212 1126 1
213 1181 1
216 1230 1
221 1275 1
227 1314 1
234 1349 1
240 1380 1
247 1408 1
256 1434 1
265 1459 1
277 1484 1
290 1511 1
305 1539 1
321 1567 1
336 1593 1
352 1617 1
367 1637 1
382 1657 1
397 1674 1
413 1689 1
451 1710 1
478 1716 1
511 1721 1
556 1720 1
606 1713 1
659 1693 1
712 1659 1
761 1611 1
805 1553 1
842 1492 1
874 1428 1
924 1280 1
939 1203 1
948 1130 1
953 1066 1
955 1006 1
955 942 1
950 805 1
945 743 1
940 690 1
929 600 1
923 567 1
916 543 1
912 527 1
908 516 1
905 508 1
904 503 1
901 497 1
900 494 1
898 490 1
896 487 1
894 483 1
892 479 1
890 475 1
887 471 1
884 467 1
880 461 1
876 454 1
871 447 1
866 439 1
861 431 1
857 425 1
852 419 1
854 421 0
