514 864 1
514 864 1
514 864 1
514 864 1
514 864 1
514 864 1
515 864 1
516 865 1
519 867 1
520 869 1
521 872 1
523 875 1
524 880 1
524 885 1
522 889 1
520 893 1
517 897 1
514 900 1
510 902 1
506 903 1
502 904 1
496 902 1
491 900 1
485 897 1
478 893 1
474 888 1
470 884 1
466 879 1
463 872 1
461 867 1
461 861 1
461 855 1
461 850 1
463 846 1
466 840 1
472 836 1
478 832 1
486 828 1
496 825 1
505 823 1
516 823 1
528 823 1
541 828 1
555 835 1
569 844 1
581 855 1
592 872 1
602 888 1
607 904 1
610 920 1
610 934 1
604 950 1
595 964 1
581 976 1
565 986 1
546 993 1
527 996 1
508 998 1
493 995 1
479 990 1
468 982 1
458 972 1
448 959 1
440 943 1
434 925 1
429 904 1
429 879 1
429 855 1
433 836 1
437 817 1
441 801 1
448 787 1
454 776 1
461 769 1
468 761 1
475 755 1
485 751 1
496 747 1
509 744 1
523 742 1
537 742 1
552 744 1
570 751 1
589 759 1
611 773 1
632 789 1
650 808 1
674 840 1
684 859 1
687 884 1
689 911 1
683 942 1
673 971 1
659 997 1
641 1017 1
622 1034 1
603 1046 1
584 1055 1
563 1060 1
541 1063 1
522 1065 1
501 1063 1
481 1061 1
462 1053 1
445 1043 1
429 1032 1
419 1019 1
407 1003 1
397 986 1
392 966 1
386 943 1
382 913 1
382 881 1
382 851 1
384 824 1
390 798 1
399 772 1
411 747 1
424 724 1
435 705 1
445 691 1
454 681 1
462 675 1
469 670 1
478 666 1
488 663 1
507 658 1
520 659 1
536 663 1
554 668 1
575 680 1
599 694 1
622 711 1
643 729 1
663 749 1
677 769 1
691 791 1
702 814 1
711 839 1
718 864 1
721 888 1
723 913 1
721 938 1
716 964 1
709 989 1
697 1012 1
685 1033 1
670 1052 1
654 1066 1
636 1079 1
612 1089 1
585 1098 1
559 1103 1
528 1103 1
499 1100 1
475 1094 1
454 1086 1
435 1077 1
418 1065 1
401 1050 1
388 1034 1
375 1016 1
364 996 1
352 970 1
343 943 1
338 910 1
334 876 1
333 841 1
339 804 1
347 767 1
358 733 1
369 702 1
384 671 1
397 646 1
411 624 1
423 607 1
436 591 1
447 579 1
459 570 1
471 561 1
486 554 1
505 550 1
527 547 1
556 551 1
588 561 1
623 576 1
662 600 1
697 627 1
725 658 1
749 691 1
767 726 1
779 769 1
786 809 1
789 859 1
788 912 1
782 958 1
772 1002 1
760 1039 1
744 1066 1
725 1090 1
705 1110 1
677 1128 1
646 1142 1
611 1153 1
575 1162 1
540 1166 1
511 1167 1
485 1166 1
464 1164 1
443 1161 1
422 1155 1
402 1146 1
382 1133 1
361 1118 1
341 1098 1
321 1076 1
306 1053 1
291 1030 1
280 1008 1
271 986 1
264 965 1
260 942 1
256 917 1
255 891 1
256 857 1
260 817 1
268 772 1
278 727 1
287 687 1
300 653 1
315 619 1
331 588 1
353 554 1
375 526 1
397 505 1
419 487 1
441 476 1
464 470 1
490 465 1
523 469 1
560 479 1
600 500 1
644 528 1
686 563 1
724 605 1
757 644 1
780 682 1
798 719 1
810 759 1
817 805 1
821 855 1
821 910 1
817 967 1
810 1020 1
798 1063 1
784 1105 1
768 1139 1
748 1169 1
729 1195 1
705 1216 1
678 1235 1
650 1251 1
610 1265 1
573 1273 1
535 1275 1
494 1271 1
453 1263 1
412 1247 1
371 1232 1
340 1214 1
314 1196 1
291 1181 1
272 1160 1
255 1139 1
242 1118 1
230 1094 1
220 1066 1
211 1022 1
203 971 1
197 916 1
192 869 1
190 826 1
189 794 1
190 760 1
194 728 1
199 695 1
205 666 1
213 632 1
223 603 1
231 576 1
241 549 1
253 522 1
266 500 1
279 477 1
290 459 1
303 441 1
315 425 1
330 408 1
345 394 1
360 381 1
373 371 1
390 362 1
407 355 1
432 351 1
475 351 1
528 353 1
590 361 1
652 377 1
707 398 1
750 421 1
789 448 1
822 478 1
853 519 1
882 564 1
905 619 1
923 675 1
934 733 1
936 790 1
937 844 1
932 893 1
927 941 1
917 987 1
907 1029 1
894 1071 1
879 1107 1
863 1142 1
845 1180 1
823 1216 1
801 1248 1
776 1276 1
750 1302 1
720 1324 1
689 1342 1
657 1355 1
626 1365 1
595 1372 1
568 1378 1
541 1378 1
514 1376 1
485 1370 1
456 1360 1
425 1346 1
392 1324 1
360 1299 1
330 1272 1
302 1241 1
277 1209 1
256 1173 1
238 1138 1
225 1102 1
213 1064 1
202 1020 1
190 963 1
176 909 1
162 856 1
152 804 1
145 755 1
144 709 1
145 666 1
149 628 1
157 587 1
165 551 1
175 517 1
187 484 1
199 454 1
214 423 1
229 392 1
246 365 1
261 342 1
275 322 1
290 305 1
303 291 1
316 280 1
329 270 1
341 263 1
355 255 1
369 248 1
383 244 1
403 238 1
424 234 1
448 230 1
472 227 1
496 225 1
520 224 1
542 222 1
562 223 1
580 224 1
598 225 1
616 229 1
634 232 1
652 238 1
670 243 1
687 250 1
704 259 1
720 269 1
738 280 1
754 291 1
772 305 1
786 318 1
806 337 1
821 352 1
837 370 1
850 386 1
863 402 1
875 417 1
886 433 1
898 450 1
908 466 1
918 481 1
927 502 1
937 522 1
947 544 1
957 569 1
967 593 1
975 618 1
983 644 1
990 669 1
1001 721 1
1004 747 1
1007 774 1
1009 800 1
1010 826 1
1013 876 1
1013 901 1
1013 927 1
1013 955 1
1010 984 1
1004 1015 1
999 1045 1
992 1077 1
983 1107 1
972 1137 1
959 1168 1
945 1199 1
929 1230 1
913 1259 1
892 1288 1
871 1315 1
849 1339 1
825 1362 1
801 1383 1
775 1403 1
751 1418 1
728 1432 1
705 1445 1
682 1456 1
661 1465 1
640 1473 1
621 1478 1
602 1484 1
584 1488 1
564 1490 1
545 1493 1
524 1494 1
500 1495 1
477 1497 1
456 1496 1
433 1494 1
412 1493 1
392 1491 1
371 1485 1
352 1479 1
336 1472 1
320 1464 1
305 1452 1
289 1440 1
274 1422 1
259 1403 1
243 1379 1
229 1355 1
216 1330 1
204 1305 1
193 1280 1
183 1258 1
175 1237 1
168 1217 1
162 1198 1
158 1180 1
153 1161 1
149 1140 1
145 1119 1
140 1098 1
134 1073 1
127 1048 1
120 1021 1
114 993 1
106 966 1
100 939 1
86 873 1
83 855 1
80 838 1
78 821 1
76 783 1
75 764 1
75 745 1
75 726 1
75 707 1
76 688 1
79 670 1
81 653 1
83 636 1
86 622 1
90 607 1
93 593 1
98 577 1
102 561 1
106 548 1
111 532 1
117 517 1
123 502 1
128 488 1
134 472 1
164 390 1
170 374 1
178 357 1
183 342 1
205 297 1
212 282 1
221 268 1
236 241 1
245 229 1
252 216 1
259 205 1
266 196 1
279 181 1
285 173 1
292 165 1
300 158 1
308 150 1
314 145 1
321 140 1
328 134 1
334 130 1
341 126 1
349 122 1
365 114 1
374 111 1
383 108 1
393 106 1
403 104 1
413 102 1
434 99 1
444 99 1
467 99 1
479 100 1
492 101 1
503 102 1
515 103 1
526 105 1
537 106 1
550 108 1
563 111 1
576 114 1
601 121 1
616 124 1
630 128 1
658 137 1
683 146 1
696 151 1
708 156 1
721 161 1
732 167 1
745 172 1
756 178 1
768 183 1
779 190 1
791 197 1
802 203 1
813 210 1
831 221 1
840 225 1
848 231 1
857 236 1
864 241 1
871 246 1
877 250 1
883 255 1
890 260 1
896 264 1
901 268 1
907 274 1
911 278 1
915 283 1
919 288 1
924 294 1
928 299 1
931 305 1
935 310 1
939 317 1
942 322 1
947 329 1
950 336 1
953 342 1
957 349 1
959 354 1
962 360 1
966 366 1
969 372 1
972 378 1
974 384 1
977 390 1
979 396 1
981 402 1
983 407 1
984 413 1
987 419 1
989 425 1
991 432 1
993 439 1
996 447 1
998 457 1
1001 467 1
1003 478 1
1005 488 1
1007 498 1
1009 510 1
1012 522 1
1014 535 1
1016 548 1
1017 558 1
1019 569 1
1021 581 1
1023 594 1
1024 605 1
1025 616 1
1027 626 1
1029 637 1
1032 647 1
1033 658 1
1034 669 1
1036 680 1
1036 689 1
1037 698 1
1038 708 1
1038 716 1
1039 726 1
1039 734 1
1040 744 1
1040 754 1
1040 764 1
1041 774 1
1041 783 1
1041 794 1
1041 807 1
1041 818 1
1041 830 1
1041 841 1
1041 853 1
1041 864 1
1041 874 1
1042 885 1
1042 895 1
1042 906 1
1042 917 1
1042 926 1
1042 938 1
1042 948 1
1042 959 1
1042 971 1
1042 979 1
1042 989 1
1042 999 1
1042 1009 1
1040 1021 1
1041 1030 1
1041 1040 1
1040 1048 1
1038 1056 1
1037 1064 1
1037 1074 1
1035 1083 1
1034 1093 1
1032 1103 1
1031 1112 1
1030 1121 1
1028 1129 1
1027 1139 1
1025 1150 1
1024 1163 1
1023 1172 1
1021 1183 1
1019 1194 1
1016 1208 1
1014 1222 1
1010 1237 1
1006 1252 1
1002 1265 1
996 1283 1
989 1301 1
982 1316 1
973 1333 1
964 1350 1
949 1373 1
935 1396 1
916 1420 1
895 1445 1
876 1469 1
856 1489 1
837 1508 1
820 1525 1
804 1539 1
793 1550 1
782 1557 1
772 1565 1
762 1571 1
753 1578 1
743 1584 1
733 1590 1
725 1596 1
717 1601 1
709 1605 1
701 1609 1
692 1612 1
683 1617 1
675 1619 1
665 1621 1
656 1624 1
646 1626 1
636 1627 1
626 1628 1
615 1630 1
605 1631 1
593 1632 1
581 1633 1
569 1633 1
556 1634 1
545 1634 1
533 1632 1
522 1633 1
512 1632 1
501 1632 1
492 1630 1
480 1630 1
469 1628 1
459 1628 1
450 1626 1
441 1624 1
433 1623 1
426 1621 1
419 1620 1
412 1618 1
405 1617 1
399 1616 1
392 1614 1
388 1613 1
381 1612 1
376 1610 1
372 1610 1
368 1608 1
365 1607 1
361 1607 1
359 1605 1
357 1605 1
354 1604 1
352 1603 1
351 1603 1
348 1602 1
342 1599 1
341 1599 1
339 1598 1
338 1597 1
337 1597 1
337 1597 1
337 1597 1
337 1597 1
337 1597 1
337 1597 1
337 1597 1
337 1597 1
337 1597 1
337 1597 1
337 1597 1
337 1597 1
337 1597 1
337 1597 1
337 1597 1
337 1597 1
337 1597 1
337 1597 1
337 1597 1
337 1597 1
337 1597 1
337 1597 1
337 1597 1
337 1597 1
337 1597 1
337 1597 1
337 1597 1
337 1597 1
337 1597 1
337 1597 1
337 1597 1
337 1597 1
337 1597 1
336 1596 1
336 1596 1
334 1596 1
334 1596 1
332 1595 1
330 1593 1
327 1591 1
322 1588 1
318 1585 1
314 1583 1
309 1579 1
303 1573 1
298 1568 1
292 1562 1
287 1555 1
280 1548 1
275 1541 1
270 1535 1
264 1530 1
259 1524 1
254 1518 1
249 1512 1
244 1505 1
239 1498 1
234 1491 1
230 1485 1
225 1478 1
220 1473 1
216 1467 1
212 1461 1
208 1457 1
203 1451 1
199 1446 1
195 1440 1
192 1432 1
188 1426 1
184 1420 1
179 1413 1
176 1407 1
172 1400 1
168 1395 1
165 1389 1
161 1382 1
157 1376 1
153 1369 1
151 1362 1
146 1356 1
143 1349 1
138 1343 1
135 1337 1
133 1333 1
130 1328 1
127 1325 1
125 1321 1
124 1317 1
121 1314 1
119 1309 1
117 1306 1
115 1302 1
113 1298 1
111 1294 1
109 1289 1
107 1284 1
106 1280 1
105 1277 1
103 1273 1
102 1270 1
100 1266 1
99 1264 1
99 1261 1
99 1258 1
98 1256 1
96 1254 1
97 1252 1
96 1250 1
94 1248 1
94 1247 1
94 1247 1
94 1245 1
94 1245 1
94 1244 1
94 1244 1
92 1243 1
92 1243 1
92 1243 1
93 1243 1
93 1243 1
93 1243 1
93 1242 1
93 1242 1
92 1241 1
92 1241 1
92 1240 1
92 1240 1
92 1239 1
92 1239 1
91 1238 1
91 1238 1
91 1237 1
91 1237 1
91 1237 1
91 1236 1
91 1236 1
90 1235 1
90 1234 1
90 1234 1
90 1234 1
90 1233 1
90 1233 1
89 1232 1
89 1232 1
89 1230 1
89 1230 1
89 1230 1
89 1230 1
89 1230 1
89 1230 1
89 1230 1
89 1230 1
89 1230 0
