174 1200 1
176 1195 1
181 1186 1
183 1183 1
194 1170 1
207 1152 1
221 1130 1
235 1104 1
247 1075 1
254 1046 1
261 999 1
258 967 1
249 938 1
236 912 1
220 889 1
201 876 1
187 867 1
179 866 1
173 866 1
168 867 1
165 870 1
162 876 1
163 886 1
167 901 1
177 922 1
192 950 1
207 979 1
224 1008 1
239 1037 1
251 1065 1
257 1089 1
260 1114 1
260 1134 1
256 1157 1
249 1177 1
237 1195 1
226 1211 1
216 1222 1
206 1231 1
198 1236 1
192 1239 1
186 1241 1
183 1240 1
181 1238 1
180 1236 1
186 1214 1
201 1181 1
198 1188 0
476 1163 1
479 1154 1
489 1139 1
503 1118 1
520 1090 1
534 1060 1
546 1026 1
556 987 1
567 916 1
565 883 1
562 845 1
552 811 1
534 781 1
516 759 1
496 748 1
479 741 1
463 741 1
449 743 1
435 753 1
423 771 1
415 793 1
410 819 1
413 851 1
423 889 1
443 932 1
466 976 1
493 1019 1
516 1052 1
537 1083 1
553 1110 1
565 1133 1
571 1153 1
573 1170 1
572 1185 1
567 1200 1
557 1213 1
543 1229 1
527 1239 1
514 1244 1
503 1247 1
493 1246 1
484 1244 1
478 1239 1
472 1229 1
470 1214 1
474 1184 1
492 1141 1
512 1108 1
504 1123 0
784 1058 1
784 1055 1
784 1050 1
786 1039 1
793 1018 1
802 984 1
816 935 1
828 882 1
840 827 1
847 747 1
848 706 1
844 677 1
835 654 1
821 639 1
805 628 1
788 623 1
773 624 1
759 628 1
744 641 1
729 661 1
714 693 1
707 740 1
708 787 1
714 826 1
727 861 1
745 891 1
765 919 1
789 950 1
814 979 1
837 1010 1
857 1038 1
869 1064 1
878 1088 1
883 1116 1
885 1143 1
881 1170 1
871 1196 1
855 1223 1
834 1247 1
814 1265 1
793 1278 1
777 1284 1
762 1287 1
749 1284 1
737 1275 1
726 1263 1
717 1242 1
711 1219 1
707 1193 1
712 1154 1
722 1114 1
738 1068 1
756 1026 1
780 984 1
799 960 1
790 973 0
