895 810 1
895 810 1
895 810 1
896 815 1
898 822 1
902 835 1
908 853 1
914 879 1
920 912 1
925 952 1
925 1001 1
922 1077 1
914 1113 1
902 1135 1
888 1155 1
874 1168 1
858 1179 1
842 1186 1
828 1187 1
815 1186 1
808 1185 1
803 1183 1
800 1179 1
799 1174 1
799 1168 1
799 1161 1
799 1155 1
801 1149 1
804 1145 1
809 1140 1
813 1138 1
817 1137 1
820 1137 1
824 1137 1
829 1138 1
833 1139 1
840 1149 1
843 1167 1
842 1199 1
838 1235 1
831 1274 1
820 1307 1
808 1334 1
790 1356 1
779 1369 1
786 1361 0
661 867 1
661 867 1
661 870 1
664 878 1
666 890 1
672 913 1
678 939 1
685 976 1
692 1020 1
698 1065 1
701 1135 1
700 1176 1
699 1209 1
697 1233 1
689 1253 1
679 1266 1
667 1277 1
653 1286 1
634 1292 1
613 1296 1
594 1299 1
579 1298 1
569 1296 1
562 1296 1
559 1294 1
555 1293 1
554 1289 1
554 1283 1
554 1277 1
556 1271 1
557 1266 1
559 1262 1
563 1259 1
567 1257 1
573 1257 1
579 1257 1
584 1258 1
590 1262 1
594 1278 1
593 1304 1
591 1340 1
576 1378 1
557 1412 1
534 1441 1
513 1460 1
523 1450 0
409 966 1
409 967 1
411 981 1
416 1002 1
422 1031 1
428 1061 1
435 1093 1
441 1128 1
450 1187 1
451 1216 1
452 1246 1
452 1272 1
449 1295 1
441 1316 1
431 1334 1
418 1352 1
403 1370 1
385 1384 1
367 1397 1
351 1405 1
339 1408 1
332 1410 1
326 1410 1
322 1408 1
320 1407 1
318 1405 1
318 1401 1
318 1395 1
320 1390 1
321 1385 1
323 1381 1
329 1377 1
335 1373 1
342 1371 1
349 1370 1
354 1371 1
364 1373 1
372 1383 1
380 1398 1
386 1417 1
388 1440 1
385 1470 1
368 1512 1
330 1568 1
318 1587 1
330 1569 0
216 1111 1
216 1112 1
218 1122 1
222 1138 1
228 1161 1
233 1188 1
239 1217 1
241 1246 1
244 1274 1
246 1327 1
246 1351 1
246 1384 1
240 1416 1
233 1445 1
225 1473 1
214 1499 1
202 1523 1
188 1540 1
175 1552 1
163 1559 1
154 1563 1
145 1565 1
137 1565 1
129 1563 1
122 1556 1
118 1543 1
116 1534 1
115 1526 1
117 1519 1
117 1515 1
117 1509 1
118 1505 1
118 1503 1
119 1500 1
119 1498 1
119 1496 1
120 1494 1
120 1494 1
120 1494 1
120 1494 1
120 1494 1
120 1494 1
120 1494 1
120 1494 1
120 1494 1
120 1494 1
120 1494 1
120 1494 1
120 1494 1
120 1494 1
120 1494 1
120 1494 1
120 1494 1
120 1494 1
120 1494 1
120 1494 1
120 1494 1
120 1494 1
120 1494 1
120 1494 1
120 1494 1
121 1494 1
122 1492 1
123 1493 1
124 1493 1
127 1493 1
135 1495 1
145 1512 1
157 1549 1
166 1625 1
170 1716 1
170 1701 0
