47 1299 1
47 1298 1
47 1298 1
49 1295 1
50 1293 1
53 1289 1
58 1283 1
62 1276 1
68 1268 1
75 1258 1
83 1244 1
91 1228 1
101 1209 1
109 1189 1
118 1171 1
125 1151 1
138 1117 1
142 1107 1
146 1093 1
150 1081 1
151 1072 1
154 1063 1
155 1058 1
156 1051 1
156 1046 1
156 1043 1
156 1040 1
155 1037 1
153 1034 1
154 1033 1
150 1033 1
148 1031 1
141 1033 1
133 1036 1
129 1043 1
122 1050 1
118 1055 1
114 1062 1
108 1076 1
104 1088 1
100 1102 1
97 1114 1
93 1128 1
90 1144 1
89 1161 1
88 1180 1
88 1201 1
88 1222 1
88 1243 1
88 1261 1
88 1278 1
88 1295 1
89 1309 1
89 1319 1
90 1328 1
90 1337 1
91 1345 1
92 1352 1
92 1359 1
93 1366 1
94 1370 1
95 1374 1
96 1376 1
96 1379 1
97 1381 1
98 1382 1
99 1383 1
99 1384 1
100 1384 1
101 1384 1
104 1383 1
107 1383 1
112 1381 1
118 1379 1
123 1374 1
136 1361 1
142 1348 1
152 1334 1
162 1317 1
172 1298 1
182 1280 1
193 1255 1
204 1232 1
216 1205 1
226 1181 1
234 1162 1
237 1148 1
240 1137 1
242 1129 1
244 1121 1
244 1116 1
245 1109 1
246 1104 1
246 1100 1
246 1095 1
246 1090 1
245 1087 1
245 1084 1
243 1082 1
243 1080 1
241 1078 1
241 1078 1
239 1076 1
238 1077 1
237 1077 1
234 1080 1
228 1088 1
221 1101 1
213 1119 1
203 1142 1
194 1164 1
188 1185 1
183 1206 1
179 1225 1
178 1242 1
176 1257 1
176 1270 1
176 1284 1
176 1298 1
176 1311 1
177 1322 1
178 1332 1
179 1341 1
181 1350 1
183 1358 1
186 1367 1
189 1375 1
190 1380 1
193 1386 1
195 1390 1
198 1393 1
200 1395 1
202 1396 1
205 1398 1
208 1399 1
212 1400 1
216 1398 1
223 1396 1
230 1392 1
238 1388 1
246 1381 1
256 1374 1
264 1364 1
274 1352 1
283 1339 1
293 1321 1
306 1299 1
319 1268 1
331 1237 1
340 1211 1
344 1188 1
349 1169 1
350 1153 1
352 1138 1
352 1126 1
353 1114 1
351 1104 1
352 1095 1
352 1087 1
350 1077 1
351 1069 1
349 1062 1
349 1056 1
347 1050 1
348 1046 1
347 1045 1
345 1042 1
345 1042 1
345 1042 1
345 1042 1
343 1042 1
341 1044 1
337 1050 1
331 1062 1
323 1077 1
315 1096 1
308 1116 1
303 1134 1
299 1150 1
296 1165 1
294 1179 1
292 1192 1
293 1205 1
291 1217 1
289 1230 1
290 1243 1
288 1256 1
289 1268 1
288 1281 1
288 1293 1
288 1305 1
289 1317 1
290 1327 1
290 1335 1
292 1344 1
293 1350 1
293 1358 1
295 1367 1
296 1374 1
299 1381 1
300 1388 1
302 1392 1
304 1396 1
306 1400 1
308 1402 1
309 1405 1
312 1406 1
315 1408 1
319 1410 1
322 1411 1
326 1411 1
331 1409 1
337 1406 1
343 1401 1
351 1394 1
361 1383 1
376 1360 1
391 1335 1
403 1308 1
413 1285 1
421 1265 1
426 1250 1
430 1236 1
434 1223 1
435 1210 1
437 1199 1
438 1188 1
440 1178 1
441 1169 1
443 1157 1
444 1144 1
445 1134 1
446 1125 1
446 1117 1
445 1109 1
445 1102 1
443 1095 1
443 1088 1
440 1083 1
439 1079 1
437 1075 1
436 1073 1
434 1071 1
435 1070 1
434 1070 1
434 1070 1
434 1070 1
434 1070 1
433 1070 1
431 1073 1
428 1080 1
423 1093 1
417 1110 1
411 1133 1
405 1157 1
401 1181 1
398 1204 1
395 1224 1
394 1241 1
393 1253 1
393 1264 1
392 1274 1
392 1284 1
392 1293 1
391 1303 1
391 1313 1
392 1321 1
392 1329 1
392 1336 1
392 1343 1
393 1350 1
393 1359 1
394 1365 1
394 1373 1
395 1381 1
396 1388 1
397 1394 1
397 1398 1
399 1402 1
399 1406 1
401 1409 1
403 1413 1
404 1414 1
406 1417 1
408 1419 1
411 1421 1
412 1422 1
415 1423 1
419 1425 1
422 1426 1
428 1427 1
432 1428 1
437 1428 1
442 1426 1
447 1426 1
453 1424 1
458 1422 1
465 1417 1
470 1413 1
477 1408 1
483 1402 1
489 1395 1
495 1389 1
502 1381 1
509 1371 1
516 1358 1
523 1344 1
530 1328 1
537 1310 1
543 1287 1
549 1260 1
553 1229 1
558 1199 1
562 1169 1
563 1144 1
564 1129 1
564 1116 1
563 1108 1
561 1100 1
560 1095 1
559 1089 1
557 1084 1
556 1080 1
554 1076 1
552 1073 1
550 1070 1
548 1068 1
547 1066 1
545 1065 1
543 1065 1
542 1065 1
539 1065 1
538 1066 1
533 1070 1
527 1077 1
519 1093 1
508 1113 1
497 1138 1
488 1163 1
481 1187 1
478 1208 1
475 1227 1
474 1244 1
475 1257 1
476 1269 1
476 1280 1
476 1290 1
477 1300 1
477 1310 1
478 1318 1
479 1325 1
479 1331 1
480 1336 1
481 1341 1
482 1346 1
482 1351 1
483 1357 1
484 1362 1
485 1369 1
487 1375 1
488 1380 1
489 1386 1
492 1392 1
493 1395 1
495 1399 1
498 1404 1
500 1406 1
503 1409 1
506 1412 1
510 1415 1
514 1417 1
519 1420 1
523 1423 1
530 1424 1
537 1426 1
545 1426 1
557 1423 1
572 1416 1
594 1402 1
621 1380 1
648 1354 1
669 1331 1
683 1312 1
691 1298 1
697 1286 1
700 1274 1
702 1265 1
703 1256 1
704 1249 1
703 1239 1
703 1228 1
701 1214 1
699 1200 1
698 1187 1
695 1172 1
692 1159 1
689 1146 1
686 1135 1
684 1124 1
683 1115 1
681 1107 1
679 1099 1
677 1092 1
676 1087 1
675 1083 1
673 1080 1
672 1078 1
672 1076 1
670 1077 1
671 1076 1
671 1076 1
669 1077 1
669 1079 1
666 1085 1
661 1099 1
655 1117 1
648 1141 1
642 1166 1
637 1188 1
635 1207 1
632 1224 1
630 1240 1
629 1250 1
629 1260 1
628 1267 1
627 1272 1
627 1280 1
626 1287 1
626 1294 1
625 1302 1
623 1310 1
624 1317 1
624 1324 1
625 1330 1
625 1336 1
625 1343 1
625 1350 1
625 1356 1
627 1364 1
627 1373 1
628 1380 1
630 1387 1
631 1393 1
633 1399 1
634 1403 1
635 1407 1
638 1411 1
639 1415 1
642 1419 1
643 1421 1
646 1424 1
649 1427 1
652 1429 1
656 1431 1
660 1432 1
664 1432 1
669 1433 1
675 1431 1
682 1429 1
689 1426 1
699 1418 1
708 1410 1
716 1401 1
725 1391 1
733 1381 1
742 1366 1
752 1351 1
760 1336 1
767 1320 1
772 1302 1
778 1283 1
782 1262 1
786 1242 1
789 1218 1
791 1197 1
792 1176 1
792 1158 1
790 1142 1
789 1131 1
786 1122 1
785 1117 1
785 1112 1
783 1108 1
783 1107 1
781 1107 1
782 1106 1
782 1106 1
782 1106 1
782 1106 1
778 1109 1
773 1115 1
766 1127 1
758 1144 1
748 1165 1
740 1186 1
735 1205 1
731 1223 1
727 1240 1
727 1252 1
725 1263 1
725 1271 1
725 1280 1
725 1290 1
725 1300 1
725 1310 1
724 1319 1
724 1326 1
724 1334 1
724 1342 1
724 1350 1
724 1359 1
725 1369 1
726 1377 1
726 1386 1
727 1393 1
728 1399 1
729 1406 1
729 1411 1
730 1418 1
731 1425 1
732 1431 1
734 1437 1
736 1444 1
737 1449 1
740 1454 1
742 1459 1
745 1464 1
747 1468 1
751 1471 1
754 1474 1
758 1476 1
763 1479 1
768 1480 1
773 1481 1
778 1481 1
784 1480 1
791 1478 1
797 1475 1
804 1472 1
811 1468 1
817 1464 1
823 1460 1
828 1456 1
835 1452 1
840 1447 1
846 1440 1
851 1432 1
855 1424 1
860 1415 1
863 1407 1
866 1397 1
868 1385 1
870 1370 1
872 1354 1
874 1333 1
875 1307 1
878 1277 1
880 1246 1
883 1216 1
885 1190 1
885 1170 1
885 1156 1
883 1145 1
883 1137 1
882 1133 1
880 1130 1
879 1127 1
879 1125 1
877 1126 1
877 1126 1
876 1125 1
875 1126 1
873 1128 1
871 1132 1
864 1143 1
857 1159 1
848 1180 1
840 1202 1
833 1225 1
829 1245 1
825 1263 1
823 1279 1
821 1294 1
820 1310 1
821 1322 1
821 1334 1
822 1348 1
824 1362 1
825 1376 1
827 1388 1
829 1400 1
831 1409 1
834 1418 1
835 1427 1
838 1435 1
841 1444 1
844 1450 1
847 1455 1
848 1459 1
852 1463 1
855 1466 1
858 1469 1
862 1471 1
867 1474 1
871 1476 1
875 1478 1
881 1479 1
884 1480 1
890 1481 1
894 1482 1
898 1482 1
901 1481 1
906 1481 1
908 1481 1
912 1480 1
915 1478 1
918 1479 1
920 1477 1
922 1478 1
924 1477 1
926 1475 1
928 1475 1
930 1475 1
930 1475 0
