854 565 1
853 565 1
853 565 1
851 568 1
848 574 1
844 582 1
837 598 1
828 615 1
817 636 1
802 662 1
787 689 1
770 717 1
743 764 1
728 796 1
714 824 1
699 853 1
683 883 1
668 912 1
652 942 1
634 974 1
616 1004 1
597 1033 1
579 1060 1
562 1089 1
546 1116 1
531 1142 1
520 1164 1
509 1183 1
500 1199 1
488 1215 1
476 1230 1
460 1246 1
444 1262 1
423 1277 1
402 1290 1
379 1301 1
355 1310 1
333 1315 1
312 1318 1
291 1317 1
269 1311 1
244 1297 1
217 1272 1
196 1250 1
179 1224 1
166 1197 1
159 1165 1
156 1113 1
158 1059 1
166 1013 1
176 971 1
189 931 1
204 892 1
230 839 1
264 781 1
307 717 1
347 662 1
390 611 1
433 567 1
472 532 1
511 500 1
550 471 1
599 439 1
643 412 1
680 394 1
714 381 1
742 374 1
766 372 1
788 372 1
809 378 1
828 388 1
845 401 1
862 422 1
877 445 1
888 473 1
897 509 1
900 548 1
895 593 1
885 642 1
869 689 1
849 737 1
829 781 1
801 825 1
771 874 1
735 927 1
698 982 1
658 1035 1
622 1084 1
585 1130 1
553 1172 1
522 1209 1
490 1244 1
463 1272 1
435 1298 1
408 1319 1
382 1337 1
355 1351 1
333 1359 1
312 1363 1
292 1363 1
270 1346 1
248 1320 1
228 1277 1
212 1224 1
204 1165 1
203 1104 1
205 1044 1
212 992 1
220 941 1
234 889 1
260 828 1
288 769 1
321 715 1
356 664 1
392 618 1
431 572 1
469 531 1
510 495 1
555 461 1
603 430 1
650 406 1
692 385 1
727 371 1
756 360 1
781 353 1
801 354 1
818 355 1
834 363 1
850 377 1
864 394 1
877 421 1
886 451 1
889 487 1
888 526 1
882 570 1
871 615 1
855 665 1
834 716 1
810 768 1
781 821 1
748 875 1
712 930 1
677 979 1
644 1024 1
612 1061 1
581 1097 1
550 1130 1
523 1160 1
496 1189 1
471 1217 1
445 1243 1
418 1270 1
391 1294 1
363 1318 1
337 1336 1
312 1350 1
288 1359 1
268 1360 1
249 1354 1
231 1339 1
215 1319 1
201 1290 1
192 1246 1
189 1194 1
195 1124 1
203 1055 1
214 993 1
224 942 1
237 891 1
260 838 1
288 784 1
323 729 1
364 681 1
407 634 1
454 591 1
500 552 1
543 520 1
586 496 1
632 473 1
678 454 1
719 439 1
758 428 1
785 423 1
809 421 1
829 423 1
846 427 1
861 436 1
872 451 1
880 471 1
883 501 1
880 538 1
871 584 1
850 640 1
826 697 1
797 754 1
768 805 1
740 855 1
709 899 1
681 940 1
649 977 1
619 1013 1
589 1047 1
559 1076 1
530 1107 1
501 1136 1
472 1166 1
446 1194 1
418 1218 1
390 1241 1
362 1260 1
336 1275 1
310 1286 1
293 1290 1
279 1293 1
268 1293 1
259 1290 1
248 1280 1
236 1251 1
223 1214 1
216 1174 1
212 1137 1
214 1101 1
222 1048 1
235 984 1
254 916 1
273 857 1
292 809 1
314 769 1
340 729 1
370 692 1
416 646 1
464 598 1
509 555 1
549 520 1
589 491 1
634 465 1
677 442 1
715 428 1
748 418 1
776 414 1
799 412 1
818 412 1
836 418 1
851 425 1
865 438 1
876 459 1
885 486 1
887 520 1
884 559 1
873 605 1
859 653 1
841 709 1
821 760 1
800 810 1
777 856 1
754 898 1
731 939 1
709 973 1
684 1007 1
656 1042 1
625 1075 1
591 1110 1
552 1147 1
513 1185 1
472 1221 1
433 1254 1
398 1284 1
370 1307 1
345 1326 1
324 1338 1
304 1347 1
285 1351 1
269 1348 1
252 1340 1
237 1323 1
222 1299 1
209 1261 1
202 1210 1
200 1148 1
208 1083 1
215 1026 1
220 982 1
223 955 1
226 929 1
230 907 1
236 880 1
249 848 1
266 808 1
289 766 1
312 729 1
339 693 1
370 662 1
406 630 1
447 595 1
488 563 1
529 532 1
567 504 1
607 478 1
645 455 1
678 436 1
709 420 1
739 409 1
770 401 1
800 397 1
823 396 1
843 399 1
860 403 1
873 414 1
884 429 1
893 451 1
899 476 1
903 507 1
901 540 1
897 577 1
887 621 1
874 666 1
858 711 1
837 754 1
813 798 1
786 843 1
756 892 1
721 946 1
686 997 1
649 1046 1
615 1088 1
577 1130 1
544 1169 1
515 1202 1
488 1235 1
464 1262 1
440 1284 1
418 1302 1
399 1313 1
379 1322 1
361 1326 1
341 1324 1
322 1317 1
301 1303 1
281 1286 1
262 1267 1
250 1251 1
239 1235 1
231 1213 1
225 1182 1
223 1137 1
230 1073 1
240 1011 1
252 961 1
273 909 1
298 861 1
334 802 1
375 739 1
422 680 1
465 629 1
504 587 1
537 556 1
568 530 1
599 509 1
636 486 1
671 466 1
701 449 1
729 437 1
754 429 1
777 423 1
801 420 1
824 420 1
844 421 1
862 424 1
874 429 1
884 436 1
890 449 1
895 470 1
898 500 1
891 542 1
880 589 1
864 638 1
845 689 1
821 742 1
793 798 1
762 854 1
727 911 1
693 963 1
656 1016 1
616 1063 1
572 1111 1
534 1156 1
496 1197 1
461 1237 1
428 1268 1
400 1295 1
376 1313 1
356 1324 1
337 1328 1
320 1323 1
301 1313 1
283 1293 1
266 1267 1
251 1237 1
238 1199 1
226 1159 1
219 1118 1
216 1075 1
214 1034 1
219 992 1
228 945 1
241 897 1
268 839 1
300 780 1
339 724 1
380 674 1
423 630 1
467 587 1
508 547 1
541 517 1
576 489 1
612 464 1
653 438 1
692 417 1
725 400 1
755 387 1
779 379 1
798 375 1
813 374 1
827 379 1
840 388 1
852 405 1
863 429 1
871 463 1
875 506 1
876 551 1
872 593 1
865 636 1
857 679 1
844 725 1
829 771 1
810 819 1
787 866 1
761 909 1
731 952 1
699 993 1
663 1033 1
625 1074 1
584 1115 1
547 1156 1
513 1198 1
481 1236 1
448 1272 1
417 1303 1
388 1328 1
362 1346 1
341 1358 1
321 1365 1
301 1369 1
281 1365 1
262 1358 1
245 1347 1
231 1333 1
217 1316 1
205 1292 1
195 1262 1
188 1225 1
185 1185 1
185 1140 1
193 1092 1
204 1040 1
219 985 1
239 929 1
262 876 1
294 821 1
327 770 1
360 724 1
396 683 1
436 644 1
479 603 1
522 564 1
562 532 1
600 504 1
639 479 1
672 459 1
702 443 1
728 435 1
752 428 1
775 426 1
797 427 1
817 431 1
833 438 1
849 448 1
863 462 1
874 483 1
883 508 1
886 544 1
884 586 1
877 632 1
864 680 1
849 730 1
830 776 1
810 821 1
790 864 1
765 906 1
740 945 1
713 981 1
682 1017 1
646 1054 1
608 1092 1
571 1131 1
540 1166 1
514 1198 1
490 1226 1
467 1248 1
443 1269 1
421 1284 1
400 1297 1
381 1307 1
366 1313 1
350 1318 1
337 1322 1
326 1323 1
315 1323 1
303 1316 1
289 1303 1
274 1284 1
260 1251 1
249 1213 1
242 1170 1
239 1125 1
241 1081 1
247 1038 1
254 998 1
263 968 1
271 937 1
283 907 1
301 868 1
323 825 1
352 777 1
382 728 1
414 684 1
447 645 1
481 605 1
513 566 1
544 530 1
577 494 1
612 463 1
644 435 1
673 413 1
699 394 1
724 379 1
747 370 1
769 362 1
788 361 1
805 363 1
817 367 1
829 378 1
840 391 1
851 412 1
861 439 1
871 473 1
879 515 1
882 559 1
880 604 1
874 649 1
867 694 1
856 736 1
843 777 1
828 816 1
811 854 1
788 893 1
764 930 1
739 967 1
714 999 1
689 1030 1
663 1061 1
634 1092 1
604 1127 1
574 1162 1
545 1196 1
519 1227 1
495 1253 1
471 1276 1
445 1295 1
420 1309 1
396 1319 1
372 1319 1
345 1313 1
320 1300 1
300 1287 1
284 1273 1
273 1254 1
265 1223 1
257 1177 1
256 1116 1
257 1061 1
260 1024 1
264 993 1
269 965 1
278 933 1
290 893 1
310 847 1
337 790 1
361 740 1
384 703 1
408 670 1
433 642 1
459 612 1
487 582 1
512 558 1
538 535 1
562 519 1
588 505 1
616 491 1
644 477 1
671 464 1
698 451 1
722 439 1
746 429 1
766 422 1
785 418 1
800 415 1
814 415 1
825 416 1
836 420 1
847 429 1
858 447 1
867 474 1
874 516 1
871 566 1
864 619 1
849 674 1
828 731 1
806 790 1
779 845 1
751 897 1
722 943 1
692 988 1
660 1031 1
626 1070 1
592 1108 1
559 1142 1
530 1175 1
499 1208 1
469 1239 1
437 1270 1
406 1295 1
379 1315 1
356 1331 1
337 1339 1
321 1345 1
307 1348 1
295 1346 1
282 1336 1
267 1308 1
251 1265 1
240 1208 1
235 1151 1
233 1095 1
237 1043 1
244 987 1
257 925 1
276 856 1
294 792 1
314 738 1
336 690 1
361 651 1
397 603 1
436 556 1
472 518 1
505 488 1
532 466 1
562 450 1
592 436 1
622 424 1
650 415 1
676 407 1
702 404 1
728 401 1
752 403 1
775 407 1
797 413 1
815 421 1
830 432 1
844 448 1
856 471 1
865 500 1
866 544 1
864 592 1
855 645 1
840 703 1
824 757 1
802 807 1
778 857 1
753 901 1
725 943 1
700 982 1
672 1024 1
641 1063 1
609 1103 1
576 1141 1
543 1181 1
513 1218 1
485 1252 1
457 1280 1
428 1308 1
401 1329 1
377 1344 1
353 1354 1
332 1358 1
312 1360 1
295 1357 1
280 1352 1
268 1345 1
257 1335 1
247 1320 1
240 1297 1
234 1263 1
234 1217 1
238 1161 1
247 1108 1
260 1059 1
275 1017 1
293 972 1
309 935 1
328 897 1
351 856 1
377 813 1
406 769 1
435 728 1
464 689 1
495 652 1
525 616 1
554 581 1
583 550 1
613 520 1
645 492 1
676 469 1
706 452 1
735 436 1
759 429 1
782 425 1
803 425 1
823 430 1
841 439 1
859 457 1
874 478 1
886 513 1
896 555 1
899 609 1
898 664 1
893 717 1
882 764 1
867 808 1
844 850 1
818 891 1
783 935 1
743 977 1
701 1019 1
660 1057 1
610 1100 1
565 1139 1
527 1176 1
492 1211 1
462 1240 1
433 1264 1
407 1283 1
382 1295 1
359 1303 1
340 1306 1
322 1303 1
303 1295 1
286 1277 1
269 1250 1
253 1211 1
244 1164 1
238 1112 1
238 1062 1
243 1012 1
254 958 1
277 900 1
306 840 1
338 779 1
372 724 1
408 675 1
451 625 1
492 574 1
528 530 1
566 488 1
604 453 1
641 425 1
675 404 1
703 389 1
728 382 1
750 380 1
768 382 1
784 387 1
801 397 1
816 412 1
830 431 1
841 461 1
851 498 1
858 542 1
857 593 1
852 641 1
845 687 1
835 731 1
821 776 1
799 826 1
777 873 1
748 918 1
718 963 1
686 1003 1
651 1042 1
614 1078 1
581 1109 1
546 1139 1
516 1167 1
486 1193 1
457 1215 1
427 1234 1
399 1251 1
374 1265 1
353 1275 1
336 1280 1
323 1283 1
310 1282 1
297 1277 1
282 1267 1
267 1249 1
254 1225 1
244 1195 1
237 1162 1
235 1115 1
237 1063 1
249 1000 1
263 935 1
282 874 1
306 822 1
329 773 1
359 726 1
391 683 1
424 644 1
459 600 1
490 558 1
513 527 1
538 499 1
560 480 1
588 463 1
617 449 1
646 438 1
674 428 1
702 421 1
733 415 1
763 411 1
786 410 1
807 411 1
823 413 1
836 418 1
848 425 1
858 434 1
869 446 1
878 462 1
884 487 1
889 516 1
886 553 1
880 594 1
869 639 1
849 683 1
828 730 1
802 775 1
772 822 1
742 873 1
704 927 1
665 981 1
626 1030 1
586 1077 1
547 1121 1
512 1161 1
481 1198 1
454 1228 1
425 1256 1
399 1277 1
378 1288 1
357 1297 1
340 1300 1
323 1302 1
308 1299 1
293 1291 1
276 1279 1
260 1260 1
247 1232 1
236 1202 1
230 1164 1
226 1121 1
227 1074 1
234 1021 1
245 967 1
262 911 1
287 851 1
315 795 1
343 745 1
372 700 1
404 656 1
437 606 1
474 551 1
503 508 1
534 469 1
568 436 1
603 408 1
635 384 1
663 370 1
688 358 1
711 352 1
730 347 1
748 346 1
766 350 1
784 356 1
802 366 1
819 379 1
835 393 1
846 411 1
856 428 1
864 449 1
870 471 1
874 497 1
875 523 1
875 549 1
869 578 1
861 609 1
850 641 1
833 677 1
814 713 1
790 753 1
762 792 1
733 829 1
702 867 1
670 904 1
639 938 1
606 972 1
574 1006 1
544 1038 1
515 1069 1
488 1097 1
460 1125 1
432 1150 1
402 1176 1
374 1198 1
350 1216 1
326 1230 1
305 1243 1
284 1253 1
265 1260 1
246 1261 1
228 1262 1
214 1256 1
202 1247 1
192 1231 1
187 1200 1
187 1156 1
197 1097 1
211 1036 1
233 968 1
257 906 1
284 840 1
320 772 1
355 712 1
387 668 1
412 636 1
441 602 1
467 568 1
495 533 1
523 501 1
553 476 1
589 451 1
627 430 1
661 412 1
693 400 1
722 390 1
754 382 1
788 376 1
820 374 1
849 375 1
871 380 1
891 389 1
905 400 1
917 418 1
926 440 1
930 473 1
928 512 1
921 559 1
903 614 1
880 673 1
847 733 1
812 794 1
774 853 1
735 907 1
697 959 1
659 1009 1
618 1059 1
581 1105 1
544 1153 1
513 1197 1
484 1235 1
456 1268 1
431 1295 1
406 1314 1
384 1328 1
364 1336 1
347 1341 1
331 1340 1
316 1335 1
301 1321 1
286 1291 1
272 1252 1
263 1204 1
261 1145 1
262 1088 1
270 1030 1
282 969 1
299 908 1
322 848 1
346 798 1
370 756 1
397 715 1
428 676 1
463 638 1
497 599 1
522 565 1
548 535 1
574 509 1
605 484 1
636 460 1
666 439 1
697 419 1
729 404 1
761 394 1
791 388 1
818 388 1
841 393 1
861 401 1
876 416 1
889 435 1
899 461 1
905 491 1
908 532 1
906 576 1
897 625 1
879 676 1
859 727 1
835 776 1
802 828 1
767 880 1
730 932 1
694 979 1
656 1024 1
619 1066 1
579 1109 1
544 1149 1
513 1188 1
488 1223 1
466 1246 1
445 1265 1
428 1274 1
411 1280 1
398 1280 1
384 1274 1
371 1266 1
360 1255 1
349 1242 1
338 1227 1
329 1204 1
319 1178 1
310 1145 1
304 1106 1
300 1065 1
304 1019 1
311 971 1
323 920 1
340 866 1
360 810 1
384 754 1
408 706 1
432 672 1
459 637 1
487 602 1
513 568 1
539 538 1
566 511 1
596 488 1
629 466 1
657 449 1
683 434 1
705 422 1
727 413 1
749 404 1
774 399 1
796 396 1
817 396 1
835 400 1
851 404 1
862 414 1
874 425 1
881 444 1
885 470 1
885 506 1
873 555 1
855 613 1
824 676 1
790 741 1
753 802 1
715 861 1
677 920 1
642 974 1
608 1024 1
571 1073 1
536 1116 1
506 1156 1
481 1192 1
457 1223 1
431 1253 1
410 1275 1
390 1294 1
373 1307 1
357 1318 1
345 1323 1
331 1325 1
318 1323 1
304 1314 1
288 1296 1
273 1266 1
260 1218 1
253 1162 1
252 1096 1
256 1029 1
263 963 1
273 907 1
284 859 1
305 811 1
332 758 1
368 705 1
411 651 1
454 594 1
493 542 1
532 492 1
571 449 1
613 410 1
653 375 1
689 351 1
722 331 1
754 317 1
776 310 1
797 307 1
810 311 1
822 320 1
833 334 1
841 362 1
849 399 1
853 445 1
854 493 1
851 542 1
844 597 1
835 650 1
821 703 1
803 755 1
783 806 1
758 853 1
732 902 1
705 946 1
676 990 1
647 1032 1
614 1074 1
577 1117 1
543 1157 1
512 1191 1
483 1220 1
454 1243 1
426 1260 1
398 1270 1
371 1276 1
348 1277 1
330 1274 1
314 1268 1
300 1253 1
286 1233 1
274 1208 1
265 1173 1
260 1135 1
261 1090 1
267 1041 1
280 988 1
302 927 1
329 865 1
359 802 1
392 742 1
422 692 1
453 651 1
482 611 1
508 571 1
534 535 1
562 502 1
593 475 1
624 449 1
654 428 1
678 415 1
703 404 1
724 398 1
743 393 1
759 394 1
775 397 1
790 403 1
806 414 1
821 427 1
836 445 1
847 466 1
856 492 1
861 523 1
863 559 1
861 598 1
855 641 1
845 685 1
832 727 1
816 769 1
796 812 1
775 854 1
751 895 1
725 936 1
700 975 1
674 1010 1
642 1049 1
610 1087 1
574 1124 1
541 1160 1
512 1195 1
485 1224 1
458 1250 1
433 1268 1
410 1282 1
388 1290 1
371 1292 1
355 1293 1
340 1287 1
324 1278 1
309 1265 1
294 1250 1
282 1235 1
269 1217 1
258 1197 1
248 1172 1
242 1138 1
238 1104 1
241 1066 1
248 1028 1
259 988 1
275 948 1
294 906 1
317 868 1
340 830 1
365 791 1
390 757 1
416 723 1
439 694 1
463 665 1
487 636 1
511 605 1
532 577 1
550 554 1
569 534 1
588 516 1
612 501 1
635 485 1
658 472 1
679 460 1
700 450 1
719 443 1
739 437 1
760 432 1
777 430 1
794 428 1
809 431 1
822 434 1
836 440 1
848 449 1
859 461 1
869 476 1
878 495 1
887 516 1
890 543 1
893 570 1
891 600 1
887 629 1
879 659 1
867 690 1
852 721 1
834 755 1
815 787 1
792 824 1
770 860 1
747 894 1
722 931 1
695 968 1
669 1002 1
646 1032 1
623 1059 1
601 1087 1
577 1115 1
552 1144 1
529 1171 1
506 1194 1
485 1206 1
465 1215 1
443 1217 1
420 1212 1
396 1202 1
374 1183 1
353 1158 1
332 1127 1
316 1092 1
303 1060 1
295 1033 1
289 1007 1
285 978 1
288 941 1
294 902 1
304 863 1
322 818 1
343 776 1
370 732 1
404 687 1
444 636 1
489 573 1
525 521 1
555 482 1
585 448 1
615 416 1
642 392 1
667 369 1
692 350 1
716 333 1
739 319 1
758 310 1
773 302 1
786 298 1
799 296 1
810 298 1
821 304 1
835 313 1
849 326 1
864 343 1
878 363 1
889 387 1
897 413 1
903 442 1
905 470 1
903 498 1
898 531 1
889 567 1
876 606 1
861 647 1
843 690 1
820 734 1
796 777 1
768 819 1
736 864 1
702 911 1
664 963 1
624 1013 1
587 1055 1
549 1095 1
515 1132 1
487 1167 1
461 1199 1
438 1226 1
415 1250 1
393 1268 1
375 1281 1
360 1289 1
346 1295 1
334 1294 1
321 1289 1
307 1275 1
294 1254 1
282 1223 1
275 1181 1
272 1136 1
275 1088 1
284 1031 1
299 969 1
320 904 1
342 846 1
365 796 1
390 747 1
412 707 1
439 664 1
467 622 1
496 576 1
524 532 1
558 491 1
598 452 1
640 416 1
679 388 1
718 363 1
752 347 1
784 337 1
812 330 1
835 330 1
856 333 1
876 339 1
900 353 1
921 372 1
939 399 1
954 430 1
963 466 1
969 505 1
970 546 1
964 587 1
954 628 1
940 668 1
924 707 1
903 746 1
879 788 1
852 831 1
824 873 1
792 917 1
759 962 1
725 1007 1
691 1048 1
659 1088 1
624 1126 1
587 1167 1
550 1208 1
515 1244 1
483 1275 1
452 1301 1
425 1322 1
402 1337 1
381 1348 1
363 1354 1
346 1357 1
329 1359 1
314 1354 1
300 1345 1
289 1330 1
280 1302 1
273 1267 1
273 1217 1
278 1163 1
288 1108 1
306 1042 1
326 980 1
350 924 1
374 872 1
399 826 1
425 781 1
450 738 1
473 704 1
496 673 1
519 646 1
541 620 1
565 595 1
590 568 1
619 542 1
653 517 1
684 495 1
713 477 1
738 463 1
763 453 1
787 444 1
811 439 1
836 435 1
859 434 1
877 437 1
894 442 1
906 450 1
919 461 1
931 475 1
940 495 1
949 519 1
952 547 1
953 579 1
947 615 1
934 660 1
918 703 1
897 746 1
873 789 1
846 831 1
810 878 1
771 926 1
731 975 1
694 1019 1
659 1061 1
619 1107 1
580 1152 1
541 1198 1
507 1237 1
474 1270 1
443 1296 1
415 1315 1
391 1325 1
371 1329 1
356 1326 1
341 1310 1
327 1287 1
317 1251 1
308 1205 1
303 1150 1
303 1087 1
306 1023 1
314 972 1
325 925 1
337 886 1
357 847 1
384 799 1
420 744 1
462 685 1
507 625 1
548 567 1
590 515 1
631 470 1
673 428 1
716 390 1
756 359 1
795 336 1
825 323 1
851 314 1
870 312 1
882 315 1
894 322 1
903 335 1
912 353 1
917 376 1
920 410 1
919 449 1
914 494 1
906 538 1
895 586 1
877 635 1
858 685 1
835 736 1
809 785 1
781 834 1
748 883 1
714 933 1
682 977 1
651 1019 1
619 1058 1
582 1099 1
546 1140 1
511 1180 1
480 1211 1
451 1235 1
424 1252 1
399 1263 1
379 1266 1
361 1265 1
345 1260 1
332 1247 1
317 1231 1
308 1207 1
299 1178 1
294 1143 1
293 1095 1
293 1043 1
298 987 1
307 931 1
321 878 1
339 832 1
361 788 1
385 745 1
413 702 1
447 661 1
483 622 1
516 587 1
543 559 1
569 534 1
598 511 1
630 489 1
662 469 1
691 453 1
717 440 1
737 430 1
756 425 1
773 422 1
790 422 1
806 423 1
821 427 1
835 432 1
847 440 1
858 454 1
869 471 1
877 495 1
882 523 1
883 555 1
881 589 1
873 624 1
861 662 1
845 701 1
823 742 1
790 787 1
756 830 1
716 875 1
673 920 1
630 963 1
588 1005 1
549 1045 1
510 1086 1
475 1120 1
441 1154 1
410 1182 1
381 1206 1
356 1224 1
336 1237 1
318 1246 1
302 1251 1
285 1253 1
271 1253 1
257 1247 1
244 1240 1
232 1230 1
220 1214 1
211 1194 1
203 1167 1
199 1135 1
201 1093 1
207 1047 1
213 999 1
228 949 1
245 900 1
264 859 1
289 812 1
315 769 1
345 728 1
376 691 1
408 656 1
441 624 1
476 589 1
508 558 1
537 533 1
566 514 1
599 495 1
632 480 1
664 465 1
694 453 1
722 441 1
746 432 1
769 422 1
793 414 1
817 407 1
841 402 1
863 400 1
882 398 1
893 400 1
902 404 1
911 411 1
915 427 1
919 449 1
918 484 1
912 523 1
899 570 1
879 619 1
854 672 1
824 725 1
790 780 1
758 829 1
717 895 1
681 953 1
645 1011 1
608 1068 1
568 1119 1
531 1166 1
499 1203 1
469 1234 1
441 1257 1
415 1274 1
393 1283 1
372 1285 1
353 1281 1
334 1270 1
316 1250 1
300 1222 1
285 1186 1
275 1145 1
269 1102 1
269 1060 1
272 1020 1
288 948 1
298 915 1
311 882 1
327 848 1
345 813 1
365 777 1
386 743 1
408 710 1
431 681 1
458 652 1
486 624 1
514 596 1
537 572 1
561 552 1
588 532 1
620 513 1
653 497 1
684 485 1
711 478 1
732 473 1
749 473 1
764 473 1
776 475 1
788 480 1
798 486 1
808 496 1
815 509 1
821 528 1
825 551 1
826 578 1
820 610 1
811 645 1
796 683 1
776 726 1
751 775 1
722 825 1
692 875 1
659 926 1
624 978 1
588 1027 1
553 1072 1
520 1115 1
462 1194 1
436 1229 1
412 1257 1
392 1280 1
374 1294 1
359 1302 1
330 1302 1
315 1285 1
301 1256 1
290 1213 1
283 1163 1
281 1106 1
284 1057 1
292 1006 1
323 897 1
348 834 1
375 773 1
405 717 1
437 675 1
473 635 1
510 596 1
547 558 1
589 521 1
630 489 1
668 462 1
704 443 1
766 418 1
791 413 1
816 413 1
837 417 1
857 427 1
876 443 1
891 465 1
911 523 1
911 566 1
909 612 1
900 661 1
885 713 1
862 764 1
804 860 1
765 909 1
723 956 1
679 1002 1
631 1045 1
581 1084 1
535 1117 1
493 1144 1
424 1182 1
396 1195 1
370 1205 1
351 1212 1
336 1216 1
316 1219 1
308 1217 1
301 1214 1
295 1208 1
288 1196 1
279 1143 1
281 1100 1
289 1045 1
304 986 1
326 923 1
389 790 1
429 726 1
471 666 1
515 608 1
556 555 1
656 446 1
711 386 1
764 333 1
813 289 1
854 257 1
855 257 1
855 257 0
