540 1097 1
540 1097 1
540 1097 1
540 1097 1
540 1097 1
540 1097 1
540 1096 1
540 1092 1
541 1088 1
543 1081 1
547 1072 1
553 1062 1
562 1053 1
570 1045 1
582 1040 1
592 1036 1
603 1033 1
616 1035 1
629 1038 1
641 1043 1
654 1051 1
665 1060 1
674 1069 1
682 1078 1
691 1088 1
695 1100 1
698 1111 1
699 1122 1
698 1136 1
696 1147 1
690 1160 1
681 1173 1
668 1185 1
656 1195 1
644 1202 1
630 1209 1
614 1216 1
599 1223 1
582 1228 1
565 1231 1
548 1233 1
533 1233 1
518 1230 1
502 1226 1
488 1221 1
474 1214 1
461 1203 1
449 1194 1
440 1182 1
430 1169 1
424 1154 1
419 1135 1
415 1116 1
415 1094 1
416 1072 1
420 1048 1
426 1027 1
433 1005 1
442 986 1
452 969 1
465 955 1
478 943 1
492 932 1
508 925 1
525 919 1
539 915 1
556 915 1
571 915 1
586 918 1
600 922 1
613 929 1
628 938 1
644 948 1
659 962 1
675 975 1
687 989 1
698 1001 1
709 1015 1
719 1029 1
729 1044 1
739 1062 1
747 1078 1
754 1093 1
759 1109 1
763 1123 1
767 1139 1
767 1153 1
769 1168 1
766 1183 1
762 1199 1
757 1216 1
748 1234 1
739 1252 1
727 1268 1
715 1282 1
702 1296 1
688 1308 1
675 1318 1
661 1326 1
644 1333 1
626 1338 1
605 1341 1
582 1344 1
557 1343 1
531 1340 1
501 1335 1
470 1326 1
439 1315 1
412 1303 1
384 1289 1
361 1274 1
342 1255 1
325 1234 1
311 1212 1
301 1184 1
292 1154 1
289 1120 1
290 1086 1
293 1052 1
303 1019 1
314 987 1
331 956 1
349 929 1
370 900 1
396 877 1
424 855 1
452 840 1
480 827 1
509 817 1
536 811 1
564 809 1
591 810 1
618 816 1
646 826 1
671 841 1
697 858 1
723 879 1
747 905 1
769 930 1
789 958 1
806 988 1
820 1019 1
829 1050 1
837 1080 1
843 1111 1
848 1140 1
852 1168 1
852 1194 1
850 1221 1
846 1246 1
841 1269 1
834 1290 1
824 1310 1
812 1329 1
795 1349 1
773 1368 1
746 1388 1
712 1405 1
675 1421 1
635 1433 1
594 1443 1
554 1450 1
516 1453 1
481 1455 1
452 1453 1
425 1450 1
401 1445 1
379 1435 1
357 1421 1
337 1402 1
319 1378 1
301 1351 1
283 1316 1
265 1278 1
249 1239 1
235 1199 1
225 1157 1
221 1117 1
221 1078 1
223 1037 1
234 998 1
249 958 1
266 922 1
291 884 1
317 854 1
344 826 1
373 797 1
402 771 1
432 749 1
461 728 1
491 711 1
522 696 1
554 683 1
582 677 1
613 674 1
644 674 1
675 679 1
706 689 1
736 704 1
765 723 1
794 747 1
823 773 1
849 801 1
874 832 1
895 864 1
911 899 1
928 937 1
942 972 1
951 1010 1
959 1043 1
964 1077 1
968 1107 1
970 1136 1
972 1162 1
972 1187 1
971 1207 1
969 1228 1
966 1248 1
961 1267 1
954 1285 1
943 1306 1
931 1327 1
915 1346 1
897 1365 1
880 1382 1
859 1401 1
837 1418 1
814 1434 1
784 1450 1
754 1466 1
724 1480 1
696 1493 1
666 1505 1
635 1517 1
604 1530 1
573 1540 1
541 1550 1
511 1556 1
478 1562 1
447 1567 1
417 1567 1
389 1566 1
364 1560 1
338 1551 1
313 1537 1
290 1519 1
268 1497 1
246 1470 1
224 1438 1
204 1401 1
190 1363 1
178 1326 1
171 1289 1
168 1250 1
168 1211 1
172 1173 1
179 1135 1
187 1092 1
195 1047 1
203 1000 1
210 955 1
218 911 1
228 871 1
242 832 1
259 792 1
278 755 1
300 720 1
325 689 1
353 661 1
383 637 1
411 617 1
444 601 1
472 588 1
497 581 1
523 576 1
547 572 1
576 573 1
605 576 1
634 582 1
663 592 1
688 601 1
716 618 1
742 635 1
768 658 1
795 683 1
821 711 1
846 740 1
869 769 1
888 797 1
907 826 1
924 852 1
939 877 1
951 899 1
961 918 1
969 936 1
976 953 1
981 969 1
986 985 1
991 999 1
994 1016 1
998 1032 1
1002 1049 1
1004 1067 1
1007 1085 1
1009 1101 1
1011 1114 1
1013 1126 1
1013 1138 1
1014 1150 1
1012 1165 1
1012 1181 1
1009 1197 1
1008 1213 1
1005 1235 1
1001 1256 1
997 1278 1
992 1299 1
987 1321 1
980 1342 1
975 1364 1
966 1384 1
957 1403 1
948 1421 1
938 1438 1
927 1454 1
914 1470 1
899 1486 1
882 1503 1
864 1522 1
845 1537 1
830 1549 1
812 1559 1
796 1569 1
775 1578 1
754 1586 1
732 1595 1
709 1604 1
684 1614 1
656 1623 1
628 1630 1
597 1636 1
566 1641 1
534 1645 1
503 1646 1
472 1648 1
440 1648 1
409 1645 1
375 1641 1
342 1630 1
309 1616 1
279 1597 1
249 1573 1
217 1544 1
190 1512 1
164 1478 1
142 1441 1
122 1401 1
103 1355 1
88 1306 1
75 1251 1
66 1196 1
59 1141 1
54 1082 1
54 1018 1
58 959 1
68 905 1
87 856 1
108 809 1
135 766 1
165 724 1
197 687 1
231 654 1
260 628 1
293 606 1
325 588 1
357 572 1
391 557 1
426 546 1
459 537 1
491 530 1
523 525 1
551 522 1
583 520 1
614 521 1
646 525 1
676 530 1
702 539 1
728 549 1
750 560 1
774 572 1
796 586 1
821 604 1
845 622 1
867 640 1
889 660 1
909 680 1
927 700 1
942 721 1
957 743 1
970 764 1
981 783 1
988 801 1
995 817 1
1002 833 1
1006 855 1
1012 877 1
1016 904 1
1020 932 1
1024 961 1
1029 990 1
1033 1020 1
1037 1049 1
1040 1076 1
1041 1102 1
1042 1129 1
1043 1153 1
1041 1175 1
1039 1197 1
1037 1218 1
1035 1239 1
1033 1259 1
1031 1278 1
1029 1296 1
1026 1315 1
1023 1334 1
1021 1354 1
1018 1372 1
1015 1391 1
1010 1409 1
1006 1425 1
1001 1439 1
995 1456 1
988 1471 1
981 1487 1
970 1505 1
959 1523 1
945 1543 1
932 1563 1
918 1581 1
904 1597 1
890 1613 1
876 1625 1
862 1638 1
847 1650 1
829 1663 1
811 1677 1
791 1688 1
770 1698 1
747 1707 1
723 1716 1
696 1725 1
669 1734 1
642 1743 1
614 1752 1
589 1759 1
562 1766 1
535 1770 1
508 1774 1
481 1776 1
454 1778 1
430 1779 1
406 1779 1
384 1777 1
363 1775 1
341 1770 1
317 1765 1
292 1755 1
265 1743 1
239 1731 1
214 1719 1
188 1706 1
167 1691 1
146 1676 1
128 1662 1
113 1647 1
99 1632 1
89 1617 1
80 1600 1
73 1586 1
65 1565 1
58 1544 1
52 1522 1
47 1500 1
42 1480 1
39 1456 1
37 1434 1
35 1413 1
33 1392 1
34 1372 1
33 1351 1
31 1331 1
32 1310 1
32 1288 1
32 1264 1
32 1238 1
32 1212 1
32 1190 1
32 1164 1
30 1138 1
29 1108 1
27 1075 1
25 1044 1
23 1019 1
24 1000 1
22 991 1
23 996 0
