49 1440 1
49 1440 1
49 1440 1
49 1440 1
49 1440 1
49 1440 1
49 1440 1
51 1436 1
59 1426 1
71 1409 1
95 1379 1
121 1339 1
150 1293 1
193 1221 1
224 1166 1
239 1120 1
249 1071 1
250 1021 1
234 985 1
210 959 1
181 949 1
141 956 1
114 970 1
93 1005 1
76 1047 1
61 1094 1
54 1142 1
55 1185 1
72 1222 1
98 1254 1
134 1281 1
182 1300 1
230 1317 1
269 1333 1
302 1347 1
321 1358 1
328 1368 1
330 1379 1
318 1394 1
296 1411 1
258 1429 1
202 1442 1
150 1448 1
113 1445 1
89 1439 1
76 1424 1
69 1403 1
71 1370 1
86 1327 1
108 1288 1
106 1292 0
444 1431 1
445 1421 1
453 1394 1
469 1338 1
487 1272 1
508 1193 1
537 1095 1
549 1051 1
556 1015 1
561 974 1
555 936 1
534 912 1
506 899 1
469 899 1
425 923 1
390 956 1
368 997 1
357 1038 1
356 1084 1
371 1132 1
394 1177 1
430 1208 1
472 1236 1
514 1259 1
551 1274 1
581 1287 1
597 1300 1
609 1312 1
616 1326 1
616 1345 1
608 1368 1
587 1392 1
561 1413 1
529 1429 1
498 1433 1
470 1431 1
452 1416 1
440 1390 1
441 1349 1
441 1363 0
691 1412 1
699 1386 1
719 1330 1
748 1250 1
801 1121 1
827 1061 1
833 1033 1
838 1004 1
841 972 1
838 938 1
824 912 1
801 899 1
771 895 1
735 903 1
702 930 1
675 962 1
661 1005 1
655 1046 1
660 1087 1
681 1126 1
711 1164 1
750 1196 1
790 1224 1
826 1249 1
848 1268 1
863 1285 1
869 1300 1
871 1314 1
868 1331 1
851 1346 1
829 1359 1
799 1364 1
768 1366 1
739 1360 1
720 1348 1
704 1331 1
701 1309 1
703 1318 0
