975 533 1
975 533 1
976 536 1
976 540 1
978 552 1
981 566 1
985 586 1
989 609 1
993 636 1
998 665 1
1002 696 1
1007 739 1
1009 775 1
1010 803 1
1010 828 1
1010 853 1
1005 873 1
997 897 1
984 922 1
967 944 1
948 964 1
926 978 1
903 989 1
879 994 1
861 994 1
845 991 1
837 980 1
831 966 1
826 953 1
828 944 1
829 937 1
832 932 1
841 927 1
852 924 1
862 924 1
872 925 1
880 927 1
891 940 1
902 957 1
914 982 1
922 1011 1
926 1043 1
924 1079 1
921 1112 1
909 1140 1
898 1163 1
886 1182 1
878 1192 1
873 1200 1
868 1204 1
865 1207 1
863 1209 1
865 1208 0
655 704 1
654 703 1
654 703 1
654 704 1
652 707 1
654 721 1
660 743 1
673 780 1
688 823 1
707 868 1
735 932 1
754 972 1
764 1003 1
772 1028 1
776 1047 1
776 1060 1
774 1072 1
772 1084 1
755 1100 1
734 1116 1
708 1127 1
684 1134 1
657 1137 1
634 1137 1
618 1134 1
609 1127 1
603 1122 1
599 1119 1
598 1117 1
596 1114 1
598 1109 1
606 1106 1
619 1104 1
641 1103 1
665 1104 1
685 1106 1
704 1114 1
721 1127 1
733 1142 1
743 1160 1
746 1183 1
747 1207 1
745 1234 1
736 1258 1
725 1282 1
716 1303 1
708 1318 1
703 1328 1
700 1332 1
697 1337 1
696 1340 1
695 1342 1
696 1341 0
382 972 1
381 972 1
381 974 1
381 980 1
382 991 1
389 1015 1
398 1045 1
412 1081 1
427 1117 1
446 1158 1
476 1211 1
495 1240 1
509 1262 1
522 1283 1
532 1303 1
540 1325 1
545 1347 1
546 1372 1
544 1393 1
540 1412 1
524 1431 1
501 1452 1
475 1471 1
440 1484 1
409 1488 1
386 1485 1
371 1478 1
362 1470 1
360 1464 1
358 1460 1
359 1455 1
361 1450 1
369 1446 1
383 1443 1
398 1441 1
415 1444 1
429 1448 1
442 1457 1
452 1471 1
459 1493 1
463 1525 1
458 1569 1
447 1609 1
432 1638 1
417 1666 1
403 1685 1
393 1695 1
390 1699 1
393 1696 0
126 1305 1
126 1305 1
127 1308 1
131 1318 1
148 1345 1
171 1377 1
203 1415 1
234 1452 1
291 1513 1
304 1531 1
321 1552 1
330 1572 1
335 1591 1
333 1612 1
320 1638 1
295 1665 1
264 1689 1
225 1703 1
190 1712 1
166 1714 1
149 1715 1
136 1715 1
129 1711 1
123 1705 1
123 1697 1
127 1688 1
134 1677 1
150 1668 1
170 1662 1
195 1662 1
223 1669 1
251 1681 1
269 1697 1
282 1712 1
287 1731 1
285 1753 1
277 1783 1
261 1815 1
254 1830 1
260 1819 0
