37 1613 1
37 1613 1
37 1613 1
37 1613 1
37 1613 1
37 1613 1
37 1613 1
37 1613 1
37 1612 1
37 1609 1
38 1601 1
41 1585 1
43 1563 1
47 1534 1
50 1505 1
52 1478 1
56 1451 1
61 1411 1
64 1390 1
67 1368 1
68 1344 1
71 1322 1
73 1299 1
73 1280 1
74 1264 1
74 1248 1
74 1233 1
74 1221 1
73 1211 1
73 1204 1
73 1199 1
72 1195 1
70 1193 1
71 1192 1
71 1192 1
68 1194 1
67 1198 1
65 1203 1
64 1210 1
60 1226 1
56 1242 1
54 1262 1
54 1286 1
54 1312 1
54 1339 1
56 1364 1
58 1386 1
63 1407 1
68 1428 1
74 1445 1
79 1463 1
86 1482 1
93 1502 1
98 1521 1
105 1537 1
109 1551 1
112 1559 1
116 1567 1
120 1575 1
123 1579 1
126 1582 1
129 1583 1
131 1584 1
136 1581 1
142 1574 1
150 1560 1
159 1541 1
170 1512 1
180 1483 1
188 1456 1
196 1430 1
207 1391 1
213 1360 1
217 1341 1
220 1323 1
223 1307 1
223 1292 1
223 1280 1
222 1270 1
220 1261 1
218 1254 1
217 1248 1
214 1244 1
212 1240 1
209 1236 1
207 1234 1
205 1233 1
202 1233 1
199 1233 1
196 1236 1
192 1241 1
188 1253 1
184 1271 1
179 1295 1
174 1323 1
172 1352 1
172 1382 1
173 1409 1
176 1431 1
179 1452 1
184 1470 1
190 1487 1
198 1504 1
205 1520 1
212 1535 1
218 1547 1
223 1556 1
227 1565 1
231 1570 1
235 1574 1
239 1576 1
241 1578 1
244 1575 1
250 1567 1
257 1553 1
267 1531 1
278 1502 1
289 1471 1
298 1441 1
307 1406 1
315 1374 1
320 1346 1
325 1321 1
329 1298 1
330 1279 1
332 1260 1
332 1248 1
332 1236 1
332 1229 1
331 1224 1
329 1221 1
330 1220 1
329 1220 1
327 1220 1
324 1223 1
319 1229 1
312 1239 1
304 1255 1
297 1276 1
291 1301 1
286 1326 1
285 1352 1
285 1376 1
287 1397 1
291 1416 1
295 1435 1
301 1451 1
306 1466 1
312 1481 1
317 1498 1
323 1515 1
327 1531 1
332 1543 1
335 1552 1
337 1557 1
340 1561 1
341 1564 1
344 1564 1
348 1561 1
355 1550 1
364 1531 1
374 1504 1
388 1471 1
399 1438 1
409 1410 1
418 1384 1
425 1358 1
430 1337 1
434 1318 1
437 1300 1
439 1283 1
440 1268 1
439 1258 1
439 1250 1
438 1246 1
438 1242 1
436 1239 1
436 1238 1
436 1238 1
434 1238 1
431 1241 1
427 1249 1
421 1261 1
415 1274 1
409 1291 1
403 1309 1
400 1325 1
398 1343 1
399 1362 1
401 1382 1
405 1401 1
409 1420 1
413 1440 1
418 1458 1
422 1478 1
428 1498 1
431 1517 1
435 1531 1
436 1541 1
439 1548 1
440 1553 1
442 1556 1
443 1558 1
445 1560 1
446 1561 1
448 1562 1
452 1560 1
458 1556 1
468 1543 1
480 1526 1
494 1503 1
507 1482 1
518 1463 1
526 1446 1
534 1428 1
542 1405 1
549 1380 1
554 1353 1
558 1332 1
561 1312 1
562 1295 1
563 1280 1
561 1269 1
561 1261 1
561 1256 1
560 1252 1
558 1249 1
559 1248 1
559 1248 1
559 1248 1
559 1248 1
559 1248 1
558 1249 1
555 1254 1
552 1261 1
550 1271 1
545 1289 1
540 1307 1
536 1328 1
533 1352 1
531 1375 1
532 1396 1
534 1417 1
539 1437 1
543 1456 1
545 1472 1
550 1487 1
554 1501 1
558 1514 1
563 1525 1
565 1535 1
569 1540 1
572 1544 1
573 1547 1
576 1549 1
577 1550 1
578 1551 1
582 1549 1
587 1545 1
594 1538 1
602 1531 1
614 1517 1
627 1500 1
640 1476 1
654 1446 1
667 1414 1
676 1384 1
681 1357 1
685 1335 1
688 1314 1
689 1296 1
689 1282 1
689 1270 1
687 1261 1
686 1257 1
684 1254 1
684 1251 1
682 1249 1
681 1248 1
679 1247 1
677 1247 1
674 1247 1
671 1248 1
667 1251 1
662 1255 1
657 1262 1
651 1273 1
647 1284 1
643 1298 1
642 1313 1
642 1329 1
643 1347 1
646 1367 1
649 1383 1
652 1399 1
657 1415 1
660 1429 1
664 1445 1
667 1457 1
669 1468 1
671 1479 1
673 1489 1
676 1499 1
679 1507 1
680 1514 1
683 1520 1
684 1524 1
686 1528 1
687 1530 1
688 1532 1
689 1534 1
690 1534 1
693 1535 1
696 1535 1
699 1533 1
705 1528 1
712 1521 1
722 1511 1
735 1496 1
750 1475 1
766 1449 1
783 1417 1
799 1385 1
810 1357 1
819 1333 1
824 1314 1
826 1296 1
828 1277 1
827 1258 1
825 1241 1
823 1226 1
821 1217 1
818 1211 1
819 1207 1
817 1206 1
817 1206 1
815 1207 1
812 1210 1
810 1216 1
805 1226 1
799 1239 1
793 1255 1
789 1273 1
785 1292 1
784 1311 1
784 1329 1
784 1345 1
786 1362 1
789 1380 1
792 1398 1
796 1416 1
798 1433 1
801 1449 1
803 1461 1
805 1471 1
807 1480 1
809 1488 1
812 1495 1
815 1502 1
816 1507 1
819 1513 1
823 1517 1
827 1520 1
829 1522 1
835 1522 1
841 1520 1
850 1513 1
861 1499 1
875 1479 1
888 1451 1
899 1423 1
907 1399 1
913 1375 1
918 1350 1
919 1323 1
920 1296 1
918 1274 1
916 1257 1
913 1243 1
911 1234 1
909 1227 1
908 1222 1
907 1218 1
905 1214 1
905 1213 1
905 1211 1
905 1211 1
905 1211 1
905 1211 1
904 1212 1
902 1213 1
900 1219 1
897 1227 1
893 1239 1
889 1253 1
885 1268 1
885 1287 1
883 1306 1
885 1324 1
887 1342 1
889 1359 1
892 1377 1
896 1393 1
899 1407 1
903 1420 1
907 1434 1
912 1450 1
919 1465 1
926 1481 1
933 1494 1
941 1507 1
949 1518 1
958 1528 1
968 1537 1
978 1544 1
988 1550 1
997 1554 1
1005 1557 1
1012 1560 1
1016 1562 1
1014 1561 0
