668 956 1
666 956 1
666 956 1
663 959 1
661 963 1
653 970 1
645 978 1
634 987 1
622 996 1
606 1006 1
592 1014 1
575 1020 1
560 1022 1
545 1019 1
529 1012 1
514 989 1
508 960 1
512 927 1
530 883 1
551 846 1
577 818 1
608 795 1
639 777 1
666 767 1
688 761 1
705 764 1
720 770 1
731 781 1
738 800 1
742 824 1
740 867 1
728 916 1
706 968 1
680 1020 1
650 1073 1
616 1126 1
581 1172 1
547 1209 1
515 1237 1
485 1258 1
459 1271 1
435 1269 1
415 1260 1
399 1238 1
385 1209 1
376 1171 1
377 1120 1
386 1070 1
407 1016 1
435 960 1
469 909 1
505 862 1
539 827 1
569 802 1
599 782 1
630 765 1
657 756 1
680 750 1
698 751 1
714 757 1
728 765 1
736 782 1
741 804 1
741 835 1
723 890 1
698 949 1
659 1015 1
618 1079 1
575 1141 1
535 1195 1
500 1239 1
473 1267 1
450 1284 1
431 1293 1
419 1294 1
406 1287 1
396 1265 1
387 1228 1
385 1178 1
391 1119 1
405 1065 1
427 1011 1
455 959 1
489 908 1
524 864 1
562 825 1
599 794 1
636 771 1
674 752 1
703 742 1
729 736 1
748 735 1
761 737 1
771 743 1
776 760 1
777 788 1
769 831 1
743 897 1
713 966 1
673 1036 1
631 1103 1
591 1162 1
555 1203 1
527 1234 1
506 1252 1
487 1263 1
472 1266 1
457 1257 1
445 1241 1
436 1208 1
432 1169 1
434 1119 1
448 1061 1
467 1005 1
495 953 1
527 903 1
564 854 1
602 816 1
639 786 1
672 767 1
700 753 1
722 749 1
740 749 1
755 755 1
765 765 1
773 782 1
777 806 1
768 850 1
750 902 1
718 963 1
682 1021 1
641 1077 1
596 1130 1
548 1184 1
511 1222 1
479 1249 1
454 1267 1
436 1269 1
420 1268 1
406 1255 1
394 1233 1
386 1199 1
387 1156 1
393 1109 1
410 1062 1
434 1014 1
465 962 1
508 905 1
552 854 1
591 818 1
628 792 1
660 771 1
687 761 1
710 755 1
729 754 1
743 760 1
754 769 1
762 785 1
765 811 1
760 849 1
739 910 1
705 977 1
658 1048 1
609 1119 1
564 1185 1
526 1235 1
493 1270 1
469 1287 1
447 1294 1
429 1292 1
414 1267 1
404 1233 1
405 1185 1
412 1133 1
428 1082 1
450 1028 1
475 981 1
501 941 1
529 905 1
558 873 1
592 843 1
629 817 1
666 797 1
696 779 1
722 768 1
737 762 1
752 759 1
764 761 1
773 768 1
780 779 1
779 807 1
767 847 1
737 907 1
700 967 1
648 1030 1
601 1079 1
558 1125 1
524 1167 1
495 1201 1
468 1225 1
447 1233 1
429 1235 1
415 1226 1
405 1208 1
399 1177 1
403 1129 1
413 1077 1
430 1028 1
456 978 1
481 934 1
513 898 1
545 864 1
579 835 1
615 809 1
650 789 1
678 772 1
703 758 1
724 749 1
738 748 1
751 748 1
760 752 1
767 758 1
772 769 1
772 793 1
765 832 1
747 891 1
724 954 1
695 1021 1
665 1080 1
630 1139 1
591 1188 1
555 1225 1
521 1250 1
496 1258 1
472 1258 1
454 1247 1
438 1228 1
427 1199 1
426 1151 1
429 1098 1
441 1047 1
463 990 1
491 940 1
528 886 1
568 834 1
608 789 1
646 756 1
679 735 1
705 727 1
728 722 1
744 723 1
754 723 1
761 726 1
766 731 1
771 739 1
774 752 1
771 777 1
764 808 1
750 845 1
735 882 1
716 924 1
696 962 1
675 1002 1
651 1043 1
622 1085 1
592 1128 1
563 1164 1
538 1194 1
519 1211 1
501 1222 1
484 1226 1
467 1224 1
446 1214 1
428 1196 1
413 1171 1
404 1137 1
410 1093 1
425 1041 1
448 987 1
478 938 1
510 893 1
549 854 1
591 817 1
635 782 1
675 756 1
710 737 1
734 726 1
753 721 1
769 720 1
779 723 1
788 728 1
793 742 1
796 760 1
794 785 1
787 818 1
773 855 1
755 897 1
731 942 1
703 987 1
674 1027 1
643 1066 1
609 1100 1
566 1142 1
526 1182 1
498 1208 1
473 1227 1
453 1238 1
435 1239 1
420 1238 1
408 1227 1
398 1209 1
391 1182 1
394 1137 1
402 1087 1
419 1033 1
439 984 1
462 941 1
489 906 1
520 874 1
554 846 1
591 821 1
629 795 1
663 775 1
693 756 1
714 747 1
732 740 1
746 738 1
756 739 1
765 742 1
773 750 1
778 764 1
783 787 1
781 828 1
772 874 1
757 926 1
731 979 1
703 1027 1
675 1071 1
645 1117 1
612 1164 1
574 1211 1
543 1249 1
518 1272 1
495 1290 1
476 1302 1
462 1307 1
450 1310 1
441 1307 1
431 1296 1
423 1272 1
419 1224 1
422 1168 1
437 1102 1
458 1042 1
486 987 1
520 946 1
554 907 1
597 868 1
638 834 1
679 806 1
710 786 1
735 772 1
752 768 1
765 767 1
775 768 1
780 774 1
786 782 1
788 797 1
786 818 1
779 848 1
763 888 1
741 934 1
710 985 1
673 1035 1
628 1085 1
581 1129 1
541 1169 1
514 1193 1
492 1208 1
474 1215 1
459 1212 1
445 1205 1
433 1191 1
422 1171 1
415 1145 1
415 1111 1
419 1077 1
431 1034 1
449 990 1
471 946 1
499 908 1
528 874 1
558 846 1
596 821 1
632 799 1
667 777 1
697 760 1
719 748 1
733 744 1
743 739 1
749 740 1
756 743 1
761 750 1
764 768 1
765 793 1
754 833 1
739 879 1
718 929 1
692 978 1
662 1026 1
628 1070 1
592 1113 1
555 1157 1
527 1189 1
502 1213 1
482 1225 1
466 1232 1
452 1234 1
443 1229 1
432 1218 1
425 1197 1
420 1170 1
420 1138 1
427 1105 1
438 1069 1
457 1030 1
481 992 1
506 959 1
535 929 1
566 902 1
597 876 1
629 854 1
658 833 1
684 818 1
706 805 1
723 796 1
735 791 1
745 789 1
753 790 1
760 793 1
764 801 1
766 820 1
761 851 1
749 895 1
724 950 1
694 1003 1
656 1051 1
616 1098 1
578 1144 1
548 1183 1
525 1209 1
510 1222 1
496 1231 1
485 1233 1
475 1233 1
464 1228 1
453 1211 1
442 1182 1
435 1144 1
433 1104 1
435 1070 1
442 1039 1
459 1009 1
478 980 1
503 952 1
530 925 1
561 898 1
591 877 1
623 857 1
653 837 1
681 819 1
705 803 1
723 792 1
739 783 1
752 778 1
761 776 1
768 777 1
773 781 1
778 789 1
780 808 1
775 838 1
765 881 1
744 930 1
720 978 1
694 1023 1
659 1071 1
623 1118 1
581 1167 1
550 1206 1
527 1230 1
515 1237 1
506 1242 1
499 1239 1
492 1232 1
484 1218 1
474 1188 1
467 1154 1
463 1115 1
465 1078 1
470 1043 1
485 1007 1
503 970 1
526 934 1
551 899 1
577 868 1
606 840 1
633 815 1
659 791 1
682 771 1
702 757 1
714 751 1
725 748 1
734 747 1
743 752 1
752 759 1
758 772 1
762 790 1
762 815 1
755 851 1
743 890 1
722 936 1
695 984 1
663 1033 1
624 1079 1
584 1121 1
555 1158 1
533 1187 1
518 1207 1
509 1215 1
500 1220 1
493 1222 1
485 1221 1
474 1215 1
457 1194 1
443 1164 1
433 1127 1
430 1087 1
432 1051 1
443 1015 1
460 979 1
480 943 1
513 906 1
543 871 1
572 844 1
599 820 1
622 802 1
641 787 1
659 773 1
675 762 1
688 754 1
701 747 1
711 746 1
721 744 1
728 747 1
735 751 1
740 759 1
743 777 1
742 802 1
731 847 1
714 900 1
691 956 1
664 1011 1
635 1058 1
601 1104 1
569 1150 1
543 1190 1
529 1212 1
519 1227 1
511 1236 1
502 1241 1
489 1243 1
474 1238 1
455 1226 1
436 1205 1
420 1182 1
410 1156 1
409 1126 1
412 1092 1
425 1053 1
442 1013 1
463 979 1
485 952 1
509 924 1
534 899 1
561 875 1
586 852 1
611 833 1
632 816 1
650 803 1
667 790 1
685 778 1
696 771 1
706 765 1
713 761 1
719 761 1
723 761 1
728 765 1
731 771 1
732 783 1
730 810 1
722 848 1
707 894 1
690 941 1
669 989 1
641 1036 1
607 1082 1
573 1126 1
541 1171 1
520 1202 1
507 1217 1
496 1226 1
485 1232 1
474 1232 1
463 1233 1
451 1225 1
438 1213 1
429 1195 1
428 1165 1
431 1128 1
450 1073 1
473 1016 1
495 963 1
517 929 1
537 899 1
558 881 1
578 866 1
599 854 1
620 844 1
642 834 1
665 825 1
685 818 1
703 811 1
714 809 1
722 806 1
728 807 1
732 808 1
736 811 1
737 821 1
737 838 1
729 866 1
716 900 1
700 940 1
672 984 1
644 1025 1
608 1067 1
574 1104 1
542 1142 1
521 1175 1
503 1201 1
490 1216 1
478 1227 1
465 1235 1
454 1238 1
441 1240 1
431 1237 1
421 1229 1
413 1215 1
408 1190 1
408 1160 1
415 1125 1
427 1088 1
442 1051 1
462 1017 1
482 986 1
500 960 1
518 939 1
536 919 1
552 903 1
567 888 1
583 875 1
598 862 1
615 849 1
633 837 1
651 827 1
670 819 1
689 814 1
706 810 1
720 808 1
732 807 1
741 805 1
746 807 1
751 811 1
755 820 1
754 839 1
747 867 1
731 910 1
713 953 1
689 998 1
663 1041 1
639 1079 1
613 1118 1
586 1154 1
560 1189 1
546 1207 1
535 1221 1
528 1227 1
523 1231 1
517 1236 1
511 1238 1
503 1241 1
495 1245 1
485 1248 1
476 1251 1
470 1253 1
463 1254 1
458 1251 1
453 1242 1
449 1226 1
447 1199 1
449 1167 1
456 1130 1
471 1086 1
489 1038 1
506 994 1
522 957 1
537 927 1
552 902 1
569 877 1
587 852 1
607 828 1
625 807 1
640 791 1
655 779 1
667 769 1
679 765 1
689 762 1
702 762 1
713 765 1
724 767 1
734 775 1
744 783 1
751 795 1
755 810 1
758 831 1
753 857 1
745 890 1
731 930 1
713 970 1
693 1010 1
673 1043 1
654 1074 1
639 1101 1
620 1130 1
595 1164 1
568 1195 1
544 1220 1
524 1236 1
502 1251 1
480 1262 1
460 1271 1
440 1278 1
424 1281 1
411 1282 1
403 1279 1
396 1268 1
392 1253 1
394 1228 1
400 1197 1
411 1162 1
431 1115 1
455 1063 1
481 1010 1
506 964 1
530 923 1
554 890 1
577 861 1
601 836 1
621 818 1
639 805 1
654 795 1
668 788 1
682 783 1
696 779 1
708 777 1
718 777 1
726 778 1
733 781 1
739 785 1
744 794 1
745 808 1
742 829 1
735 860 1
717 903 1
695 949 1
671 997 1
646 1041 1
620 1081 1
592 1117 1
562 1158 1
538 1192 1
520 1219 1
503 1244 1
488 1258 1
474 1270 1
463 1274 1
454 1274 1
445 1269 1
440 1256 1
434 1238 1
432 1213 1
435 1179 1
441 1145 1
456 1103 1
474 1056 1
496 1009 1
521 967 1
545 930 1
570 902 1
595 877 1
622 853 1
647 834 1
672 818 1
694 806 1
712 798 1
729 792 1
739 792 1
750 793 1
758 796 1
764 803 1
771 814 1
774 833 1
775 857 1
772 887 1
760 922 1
746 957 1
725 997 1
700 1039 1
671 1084 1
637 1134 1
597 1186 1
558 1226 1
524 1256 1
496 1275 1
476 1284 1
457 1288 1
443 1285 1
433 1280 1
423 1270 1
416 1254 1
412 1232 1
411 1203 1
415 1170 1
421 1136 1
437 1096 1
459 1049 1
487 994 1
516 943 1
544 901 1
566 873 1
586 850 1
606 832 1
625 818 1
642 807 1
660 799 1
677 791 1
694 786 1
708 782 1
722 779 1
734 779 1
744 780 1
751 783 1
758 789 1
764 798 1
768 811 1
771 827 1
770 848 1
766 872 1
759 903 1
746 939 1
732 973 1
716 1009 1
694 1041 1
674 1071 1
653 1097 1
628 1123 1
595 1149 1
561 1172 1
534 1190 1
514 1198 1
499 1203 1
487 1203 1
478 1200 1
469 1194 1
463 1182 1
458 1164 1
456 1134 1
456 1091 1
459 1051 1
468 1014 1
480 981 1
494 950 1
514 919 1
535 888 1
558 861 1
582 836 1
609 813 1
633 793 1
656 775 1
673 762 1
689 753 1
704 746 1
715 743 1
727 740 1
735 738 1
743 736 1
748 737 1
753 739 1
758 743 1
763 752 1
768 763 1
769 778 1
767 804 1
759 840 1
740 891 1
715 943 1
687 993 1
657 1041 1
626 1086 1
591 1136 1
560 1185 1
537 1225 1
519 1251 1
504 1269 1
490 1277 1
479 1281 1
471 1281 1
463 1271 1
456 1251 1
452 1218 1
452 1180 1
453 1141 1
461 1105 1
470 1067 1
484 1026 1
501 984 1
516 944 1
533 913 1
553 883 1
576 855 1
603 828 1
630 803 1
654 782 1
675 764 1
692 752 1
706 744 1
715 740 1
723 739 1
730 737 1
736 738 1
740 739 1
744 743 1
749 750 1
755 761 1
759 776 1
760 798 1
759 824 1
757 856 1
745 897 1
730 942 1
712 982 1
691 1024 1
669 1066 1
643 1110 1
613 1164 1
583 1213 1
558 1250 1
535 1275 1
518 1286 1
503 1294 1
493 1296 1
484 1295 1
474 1289 1
464 1271 1
456 1245 1
449 1216 1
451 1183 1
455 1149 1
467 1110 1
483 1069 1
501 1032 1
522 997 1
545 967 1
568 938 1
592 910 1
619 885 1
645 861 1
670 841 1
692 826 1
711 816 1
726 809 1
736 807 1
746 805 1
754 806 1
761 808 1
766 812 1
771 820 1
774 832 1
772 856 1
765 891 1
751 933 1
729 982 1
704 1028 1
674 1076 1
644 1121 1
609 1170 1
577 1209 1
554 1236 1
537 1254 1
524 1260 1
513 1263 1
502 1261 1
494 1256 1
486 1246 1
478 1230 1
471 1211 1
469 1182 1
470 1148 1
474 1110 1
485 1072 1
499 1037 1
518 999 1
538 961 1
557 927 1
578 898 1
598 871 1
621 844 1
643 821 1
666 800 1
686 784 1
705 771 1
721 763 1
737 756 1
751 752 1
761 750 1
770 750 1
777 750 1
782 754 1
787 758 1
788 770 1
787 789 1
779 820 1
766 857 1
747 900 1
723 945 1
698 986 1
674 1026 1
650 1060 1
627 1091 1
602 1125 1
574 1166 1
549 1202 1
528 1232 1
511 1254 1
496 1265 1
484 1274 1
474 1276 1
465 1274 1
456 1267 1
451 1253 1
446 1236 1
444 1214 1
446 1182 1
453 1141 1
467 1089 1
485 1037 1
503 992 1
526 958 1
551 922 1
580 891 1
610 860 1
639 832 1
662 814 1
683 799 1
699 789 1
711 783 1
722 779 1
731 779 1
741 780 1
751 784 1
760 791 1
768 800 1
775 815 1
781 833 1
785 857 1
782 887 1
775 919 1
764 952 1
750 985 1
730 1021 1
706 1057 1
683 1092 1
662 1125 1
635 1161 1
609 1194 1
585 1217 1
563 1235 1
546 1249 1
531 1258 1
516 1265 1
504 1269 1
493 1272 1
483 1270 1
475 1266 1
469 1257 1
464 1239 1
461 1215 1
464 1185 1
474 1147 1
488 1107 1
509 1061 1
534 1014 1
559 970 1
582 937 1
606 907 1
630 880 1
654 856 1
678 835 1
700 819 1
718 807 1
733 799 1
748 794 1
762 791 1
775 791 1
785 792 1
793 793 1
799 796 1
803 799 1
807 806 1
808 817 1
806 835 1
795 867 1
778 905 1
755 950 1
729 993 1
702 1034 1
674 1070 1
647 1104 1
620 1139 1
581 1180 1
546 1211 1
521 1227 1
498 1237 1
481 1240 1
465 1239 1
452 1234 1
443 1220 1
439 1201 1
440 1176 1
445 1147 1
455 1113 1
472 1073 1
490 1034 1
509 998 1
528 966 1
545 936 1
562 912 1
581 888 1
603 864 1
626 841 1
648 821 1
667 804 1
686 788 1
704 777 1
720 768 1
735 764 1
748 765 1
759 767 1
768 771 1
776 779 1
781 790 1
784 805 1
785 826 1
778 854 1
770 885 1
755 922 1
734 962 1
711 1002 1
685 1041 1
657 1081 1
630 1116 1
603 1155 1
579 1191 1
559 1219 1
547 1235 1
537 1245 1
528 1249 1
521 1250 1
513 1248 1
503 1240 1
493 1226 1
485 1206 1
479 1183 1
475 1157 1
478 1126 1
485 1091 1
500 1052 1
519 1012 1
543 971 1
568 936 1
595 905 1
618 879 1
640 855 1
661 835 1
680 820 1
697 807 1
713 798 1
729 790 1
743 786 1
756 786 1
766 787 1
775 789 1
780 791 1
784 795 1
785 803 1
784 817 1
776 839 1
762 870 1
742 910 1
716 951 1
689 994 1
663 1032 1
638 1065 1
616 1094 1
591 1127 1
567 1161 1
546 1191 1
532 1213 1
519 1230 1
510 1239 1
501 1245 1
494 1248 1
486 1248 1
479 1245 1
472 1237 1
466 1224 1
461 1204 1
459 1178 1
461 1144 1
474 1099 1
491 1052 1
511 1007 1
533 965 1
553 932 1
576 902 1
598 874 1
623 846 1
649 820 1
674 795 1
696 775 1
717 760 1
734 751 1
746 747 1
756 745 1
764 747 1
770 749 1
776 753 1
778 760 1
780 768 1
780 780 1
777 798 1
768 824 1
752 862 1
732 902 1
708 945 1
680 986 1
654 1023 1
630 1055 1
605 1084 1
584 1110 1
561 1138 1
540 1165 1
522 1185 1
507 1201 1
493 1213 1
481 1218 1
471 1221 1
464 1222 1
457 1219 1
450 1212 1
446 1196 1
443 1177 1
445 1149 1
451 1119 1
460 1084 1
475 1048 1
492 1010 1
511 973 1
534 937 1
559 901 1
585 871 1
609 844 1
629 825 1
644 813 1
657 806 1
667 801 1
677 799 1
690 798 1
703 799 1
717 802 1
730 806 1
743 811 1
754 817 1
761 825 1
767 835 1
769 851 1
768 873 1
760 906 1
745 948 1
724 997 1
698 1046 1
673 1092 1
648 1140 1
611 1198 1
578 1246 1
553 1275 1
530 1295 1
514 1308 1
503 1308 1
493 1305 1
483 1291 1
474 1269 1
466 1241 1
463 1211 1
461 1183 1
465 1150 1
473 1112 1
486 1068 1
500 1028 1
515 994 1
533 964 1
555 935 1
586 903 1
621 868 1
652 840 1
676 820 1
696 806 1
713 797 1
725 793 1
737 791 1
746 790 1
751 791 1
756 794 1
759 798 1
761 804 1
762 816 1
761 831 1
756 853 1
747 886 1
733 922 1
717 963 1
696 1003 1
675 1038 1
654 1067 1
634 1091 1
614 1111 1
595 1128 1
576 1143 1
562 1151 1
549 1160 1
537 1166 1
525 1171 1
514 1177 1
506 1179 1
498 1181 1
491 1181 1
485 1177 1
479 1169 1
477 1153 1
477 1130 1
482 1099 1
494 1063 1
509 1026 1
527 989 1
545 956 1
563 925 1
581 903 1
599 884 1
618 866 1
634 852 1
650 839 1
661 831 1
671 825 1
681 820 1
690 818 1
698 815 1
706 816 1
714 815 1
721 817 1
728 820 1
734 824 1
740 831 1
744 840 1
747 853 1
748 875 1
745 902 1
739 934 1
729 966 1
716 1001 1
700 1031 1
684 1061 1
669 1085 1
654 1106 1
642 1124 1
627 1144 1
609 1167 1
588 1190 1
570 1209 1
554 1224 1
539 1231 1
526 1237 1
514 1238 1
503 1236 1
493 1234 1
484 1220 1
477 1202 1
473 1173 1
473 1141 1
477 1107 1
488 1073 1
502 1042 1
516 1011 1
532 982 1
548 955 1
566 929 1
584 903 1
608 879 1
632 855 1
659 833 1
683 815 1
705 797 1
725 783 1
744 772 1
759 764 1
771 759 1
783 755 1
789 755 1
795 755 1
799 757 1
802 763 1
805 771 1
807 786 1
806 808 1
802 839 1
791 879 1
778 921 1
760 961 1
741 999 1
720 1036 1
697 1066 1
675 1096 1
654 1123 1
626 1153 1
597 1183 1
569 1207 1
544 1226 1
524 1241 1
506 1251 1
491 1258 1
481 1262 1
473 1265 1
465 1263 1
458 1260 1
452 1253 1
447 1238 1
444 1219 1
446 1189 1
456 1145 1
471 1098 1
492 1050 1
512 1005 1
531 968 1
547 936 1
562 910 1
575 887 1
590 866 1
606 847 1
623 832 1
640 820 1
655 811 1
671 804 1
687 800 1
702 798 1
717 798 1
727 799 1
737 802 1
746 807 1
754 814 1
761 825 1
767 838 1
771 856 1
772 878 1
765 909 1
756 944 1
738 987 1
716 1030 1
692 1072 1
669 1108 1
643 1150 1
613 1190 1
584 1225 1
559 1251 1
541 1265 1
524 1274 1
509 1277 1
497 1273 1
487 1264 1
480 1249 1
473 1228 1
469 1204 1
466 1171 1
467 1143 1
473 1112 1
484 1077 1
503 1037 1
525 996 1
552 956 1
582 916 1
615 879 1
648 850 1
677 826 1
702 809 1
720 802 1
734 798 1
744 798 1
753 798 1
759 801 1
763 809 1
767 819 1
767 838 1
762 865 1
754 897 1
741 933 1
724 972 1
702 1017 1
675 1062 1
649 1107 1
620 1150 1
576 1195 1
542 1229 1
514 1251 1
490 1265 1
472 1273 1
458 1268 1
445 1261 1
438 1245 1
433 1226 1
432 1203 1
437 1170 1
445 1134 1
460 1093 1
476 1054 1
493 1019 1
513 987 1
538 952 1
570 916 1
603 879 1
632 846 1
657 823 1
679 804 1
695 791 1
706 783 1
716 779 1
723 779 1
729 780 1
734 784 1
739 790 1
745 798 1
749 809 1
755 822 1
759 836 1
759 857 1
758 880 1
752 908 1
742 940 1
728 978 1
702 1022 1
675 1070 1
644 1122 1
606 1176 1
568 1223 1
537 1254 1
510 1274 1
490 1280 1
474 1279 1
460 1269 1
449 1249 1
442 1224 1
442 1194 1
446 1162 1
454 1129 1
467 1093 1
482 1055 1
496 1020 1
512 986 1
529 956 1
550 928 1
574 902 1
598 881 1
623 859 1
646 841 1
668 828 1
686 819 1
700 814 1
711 812 1
721 812 1
729 815 1
737 821 1
746 830 1
753 843 1
760 859 1
764 877 1
766 898 1
766 919 1
757 950 1
745 984 1
724 1023 1
699 1064 1
675 1098 1
651 1127 1
622 1158 1
588 1192 1
558 1224 1
532 1250 1
512 1266 1
495 1277 1
483 1282 1
473 1284 1
467 1282 1
461 1272 1
457 1257 1
455 1232 1
457 1191 1
464 1146 1
475 1093 1
488 1044 1
501 1002 1
515 970 1
531 940 1
550 914 1
571 890 1
591 872 1
614 851 1
635 835 1
657 820 1
679 808 1
701 794 1
722 785 1
739 777 1
755 773 1
767 771 1
777 771 1
785 771 1
791 774 1
795 776 1
798 781 1
801 787 1
801 796 1
799 813 1
793 832 1
780 862 1
764 894 1
744 931 1
720 968 1
697 1003 1
675 1035 1
653 1066 1
630 1097 1
605 1128 1
578 1160 1
553 1187 1
533 1206 1
519 1215 1
511 1220 1
503 1222 1
498 1223 1
492 1221 1
487 1220 1
481 1215 1
475 1209 1
470 1199 1
465 1180 1
463 1156 1
467 1128 1
473 1099 1
483 1072 1
497 1043 1
512 1017 1
528 994 1
544 973 1
560 954 1
575 937 1
588 922 1
602 910 1
616 897 1
630 887 1
643 877 1
656 868 1
667 862 1
678 857 1
690 852 1
702 847 1
713 843 1
725 840 1
737 837 1
746 837 1
754 837 1
761 838 1
766 839 1
770 843 1
774 850 1
776 863 1
774 883 1
766 914 1
753 946 1
733 985 1
711 1025 1
686 1063 1
665 1096 1
645 1126 1
622 1154 1
600 1179 1
577 1201 1
555 1216 1
539 1225 1
527 1231 1
518 1233 1
509 1235 1
503 1235 1
496 1232 1
489 1227 1
481 1212 1
476 1192 1
472 1162 1
472 1129 1
478 1094 1
488 1059 1
499 1028 1
511 1002 1
524 977 1
538 955 1
555 933 1
574 911 1
596 889 1
620 868 1
643 850 1
665 835 1
689 822 1
711 813 1
736 805 1
757 801 1
775 798 1
789 798 1
800 798 1
806 799 1
812 803 1
816 813 1
818 827 1
818 845 1
811 871 1
803 898 1
788 931 1
773 963 1
757 995 1
740 1022 1
722 1048 1
704 1068 1
686 1089 1
668 1107 1
651 1121 1
634 1133 1
618 1140 1
605 1146 1
594 1148 1
586 1148 1
579 1145 1
575 1135 1
571 1121 1
570 1097 1
575 1065 1
584 1029 1
601 994 1
621 961 1
643 931 1
666 910 1
686 893 1
703 879 1
719 870 1
734 861 1
750 854 1
765 848 1
778 844 1
788 841 1
795 839 1
799 839 1
802 840 1
805 843 1
805 852 1
803 869 1
795 897 1
781 933 1
760 978 1
732 1029 1
701 1081 1
668 1139 1
638 1189 1
602 1240 1
572 1276 1
561 1289 1
572 1277 0
