599 1048 1
599 1048 1
599 1048 1
599 1048 1
599 1048 1
599 1048 1
599 1048 1
599 1048 1
599 1048 1
599 1048 1
599 1048 1
599 1048 1
599 1048 1
598 1047 1
598 1045 1
596 1042 1
596 1040 1
596 1037 1
597 1035 1
597 1033 1
598 1030 1
600 1027 1
604 1024 1
609 1022 1
616 1021 1
622 1022 1
627 1022 1
633 1025 1
639 1029 1
643 1034 1
647 1041 1
650 1047 1
652 1054 1
651 1062 1
646 1073 1
638 1085 1
628 1098 1
611 1107 1
589 1116 1
563 1123 1
537 1125 1
511 1124 1
487 1118 1
466 1106 1
450 1093 1
426 1063 1
427 1047 1
427 1027 1
428 1005 1
437 982 1
448 959 1
459 938 1
472 919 1
488 904 1
503 890 1
520 880 1
542 868 1
565 860 1
590 854 1
616 852 1
642 853 1
670 857 1
697 864 1
721 875 1
745 887 1
767 901 1
784 918 1
803 938 1
818 959 1
833 981 1
845 1003 1
853 1023 1
861 1045 1
863 1064 1
861 1089 1
857 1113 1
844 1136 1
829 1158 1
807 1180 1
784 1199 1
758 1215 1
726 1232 1
690 1249 1
651 1264 1
609 1274 1
565 1282 1
522 1284 1
479 1285 1
441 1282 1
402 1269 1
370 1256 1
347 1242 1
326 1227 1
309 1209 1
296 1185 1
285 1158 1
280 1126 1
276 1093 1
277 1059 1
282 1024 1
291 988 1
305 954 1
321 922 1
338 891 1
357 861 1
377 834 1
397 811 1
418 786 1
440 763 1
463 743 1
488 724 1
516 706 1
547 690 1
578 678 1
607 671 1
636 666 1
667 665 1
698 668 1
727 674 1
750 685 1
770 697 1
791 711 1
812 731 1
832 751 1
852 775 1
871 800 1
889 829 1
906 860 1
921 894 1
932 927 1
941 960 1
946 990 1
949 1018 1
950 1046 1
948 1071 1
945 1096 1
939 1122 1
928 1147 1
916 1173 1
899 1200 1
881 1226 1
861 1253 1
841 1278 1
819 1305 1
793 1330 1
766 1354 1
733 1379 1
694 1398 1
653 1414 1
611 1424 1
569 1431 1
523 1433 1
478 1430 1
433 1423 1
388 1408 1
348 1391 1
311 1371 1
282 1347 1
258 1322 1
243 1293 1
232 1263 1
227 1231 1
228 1197 1
232 1162 1
239 1126 1
248 1090 1
256 1056 1
265 1023 1
274 990 1
284 954 1
295 917 1
306 883 1
317 849 1
330 815 1
347 783 1
367 749 1
389 717 1
413 688 1
438 659 1
464 634 1
493 610 1
519 591 1
546 573 1
571 557 1
594 543 1
619 533 1
644 525 1
669 520 1
691 517 1
711 518 1
729 522 1
749 528 1
767 537 1
785 547 1
803 560 1
821 575 1
839 592 1
855 610 1
870 628 1
885 647 1
901 669 1
916 690 1
931 711 1
943 732 1
956 755 1
968 779 1
979 802 1
987 825 1
995 851 1
1002 877 1
1007 906 1
1012 936 1
1016 970 1
1018 1004 1
1021 1039 1
1022 1074 1
1023 1109 1
1023 1142 1
1022 1177 1
1020 1211 1
1018 1243 1
1013 1274 1
1006 1304 1
995 1336 1
980 1368 1
960 1399 1
938 1428 1
914 1455 1
888 1480 1
860 1507 1
831 1532 1
793 1560 1
757 1584 1
719 1603 1
681 1618 1
644 1630 1
602 1635 1
562 1637 1
523 1633 1
483 1627 1
445 1616 1
410 1600 1
375 1582 1
342 1556 1
310 1529 1
277 1499 1
249 1467 1
221 1433 1
195 1394 1
172 1353 1
151 1308 1
134 1259 1
121 1210 1
115 1162 1
114 1114 1
118 1065 1
141 1010 1
171 962 1
204 928 1
191 944 0
