72 1176 1
72 1175 1
73 1172 1
76 1167 1
86 1156 1
100 1134 1
117 1107 1
133 1078 1
150 1048 1
161 1021 1
172 990 1
174 976 1
174 966 1
172 961 1
169 953 1
158 950 1
144 951 1
128 955 1
112 973 1
102 990 1
95 1005 1
99 1023 1
109 1039 1
124 1052 1
140 1062 1
158 1071 1
172 1078 1
184 1086 1
193 1099 1
199 1112 1
200 1125 1
198 1135 1
190 1146 1
178 1154 1
163 1161 1
149 1162 1
136 1160 1
126 1155 1
122 1148 1
122 1137 1
123 1126 1
131 1116 1
136 1111 1
133 1115 0
302 1128 1
311 1110 1
322 1083 1
336 1047 1
346 1016 1
352 992 1
357 974 1
359 962 1
360 957 1
360 953 1
360 951 1
351 951 1
337 960 1
320 976 1
306 990 1
299 1002 1
297 1014 1
298 1028 1
306 1044 1
321 1058 1
339 1073 1
358 1089 1
370 1101 1
378 1113 1
384 1124 1
385 1135 1
379 1147 1
371 1155 1
358 1159 1
345 1157 1
334 1149 1
331 1132 1
330 1124 1
331 1130 0
547 1128 1
547 1126 1
549 1122 1
556 1114 1
565 1099 1
577 1067 1
588 1031 1
594 1000 1
594 975 1
594 944 1
592 941 1
588 934 1
580 932 1
562 933 1
542 939 1
522 960 1
506 979 1
498 994 1
499 1008 1
508 1023 1
526 1041 1
550 1058 1
575 1076 1
595 1095 1
611 1110 1
620 1122 1
625 1131 1
625 1139 1
618 1145 1
606 1147 1
589 1140 1
574 1129 1
563 1113 1
559 1095 1
558 1087 1
559 1094 0
