940 490 1
941 505 1
943 533 1
948 562 1
952 591 1
955 621 1
958 650 1
958 696 1
955 742 1
950 776 1
942 801 1
933 823 1
919 844 1
899 866 1
877 887 1
852 902 1
826 911 1
802 915 1
775 910 1
753 902 1
737 889 1
727 878 1
720 868 1
720 858 1
721 851 1
723 845 1
728 840 1
734 838 1
745 838 1
757 840 1
771 846 1
787 854 1
800 865 1
810 882 1
816 902 1
819 927 1
815 955 1
808 979 1
800 994 1
793 1004 1
788 1011 1
783 1014 1
781 1016 1
783 1015 0
583 530 1
583 532 1
584 541 1
588 567 1
596 602 1
609 649 1
621 695 1
634 739 1
647 783 1
652 802 1
653 816 1
654 829 1
654 842 1
652 855 1
649 868 1
640 882 1
630 895 1
619 906 1
609 913 1
602 918 1
594 921 1
587 924 1
570 925 1
563 921 1
554 916 1
548 911 1
543 903 1
540 896 1
540 891 1
540 885 1
540 880 1
541 876 1
544 874 1
549 874 1
555 875 1
560 879 1
567 892 1
571 906 1
576 921 1
579 938 1
577 956 1
576 974 1
573 993 1
565 1015 1
556 1032 1
549 1043 1
546 1050 1
548 1047 0
348 607 1
348 610 1
354 632 1
364 664 1
380 708 1
401 756 1
420 797 1
440 841 1
449 860 1
454 877 1
455 889 1
454 902 1
448 916 1
432 936 1
410 956 1
381 975 1
351 990 1
326 999 1
303 1002 1
287 1004 1
281 1003 1
274 1000 1
274 993 1
275 986 1
281 977 1
293 971 1
308 969 1
324 974 1
340 984 1
350 994 1
357 1007 1
360 1025 1
358 1049 1
352 1077 1
339 1106 1
325 1125 1
318 1134 1
323 1128 0
97 710 1
99 714 1
106 733 1
127 775 1
151 818 1
173 861 1
200 924 1
209 952 1
212 977 1
213 1002 1
211 1024 1
203 1046 1
189 1064 1
169 1083 1
148 1098 1
128 1105 1
114 1108 1
102 1106 1
99 1106 1
96 1104 1
96 1102 1
98 1098 1
102 1094 1
110 1088 1
117 1082 1
123 1079 1
129 1079 1
136 1080 1
141 1083 1
147 1091 1
150 1106 1
152 1126 1
147 1155 1
140 1185 1
130 1214 1
122 1234 1
126 1225 0
