54 1196 1
54 1193 1
55 1190 1
56 1184 1
57 1179 1
58 1174 1
61 1167 1
64 1160 1
70 1148 1
78 1133 1
88 1112 1
99 1081 1
107 1051 1
118 1009 1
124 979 1
130 956 1
133 937 1
137 917 1
140 898 1
143 877 1
144 859 1
145 844 1
146 831 1
144 821 1
144 811 1
142 801 1
138 794 1
134 787 1
129 783 1
125 781 1
122 779 1
117 780 1
114 782 1
110 783 1
106 784 1
101 787 1
96 801 1
93 814 1
92 825 1
91 834 1
91 843 1
91 868 1
91 887 1
92 908 1
94 929 1
101 949 1
109 970 1
116 993 1
121 1015 1
122 1034 1
120 1047 1
121 1058 1
120 1067 1
120 1077 1
120 1088 1
120 1099 1
120 1107 1
120 1114 1
122 1120 1
122 1125 1
124 1128 1
125 1130 1
126 1133 1
129 1136 1
132 1139 1
135 1142 1
137 1143 1
141 1144 1
145 1146 1
148 1146 1
154 1146 1
160 1143 1
170 1137 1
181 1127 1
191 1117 1
200 1107 1
207 1094 1
215 1078 1
221 1064 1
225 1051 1
229 1038 1
232 1024 1
235 1009 1
238 992 1
239 977 1
240 958 1
241 940 1
242 921 1
242 904 1
242 886 1
242 870 1
242 856 1
241 844 1
241 837 1
239 831 1
238 827 1
238 824 1
236 822 1
235 822 1
232 820 1
229 821 1
226 823 1
222 826 1
218 829 1
214 833 1
211 837 1
208 843 1
207 850 1
206 861 1
204 873 1
204 888 1
202 902 1
203 916 1
203 932 1
203 950 1
204 966 1
205 981 1
206 996 1
206 1013 1
207 1029 1
207 1043 1
207 1058 1
209 1072 1
212 1085 1
215 1097 1
218 1106 1
220 1114 1
223 1121 1
226 1126 1
229 1130 1
230 1133 1
232 1134 1
234 1136 1
238 1137 1
242 1135 1
247 1131 1
255 1124 1
265 1116 1
276 1103 1
288 1088 1
301 1070 1
313 1054 1
324 1038 1
334 1021 1
341 1005 1
348 988 1
353 974 1
357 959 1
361 944 1
364 929 1
367 913 1
369 897 1
372 882 1
373 867 1
374 853 1
375 841 1
375 833 1
375 825 1
373 820 1
373 815 1
371 812 1
371 810 1
370 809 1
370 807 1
367 808 1
364 810 1
362 811 1
356 817 1
350 824 1
345 833 1
339 845 1
334 859 1
330 875 1
326 891 1
323 906 1
319 923 1
318 941 1
316 957 1
314 973 1
315 984 1
314 1000 1
314 1015 1
314 1031 1
314 1045 1
314 1059 1
315 1073 1
316 1084 1
317 1094 1
319 1102 1
320 1109 1
322 1115 1
325 1121 1
329 1126 1
333 1130 1
338 1132 1
343 1134 1
349 1135 1
355 1132 1
362 1127 1
370 1122 1
380 1112 1
389 1101 1
398 1087 1
407 1072 1
414 1058 1
422 1044 1
429 1029 1
435 1014 1
441 999 1
447 983 1
452 968 1
456 952 1
460 935 1
465 918 1
467 902 1
470 888 1
473 875 1
474 865 1
474 856 1
472 849 1
471 844 1
469 840 1
469 837 1
467 835 1
466 834 1
465 833 1
463 833 1
462 834 1
459 836 1
454 839 1
450 844 1
446 849 1
441 856 1
437 865 1
434 876 1
430 886 1
427 896 1
426 904 1
424 914 1
422 924 1
422 936 1
421 949 1
421 960 1
420 971 1
421 979 1
421 988 1
421 999 1
422 1013 1
422 1026 1
424 1038 1
424 1050 1
425 1058 1
426 1066 1
427 1075 1
428 1083 1
429 1092 1
429 1099 1
431 1106 1
432 1110 1
434 1114 1
434 1117 1
436 1118 1
439 1121 1
443 1121 1
449 1119 1
456 1117 1
466 1110 1
476 1103 1
491 1092 1
505 1077 1
520 1060 1
535 1041 1
548 1020 1
558 999 1
566 981 1
574 964 1
580 950 1
584 936 1
587 924 1
588 912 1
590 901 1
590 891 1
591 882 1
589 871 1
590 860 1
588 850 1
588 842 1
586 835 1
587 831 1
586 827 1
584 824 1
584 822 1
583 821 1
581 819 1
579 819 1
576 817 1
574 818 1
571 819 1
568 821 1
565 823 1
561 828 1
559 833 1
556 839 1
553 845 1
550 856 1
549 866 1
546 879 1
544 892 1
542 903 1
542 912 1
542 920 1
540 929 1
541 940 1
541 952 1
541 962 1
541 972 1
541 979 1
541 988 1
542 1000 1
542 1012 1
542 1027 1
543 1038 1
543 1046 1
543 1051 1
543 1057 1
543 1058 1
543 1063 1
544 1067 1
545 1071 1
546 1074 1
547 1076 1
548 1079 1
549 1081 1
550 1083 1
551 1084 1
553 1085 1
556 1087 1
561 1088 1
567 1086 1
575 1085 1
586 1080 1
600 1072 1
616 1059 1
633 1045 1
649 1029 1
661 1014 1
672 997 1
682 979 1
690 960 1
695 942 1
699 925 1
702 909 1
703 897 1
704 884 1
705 871 1
704 859 1
704 847 1
702 838 1
701 832 1
699 827 1
699 822 1
696 818 1
695 816 1
694 813 1
694 810 1
692 809 1
693 809 1
693 809 1
691 809 1
691 810 1
689 812 1
687 814 1
684 820 1
681 826 1
679 832 1
675 839 1
673 846 1
670 855 1
667 864 1
665 877 1
661 889 1
658 900 1
656 911 1
654 922 1
653 936 1
653 950 1
654 964 1
654 976 1
656 989 1
658 1002 1
661 1014 1
664 1027 1
668 1037 1
673 1046 1
675 1053 1
679 1058 1
683 1063 1
687 1068 1
692 1073 1
696 1077 1
701 1079 1
706 1081 1
713 1081 1
721 1076 1
732 1069 1
744 1057 1
757 1046 1
769 1032 1
782 1015 1
794 999 1
804 982 1
812 964 1
819 946 1
824 928 1
830 908 1
833 889 1
836 870 1
838 852 1
839 839 1
839 827 1
839 819 1
837 811 1
836 806 1
833 800 1
829 796 1
825 793 1
820 793 1
814 793 1
809 794 1
803 798 1
796 802 1
789 811 1
782 821 1
776 832 1
770 844 1
766 855 1
763 869 1
760 884 1
758 898 1
756 912 1
755 927 1
755 943 1
755 959 1
755 975 1
756 990 1
759 1008 1
765 1026 1
771 1042 1
778 1056 1
786 1067 1
795 1078 1
803 1087 1
811 1093 1
821 1097 1
831 1098 1
842 1095 1
856 1089 1
871 1077 1
887 1062 1
903 1043 1
918 1023 1
930 1004 1
942 983 1
952 958 1
959 934 1
966 910 1
971 885 1
976 861 1
978 839 1
979 814 1
980 790 1
978 773 1
976 757 1
974 746 1
971 740 1
968 734 1
965 730 1
963 729 1
960 727 1
957 728 1
953 731 1
948 738 1
940 750 1
931 765 1
924 784 1
919 803 1
915 823 1
916 842 1
918 861 1
922 880 1
925 898 1
929 915 1
932 931 1
935 948 1
939 961 1
942 972 1
945 982 1
950 989 1
957 997 1
968 1006 1
981 1014 1
995 1022 1
991 1020 0
