578 383 1
578 383 1
576 383 1
576 383 1
575 383 1
574 383 1
572 384 1
569 385 1
564 387 1
558 391 1
549 396 1
537 405 1
525 413 1
514 421 1
504 429 1
494 435 1
486 443 1
478 450 1
472 457 1
467 463 1
463 469 1
460 477 1
455 485 1
453 494 1
448 513 1
445 529 1
443 543 1
440 555 1
438 568 1
437 581 1
435 595 1
434 608 1
431 619 1
426 632 1
421 653 1
417 666 1
414 677 1
411 686 1
407 696 1
404 708 1
399 728 1
393 746 1
384 764 1
375 781 1
368 792 1
362 803 1
354 814 1
346 824 1
339 835 1
333 843 1
329 851 1
323 860 1
317 872 1
311 884 1
305 896 1
300 911 1
292 934 1
287 948 1
282 964 1
277 982 1
273 1001 1
269 1023 1
265 1043 1
262 1065 1
258 1085 1
255 1102 1
252 1117 1
249 1130 1
243 1151 1
240 1166 1
236 1179 1
232 1191 1
229 1203 1
223 1224 1
220 1237 1
218 1249 1
216 1259 1
216 1281 1
216 1300 1
216 1319 1
217 1338 1
222 1356 1
229 1373 1
236 1389 1
242 1401 1
247 1412 1
256 1428 1
265 1445 1
276 1457 1
288 1470 1
296 1477 1
304 1484 1
312 1489 1
320 1494 1
329 1499 1
340 1504 1
351 1507 1
362 1510 1
370 1512 1
380 1513 1
389 1514 1
400 1514 1
409 1512 1
423 1509 1
435 1506 1
449 1502 1
461 1497 1
473 1492 1
485 1486 1
498 1479 1
510 1471 1
523 1463 1
535 1455 1
547 1445 1
561 1432 1
574 1418 1
587 1404 1
597 1391 1
606 1375 1
613 1359 1
619 1343 1
625 1326 1
630 1309 1
633 1291 1
635 1272 1
637 1254 1
639 1236 1
642 1217 1
643 1198 1
645 1179 1
646 1160 1
648 1142 1
650 1125 1
653 1110 1
658 1092 1
662 1076 1
666 1062 1
672 1046 1
676 1031 1
682 1015 1
688 998 1
696 980 1
703 962 1
714 945 1
725 928 1
733 911 1
740 895 1
746 877 1
751 863 1
756 850 1
763 835 1
770 818 1
777 801 1
784 783 1
791 767 1
799 752 1
805 736 1
811 720 1
815 704 1
819 686 1
823 666 1
827 643 1
830 619 1
832 597 1
835 577 1
836 561 1
838 546 1
840 530 1
841 513 1
843 499 1
845 485 1
847 472 1
848 458 1
850 443 1
853 428 1
855 410 1
858 394 1
860 377 1
863 360 1
864 343 1
866 327 1
867 311 1
868 297 1
868 284 1
866 272 1
865 261 1
863 250 1
859 241 1
856 233 1
853 224 1
849 215 1
843 203 1
836 191 1
828 179 1
822 170 1
815 163 1
810 156 1
804 150 1
798 145 1
793 140 1
786 136 1
779 132 1
770 128 1
760 124 1
748 122 1
736 121 1
725 119 1
715 120 1
704 121 1
689 125 1
674 130 1
657 136 1
643 143 1
629 150 1
617 158 1
608 166 1
600 173 1
593 182 1
586 191 1
579 200 1
573 210 1
567 221 1
560 231 1
555 243 1
550 255 1
543 268 1
537 282 1
530 295 1
523 308 1
516 321 1
508 332 1
502 343 1
496 354 1
490 366 1
486 380 1
481 396 1
477 414 1
473 430 1
469 447 1
466 464 1
463 480 1
460 494 1
458 509 1
455 523 1
449 536 1
444 548 1
437 561 1
430 573 1
424 585 1
418 598 1
414 610 1
407 620 1
401 630 1
395 641 1
387 655 1
378 671 1
370 687 1
363 703 1
356 721 1
351 740 1
345 759 1
340 779 1
335 795 1
330 811 1
326 826 1
322 841 1
317 857 1
313 873 1
308 889 1
303 905 1
299 921 1
293 936 1
288 951 1
285 965 1
280 977 1
278 987 1
274 998 1
270 1009 1
267 1021 1
264 1032 1
262 1044 1
259 1058 1
257 1078 1
254 1096 1
250 1115 1
247 1133 1
242 1151 1
237 1168 1
233 1183 1
229 1194 1
225 1205 1
221 1218 1
216 1232 1
212 1245 1
207 1259 1
205 1273 1
203 1287 1
203 1302 1
204 1319 1
208 1337 1
213 1358 1
219 1377 1
226 1396 1
234 1415 1
243 1429 1
251 1445 1
260 1459 1
273 1476 1
286 1492 1
302 1509 1
318 1524 1
336 1536 1
353 1546 1
366 1553 1
377 1556 1
386 1558 1
394 1560 1
403 1561 1
410 1561 1
418 1559 1
425 1558 1
433 1554 1
442 1549 1
452 1541 1
464 1533 1
476 1523 1
487 1515 1
498 1504 1
507 1495 1
517 1484 1
526 1473 1
535 1462 1
544 1451 1
552 1437 1
560 1422 1
569 1403 1
578 1384 1
583 1365 1
588 1347 1
589 1335 1
591 1319 1
595 1299 1
599 1275 1
604 1252 1
608 1233 1
611 1215 1
614 1201 1
617 1186 1
622 1165 1
627 1145 1
632 1129 1
635 1115 1
638 1101 1
640 1088 1
644 1072 1
650 1054 1
656 1037 1
660 1021 1
663 1007 1
665 995 1
670 984 1
674 973 1
679 960 1
685 946 1
691 933 1
697 919 1
703 907 1
707 893 1
714 877 1
722 860 1
727 838 1
734 814 1
739 789 1
744 766 1
750 742 1
755 722 1
760 704 1
765 688 1
770 670 1
775 655 1
781 639 1
786 625 1
793 611 1
799 596 1
806 580 1
813 565 1
820 549 1
829 532 1
840 511 1
850 490 1
855 475 1
859 463 1
863 456 1
865 452 1
868 447 1
869 444 1
871 440 1
872 437 1
873 433 1
874 430 1
876 427 1
879 421 1
883 413 1
885 404 1
888 394 1
890 384 1
891 373 1
893 363 1
893 352 1
895 340 1
895 325 1
895 313 1
895 301 1
894 292 1
894 283 1
893 274 1
891 265 1
890 257 1
888 248 1
886 241 1
884 235 1
882 227 1
879 221 1
876 214 1
872 206 1
868 199 1
865 192 1
860 186 1
854 178 1
847 170 1
841 164 1
834 158 1
825 152 1
816 147 1
807 143 1
798 138 1
790 135 1
783 135 1
775 133 1
767 135 1
759 136 1
747 139 1
734 143 1
719 151 1
704 158 1
687 167 1
672 175 1
656 183 1
644 190 1
634 196 1
625 201 1
618 206 1
609 213 1
600 220 1
589 228 1
578 237 1
568 245 1
559 256 1
550 266 1
542 278 1
532 290 1
523 306 1
514 320 1
506 336 1
499 350 1
494 364 1
488 378 1
484 393 1
481 407 1
477 421 1
472 434 1
469 445 1
466 454 1
463 463 1
461 471 1
459 478 1
457 483 1
454 489 1
450 495 1
445 504 1
440 516 1
436 530 1
431 546 1
428 564 1
423 580 1
419 595 1
415 607 1
412 617 1
409 625 1
407 632 1
404 638 1
400 645 1
397 652 1
392 661 1
387 672 1
381 684 1
374 694 1
366 705 1
361 714 1
356 723 1
353 730 1
348 738 1
344 745 1
341 753 1
336 759 1
332 766 1
328 772 1
324 777 1
320 783 1
316 790 1
311 797 1
307 806 1
301 815 1
294 827 1
288 841 1
282 853 1
277 867 1
271 884 1
266 899 1
261 916 1
257 935 1
253 953 1
248 972 1
245 990 1
241 1009 1
238 1027 1
235 1043 1
234 1060 1
234 1075 1
234 1093 1
234 1111 1
235 1128 1
237 1145 1
239 1160 1
242 1176 1
245 1188 1
250 1202 1
255 1214 1
260 1228 1
265 1242 1
269 1255 1
273 1267 1
277 1281 1
280 1295 1
285 1310 1
288 1323 1
292 1337 1
294 1351 1
296 1365 1
297 1381 1
299 1395 1
300 1409 1
301 1424 1
303 1439 1
306 1453 1
310 1466 1
315 1480 1
319 1492 1
323 1505 1
329 1519 1
336 1531 1
344 1543 1
354 1553 1
364 1563 1
374 1569 1
385 1577 1
394 1581 1
407 1586 1
417 1588 1
426 1589 1
432 1589 1
440 1587 1
447 1584 1
455 1581 1
462 1576 1
474 1569 1
486 1560 1
499 1547 1
510 1535 1
519 1523 1
529 1512 1
539 1500 1
547 1487 1
555 1477 1
561 1466 1
566 1459 1
570 1444 1
578 1427 1
586 1406 1
590 1390 1
594 1377 1
596 1365 1
597 1353 1
598 1338 1
600 1321 1
601 1304 1
603 1289 1
603 1277 1
605 1265 1
606 1251 1
608 1236 1
611 1222 1
613 1209 1
615 1198 1
617 1190 1
619 1182 1
621 1171 1
624 1161 1
626 1153 1
628 1145 1
629 1140 1
630 1133 1
633 1125 1
635 1115 1
637 1104 1
639 1094 1
641 1085 1
642 1076 1
643 1069 1
644 1061 1
646 1053 1
648 1045 1
649 1039 1
650 1033 1
651 1029 1
653 1025 1
654 1020 1
656 1016 1
658 1012 1
660 1007 1
663 1004 1
666 999 1
671 993 1
674 988 1
679 983 1
682 978 1
686 973 1
690 968 1
693 964 1
698 958 1
702 952 1
708 944 1
714 935 1
720 926 1
727 917 1
733 906 1
737 896 1
741 886 1
746 876 1
751 865 1
756 855 1
762 844 1
766 834 1
771 825 1
775 817 1
778 808 1
784 795 1
789 782 1
794 769 1
798 756 1
802 744 1
803 729 1
805 715 1
804 702 1
804 690 1
804 679 1
802 668 1
803 659 1
803 651 1
803 644 1
802 637 1
800 630 1
798 624 1
796 618 1
793 610 1
788 601 1
785 593 1
782 584 1
778 575 1
775 566 1
773 558 1
772 548 1
770 539 1
769 529 1
766 518 1
765 507 1
763 496 1
763 487 1
762 477 1
762 469 1
761 461 1
761 452 1
762 440 1
766 423 1
770 410 1
772 399 1
774 392 1
776 387 1
776 384 1
777 379 1
778 369 1
780 359 1
782 349 1
783 343 1
785 339 1
785 336 1
786 333 1
786 331 1
786 328 1
787 325 1
787 323 1
786 319 1
785 314 1
783 308 1
782 301 1
780 294 1
779 285 1
777 277 1
777 269 1
775 260 1
772 252 1
770 245 1
767 238 1
764 232 1
761 227 1
759 223 1
756 220 1
755 218 1
753 216 1
751 216 1
749 214 1
746 215 1
744 215 1
741 216 1
736 217 1
727 221 1
712 228 1
694 238 1
672 253 1
651 268 1
632 283 1
616 297 1
604 309 1
593 323 1
583 339 1
573 360 1
562 383 1
553 406 1
548 428 1
544 446 1
542 463 1
540 477 1
538 489 1
534 500 1
532 512 1
530 524 1
527 538 1
523 550 1
518 561 1
512 574 1
506 587 1
501 600 1
495 612 1
489 624 1
482 637 1
477 649 1
471 662 1
465 675 1
458 689 1
451 705 1
444 719 1
438 732 1
431 744 1
424 757 1
418 769 1
411 780 1
403 793 1
396 804 1
389 816 1
383 827 1
377 836 1
371 844 1
365 855 1
357 866 1
347 880 1
337 896 1
329 909 1
321 922 1
314 932 1
310 942 1
305 950 1
301 958 1
297 967 1
293 976 1
289 987 1
283 998 1
278 1011 1
274 1025 1
269 1039 1
266 1054 1
263 1070 1
260 1086 1
257 1106 1
254 1129 1
248 1157 1
242 1184 1
236 1210 1
230 1233 1
225 1252 1
220 1267 1
215 1279 1
212 1291 1
208 1300 1
206 1311 1
203 1323 1
203 1334 1
201 1343 1
202 1354 1
202 1361 1
202 1373 1
204 1384 1
207 1397 1
211 1410 1
219 1426 1
228 1443 1
239 1459 1
250 1475 1
263 1490 1
274 1505 1
285 1518 1
295 1529 1
305 1539 1
312 1545 1
319 1550 1
326 1555 1
334 1558 1
342 1561 1
354 1562 1
368 1562 1
385 1557 1
402 1551 1
415 1544 1
427 1537 1
438 1530 1
456 1519 1
477 1504 1
496 1488 1
510 1475 1
518 1467 1
523 1461 1
526 1459 1
530 1454 1
534 1443 1
540 1430 1
545 1416 1
550 1403 1
555 1388 1
560 1373 1
566 1355 1
571 1339 1
577 1324 1
581 1312 1
586 1300 1
588 1286 1
591 1274 1
594 1261 1
597 1249 1
600 1237 1
604 1222 1
608 1206 1
613 1191 1
618 1174 1
624 1157 1
632 1139 1
640 1122 1
647 1107 1
654 1094 1
660 1081 1
666 1067 1
673 1054 1
679 1040 1
684 1026 1
690 1014 1
694 1003 1
698 991 1
702 980 1
706 968 1
709 956 1
713 942 1
717 928 1
723 914 1
728 902 1
732 888 1
737 877 1
739 866 1
742 853 1
745 841 1
748 826 1
751 810 1
754 796 1
756 783 1
758 774 1
760 765 1
762 758 1
764 749 1
766 737 1
766 726 1
766 714 1
765 703 1
765 692 1
765 679 1
765 665 1
764 648 1
764 632 1
764 616 1
765 598 1
768 578 1
771 560 1
774 544 1
776 529 1
778 515 1
780 501 1
783 490 1
786 479 1
789 470 1
792 460 1
796 448 1
800 437 1
803 425 1
806 412 1
807 399 1
810 384 1
812 368 1
815 349 1
820 333 1
823 317 1
825 304 1
827 293 1
829 286 1
830 279 1
831 270 1
832 261 1
833 252 1
833 243 1
832 236 1
830 228 1
827 222 1
823 214 1
821 207 1
817 202 1
815 198 1
813 194 1
811 192 1
809 189 1
806 187 1
803 185 1
800 183 1
798 181 1
795 180 1
793 179 1
790 180 1
788 179 1
785 180 1
779 180 1
772 182 1
757 186 1
738 192 1
716 200 1
694 208 1
673 217 1
655 225 1
643 231 1
634 235 1
628 240 1
621 245 1
612 250 1
603 258 1
591 269 1
581 280 1
571 290 1
562 304 1
553 320 1
543 335 1
535 350 1
527 365 1
518 379 1
509 393 1
502 406 1
495 418 1
489 430 1
484 444 1
481 460 1
478 475 1
474 490 1
469 507 1
463 527 1
453 549 1
443 572 1
433 596 1
424 618 1
416 638 1
410 658 1
404 678 1
399 696 1
394 715 1
390 732 1
385 749 1
381 765 1
377 780 1
374 793 1
371 807 1
368 822 1
363 836 1
361 852 1
358 866 1
355 881 1
352 896 1
350 913 1
347 929 1
343 946 1
337 960 1
333 972 1
327 981 1
322 988 1
319 992 1
316 995 1
312 998 1
310 1002 1
304 1007 1
297 1015 1
289 1026 1
280 1037 1
271 1047 1
264 1058 1
258 1069 1
249 1083 1
241 1096 1
234 1111 1
226 1125 1
220 1139 1
214 1152 1
209 1166 1
203 1179 1
199 1193 1
195 1208 1
192 1225 1
190 1243 1
188 1262 1
188 1281 1
188 1302 1
187 1322 1
187 1342 1
187 1361 1
187 1381 1
188 1399 1
189 1416 1
191 1432 1
193 1446 1
196 1460 1
198 1474 1
202 1487 1
204 1500 1
207 1511 1
210 1519 1
213 1528 1
217 1535 1
220 1541 1
225 1547 1
229 1551 1
237 1556 1
248 1559 1
264 1564 1
285 1568 1
306 1570 1
327 1572 1
345 1571 1
363 1568 1
380 1564 1
395 1561 1
410 1557 1
423 1554 1
430 1551 1
439 1546 1
451 1538 1
467 1524 1
487 1507 1
507 1489 1
526 1473 1
542 1461 1
555 1448 1
565 1436 1
576 1422 1
585 1408 1
593 1394 1
601 1380 1
609 1366 1
620 1349 1
628 1337 1
635 1326 1
639 1317 1
642 1311 1
645 1303 1
648 1293 1
653 1280 1
657 1269 1
661 1254 1
664 1236 1
669 1220 1
673 1203 1
676 1187 1
680 1171 1
685 1152 1
691 1133 1
699 1116 1
708 1101 1
718 1086 1
729 1069 1
739 1056 1
749 1044 1
757 1032 1
765 1020 1
773 1007 1
781 993 1
789 977 1
797 962 1
803 947 1
808 933 1
813 917 1
819 899 1
825 880 1
830 862 1
833 846 1
837 832 1
840 816 1
841 799 1
843 781 1
843 760 1
843 740 1
843 717 1
842 694 1
842 669 1
841 646 1
842 624 1
843 603 1
844 585 1
845 570 1
847 555 1
849 541 1
850 526 1
851 512 1
852 496 1
853 481 1
856 468 1
859 455 1
862 441 1
864 430 1
865 421 1
866 412 1
867 403 1
868 394 1
869 385 1
869 375 1
870 366 1
871 353 1
871 339 1
872 324 1
873 310 1
874 296 1
875 284 1
877 271 1
877 258 1
878 245 1
878 233 1
879 222 1
879 213 1
880 205 1
878 195 1
877 187 1
875 178 1
874 168 1
872 158 1
869 148 1
866 137 1
863 130 1
860 122 1
857 118 1
854 112 1
847 105 1
839 98 1
833 92 1
827 87 1
822 84 1
819 83 1
816 81 1
813 82 1
808 83 1
803 83 1
795 85 1
781 90 1
763 96 1
743 103 1
726 111 1
711 119 1
701 123 1
691 128 1
681 132 1
669 137 1
659 141 1
648 146 1
636 151 1
624 157 1
611 163 1
597 173 1
583 182 1
571 193 1
560 204 1
549 215 1
536 229 1
523 241 1
512 253 1
502 265 1
494 279 1
486 293 1
478 306 1
470 321 1
460 339 1
452 358 1
445 377 1
438 396 1
434 410 1
429 421 1
424 431 1
421 440 1
418 450 1
416 463 1
413 475 1
411 488 1
409 501 1
407 517 1
404 534 1
401 551 1
398 568 1
393 584 1
388 600 1
383 613 1
380 626 1
375 639 1
371 652 1
368 666 1
362 682 1
356 695 1
352 712 1
347 729 1
341 747 1
334 763 1
328 777 1
321 791 1
313 804 1
307 815 1
300 824 1
293 833 1
286 841 1
281 848 1
275 854 1
269 861 1
265 865 1
260 871 1
256 876 1
251 882 1
247 890 1
243 899 1
238 909 1
234 920 1
229 934 1
225 948 1
221 964 1
219 981 1
216 999 1
213 1018 1
210 1038 1
209 1057 1
209 1077 1
209 1096 1
210 1115 1
210 1134 1
211 1152 1
214 1170 1
217 1186 1
220 1203 1
222 1218 1
224 1234 1
225 1250 1
226 1267 1
228 1286 1
233 1306 1
235 1325 1
240 1343 1
245 1364 1
248 1382 1
251 1399 1
254 1417 1
258 1434 1
263 1451 1
270 1468 1
278 1485 1
288 1502 1
297 1515 1
305 1527 1
312 1535 1
317 1541 1
323 1547 1
331 1552 1
342 1558 1
357 1563 1
374 1569 1
396 1571 1
419 1574 1
444 1572 1
468 1568 1
492 1558 1
516 1539 1
541 1515 1
562 1491 1
575 1474 1
582 1464 1
587 1457 1
591 1443 1
599 1419 1
612 1380 1
623 1348 1
634 1317 1
644 1287 1
656 1252 1
671 1211 1
688 1167 1
703 1127 1
716 1093 1
726 1064 1
737 1037 1
749 1010 1
760 982 1
773 956 1
786 932 1
797 910 1
807 887 1
819 864 1
831 840 1
844 815 1
856 790 1
868 767 1
881 745 1
893 721 1
904 696 1
914 668 1
921 641 1
925 618 1
927 596 1
928 576 1
928 557 1
928 540 1
930 521 1
933 501 1
935 477 1
937 452 1
937 431 1
937 414 1
935 400 1
935 388 1
934 378 1
934 369 1
934 358 1
934 346 1
935 333 1
934 322 1
934 310 1
931 297 1
928 281 1
924 262 1
920 241 1
914 215 1
909 192 1
904 171 1
899 154 1
894 143 1
892 135 1
888 131 1
882 126 1
868 119 1
835 109 1
792 95 1
743 84 1
700 78 1
660 82 1
625 88 1
587 103 1
553 120 1
520 138 1
488 158 1
458 184 1
434 212 1
415 239 1
401 266 1
389 293 1
379 322 1
368 351 1
359 379 1
351 405 1
342 429 1
334 455 1
328 483 1
321 513 1
313 547 1
305 580 1
299 609 1
295 638 1
290 665 1
286 697 1
282 730 1
278 763 1
274 796 1
270 828 1
267 864 1
264 900 1
262 935 1
260 967 1
257 994 1
253 1020 1
251 1044 1
248 1067 1
245 1092 1
242 1116 1
238 1139 1
232 1164 1
225 1187 1
217 1209 1
211 1230 1
205 1252 1
204 1274 1
205 1295 1
207 1318 1
210 1341 1
215 1364 1
221 1386 1
229 1408 1
237 1428 1
245 1448 1
254 1467 1
263 1486 1
272 1505 1
282 1523 1
292 1538 1
301 1550 1
311 1557 1
319 1563 1
329 1567 1
345 1569 1
369 1565 1
401 1550 1
440 1526 1
482 1494 1
517 1463 1
545 1435 1
568 1408 1
584 1389 1
596 1375 1
602 1361 1
609 1347 1
615 1331 1
621 1311 1
626 1290 1
631 1270 1
634 1252 1
636 1236 1
639 1217 1
644 1196 1
650 1171 1
658 1148 1
666 1125 1
672 1108 1
676 1092 1
682 1078 1
688 1062 1
694 1046 1
702 1027 1
710 1009 1
715 991 1
721 974 1
729 954 1
737 934 1
747 911 1
756 889 1
764 867 1
771 850 1
777 833 1
783 817 1
789 800 1
798 781 1
808 764 1
819 745 1
830 725 1
841 707 1
852 689 1
864 671 1
875 651 1
884 632 1
892 615 1
897 600 1
901 586 1
904 572 1
906 559 1
908 544 1
910 527 1
909 510 1
906 491 1
903 471 1
899 451 1
892 430 1
886 410 1
882 389 1
877 369 1
875 350 1
872 332 1
869 317 1
868 304 1
866 292 1
865 280 1
865 266 1
861 254 1
858 241 1
852 230 1
847 221 1
840 212 1
833 205 1
828 199 1
822 194 1
813 189 1
804 185 1
795 182 1
782 180 1
770 178 1
758 178 1
748 178 1
738 179 1
727 182 1
716 185 1
700 189 1
679 196 1
656 206 1
633 215 1
611 225 1
589 235 1
563 247 1
536 260 1
506 276 1
480 291 1
461 302 1
446 312 1
434 320 1
424 330 1
415 341 1
404 354 1
393 368 1
382 385 1
369 402 1
358 418 1
347 435 1
335 453 1
326 474 1
317 495 1
309 520 1
303 545 1
298 565 1
295 580 1
295 593 1
295 606 1
294 615 1
292 623 1
292 632 1
291 638 1
291 646 1
289 657 1
287 667 1
285 680 1
283 694 1
280 712 1
277 730 1
274 752 1
269 775 1
263 796 1
259 816 1
254 836 1
249 858 1
244 881 1
239 903 1
234 924 1
231 945 1
228 965 1
224 982 1
220 1002 1
217 1026 1
214 1052 1
210 1082 1
205 1114 1
200 1147 1
197 1177 1
194 1204 1
193 1227 1
191 1249 1
191 1270 1
191 1291 1
192 1311 1
194 1329 1
196 1347 1
200 1364 1
203 1381 1
207 1394 1
212 1408 1
216 1419 1
221 1430 1
227 1440 1
234 1452 1
244 1467 1
258 1487 1
274 1510 1
293 1531 1
312 1549 1
333 1564 1
356 1573 1
374 1578 1
366 1576 0
