601 992 1
601 992 1
601 992 1
601 992 1
601 992 1
601 992 1
601 992 1
601 992 1
600 991 1
600 991 1
597 991 1
595 991 1
592 989 1
590 989 1
587 989 1
583 987 1
580 985 1
576 984 1
573 982 1
569 980 1
568 978 1
565 976 1
564 975 1
562 973 1
561 971 1
561 968 1
561 965 1
561 962 1
562 958 1
563 953 1
565 950 1
569 947 1
571 943 1
573 941 1
575 939 1
576 938 1
579 938 1
581 937 1
583 935 1
585 936 1
587 936 1
589 936 1
591 937 1
594 937 1
595 938 1
597 939 1
598 940 1
600 942 1
601 942 1
602 944 1
603 945 1
604 948 1
605 950 1
606 953 1
606 956 1
607 961 1
607 966 1
607 971 1
607 976 1
607 980 1
607 985 1
607 990 1
605 993 1
606 998 1
604 1003 1
604 1006 1
604 1009 1
604 1012 1
602 1016 1
603 1019 1
602 1022 1
602 1025 1
601 1028 1
601 1031 1
600 1033 1
600 1035 1
599 1037 1
599 1038 1
599 1039 1
599 1039 1
599 1040 1
599 1040 1
597 1040 1
598 1041 1
596 1042 1
597 1043 1
595 1045 1
595 1046 1
595 1048 1
593 1049 1
591 1052 1
589 1054 1
586 1058 1
583 1060 1
580 1062 1
578 1064 1
574 1066 1
571 1068 1
568 1069 1
565 1071 1
562 1071 1
559 1072 1
556 1072 1
553 1073 1
548 1072 1
546 1072 1
543 1071 1
541 1070 1
538 1068 1
537 1069 1
535 1067 1
535 1067 1
535 1067 1
535 1067 1
535 1067 1
535 1066 1
532 1064 1
529 1059 1
525 1053 1
521 1045 1
516 1036 1
512 1027 1
508 1018 1
505 1010 1
501 1000 1
498 990 1
494 981 1
491 972 1
489 964 1
486 956 1
483 948 1
482 941 1
480 934 1
481 929 1
481 924 1
481 919 1
482 915 1
483 911 1
485 906 1
487 902 1
492 896 1
499 891 1
507 886 1
511 882 1
516 878 1
521 875 1
526 871 1
531 868 1
536 865 1
540 862 1
545 859 1
550 856 1
555 852 1
561 847 1
568 841 1
572 837 1
577 832 1
579 828 1
582 823 1
583 819 1
585 815 1
586 813 1
588 810 1
588 807 1
590 802 1
592 799 1
596 793 1
600 788 1
607 784 1
616 780 1
623 777 1
631 775 1
637 775 1
642 775 1
645 776 1
650 777 1
654 778 1
657 779 1
661 781 1
663 782 1
666 784 1
668 785 1
670 787 1
671 788 1
673 790 1
674 791 1
677 794 1
679 797 1
680 800 1
682 803 1
683 806 1
685 810 1
686 817 1
688 824 1
689 832 1
690 840 1
691 848 1
689 856 1
688 864 1
688 872 1
688 880 1
687 889 1
687 895 1
686 901 1
684 906 1
684 909 1
684 914 1
684 916 1
682 920 1
683 922 1
683 925 1
681 927 1
682 930 1
682 933 1
681 937 1
681 940 1
681 945 1
681 950 1
681 956 1
682 964 1
683 970 1
683 976 1
684 981 1
684 986 1
685 989 1
685 993 1
686 996 1
686 999 1
687 1002 1
687 1005 1
688 1007 1
689 1009 1
689 1012 1
691 1015 1
693 1018 1
695 1022 1
697 1026 1
699 1029 1
701 1033 1
703 1038 1
706 1041 1
707 1044 1
709 1046 1
710 1048 1
711 1050 1
712 1052 1
714 1054 1
714 1055 1
716 1057 1
716 1059 1
717 1061 1
719 1063 1
719 1065 1
721 1067 1
721 1069 1
723 1071 1
723 1073 1
725 1076 1
725 1078 1
726 1081 1
726 1083 1
727 1086 1
727 1088 1
727 1090 1
727 1092 1
726 1094 1
726 1096 1
724 1097 1
724 1100 1
723 1101 1
721 1102 1
722 1103 1
722 1103 1
719 1104 1
717 1105 1
714 1107 1
711 1108 1
708 1110 1
705 1111 1
702 1112 1
700 1113 1
697 1114 1
694 1115 1
691 1117 1
686 1119 1
682 1120 1
678 1122 1
674 1122 1
671 1124 1
668 1124 1
663 1126 1
661 1127 1
658 1128 1
654 1129 1
651 1131 1
648 1132 1
645 1132 1
642 1133 1
639 1134 1
636 1135 1
633 1135 1
630 1136 1
628 1136 1
625 1137 1
623 1137 1
620 1138 1
617 1139 1
614 1140 1
610 1141 1
605 1142 1
601 1145 1
596 1146 1
592 1148 1
588 1149 1
585 1151 1
581 1152 1
576 1156 1
572 1157 1
569 1159 1
566 1161 1
564 1162 1
562 1164 1
561 1165 1
558 1167 1
557 1168 1
554 1170 1
549 1171 1
544 1172 1
536 1172 1
530 1171 1
523 1168 1
517 1167 1
511 1165 1
508 1163 1
505 1161 1
503 1160 1
500 1158 1
497 1156 1
495 1155 1
493 1153 1
491 1151 1
489 1149 1
488 1148 1
485 1145 1
483 1142 1
480 1139 1
475 1133 1
470 1128 1
466 1121 1
462 1116 1
458 1110 1
453 1105 1
450 1100 1
444 1093 1
440 1086 1
435 1080 1
432 1075 1
430 1071 1
427 1068 1
425 1064 1
424 1060 1
421 1056 1
418 1051 1
415 1046 1
413 1040 1
410 1035 1
407 1030 1
404 1024 1
401 1017 1
399 1012 1
395 1003 1
393 994 1
390 985 1
389 976 1
387 968 1
386 962 1
384 956 1
385 952 1
385 947 1
385 944 1
386 939 1
387 934 1
388 930 1
389 925 1
390 921 1
392 916 1
394 910 1
398 902 1
403 891 1
409 879 1
415 867 1
420 855 1
424 845 1
426 837 1
428 830 1
429 824 1
431 821 1
432 818 1
434 815 1
436 813 1
438 810 1
439 809 1
442 806 1
444 804 1
446 801 1
449 798 1
452 794 1
456 790 1
461 782 1
466 773 1
473 763 1
479 754 1
484 745 1
488 737 1
491 730 1
493 725 1
495 721 1
497 718 1
500 716 1
502 714 1
505 712 1
508 712 1
511 710 1
514 709 1
519 708 1
523 706 1
525 706 1
528 704 1
530 704 1
533 702 1
534 701 1
537 699 1
539 698 1
542 695 1
548 692 1
553 689 1
559 686 1
563 686 1
568 684 1
573 685 1
577 685 1
581 686 1
584 686 1
588 686 1
590 687 1
593 687 1
595 688 1
597 688 1
598 688 1
598 688 1
599 688 1
601 688 1
604 687 1
610 687 1
614 686 1
620 686 1
626 687 1
632 687 1
635 688 1
639 689 1
641 690 1
643 691 1
646 691 1
648 692 1
650 693 1
651 693 1
652 693 1
652 693 1
653 693 1
655 694 1
659 694 1
663 695 1
668 696 1
674 698 1
679 700 1
683 702 1
688 703 1
691 705 1
694 706 1
697 708 1
701 710 1
704 711 1
706 713 1
708 714 1
710 715 1
711 716 1
713 717 1
714 717 1
714 717 1
714 717 1
715 718 1
720 720 1
726 723 1
734 727 1
742 733 1
750 738 1
756 743 1
761 748 1
763 750 1
765 752 1
767 753 1
769 755 1
771 757 1
772 758 1
774 760 1
774 761 1
776 763 1
777 765 1
778 767 1
778 772 1
780 779 1
781 789 1
782 802 1
783 816 1
784 830 1
784 842 1
783 850 1
783 857 1
782 862 1
780 865 1
779 867 1
777 871 1
775 872 1
775 874 1
773 876 1
773 878 1
773 881 1
773 886 1
773 893 1
773 900 1
773 906 1
773 911 1
774 916 1
775 919 1
776 922 1
777 924 1
777 926 1
778 928 1
779 930 1
780 932 1
780 934 1
781 936 1
782 938 1
783 940 1
786 944 1
787 947 1
789 950 1
790 952 1
792 955 1
794 958 1
796 961 1
797 962 1
799 965 1
801 967 1
804 970 1
806 973 1
808 977 1
811 981 1
813 984 1
816 988 1
818 993 1
823 999 1
826 1008 1
831 1019 1
836 1031 1
840 1041 1
843 1052 1
847 1062 1
850 1074 1
853 1085 1
854 1096 1
853 1106 1
851 1115 1
848 1123 1
845 1130 1
840 1137 1
836 1144 1
831 1153 1
824 1162 1
818 1172 1
810 1180 1
801 1189 1
792 1195 1
783 1202 1
775 1207 1
771 1211 1
766 1214 1
764 1215 1
761 1217 1
761 1218 1
761 1218 1
760 1219 1
760 1219 1
759 1219 1
756 1220 1
752 1222 1
747 1224 1
739 1227 1
729 1232 1
720 1235 1
713 1239 1
707 1242 1
705 1244 1
702 1247 1
699 1248 1
699 1249 1
699 1250 1
699 1250 1
698 1250 1
696 1252 1
693 1254 1
688 1257 1
683 1260 1
675 1263 1
667 1266 1
656 1269 1
649 1271 1
642 1273 1
638 1273 1
634 1274 1
632 1274 1
629 1274 1
627 1274 1
625 1273 1
625 1273 1
622 1271 1
618 1270 1
618 1270 1
616 1270 0
611 1268 1
607 1267 1
602 1265 1
594 1263 1
582 1263 1
563 1261 1
540 1258 1
516 1255 1
500 1251 1
487 1248 1
479 1247 1
473 1245 1
468 1244 1
462 1243 1
457 1241 1
448 1239 1
441 1236 1
435 1234 1
430 1232 1
427 1232 1
425 1230 1
425 1230 1
425 1230 1
425 1230 1
424 1231 1
425 1230 1
425 1228 1
425 1227 1
423 1225 1
423 1224 1
421 1222 1
419 1220 1
416 1217 1
411 1213 1
404 1206 1
392 1197 1
377 1187 1
362 1177 1
347 1166 1
334 1157 1
323 1148 1
313 1141 1
304 1132 1
295 1123 1
290 1118 1
283 1112 1
279 1107 1
277 1105 1
275 1103 1
273 1101 1
273 1100 1
273 1100 1
273 1100 1
273 1098 1
273 1096 1
273 1091 1
275 1087 1
275 1083 1
277 1079 1
278 1075 1
280 1073 1
280 1071 1
282 1068 1
282 1066 1
283 1064 1
284 1062 1
285 1059 1
285 1056 1
286 1053 1
287 1048 1
288 1040 1
289 1029 1
289 1013 1
290 997 1
290 983 1
290 971 1
291 962 1
290 954 1
290 949 1
289 944 1
289 941 1
288 939 1
288 937 1
287 937 1
287 937 1
287 936 1
287 936 1
288 933 1
288 932 1
291 930 1
292 929 1
294 927 1
297 923 1
300 920 1
303 914 1
306 908 1
310 898 1
312 889 1
314 880 1
315 872 1
316 866 1
316 861 1
316 857 1
315 853 1
313 850 1
313 846 1
313 843 1
313 838 1
313 835 1
314 829 1
315 822 1
318 812 1
324 800 1
331 786 1
339 773 1
346 762 1
353 752 1
359 741 1
365 732 1
370 723 1
374 713 1
378 705 1
381 695 1
383 684 1
386 669 1
388 649 1
391 632 1
392 618 1
395 606 1
396 598 1
397 593 1
397 588 1
398 586 1
398 584 1
398 584 1
398 584 1
398 584 1
398 584 1
398 584 1
398 584 1
398 584 1
398 584 1
398 584 1
398 584 1
398 584 1
398 584 1
398 584 1
398 584 1
398 584 1
398 584 1
398 584 1
398 584 1
400 582 1
403 580 1
410 577 1
420 574 1
434 571 1
447 568 1
455 565 1
463 563 1
466 560 1
468 559 1
470 557 1
471 555 1
472 552 1
471 550 1
471 547 1
471 545 1
473 543 1
477 544 1
486 546 1
496 549 1
505 552 1
512 554 1
517 556 1
521 558 1
526 560 1
533 563 1
540 566 1
547 571 1
553 573 1
558 576 1
562 578 1
566 580 1
570 582 1
573 583 1
577 585 1
582 586 1
586 588 1
591 589 1
596 591 1
599 592 1
601 593 1
605 593 1
606 593 1
607 593 1
607 593 1
607 593 1
607 593 1
607 593 1
608 592 1
611 590 1
619 589 1
630 587 1
644 583 1
656 581 1
665 578 1
675 574 1
684 570 1
690 566 1
696 563 1
699 561 1
704 559 1
706 558 1
708 558 1
711 557 1
712 556 1
715 556 1
716 557 1
718 557 1
719 558 1
721 559 1
722 560 1
724 562 1
725 562 1
727 564 1
729 566 1
729 567 1
730 568 1
730 569 1
731 569 1
731 569 1
732 571 1
732 574 1
734 579 1
735 586 1
737 596 1
740 606 1
742 614 1
744 620 1
745 625 1
746 628 1
747 631 1
749 634 1
750 637 1
753 639 1
756 642 1
757 645 1
760 648 1
764 653 1
768 661 1
774 669 1
780 678 1
786 689 1
791 698 1
796 706 1
801 715 1
805 722 1
807 728 1
810 733 1
811 735 1
812 738 1
813 739 1
814 741 1
815 741 1
817 744 1
820 746 1
825 751 1
832 757 1
840 765 1
850 774 1
858 782 1
864 790 1
870 795 1
873 800 1
877 803 1
879 806 1
883 810 1
886 813 1
888 817 1
891 821 1
895 827 1
898 834 1
902 842 1
905 850 1
908 860 1
911 869 1
914 877 1
915 885 1
915 893 1
915 900 1
912 905 1
910 910 1
907 915 1
904 921 1
901 926 1
898 931 1
896 935 1
894 938 1
892 941 1
891 943 1
891 945 1
890 946 1
890 947 1
890 947 1
890 947 1
890 948 1
890 948 1
890 950 1
890 954 1
891 958 1
893 962 1
895 967 1
897 972 1
900 977 1
902 983 1
905 990 1
910 1003 1
916 1019 1
921 1041 1
926 1064 1
930 1090 1
929 1116 1
927 1138 1
926 1153 1
924 1163 1
924 1168 1
924 1173 1
923 1174 1
923 1176 1
922 1176 1
922 1177 1
922 1177 1
922 1177 1
922 1179 1
922 1181 1
923 1183 1
923 1186 1
921 1191 1
917 1202 1
908 1218 1
896 1239 1
882 1261 1
861 1286 1
843 1306 1
831 1320 1
825 1329 1
821 1334 1
819 1337 1
819 1339 1
817 1340 1
817 1341 1
815 1342 1
813 1343 1
809 1345 1
803 1347 1
795 1350 1
784 1352 1
775 1355 1
767 1355 1
761 1357 1
758 1357 1
755 1358 1
752 1358 1
752 1358 1
752 1359 1
750 1359 1
750 1359 1
751 1360 1
749 1361 1
749 1364 1
747 1369 1
746 1373 1
741 1380 1
733 1389 1
711 1399 1
680 1409 1
645 1412 1
617 1413 1
597 1411 1
584 1409 1
579 1408 1
576 1408 1
573 1408 1
573 1408 1
573 1408 1
573 1408 1
570 1408 1
565 1408 1
556 1406 1
543 1403 1
532 1398 1
525 1396 1
519 1393 1
515 1391 1
511 1390 1
506 1388 1
501 1386 1
496 1384 1
492 1383 1
489 1381 1
487 1380 1
485 1379 1
485 1378 1
485 1378 1
485 1378 1
485 1378 1
485 1378 1
485 1378 1
485 1378 1
485 1378 1
485 1378 1
485 1378 1
485 1378 1
481 1375 1
476 1370 1
465 1359 1
452 1344 1
440 1331 1
432 1319 1
425 1311 1
422 1307 1
419 1304 1
418 1303 1
416 1301 1
413 1301 1
411 1299 1
406 1299 1
400 1297 1
393 1295 1
383 1294 1
375 1291 1
367 1289 1
361 1287 1
357 1284 1
352 1281 1
350 1277 1
346 1273 1
343 1269 1
341 1267 1
339 1264 1
338 1263 1
336 1261 1
335 1261 1
335 1259 1
333 1260 1
331 1258 1
327 1256 1
323 1253 1
316 1249 1
304 1243 1
289 1236 1
272 1225 1
255 1213 1
241 1200 1
227 1187 1
217 1177 1
208 1169 1
204 1164 1
201 1161 1
201 1158 1
200 1158 1
198 1158 1
198 1158 1
198 1158 1
198 1158 1
198 1158 1
198 1158 1
199 1156 1
200 1155 1
200 1154 1
201 1150 1
200 1145 1
200 1137 1
200 1130 1
200 1122 1
200 1113 1
201 1101 1
200 1084 1
198 1063 1
194 1040 1
188 1017 1
182 996 1
177 982 1
172 972 1
169 965 1
167 960 1
166 958 1
164 956 1
163 956 1
163 956 1
164 955 1
165 953 1
167 951 1
171 946 1
179 935 1
189 920 1
200 903 1
209 884 1
215 864 1
218 843 1
216 818 1
212 789 1
206 757 1
200 725 1
195 698 1
192 676 1
191 661 1
189 648 1
190 642 1
192 637 1
196 634 1
199 634 1
204 634 1
208 633 1
212 631 1
215 626 1
217 619 1
219 603 1
221 582 1
224 560 1
228 538 1
230 519 1
233 506 1
236 498 1
239 492 1
243 487 1
250 484 1
257 482 1
268 481 1
280 479 1
292 480 1
305 480 1
317 478 1
329 478 1
341 476 1
356 475 1
372 473 1
389 473 1
406 471 1
423 472 1
440 473 1
459 476 1
477 480 1
491 483 1
500 485 1
506 487 1
510 487 1
513 487 1
516 485 1
522 482 1
536 477 1
556 472 1
587 469 1
612 470 1
634 473 1
648 477 1
659 480 1
666 482 1
669 484 1
671 484 1
673 484 1
673 483 1
673 481 1
673 479 1
676 478 1
683 476 1
699 474 1
716 474 1
731 473 1
742 471 1
746 471 1
751 471 1
752 470 1
756 470 1
760 471 1
766 472 1
772 474 1
782 477 1
792 480 1
806 487 1
818 493 1
830 498 1
839 504 1
846 508 1
852 513 1
857 517 1
861 520 1
865 526 1
870 533 1
876 542 1
880 551 1
885 558 1
888 567 1
890 575 1
894 584 1
899 597 1
904 608 1
908 619 1
913 630 1
916 638 1
919 647 1
922 656 1
924 665 1
926 671 1
928 677 1
930 682 1
930 685 1
931 689 1
931 692 1
933 695 1
933 698 1
935 701 1
936 704 1
939 709 1
942 714 1
945 719 1
949 724 1
952 727 1
955 731 1
958 734 1
962 737 1
965 740 1
968 743 1
970 745 1
972 747 1
974 748 1
976 750 1
977 752 1
977 752 1
977 752 1
977 752 1
977 752 1
977 752 1
977 752 1
977 752 1
975 754 1
976 757 1
975 762 1
973 766 1
973 771 1
973 777 1
973 785 1
975 795 1
979 811 1
985 830 1
992 854 1
1000 879 1
1005 907 1
1010 936 1
1014 963 1
1015 990 1
1017 1016 1
1018 1034 1
1018 1046 1
1018 1053 1
1018 1058 1
1018 1059 1
1018 1062 1
1019 1066 1
1019 1071 1
1019 1078 1
1020 1088 1
1021 1097 1
1021 1105 1
1023 1116 1
1024 1132 1
1025 1153 1
1022 1183 1
1018 1214 1
1013 1241 1
1008 1258 1
1006 1268 1
1004 1274 1
1002 1279 1
1000 1282 1
998 1287 1
994 1295 1
991 1301 1
987 1308 1
985 1312 1
983 1316 1
981 1321 1
975 1328 1
965 1344 1
950 1362 1
936 1380 1
926 1393 1
920 1401 1
916 1407 1
914 1409 1
912 1411 1
909 1413 1
905 1415 1
902 1416 1
899 1417 1
897 1417 1
895 1417 1
893 1417 1
890 1417 1
888 1418 1
883 1420 1
874 1423 1
861 1427 1
842 1433 1
820 1441 1
798 1449 1
776 1456 1
755 1463 1
734 1469 1
719 1474 1
709 1477 1
702 1479 1
698 1480 1
696 1480 1
695 1480 1
695 1480 1
695 1480 1
695 1480 1
695 1480 1
695 1480 1
695 1480 1
695 1480 1
695 1480 1
695 1480 1
695 1480 1
695 1480 1
695 1481 1
695 1481 1
695 1481 1
695 1481 1
694 1482 1
692 1482 1
686 1482 1
673 1478 1
657 1473 1
641 1467 1
630 1463 1
620 1460 1
614 1458 1
609 1455 1
603 1454 1
595 1452 1
585 1450 1
571 1449 1
556 1446 1
539 1445 1
525 1443 1
518 1443 1
511 1443 1
510 1443 1
508 1443 1
508 1444 1
508 1445 1
507 1446 1
506 1447 1
506 1448 1
505 1448 1
502 1450 1
500 1451 1
495 1452 1
492 1453 1
486 1454 1
475 1452 1
455 1450 1
424 1446 1
383 1438 1
336 1424 1
298 1407 1
271 1393 1
260 1384 1
252 1379 1
249 1376 1
246 1373 1
241 1366 1
236 1358 1
226 1344 1
217 1331 1
212 1322 1
209 1317 1
209 1313 1
208 1311 1
206 1308 1
203 1301 1
195 1287 1
183 1265 1
174 1244 1
167 1228 1
161 1217 1
158 1209 1
155 1204 1
150 1198 1
145 1189 1
139 1178 1
133 1162 1
127 1144 1
127 1120 1
127 1094 1
128 1065 1
127 1032 1
125 996 1
126 1003 0
