146 1468 1
146 1468 1
146 1468 1
146 1468 1
146 1468 1
146 1468 1
146 1468 1
146 1468 1
146 1468 1
146 1468 1
146 1468 1
146 1468 1
146 1468 1
146 1468 1
146 1468 1
146 1468 1
146 1468 1
146 1468 1
146 1468 1
146 1468 1
145 1467 1
145 1467 1
144 1466 1
144 1466 1
143 1466 1
143 1464 1
143 1464 1
140 1463 1
140 1462 1
140 1460 1
138 1460 1
138 1458 1
137 1456 1
136 1455 1
134 1453 1
134 1452 1
134 1449 1
133 1447 1
131 1444 1
132 1441 1
130 1439 1
131 1436 1
131 1433 1
132 1429 1
132 1427 1
134 1423 1
137 1419 1
141 1415 1
146 1410 1
151 1405 1
154 1402 1
157 1399 1
161 1396 1
165 1393 1
168 1388 1
170 1384 1
173 1378 1
174 1369 1
175 1361 1
175 1352 1
175 1342 1
174 1334 1
174 1329 1
174 1322 1
173 1318 1
173 1314 1
173 1309 1
173 1303 1
172 1294 1
172 1285 1
172 1276 1
173 1267 1
174 1258 1
174 1250 1
176 1240 1
177 1231 1
178 1222 1
180 1214 1
181 1206 1
184 1200 1
189 1194 1
193 1188 1
196 1181 1
199 1174 1
202 1166 1
203 1158 1
203 1152 1
204 1145 1
202 1140 1
203 1135 1
201 1131 1
200 1127 1
200 1124 1
200 1121 1
199 1119 1
199 1117 1
197 1115 1
198 1114 1
196 1112 1
197 1111 1
196 1110 1
196 1107 1
196 1102 1
196 1094 1
197 1086 1
198 1078 1
199 1072 1
201 1065 1
205 1060 1
209 1055 1
213 1051 1
217 1047 1
222 1043 1
226 1039 1
238 1027 1
249 1016 1
262 1003 1
274 990 1
283 980 1
291 971 1
296 962 1
300 953 1
304 943 1
305 922 1
305 915 1
303 911 1
303 908 1
301 905 1
301 903 1
298 901 1
291 899 1
283 898 1
274 898 1
266 898 1
259 899 1
253 899 1
248 900 1
245 901 1
242 902 1
239 903 1
234 904 1
233 905 1
230 907 1
227 910 1
225 914 1
223 919 1
220 927 1
214 936 1
203 955 1
195 967 1
190 976 1
187 984 1
183 990 1
181 998 1
179 1005 1
179 1009 1
179 1013 1
179 1016 1
179 1019 1
179 1021 1
179 1024 1
178 1026 1
178 1028 1
178 1033 1
178 1039 1
181 1050 1
189 1063 1
202 1078 1
215 1095 1
226 1108 1
235 1117 1
242 1125 1
249 1131 1
255 1136 1
259 1140 1
262 1143 1
266 1146 1
269 1147 1
271 1149 1
273 1150 1
274 1150 1
275 1151 1
275 1151 1
277 1152 1
288 1161 1
307 1177 1
323 1192 1
339 1207 1
350 1220 1
356 1225 1
359 1229 1
361 1231 1
361 1232 1
362 1233 1
362 1233 1
362 1233 1
362 1233 1
362 1233 1
362 1233 1
359 1237 1
353 1242 1
347 1248 1
338 1255 1
330 1262 1
320 1271 1
311 1279 1
300 1288 1
287 1298 1
273 1306 1
262 1310 1
253 1314 1
245 1317 1
239 1318 1
234 1319 1
230 1320 1
227 1321 1
224 1321 1
221 1321 1
219 1321 1
216 1321 1
216 1321 1
214 1321 1
213 1321 1
213 1321 1
212 1322 1
211 1322 1
209 1322 1
208 1322 1
205 1322 1
203 1323 1
200 1323 1
197 1323 1
195 1323 1
195 1323 1
193 1322 1
192 1322 1
193 1322 0
525 1345 1
525 1345 1
525 1345 1
525 1345 1
525 1345 1
525 1345 1
525 1345 1
525 1345 1
525 1345 1
525 1345 1
525 1345 1
525 1345 1
525 1345 1
525 1343 1
525 1343 1
525 1342 1
525 1342 1
525 1342 1
525 1342 1
525 1342 1
525 1341 1
525 1341 1
525 1340 1
526 1337 1
527 1334 1
528 1327 1
529 1321 1
530 1310 1
530 1297 1
530 1286 1
529 1276 1
529 1267 1
528 1259 1
528 1253 1
528 1247 1
529 1240 1
529 1235 1
531 1229 1
532 1221 1
535 1212 1
539 1204 1
543 1195 1
548 1186 1
551 1179 1
555 1172 1
558 1165 1
561 1157 1
563 1152 1
565 1147 1
566 1143 1
568 1137 1
569 1132 1
573 1124 1
577 1118 1
581 1111 1
586 1105 1
591 1097 1
597 1089 1
602 1078 1
608 1066 1
612 1054 1
617 1043 1
619 1033 1
621 1022 1
622 1003 1
619 987 1
611 970 1
597 950 1
578 927 1
560 905 1
546 888 1
540 880 1
535 875 1
534 872 1
531 870 1
529 866 1
528 864 1
524 859 1
521 856 1
518 854 1
517 853 1
515 853 1
515 853 1
515 853 1
515 853 1
515 853 1
515 853 1
515 853 1
515 853 1
515 853 1
515 853 1
514 854 1
512 856 1
511 860 1
508 867 1
504 874 1
500 883 1
495 892 1
492 899 1
489 906 1
487 914 1
484 920 1
483 926 1
483 931 1
482 936 1
482 943 1
481 949 1
481 957 1
481 963 1
481 970 1
482 976 1
483 981 1
483 987 1
485 995 1
487 1004 1
490 1011 1
493 1020 1
497 1028 1
502 1036 1
506 1041 1
509 1048 1
512 1052 1
515 1055 1
517 1059 1
519 1062 1
520 1064 1
521 1068 1
521 1070 1
523 1074 1
524 1078 1
526 1084 1
530 1090 1
535 1098 1
539 1106 1
544 1112 1
549 1118 1
552 1122 1
555 1127 1
558 1130 1
560 1133 1
562 1135 1
563 1138 1
564 1140 1
565 1141 1
566 1143 1
566 1143 1
567 1144 1
567 1144 1
568 1145 1
569 1146 1
570 1148 1
572 1151 1
575 1156 1
581 1162 1
586 1167 1
589 1170 1
592 1173 1
595 1176 1
596 1178 1
598 1180 1
598 1181 1
600 1183 1
601 1184 1
602 1185 1
603 1187 1
604 1188 1
605 1189 1
606 1190 1
607 1192 1
608 1193 1
608 1194 1
609 1195 1
609 1196 1
609 1196 1
610 1198 1
610 1199 1
610 1200 1
612 1202 1
614 1207 1
617 1215 1
621 1222 1
624 1228 1
626 1232 1
628 1235 1
630 1240 1
631 1242 1
632 1244 1
633 1246 1
634 1249 1
634 1251 1
635 1254 1
634 1257 1
632 1260 1
630 1264 1
625 1269 1
618 1274 1
607 1283 1
596 1294 1
585 1306 1
577 1317 1
570 1324 1
566 1329 1
563 1333 1
561 1336 1
560 1337 1
558 1339 1
558 1339 1
558 1339 1
556 1337 1
554 1335 1
552 1332 1
549 1327 1
546 1319 1
542 1313 1
544 1316 0
746 1240 1
746 1240 1
746 1240 1
746 1240 1
746 1240 1
746 1240 1
746 1240 1
746 1240 1
746 1240 1
746 1240 1
746 1238 1
746 1238 1
747 1237 1
748 1235 1
752 1232 1
754 1229 1
756 1226 1
759 1224 1
760 1223 1
762 1220 1
763 1216 1
765 1209 1
766 1200 1
766 1191 1
767 1177 1
771 1163 1
779 1146 1
788 1130 1
797 1117 1
806 1106 1
812 1094 1
823 1076 1
831 1061 1
838 1049 1
844 1039 1
847 1033 1
850 1025 1
853 1018 1
857 1009 1
861 997 1
864 985 1
867 976 1
869 966 1
871 958 1
870 945 1
868 932 1
867 917 1
864 903 1
861 890 1
858 878 1
854 869 1
849 860 1
843 851 1
836 842 1
832 836 1
828 832 1
826 830 1
825 829 1
825 829 1
825 829 1
825 829 1
824 829 1
824 829 1
823 829 1
823 829 1
821 829 1
821 829 1
820 831 1
818 832 1
815 834 1
812 835 1
809 837 1
808 838 1
806 840 1
804 843 1
802 850 1
797 858 1
793 864 1
789 870 1
786 874 1
784 878 1
784 882 1
782 887 1
782 890 1
782 895 1
781 897 1
781 901 1
780 903 1
780 906 1
780 910 1
779 915 1
779 923 1
779 930 1
779 938 1
779 944 1
779 950 1
779 954 1
780 961 1
780 966 1
780 970 1
780 973 1
780 976 1
781 979 1
781 981 1
781 983 1
781 984 1
782 986 1
782 987 1
782 988 1
783 989 1
783 989 1
784 991 1
785 992 1
787 994 1
788 998 1
791 1002 1
796 1008 1
802 1014 1
807 1020 1
813 1025 1
819 1032 1
825 1038 1
830 1043 1
835 1048 1
839 1053 1
842 1056 1
844 1059 1
845 1060 1
846 1061 1
846 1061 1
846 1061 1
847 1062 1
849 1064 1
852 1065 1
858 1068 1
865 1073 1
873 1079 1
879 1085 1
885 1091 1
889 1094 1
894 1097 1
895 1099 1
897 1101 1
900 1102 1
901 1104 1
904 1107 1
908 1112 1
913 1120 1
924 1130 1
939 1141 1
953 1152 1
966 1161 1
976 1169 1
981 1176 1
986 1183 1
989 1187 1
991 1192 1
991 1194 1
993 1196 1
993 1196 1
993 1197 1
993 1197 1
993 1197 1
993 1198 1
993 1198 1
993 1198 1
993 1198 1
993 1198 1
988 1202 1
981 1209 1
968 1220 1
957 1228 1
950 1235 1
946 1238 1
943 1241 1
941 1244 1
937 1247 1
930 1251 1
921 1254 1
911 1258 1
904 1261 1
899 1262 1
896 1264 1
893 1265 1
891 1266 1
889 1267 1
886 1267 1
882 1268 1
875 1269 1
868 1269 1
859 1265 1
850 1260 1
839 1254 1
828 1246 1
818 1236 1
810 1224 1
802 1210 1
798 1193 1
796 1178 1
796 1163 1
794 1149 1
794 1138 1
792 1130 1
792 1124 1
790 1119 1
790 1116 1
790 1113 1
790 1112 1
790 1113 0
