992 593 1
992 593 1
992 593 1
992 593 1
992 593 1
992 593 1
992 593 1
992 593 1
992 593 1
992 593 1
992 593 1
992 593 1
992 593 1
992 593 1
992 593 1
992 593 1
992 593 1
992 593 1
992 593 1
992 593 1
992 593 1
992 593 1
992 593 1
992 593 1
992 593 1
992 593 1
992 593 1
992 593 1
992 593 1
992 593 1
992 593 1
992 593 1
992 593 1
992 593 1
992 593 1
992 593 1
992 593 1
992 593 1
992 593 1
992 593 1
992 593 1
992 593 1
992 593 1
992 593 1
992 593 1
991 592 1
991 592 1
991 592 1
990 590 1
990 590 1
989 591 1
989 591 1
989 589 1
988 590 1
988 590 1
988 590 1
988 590 1
988 590 1
988 590 1
988 591 1
988 591 1
985 595 1
984 599 1
981 605 1
979 609 1
977 614 1
975 617 1
975 619 1
975 621 1
974 624 1
974 626 1
974 628 1
975 631 1
975 633 1
975 635 1
975 637 1
973 639 1
974 641 1
974 641 1
974 641 1
974 641 1
974 643 1
975 643 1
975 645 1
975 645 1
975 647 1
975 647 1
975 648 1
975 648 1
975 648 1
976 650 1
976 653 1
977 659 1
978 670 1
978 682 1
978 692 1
979 700 1
979 705 1
980 710 1
981 715 1
981 724 1
979 734 1
980 746 1
980 756 1
980 763 1
980 769 1
980 772 1
981 775 1
981 779 1
981 783 1
981 786 1
981 788 1
982 791 1
982 792 1
982 794 1
983 795 1
983 796 1
983 797 1
984 798 1
984 799 1
984 800 1
985 801 1
986 801 1
987 803 1
988 804 1
989 806 1
990 807 1
991 808 1
991 809 1
991 810 1
992 811 1
993 812 1
994 813 1
994 815 1
995 818 1
995 819 1
995 820 1
995 821 1
995 821 1
995 821 1
995 821 1
995 821 1
993 825 1
990 837 1
986 847 1
981 855 1
978 861 1
975 866 1
974 870 1
972 874 1
973 876 1
971 879 1
972 881 1
970 884 1
970 890 1
969 895 1
967 899 1
967 902 1
967 905 1
966 908 1
964 912 1
963 919 1
960 926 1
957 932 1
954 938 1
952 942 1
951 944 1
951 947 1
950 948 1
948 950 1
948 950 1
948 951 1
947 951 1
945 952 1
945 952 1
945 953 1
944 953 1
944 953 1
944 953 1
944 953 1
944 953 1
944 953 1
944 953 1
944 953 1
944 953 1
944 953 1
944 953 1
944 953 1
944 953 1
943 953 1
943 953 1
940 953 1
932 953 1
917 953 1
902 953 1
891 951 1
884 952 1
879 952 1
875 951 1
872 951 1
870 949 1
870 950 1
870 950 1
870 950 1
870 950 1
870 950 1
870 950 1
870 950 1
870 950 1
870 950 1
870 950 1
870 950 1
870 950 1
870 950 1
870 950 1
870 950 1
870 950 1
870 950 1
870 950 1
870 950 1
870 950 1
870 950 1
870 950 1
870 950 1
870 950 1
870 950 1
870 950 1
870 950 1
870 950 1
870 950 1
870 950 1
869 948 1
867 946 1
865 943 1
864 938 1
862 933 1
862 928 1
860 925 1
859 921 1
857 916 1
857 914 1
855 911 1
855 908 1
853 903 1
854 899 1
853 895 1
853 890 1
853 887 1
853 885 1
853 883 1
853 881 1
853 881 1
853 881 1
853 881 1
853 881 1
853 881 1
853 881 1
853 881 1
853 881 1
853 881 1
853 880 1
854 880 1
854 879 1
854 879 1
854 879 1
854 878 1
854 875 1
853 874 1
853 872 1
851 866 1
851 857 1
847 835 1
844 817 1
842 800 1
842 785 1
841 769 1
841 753 1
841 736 1
841 723 1
842 713 1
842 707 1
844 703 1
844 701 1
845 699 1
845 699 1
846 700 1
846 700 1
846 700 1
846 700 1
847 700 1
847 700 1
848 700 1
849 700 1
850 701 1
852 701 1
852 702 1
854 703 1
854 703 1
856 704 1
857 705 1
857 705 1
858 707 1
859 709 1
861 712 1
863 719 1
868 729 1
871 745 1
876 760 1
880 776 1
883 790 1
885 805 1
886 820 1
885 837 1
882 855 1
879 875 1
873 899 1
867 925 1
859 949 1
853 971 1
847 991 1
844 1009 1
842 1025 1
843 1038 1
843 1048 1
844 1056 1
846 1061 1
847 1065 1
849 1068 1
850 1072 1
851 1075 1
852 1082 1
853 1093 1
853 1107 1
852 1126 1
850 1147 1
848 1166 1
846 1181 1
843 1191 1
842 1198 1
840 1204 1
840 1207 1
840 1210 1
838 1213 1
839 1212 0
700 636 1
699 635 1
699 635 1
699 635 1
699 635 1
699 635 1
699 635 1
699 635 1
699 635 1
699 635 1
699 635 1
699 635 1
699 635 1
699 635 1
699 635 1
699 635 1
699 635 1
699 635 1
699 635 1
699 635 1
699 635 1
699 635 1
699 635 1
699 635 1
699 635 1
697 635 1
697 635 1
695 634 1
693 633 1
691 634 1
687 637 1
685 640 1
683 644 1
682 647 1
680 651 1
680 654 1
680 657 1
680 660 1
678 665 1
679 669 1
679 674 1
679 680 1
679 687 1
679 694 1
679 703 1
679 712 1
680 722 1
680 733 1
680 743 1
681 753 1
681 761 1
683 767 1
683 773 1
685 778 1
687 782 1
688 785 1
689 788 1
689 791 1
691 795 1
692 798 1
693 801 1
694 805 1
696 808 1
697 810 1
698 814 1
700 815 1
701 816 1
703 818 1
704 819 1
706 820 1
708 821 1
711 823 1
713 824 1
716 825 1
717 826 1
719 828 1
722 830 1
724 833 1
727 838 1
731 845 1
734 852 1
737 858 1
739 862 1
741 867 1
742 872 1
743 876 1
743 881 1
744 887 1
744 891 1
745 896 1
745 900 1
745 904 1
745 907 1
745 911 1
744 915 1
744 918 1
743 921 1
741 924 1
742 926 1
740 930 1
739 931 1
740 932 1
738 933 1
738 934 1
738 935 1
737 936 1
735 937 1
735 937 1
733 938 1
733 939 1
731 940 1
729 941 1
728 941 1
726 942 1
726 942 1
724 943 1
723 943 1
721 944 1
719 945 1
713 950 1
704 957 1
695 965 1
685 973 1
679 979 1
674 984 1
670 987 1
667 990 1
666 991 1
664 992 1
664 992 1
664 992 1
664 992 1
664 992 1
664 992 1
664 992 1
664 992 1
664 992 1
664 992 1
662 992 1
662 991 1
662 989 1
661 989 1
659 989 1
659 987 1
659 987 1
658 984 1
656 983 1
654 981 1
653 977 1
650 970 1
645 960 1
639 951 1
634 941 1
629 934 1
626 926 1
621 918 1
617 903 1
613 886 1
609 869 1
607 857 1
605 849 1
606 844 1
604 839 1
605 836 1
605 834 1
605 832 1
606 832 1
606 831 1
607 831 1
608 831 1
609 831 1
610 831 1
612 833 1
619 840 1
630 853 1
641 868 1
650 881 1
658 892 1
663 903 1
669 915 1
674 929 1
680 951 1
682 966 1
683 984 1
684 1003 1
684 1023 1
684 1040 1
684 1052 1
684 1063 1
683 1070 1
683 1077 1
683 1082 1
684 1087 1
684 1091 1
685 1095 1
686 1100 1
687 1104 1
689 1109 1
690 1114 1
691 1117 1
692 1120 1
693 1123 1
694 1136 1
695 1151 1
695 1172 1
692 1191 1
685 1203 1
680 1211 1
675 1216 1
670 1220 1
666 1222 1
662 1223 1
659 1224 1
656 1224 1
653 1224 1
652 1224 1
653 1224 0
542 653 1
541 651 1
541 648 1
540 644 1
540 642 1
540 641 1
538 639 1
538 639 1
538 639 1
538 639 1
538 639 1
538 639 1
538 639 1
538 639 1
538 639 1
538 639 1
538 639 1
538 639 1
538 639 1
538 639 1
538 639 1
538 639 1
538 639 1
538 639 1
538 639 1
538 639 1
538 639 1
538 639 1
538 639 1
538 639 1
538 639 1
538 639 1
538 639 1
538 639 1
538 639 1
538 639 1
538 639 1
538 639 1
538 639 1
536 640 1
534 641 1
532 641 1
529 642 1
526 642 1
525 642 1
522 643 1
521 644 1
519 646 1
519 650 1
517 655 1
517 663 1
517 674 1
518 684 1
518 694 1
520 705 1
521 715 1
524 726 1
526 736 1
528 744 1
529 752 1
530 759 1
530 767 1
530 775 1
531 783 1
532 790 1
535 799 1
537 808 1
540 818 1
542 827 1
544 835 1
545 841 1
546 846 1
546 849 1
546 852 1
546 854 1
546 856 1
546 856 1
546 856 1
546 858 1
546 859 1
546 862 1
546 869 1
547 878 1
548 888 1
549 897 1
549 905 1
549 913 1
550 919 1
550 923 1
550 928 1
551 933 1
551 936 1
551 941 1
552 945 1
552 953 1
554 959 1
555 967 1
557 975 1
561 981 1
564 988 1
569 994 1
574 1000 1
578 1005 1
580 1010 1
583 1013 1
584 1016 1
585 1018 1
585 1019 1
585 1020 1
585 1020 1
585 1020 1
585 1021 1
585 1021 1
585 1023 1
585 1027 1
583 1032 1
584 1037 1
583 1042 1
582 1045 1
582 1049 1
581 1051 1
581 1053 1
579 1055 1
579 1056 1
579 1057 1
577 1058 1
575 1059 1
574 1059 1
572 1060 1
571 1061 1
569 1062 1
564 1063 1
558 1064 1
552 1065 1
547 1066 1
543 1067 1
540 1068 1
537 1069 1
536 1070 1
534 1071 1
534 1071 1
532 1072 1
531 1072 1
528 1073 1
518 1073 1
509 1073 1
499 1071 1
489 1072 1
479 1070 1
467 1069 1
455 1067 1
445 1066 1
437 1063 1
433 1061 1
428 1058 1
424 1056 1
423 1056 1
421 1056 1
421 1054 1
419 1054 1
420 1052 1
420 1052 1
420 1051 1
420 1049 1
420 1049 1
421 1047 1
421 1047 1
421 1045 1
422 1043 1
422 1041 1
423 1037 1
423 1029 1
423 1022 1
422 1012 1
422 1003 1
421 995 1
419 988 1
417 980 1
415 972 1
411 965 1
408 959 1
406 954 1
405 950 1
405 948 1
404 946 1
404 944 1
404 941 1
404 936 1
404 923 1
404 909 1
404 894 1
406 882 1
409 872 1
412 861 1
416 851 1
421 842 1
425 835 1
430 830 1
433 827 1
438 825 1
443 823 1
446 824 1
451 824 1
453 825 1
454 825 1
456 827 1
457 827 1
458 830 1
459 832 1
460 837 1
460 846 1
462 859 1
464 878 1
467 896 1
471 911 1
472 923 1
474 933 1
475 943 1
476 953 1
476 965 1
477 978 1
477 999 1
477 1020 1
477 1047 1
478 1073 1
478 1100 1
476 1127 1
474 1155 1
474 1179 1
474 1200 1
474 1220 1
472 1239 1
470 1255 1
467 1272 1
463 1287 1
458 1301 1
454 1311 1
450 1320 1
447 1324 1
449 1322 0
310 698 1
310 698 1
310 698 1
310 698 1
310 698 1
310 698 1
310 698 1
310 698 1
310 698 1
310 698 1
310 698 1
310 698 1
310 698 1
310 698 1
310 698 1
310 698 1
310 698 1
310 698 1
309 696 1
309 696 1
308 697 1
306 701 1
304 710 1
302 722 1
300 735 1
298 745 1
297 751 1
295 756 1
294 759 1
294 761 1
294 764 1
293 767 1
294 771 1
294 778 1
294 787 1
294 799 1
295 809 1
295 822 1
296 838 1
297 854 1
298 877 1
300 889 1
301 900 1
302 909 1
303 915 1
304 918 1
305 919 1
305 920 1
305 920 1
305 920 1
305 920 1
305 920 1
305 920 1
305 920 1
305 921 1
306 923 1
307 927 1
308 935 1
310 944 1
311 956 1
314 969 1
320 983 1
327 997 1
332 1008 1
336 1017 1
339 1023 1
340 1027 1
341 1029 1
341 1030 1
341 1031 1
341 1031 1
341 1031 1
341 1031 1
341 1031 1
341 1031 1
341 1031 1
341 1031 1
341 1031 1
341 1031 1
341 1031 1
341 1031 1
341 1031 1
341 1031 1
341 1031 1
341 1031 1
341 1031 1
341 1031 1
341 1031 1
341 1031 1
341 1031 1
341 1031 1
341 1031 1
341 1031 1
341 1031 1
341 1031 1
341 1032 1
340 1034 1
339 1038 1
337 1048 1
336 1070 1
336 1089 1
334 1109 1
332 1124 1
331 1136 1
329 1146 1
328 1153 1
326 1159 1
326 1163 1
324 1166 1
324 1168 1
323 1168 1
323 1169 1
322 1169 1
322 1169 1
322 1169 1
322 1169 1
320 1168 1
320 1168 1
318 1167 1
315 1165 1
311 1164 1
307 1165 1
304 1163 1
300 1163 1
297 1163 1
295 1162 1
292 1162 1
286 1162 1
272 1160 1
257 1160 1
240 1160 1
228 1159 1
220 1159 1
213 1158 1
209 1158 1
204 1156 1
202 1157 1
199 1157 1
199 1156 1
199 1156 1
199 1156 1
199 1156 1
198 1155 1
196 1152 1
190 1139 1
186 1129 1
181 1121 1
179 1115 1
177 1110 1
177 1106 1
175 1103 1
176 1101 1
176 1099 1
177 1098 1
177 1098 1
178 1097 1
178 1095 1
179 1094 1
180 1093 1
182 1091 1
186 1079 1
193 1059 1
200 1032 1
204 1008 1
206 986 1
208 972 1
209 963 1
209 957 1
210 952 1
210 949 1
211 945 1
211 944 1
211 942 1
211 942 1
211 942 1
212 943 1
212 943 1
213 943 1
214 943 1
217 944 1
223 947 1
231 956 1
236 965 1
242 974 1
246 982 1
250 991 1
252 1000 1
255 1020 1
255 1034 1
255 1048 1
254 1066 1
252 1086 1
252 1105 1
250 1125 1
247 1148 1
243 1170 1
238 1190 1
232 1210 1
227 1227 1
218 1243 1
210 1257 1
203 1268 1
193 1286 1
179 1308 1
162 1334 1
150 1354 1
156 1345 0
