98 1479 1
98 1479 1
98 1479 1
98 1479 1
98 1479 1
98 1479 1
98 1479 1
98 1479 1
98 1479 1
98 1479 1
98 1479 1
98 1479 1
98 1479 1
98 1479 1
98 1479 1
96 1477 1
96 1477 1
97 1474 1
97 1472 1
97 1469 1
97 1467 1
97 1464 1
97 1460 1
97 1454 1
97 1445 1
96 1435 1
96 1426 1
96 1418 1
96 1411 1
96 1405 1
96 1397 1
95 1391 1
95 1385 1
95 1379 1
95 1373 1
95 1367 1
95 1363 1
95 1359 1
95 1356 1
95 1353 1
95 1350 1
95 1347 1
95 1344 1
95 1340 1
96 1335 1
96 1331 1
97 1325 1
98 1317 1
98 1308 1
98 1299 1
99 1289 1
99 1279 1
99 1270 1
100 1261 1
100 1251 1
100 1242 1
100 1232 1
101 1221 1
102 1209 1
103 1199 1
104 1187 1
106 1177 1
109 1166 1
113 1155 1
116 1144 1
120 1135 1
123 1125 1
127 1118 1
130 1112 1
134 1107 1
138 1102 1
142 1097 1
145 1094 1
151 1089 1
156 1085 1
160 1082 1
167 1077 1
173 1071 1
181 1064 1
190 1055 1
198 1047 1
204 1039 1
211 1029 1
214 1021 1
220 1002 1
222 991 1
225 981 1
226 969 1
227 955 1
227 943 1
227 928 1
226 914 1
224 900 1
223 877 1
220 862 1
213 847 1
207 832 1
202 819 1
198 808 1
192 799 1
187 789 1
183 781 1
179 775 1
175 768 1
172 763 1
170 758 1
168 756 1
166 753 1
164 749 1
163 748 1
162 746 1
162 746 1
162 744 1
161 745 1
161 745 1
161 745 1
161 745 1
161 745 1
159 747 1
157 756 1
158 763 1
157 768 1
156 772 1
154 776 1
154 778 1
154 780 1
152 781 1
150 782 1
149 782 1
147 784 1
145 786 1
142 793 1
136 802 1
133 811 1
128 825 1
129 842 1
129 869 1
131 904 1
137 941 1
142 965 1
145 986 1
147 997 1
149 1007 1
150 1013 1
150 1018 1
150 1023 1
150 1025 1
150 1027 1
150 1027 1
150 1028 1
150 1028 1
150 1028 1
148 1029 1
149 1032 1
150 1051 1
152 1073 1
157 1093 1
162 1105 1
165 1113 1
166 1120 1
168 1126 1
169 1131 1
171 1143 1
179 1155 1
189 1171 1
196 1183 1
201 1190 1
204 1196 1
206 1201 1
209 1205 1
214 1217 1
221 1231 1
227 1245 1
232 1258 1
235 1267 1
240 1278 1
242 1289 1
245 1299 1
247 1314 1
251 1330 1
255 1347 1
261 1365 1
265 1381 1
268 1392 1
270 1400 1
271 1404 1
272 1408 1
272 1411 1
272 1414 1
271 1418 1
271 1422 1
269 1426 1
268 1428 1
265 1431 1
262 1432 1
259 1433 1
257 1434 1
255 1435 1
252 1436 1
251 1436 1
249 1438 1
248 1438 1
248 1438 1
247 1439 1
247 1439 1
247 1439 1
247 1439 1
247 1439 1
249 1440 1
250 1441 1
253 1442 1
254 1443 1
257 1444 1
258 1444 1
261 1445 1
263 1445 1
265 1446 1
265 1446 1
266 1446 1
266 1446 1
266 1446 1
266 1446 1
266 1446 1
266 1444 1
266 1442 1
266 1437 1
267 1426 1
270 1410 1
275 1387 1
284 1363 1
292 1339 1
301 1320 1
309 1303 1
316 1288 1
321 1276 1
326 1265 1
329 1260 1
333 1256 1
336 1253 1
338 1252 1
341 1250 1
342 1249 1
345 1249 1
346 1247 1
348 1245 1
349 1244 1
349 1239 1
347 1231 1
344 1219 1
337 1201 1
333 1186 1
329 1173 1
327 1163 1
325 1156 1
325 1149 1
323 1145 1
324 1142 1
324 1137 1
324 1132 1
324 1124 1
324 1111 1
324 1095 1
325 1074 1
328 1051 1
332 1029 1
336 1010 1
339 997 1
340 988 1
342 978 1
342 966 1
342 951 1
342 932 1
342 912 1
343 893 1
343 880 1
345 869 1
345 862 1
347 856 1
347 848 1
348 838 1
347 826 1
347 814 1
344 803 1
343 796 1
341 790 1
341 785 1
339 782 1
338 780 1
336 778 1
336 776 1
334 776 1
334 775 1
334 775 1
334 775 1
334 775 1
334 775 1
334 775 1
334 775 1
334 775 1
334 775 1
334 775 1
334 776 1
332 777 1
329 782 1
323 787 1
317 792 1
310 797 1
303 802 1
297 806 1
290 813 1
283 820 1
277 827 1
272 834 1
267 839 1
262 848 1
257 864 1
255 883 1
253 903 1
255 920 1
258 936 1
262 952 1
266 967 1
273 982 1
280 995 1
286 1007 1
292 1016 1
299 1027 1
305 1036 1
311 1046 1
319 1059 1
329 1073 1
341 1089 1
354 1105 1
364 1119 1
374 1133 1
384 1146 1
394 1159 1
402 1171 1
406 1180 1
410 1185 1
411 1189 1
411 1191 1
411 1192 1
411 1192 1
411 1192 1
411 1193 1
411 1193 1
410 1193 1
410 1194 1
408 1195 1
406 1199 1
403 1205 1
400 1213 1
397 1228 1
395 1243 1
395 1262 1
395 1282 1
396 1303 1
397 1322 1
399 1338 1
400 1352 1
402 1367 1
402 1380 1
403 1393 1
403 1402 1
404 1411 1
405 1421 1
406 1428 1
409 1437 1
410 1446 1
412 1454 1
412 1462 1
413 1470 1
413 1476 1
413 1479 1
410 1483 1
410 1484 1
408 1486 1
408 1486 1
409 1487 1
409 1487 1
409 1487 1
409 1487 1
409 1487 1
409 1487 1
409 1487 1
409 1487 1
409 1487 1
409 1487 1
409 1487 1
409 1487 1
409 1487 1
410 1483 1
412 1478 1
417 1472 1
419 1464 1
423 1456 1
425 1447 1
427 1437 1
429 1428 1
431 1419 1
434 1409 1
436 1403 1
438 1395 1
441 1388 1
443 1382 1
446 1373 1
448 1365 1
450 1358 1
454 1350 1
457 1342 1
459 1334 1
461 1324 1
463 1311 1
465 1297 1
467 1283 1
468 1269 1
468 1257 1
467 1243 1
467 1229 1
465 1214 1
463 1198 1
459 1179 1
453 1157 1
445 1134 1
439 1114 1
435 1101 1
433 1091 1
430 1084 1
427 1075 1
423 1062 1
418 1041 1
416 1013 1
418 982 1
424 955 1
432 936 1
442 919 1
452 904 1
463 887 1
474 870 1
482 853 1
489 839 1
492 830 1
495 823 1
497 817 1
499 812 1
501 804 1
501 797 1
502 790 1
502 783 1
500 779 1
500 775 1
500 773 1
499 771 1
497 768 1
497 768 1
497 767 1
497 767 1
497 767 1
496 766 1
496 766 1
496 766 1
496 766 1
496 766 1
494 766 1
491 768 1
485 773 1
476 779 1
466 787 1
456 796 1
445 806 1
435 816 1
427 825 1
419 834 1
413 840 1
408 849 1
402 859 1
394 873 1
387 888 1
381 902 1
375 918 1
370 933 1
366 952 1
364 971 1
364 989 1
364 1010 1
366 1031 1
370 1054 1
376 1081 1
382 1105 1
388 1127 1
396 1144 1
403 1163 1
410 1178 1
418 1192 1
423 1206 1
430 1220 1
437 1233 1
444 1246 1
450 1257 1
454 1266 1
459 1276 1
462 1287 1
467 1300 1
473 1315 1
479 1328 1
485 1340 1
492 1353 1
500 1367 1
508 1380 1
516 1393 1
524 1405 1
530 1417 1
536 1426 1
541 1436 1
548 1447 1
553 1456 1
557 1466 1
560 1473 1
563 1481 1
564 1486 1
566 1491 1
566 1493 1
565 1495 1
565 1496 1
564 1496 1
564 1497 1
564 1497 1
564 1497 1
564 1497 1
564 1497 1
564 1497 1
564 1497 1
564 1497 1
564 1495 1
564 1495 1
563 1496 1
563 1495 1
563 1493 1
562 1492 1
560 1489 1
559 1485 1
557 1479 1
555 1471 1
552 1460 1
549 1447 1
547 1433 1
544 1420 1
541 1406 1
538 1392 1
535 1377 1
532 1360 1
530 1345 1
528 1331 1
526 1320 1
525 1309 1
523 1295 1
523 1278 1
521 1258 1
519 1239 1
517 1221 1
515 1206 1
513 1192 1
513 1180 1
513 1169 1
510 1155 1
509 1142 1
507 1129 1
507 1116 1
505 1102 1
505 1090 1
503 1077 1
504 1068 1
504 1059 1
504 1052 1
505 1047 1
506 1040 1
507 1033 1
510 1023 1
515 1008 1
521 993 1
529 978 1
535 964 1
541 950 1
544 938 1
549 924 1
551 912 1
553 903 1
554 891 1
556 879 1
556 867 1
556 853 1
556 839 1
556 826 1
555 813 1
555 801 1
555 790 1
554 780 1
552 773 1
551 766 1
549 760 1
549 756 1
547 753 1
547 751 1
547 749 1
547 748 1
547 748 1
547 748 1
547 748 1
547 748 1
547 748 1
547 748 1
547 748 1
547 748 1
547 750 1
545 752 1
543 758 1
539 768 1
533 780 1
526 794 1
520 808 1
514 821 1
508 832 1
502 845 1
498 858 1
493 872 1
490 887 1
487 901 1
486 917 1
486 934 1
485 954 1
487 976 1
493 1000 1
500 1024 1
508 1047 1
515 1068 1
522 1087 1
528 1104 1
533 1119 1
536 1135 1
541 1150 1
544 1163 1
545 1173 1
546 1182 1
545 1188 1
545 1193 1
544 1198 1
545 1204 1
548 1215 1
551 1226 1
554 1239 1
554 1248 1
555 1256 1
555 1261 1
553 1265 1
554 1271 1
552 1281 1
548 1298 1
542 1315 1
539 1326 1
536 1334 1
534 1340 1
535 1343 1
535 1348 1
536 1353 1
539 1359 1
543 1368 1
548 1377 1
553 1385 1
559 1393 1
566 1403 1
572 1414 1
578 1426 1
585 1438 1
590 1450 1
596 1462 1
601 1472 1
603 1478 1
606 1484 1
608 1488 1
609 1490 1
610 1492 1
610 1493 1
611 1494 1
611 1494 1
611 1494 1
611 1494 1
611 1494 1
611 1494 1
611 1494 1
611 1494 1
611 1494 1
611 1490 1
611 1485 1
612 1479 1
612 1469 1
612 1457 1
612 1441 1
612 1421 1
612 1401 1
612 1379 1
610 1358 1
609 1338 1
605 1320 1
600 1299 1
597 1278 1
595 1260 1
593 1244 1
593 1229 1
591 1215 1
592 1201 1
593 1192 1
594 1185 1
595 1180 1
596 1176 1
597 1174 1
598 1172 1
599 1171 1
600 1171 1
601 1169 1
601 1169 1
603 1165 1
605 1160 1
608 1153 1
612 1143 1
616 1131 1
621 1117 1
625 1104 1
628 1089 1
631 1075 1
634 1063 1
636 1055 1
639 1049 1
640 1045 1
642 1043 1
643 1041 1
645 1039 1
646 1039 1
648 1037 1
649 1037 1
649 1037 1
649 1036 1
649 1034 1
650 1031 1
650 1028 1
651 1022 1
650 1014 1
650 1006 1
649 998 1
647 990 1
647 982 1
646 974 1
645 958 1
645 950 1
646 942 1
648 933 1
651 922 1
655 909 1
658 898 1
661 887 1
663 880 1
665 872 1
669 866 1
672 862 1
674 856 1
676 853 1
678 850 1
679 848 1
680 845 1
680 842 1
681 836 1
680 829 1
680 821 1
675 811 1
671 801 1
666 790 1
661 780 1
657 772 1
655 768 1
653 765 1
653 764 1
651 762 1
651 762 1
651 762 1
651 762 1
651 762 1
651 762 1
651 762 1
651 762 1
651 762 1
651 762 1
651 762 1
648 763 1
645 765 1
639 771 1
629 779 1
621 787 1
613 796 1
606 806 1
601 817 1
596 826 1
593 835 1
591 844 1
589 854 1
589 866 1
589 880 1
590 894 1
592 910 1
595 926 1
597 944 1
600 964 1
602 983 1
606 1005 1
612 1029 1
620 1053 1
630 1076 1
639 1098 1
647 1116 1
654 1133 1
659 1152 1
661 1170 1
663 1184 1
664 1195 1
664 1202 1
663 1206 1
661 1209 1
661 1210 1
660 1212 1
660 1212 1
660 1212 1
658 1213 1
658 1213 1
657 1213 1
657 1215 1
655 1220 1
656 1226 1
657 1234 1
661 1244 1
664 1254 1
670 1267 1
678 1281 1
687 1299 1
698 1316 1
708 1331 1
714 1343 1
719 1354 1
723 1364 1
727 1372 1
730 1380 1
732 1388 1
734 1395 1
735 1399 1
736 1402 1
737 1406 1
738 1409 1
741 1414 1
742 1419 1
744 1425 1
745 1431 1
747 1437 1
748 1444 1
750 1448 1
751 1453 1
752 1455 1
752 1459 1
752 1460 1
753 1462 1
753 1463 1
753 1464 1
753 1464 1
753 1464 1
753 1464 1
753 1465 1
753 1465 1
753 1465 1
753 1465 1
753 1465 1
753 1465 1
753 1465 1
753 1465 1
753 1465 1
753 1465 1
753 1465 1
753 1465 1
753 1465 1
753 1465 1
753 1465 1
753 1465 1
753 1465 1
753 1465 1
753 1465 1
753 1465 1
753 1465 1
753 1465 1
753 1465 1
753 1465 1
753 1465 1
753 1465 1
753 1465 1
753 1465 1
753 1465 1
753 1465 1
753 1465 1
753 1465 1
753 1465 1
753 1465 1
753 1465 1
753 1465 1
753 1465 1
753 1465 1
753 1465 1
753 1465 1
753 1465 1
753 1465 1
754 1462 1
758 1456 1
763 1445 1
770 1429 1
778 1412 1
782 1400 1
787 1388 1
790 1372 1
790 1354 1
787 1336 1
781 1315 1
773 1290 1
765 1268 1
757 1244 1
752 1223 1
747 1203 1
743 1186 1
742 1173 1
740 1160 1
740 1150 1
738 1142 1
739 1131 1
739 1121 1
739 1108 1
740 1097 1
740 1085 1
741 1075 1
741 1066 1
741 1058 1
741 1050 1
740 1043 1
738 1034 1
736 1023 1
733 1012 1
732 1000 1
732 989 1
734 980 1
738 972 1
742 965 1
745 959 1
749 953 1
753 943 1
757 933 1
764 921 1
770 908 1
777 897 1
784 885 1
787 872 1
787 859 1
784 847 1
783 835 1
781 825 1
780 817 1
777 806 1
774 794 1
769 782 1
761 766 1
756 753 1
752 742 1
749 733 1
745 725 1
739 715 1
728 702 1
715 688 1
704 676 1
699 670 1
694 667 1
691 664 1
691 664 1
689 664 1
689 664 1
688 664 1
688 664 1
688 664 1
688 664 1
688 664 1
688 671 1
686 681 1
684 689 1
684 696 1
685 704 1
686 720 1
686 744 1
685 779 1
682 812 1
681 833 1
681 851 1
683 862 1
687 876 1
692 893 1
696 913 1
700 933 1
703 950 1
705 961 1
708 968 1
711 974 1
715 984 1
722 1000 1
727 1022 1
730 1038 1
733 1051 1
734 1057 1
735 1062 1
736 1070 1
739 1079 1
743 1095 1
748 1111 1
753 1125 1
758 1136 1
763 1145 1
770 1157 1
778 1167 1
785 1179 1
791 1190 1
796 1201 1
801 1210 1
806 1219 1
810 1227 1
815 1234 1
820 1243 1
824 1252 1
829 1261 1
835 1271 1
839 1282 1
845 1293 1
850 1302 1
855 1310 1
860 1318 1
864 1326 1
869 1334 1
873 1339 1
877 1346 1
884 1353 1
890 1362 1
896 1370 1
901 1378 1
905 1385 1
907 1389 1
909 1392 1
910 1394 1
910 1396 1
910 1397 1
911 1397 1
911 1397 1
911 1397 1
911 1397 1
911 1397 1
911 1397 1
911 1397 1
911 1397 1
911 1397 1
911 1397 1
911 1397 1
911 1397 1
911 1397 1
911 1397 1
910 1395 1
907 1387 1
899 1372 1
890 1351 1
880 1328 1
871 1304 1
864 1283 1
861 1266 1
861 1253 1
861 1247 1
861 1241 1
861 1238 1
861 1237 1
861 1234 1
859 1232 1
856 1228 1
853 1221 1
851 1213 1
849 1203 1
847 1193 1
845 1179 1
842 1162 1
836 1143 1
833 1122 1
830 1102 1
830 1085 1
830 1073 1
830 1064 1
828 1057 1
828 1052 1
826 1046 1
826 1040 1
826 1034 1
828 1027 1
829 1023 1
831 1019 1
832 1014 1
833 1006 1
835 997 1
837 986 1
842 976 1
847 968 1
852 961 1
855 955 1
858 947 1
861 938 1
864 927 1
868 918 1
872 910 1
875 905 1
877 902 1
879 899 1
880 897 1
881 893 1
881 891 1
882 884 1
883 875 1
885 866 1
886 858 1
888 850 1
889 842 1
890 833 1
891 820 1
892 806 1
893 793 1
894 783 1
895 774 1
896 766 1
896 758 1
897 749 1
895 739 1
895 732 1
892 724 1
889 717 1
886 708 1
880 701 1
877 697 1
874 692 1
869 687 1
862 681 1
853 672 1
842 664 1
835 658 1
829 655 1
826 653 1
823 651 1
820 652 1
818 652 1
815 652 1
813 652 1
811 652 1
811 652 1
811 652 1
810 652 1
807 653 1
805 658 1
802 667 1
799 682 1
799 703 1
799 727 1
800 754 1
804 779 1
811 802 1
819 826 1
828 847 1
834 870 1
837 891 1
838 909 1
835 924 1
832 934 1
830 942 1
828 946 1
828 949 1
827 951 1
827 954 1
827 955 1
828 958 1
828 961 1
830 966 1
833 973 1
835 980 1
838 987 1
842 996 1
845 1011 1
846 1029 1
844 1047 1
841 1059 1
838 1067 1
836 1071 1
834 1073 1
833 1076 1
834 1078 1
835 1080 1
835 1082 1
836 1084 1
837 1086 1
839 1089 1
840 1093 1
844 1099 1
849 1105 1
853 1114 1
859 1127 1
867 1144 1
875 1162 1
883 1179 1
890 1192 1
894 1201 1
899 1209 1
902 1214 1
906 1220 1
909 1225 1
910 1227 1
912 1230 1
913 1231 1
914 1233 1
914 1234 1
915 1234 1
915 1234 1
916 1236 1
918 1242 1
922 1250 1
927 1261 1
931 1271 1
935 1277 1
937 1284 1
940 1287 1
941 1290 1
942 1292 1
943 1294 1
945 1296 1
945 1297 1
946 1298 1
946 1298 1
946 1298 1
946 1298 1
946 1298 1
946 1298 1
946 1298 1
946 1298 1
946 1298 1
946 1298 1
946 1298 1
946 1298 1
946 1298 1
946 1298 1
946 1298 1
946 1298 1
946 1296 1
949 1290 1
952 1284 1
956 1276 1
958 1270 1
960 1265 1
961 1261 1
962 1257 1
960 1250 1
957 1242 1
954 1231 1
952 1219 1
952 1204 1
954 1189 1
957 1175 1
959 1165 1
961 1154 1
962 1143 1
964 1132 1
967 1121 1
970 1111 1
972 1100 1
974 1089 1
975 1075 1
975 1061 1
975 1047 1
973 1032 1
971 1015 1
970 997 1
970 981 1
968 964 1
968 945 1
965 928 1
964 915 1
964 905 1
963 899 1
963 894 1
963 891 1
963 889 1
963 889 1
961 887 1
961 885 1
961 880 1
958 874 1
957 867 1
958 859 1
959 850 1
962 841 1
962 831 1
964 821 1
964 812 1
964 802 1
965 794 1
966 785 1
968 777 1
969 769 1
970 757 1
970 741 1
968 724 1
968 708 1
965 691 1
961 667 1
958 641 1
957 617 1
958 599 1
961 589 1
962 584 1
963 579 1
962 577 1
960 574 1
959 573 1
956 571 1
951 572 1
943 572 1
933 575 1
925 578 1
920 581 1
916 586 1
912 595 1
907 609 1
904 625 1
903 645 1
903 666 1
903 691 1
905 719 1
903 751 1
901 778 1
896 798 1
894 815 1
891 831 1
890 850 1
890 869 1
892 889 1
906 931 1
917 955 1
928 978 1
940 1003 1
952 1027 1
963 1052 1
973 1075 1
981 1094 1
988 1111 1
994 1123 1
998 1132 1
1001 1141 1
1003 1148 1
1005 1153 1
1006 1156 1
1007 1158 1
1007 1160 1
1008 1161 1
1009 1164 1
1012 1169 1
1018 1177 1
1016 1174 0
