697 507 1
696 507 1
694 507 1
692 509 1
689 511 1
682 517 1
669 529 1
651 544 1
629 565 1
605 588 1
577 614 1
549 644 1
509 686 1
486 714 1
460 746 1
433 783 1
409 819 1
389 852 1
370 882 1
351 914 1
335 948 1
322 982 1
310 1017 1
298 1052 1
292 1086 1
289 1116 1
289 1140 1
291 1161 1
296 1181 1
304 1196 1
314 1209 1
330 1222 1
350 1236 1
375 1245 1
404 1252 1
434 1252 1
463 1249 1
493 1242 1
526 1234 1
558 1225 1
590 1210 1
622 1193 1
649 1173 1
675 1150 1
698 1124 1
721 1096 1
743 1065 1
764 1032 1
783 997 1
804 960 1
824 920 1
844 879 1
862 838 1
878 794 1
892 753 1
905 713 1
916 679 1
923 646 1
925 617 1
924 591 1
920 567 1
915 546 1
909 528 1
901 513 1
890 501 1
876 491 1
857 483 1
834 480 1
805 480 1
769 490 1
731 502 1
693 517 1
657 536 1
621 560 1
587 590 1
556 623 1
526 661 1
497 698 1
471 735 1
446 768 1
422 801 1
402 833 1
383 865 1
364 900 1
345 934 1
329 967 1
315 998 1
303 1026 1
295 1051 1
288 1078 1
287 1103 1
287 1125 1
291 1144 1
299 1164 1
311 1184 1
326 1201 1
346 1218 1
374 1234 1
409 1245 1
448 1247 1
491 1242 1
530 1231 1
572 1213 1
615 1192 1
658 1169 1
703 1143 1
742 1117 1
783 1088 1
819 1056 1
854 1023 1
881 988 1
905 950 1
926 909 1
943 868 1
958 826 1
968 785 1
975 745 1
979 704 1
983 664 1
984 626 1
980 594 1
976 568 1
969 548 1
960 531 1
947 517 1
930 506 1
905 498 1
873 496 1
835 500 1
796 511 1
756 527 1
712 549 1
666 575 1
616 605 1
567 639 1
527 674 1
489 712 1
453 754 1
424 790 1
400 822 1
380 853 1
362 885 1
348 921 1
336 957 1
327 990 1
322 1021 1
319 1050 1
321 1078 1
325 1103 1
331 1123 1
339 1142 1
354 1160 1
373 1177 1
401 1191 1
432 1199 1
468 1202 1
507 1191 1
549 1175 1
593 1146 1
640 1114 1
685 1078 1
728 1044 1
765 1012 1
800 977 1
835 939 1
870 900 1
902 861 1
929 818 1
950 776 1
965 734 1
975 695 1
980 657 1
982 623 1
981 592 1
975 565 1
967 541 1
956 524 1
942 509 1
913 498 1
873 493 1
826 495 1
771 506 1
712 524 1
654 549 1
600 577 1
555 607 1
508 642 1
462 680 1
421 721 1
385 762 1
359 799 1
340 835 1
327 867 1
318 896 1
311 922 1
308 947 1
306 971 1
306 992 1
308 1014 1
311 1037 1
317 1060 1
326 1082 1
338 1104 1
354 1124 1
378 1138 1
406 1150 1
434 1154 1
461 1155 1
491 1148 1
527 1134 1
573 1112 1
626 1081 1
681 1044 1
730 1003 1
778 960 1
822 917 1
865 874 1
900 828 1
929 784 1
950 744 1
964 706 1
974 671 1
980 638 1
983 606 1
982 577 1
979 552 1
971 531 1
960 513 1
943 500 1
910 491 1
863 490 1
805 501 1
740 518 1
681 543 1
626 572 1
572 613 1
516 664 1
464 714 1
425 757 1
389 797 1
360 835 1
336 870 1
317 903 1
303 936 1
293 969 1
285 1000 1
281 1030 1
280 1057 1
282 1084 1
292 1110 1
307 1138 1
335 1164 1
368 1184 1
408 1197 1
451 1201 1
497 1195 1
546 1179 1
598 1155 1
648 1124 1
699 1090 1
749 1053 1
798 1015 1
845 972 1
883 921 1
914 870 1
934 820 1
951 774 1
962 734 1
971 693 1
981 651 1
986 610 1
989 572 1
987 544 1
982 522 1
969 508 1
949 500 1
914 499 1
848 509 1
768 529 1
686 559 1
613 589 1
543 629 1
484 671 1
432 714 1
391 755 1
356 797 1
329 837 1
309 873 1
295 907 1
286 941 1
282 973 1
282 1003 1
284 1034 1
292 1065 1
304 1097 1
320 1125 1
340 1152 1
370 1175 1
408 1192 1
454 1199 1
509 1188 1
573 1165 1
633 1131 1
690 1091 1
737 1049 1
779 1007 1
816 966 1
851 921 1
885 873 1
914 824 1
941 773 1
960 726 1
972 682 1
975 650 1
974 620 1
966 593 1
950 568 1
928 547 1
890 534 1
838 527 1
769 543 1
693 567 1
614 607 1
544 655 1
481 708 1
431 758 1
391 802 1
363 838 1
343 869 1
331 899 1
322 929 1
318 959 1
318 989 1
320 1018 1
327 1044 1
336 1070 1
353 1097 1
376 1120 1
404 1139 1
439 1150 1
482 1156 1
541 1147 1
613 1124 1
686 1091 1
751 1053 1
807 1009 1
852 963 1
890 919 1
918 874 1
944 827 1
969 779 1
988 729 1
1003 681 1
1014 631 1
1020 587 1
1019 551 1
1012 523 1
995 504 1
968 491 1
918 493 1
852 505 1
768 539 1
682 585 1
599 637 1
524 693 1
458 749 1
404 803 1
361 853 1
330 899 1
303 945 1
288 986 1
279 1022 1
273 1056 1
276 1087 1
283 1119 1
300 1149 1
322 1179 1
354 1201 1
396 1218 1
441 1228 1
494 1229 1
554 1218 1
622 1190 1
691 1151 1
760 1098 1
823 1041 1
878 981 1
917 924 1
948 867 1
968 813 1
984 766 1
993 725 1
997 687 1
996 649 1
986 616 1
968 584 1
938 562 1
891 545 1
821 548 1
750 562 1
668 596 1
579 634 1
501 677 1
442 718 1
396 759 1
360 796 1
331 834 1
311 871 1
297 908 1
290 947 1
287 987 1
288 1023 1
293 1054 1
302 1081 1
314 1104 1
329 1125 1
348 1142 1
373 1156 1
404 1166 1
441 1170 1
480 1167 1
530 1148 1
592 1120 1
653 1078 1
707 1035 1
754 993 1
797 949 1
836 903 1
871 855 1
901 806 1
925 760 1
943 718 1
952 684 1
957 653 1
956 625 1
948 599 1
929 574 1
886 556 1
821 548 1
741 567 1
660 591 1
584 626 1
516 671 1
453 728 1
397 791 1
350 848 1
317 897 1
292 938 1
283 975 1
278 1009 1
280 1040 1
287 1069 1
300 1096 1
319 1120 1
340 1139 1
369 1153 1
404 1165 1
449 1168 1
503 1160 1
563 1140 1
629 1106 1
696 1067 1
753 1025 1
804 982 1
847 938 1
886 893 1
916 847 1
942 801 1
961 757 1
971 721 1
978 689 1
979 662 1
976 635 1
967 609 1
950 585 1
926 564 1
893 551 1
850 542 1
789 551 1
721 572 1
645 610 1
575 657 1
507 711 1
449 764 1
397 814 1
356 860 1
322 905 1
303 947 1
287 986 1
280 1020 1
277 1050 1
278 1079 1
284 1105 1
294 1131 1
311 1155 1
331 1176 1
354 1192 1
384 1206 1
420 1213 1
461 1212 1
508 1203 1
565 1178 1
626 1140 1
687 1094 1
742 1050 1
787 1006 1
829 964 1
868 922 1
906 878 1
940 831 1
968 784 1
989 740 1
999 705 1
1004 673 1
1003 644 1
997 616 1
982 590 1
959 568 1
929 550 1
884 544 1
828 548 1
763 572 1
705 604 1
644 645 1
583 690 1
524 737 1
476 785 1
436 832 1
404 873 1
380 909 1
360 941 1
346 970 1
336 997 1
328 1021 1
325 1044 1
325 1066 1
329 1088 1
337 1106 1
353 1123 1
375 1138 1
408 1149 1
445 1154 1
490 1154 1
538 1146 1
589 1130 1
639 1107 1
694 1071 1
744 1036 1
791 1000 1
833 960 1
871 916 1
901 874 1
926 835 1
942 799 1
954 765 1
962 730 1
965 694 1
964 659 1
957 628 1
945 599 1
931 579 1
913 562 1
888 553 1
855 549 1
810 553 1
754 568 1
687 591 1
618 624 1
554 661 1
503 698 1
455 741 1
408 790 1
369 834 1
337 871 1
314 905 1
295 938 1
283 971 1
274 1002 1
270 1030 1
269 1054 1
271 1076 1
278 1098 1
288 1116 1
306 1132 1
329 1145 1
364 1154 1
408 1157 1
467 1152 1
527 1140 1
587 1121 1
644 1098 1
697 1073 1
743 1047 1
785 1022 1
819 997 1
852 969 1
886 930 1
916 890 1
942 846 1
964 804 1
982 765 1
992 730 1
998 697 1
999 665 1
996 635 1
985 609 1
968 587 1
945 567 1
914 552 1
879 544 1
833 546 1
783 556 1
718 582 1
652 614 1
585 654 1
522 698 1
469 740 1
433 778 1
398 818 1
371 857 1
348 898 1
333 940 1
322 975 1
317 1010 1
316 1033 1
320 1055 1
332 1079 1
347 1104 1
372 1127 1
395 1144 1
421 1158 1
451 1166 1
486 1171 1
535 1164 1
593 1146 1
659 1116 1
719 1083 1
783 1039 1
833 998 1
877 956 1
911 916 1
943 874 1
968 832 1
991 788 1
1002 748 1
1011 708 1
1016 669 1
1017 631 1
1014 598 1
1002 571 1
984 549 1
954 535 1
912 527 1
849 537 1
779 559 1
710 591 1
644 632 1
579 680 1
521 737 1
463 794 1
416 839 1
379 880 1
352 919 1
333 954 1
320 988 1
315 1015 1
315 1040 1
321 1063 1
336 1087 1
361 1112 1
393 1134 1
433 1154 1
475 1166 1
517 1173 1
572 1170 1
629 1161 1
684 1138 1
731 1113 1
779 1076 1
822 1040 1
865 1002 1
900 963 1
932 926 1
956 887 1
973 851 1
986 817 1
993 784 1
996 753 1
993 726 1
987 699 1
975 674 1
960 650 1
934 628 1
899 609 1
858 594 1
814 588 1
773 586 1
732 594 1
684 609 1
623 637 1
559 672 1
499 713 1
450 754 1
409 794 1
376 832 1
346 874 1
325 913 1
309 952 1
300 990 1
299 1024 1
300 1050 1
304 1071 1
311 1088 1
323 1104 1
338 1117 1
365 1127 1
396 1135 1
436 1136 1
484 1127 1
543 1114 1
608 1094 1
673 1069 1
732 1037 1
787 999 1
837 954 1
884 906 1
924 859 1
957 811 1
983 768 1
999 729 1
1009 694 1
1013 663 1
1014 635 1
1011 613 1
1004 593 1
991 576 1
971 559 1
944 546 1
909 540 1
868 538 1
812 549 1
759 566 1
697 591 1
631 627 1
562 668 1
500 715 1
441 764 1
393 812 1
353 859 1
328 898 1
310 932 1
298 964 1
293 991 1
293 1016 1
299 1039 1
310 1061 1
329 1081 1
353 1101 1
384 1118 1
419 1130 1
462 1138 1
508 1140 1
562 1135 1
621 1119 1
674 1098 1
721 1076 1
762 1052 1
802 1025 1
842 991 1
879 950 1
913 903 1
944 853 1
967 802 1
985 755 1
995 711 1
1002 671 1
1004 634 1
1001 605 1
995 579 1
984 559 1
972 541 1
952 529 1
928 520 1
896 516 1
848 524 1
792 539 1
731 564 1
670 591 1
625 621 1
581 654 1
533 695 1
491 735 1
455 776 1
428 814 1
405 852 1
385 890 1
368 931 1
355 967 1
346 996 1
341 1023 1
338 1047 1
338 1069 1
340 1089 1
345 1108 1
357 1126 1
373 1144 1
396 1162 1
428 1176 1
460 1186 1
495 1185 1
531 1178 1
576 1159 1
624 1134 1
673 1103 1
723 1069 1
775 1032 1
819 994 1
861 954 1
894 909 1
921 867 1
943 825 1
960 787 1
974 748 1
984 713 1
990 681 1
992 651 1
993 622 1
987 596 1
978 572 1
964 556 1
945 542 1
921 534 1
883 535 1
825 548 1
756 584 1
686 622 1
623 664 1
567 706 1
521 745 1
485 783 1
452 820 1
425 856 1
404 891 1
387 927 1
376 962 1
370 991 1
371 1019 1
376 1048 1
388 1079 1
406 1110 1
428 1135 1
451 1155 1
478 1172 1
507 1183 1
548 1181 1
596 1173 1
644 1157 1
693 1129 1
742 1095 1
789 1057 1
829 1019 1
860 985 1
885 950 1
907 916 1
926 879 1
942 841 1
952 807 1
959 776 1
961 747 1
962 721 1
958 694 1
953 665 1
944 637 1
931 611 1
912 589 1
885 571 1
854 558 1
815 559 1
776 569 1
729 588 1
673 620 1
613 662 1
556 708 1
506 754 1
470 799 1
436 843 1
404 882 1
377 918 1
356 952 1
343 979 1
331 1005 1
326 1029 1
324 1048 1
327 1065 1
334 1081 1
347 1098 1
371 1116 1
401 1131 1
442 1139 1
487 1142 1
545 1126 1
609 1103 1
669 1075 1
723 1045 1
775 1012 1
822 978 1
866 942 1
905 901 1
940 856 1
971 805 1
994 764 1
1009 730 1
1015 700 1
1019 668 1
1021 630 1
1023 594 1
1022 568 1
1017 547 1
1009 536 1
994 529 1
971 524 1
930 526 1
875 536 1
811 558 1
750 588 1
695 625 1
632 672 1
565 727 1
501 782 1
448 833 1
415 873 1
388 907 1
370 934 1
355 962 1
344 984 1
338 1004 1
336 1025 1
338 1043 1
346 1063 1
361 1086 1
381 1109 1
409 1127 1
440 1141 1
476 1151 1
519 1154 1
566 1153 1
619 1146 1
671 1132 1
717 1111 1
760 1083 1
799 1054 1
834 1022 1
867 986 1
895 947 1
921 903 1
942 857 1
961 808 1
976 760 1
987 719 1
997 679 1
1001 643 1
1003 612 1
1000 589 1
992 571 1
980 559 1
959 552 1
928 549 1
877 558 1
819 575 1
765 596 1
718 618 1
666 646 1
614 677 1
561 719 1
516 760 1
475 801 1
443 838 1
417 874 1
397 906 1
380 938 1
368 968 1
358 995 1
352 1020 1
349 1042 1
349 1061 1
353 1081 1
361 1103 1
378 1122 1
398 1141 1
430 1156 1
466 1163 1
507 1162 1
568 1147 1
634 1122 1
692 1093 1
742 1065 1
786 1040 1
819 1018 1
848 994 1
873 966 1
897 933 1
917 896 1
936 856 1
951 817 1
963 781 1
975 748 1
981 718 1
988 689 1
989 664 1
991 641 1
987 626 1
981 614 1
974 605 1
961 597 1
945 591 1
917 586 1
884 586 1
841 590 1
798 599 1
756 616 1
708 638 1
653 666 1
597 699 1
547 735 1
503 774 1
462 814 1
423 860 1
387 907 1
356 952 1
333 989 1
315 1023 1
304 1047 1
296 1068 1
294 1082 1
295 1096 1
303 1109 1
316 1122 1
336 1132 1
372 1140 1
414 1143 1
466 1135 1
522 1121 1
586 1097 1
649 1068 1
709 1037 1
757 1008 1
800 976 1
835 941 1
866 905 1
892 868 1
912 833 1
926 796 1
938 759 1
947 722 1
954 686 1
959 655 1
961 631 1
962 611 1
956 597 1
946 585 1
930 572 1
903 564 1
868 559 1
823 566 1
773 579 1
715 600 1
660 624 1
610 652 1
561 688 1
514 728 1
470 770 1
430 811 1
400 846 1
376 881 1
359 915 1
346 947 1
337 975 1
333 999 1
331 1021 1
333 1041 1
338 1060 1
351 1084 1
371 1107 1
402 1132 1
439 1148 1
483 1159 1
536 1158 1
595 1151 1
651 1133 1
705 1111 1
756 1084 1
803 1053 1
847 1019 1
886 974 1
923 926 1
951 878 1
975 829 1
992 780 1
1009 721 1
1027 650 1
1040 582 1
1047 535 1
1049 512 1
1049 500 1
1044 501 1
1028 510 1
999 527 1
954 551 1
900 580 1
841 611 1
790 636 1
753 657 1
719 676 1
676 698 1
627 721 1
580 743 1
536 770 1
496 801 1
459 832 1
427 864 1
399 899 1
374 938 1
354 972 1
341 1004 1
332 1031 1
329 1051 1
330 1070 1
335 1088 1
344 1107 1
365 1127 1
397 1148 1
435 1166 1
474 1176 1
519 1180 1
575 1172 1
631 1159 1
687 1139 1
738 1115 1
787 1085 1
832 1046 1
874 1001 1
907 954 1
934 906 1
954 859 1
970 808 1
983 766 1
989 729 1
994 697 1
994 669 1
991 645 1
986 625 1
977 608 1
964 595 1
941 583 1
909 576 1
865 578 1
815 587 1
765 609 1
716 633 1
664 669 1
615 706 1
563 745 1
503 789 1
452 834 1
416 875 1
387 914 1
367 952 1
350 984 1
340 1012 1
335 1038 1
332 1060 1
334 1082 1
340 1104 1
353 1125 1
375 1147 1
410 1168 1
447 1182 1
492 1185 1
544 1175 1
602 1159 1
655 1134 1
703 1106 1
748 1073 1
792 1039 1
830 1002 1
865 964 1
895 924 1
918 881 1
937 838 1
955 793 1
971 748 1
980 705 1
987 668 1
981 635 1
973 612 1
960 594 1
938 580 1
911 570 1
863 570 1
804 576 1
740 595 1
679 620 1
622 649 1
568 684 1
523 718 1
488 758 1
452 801 1
424 841 1
402 875 1
384 907 1
373 936 1
364 966 1
360 993 1
360 1020 1
363 1044 1
372 1065 1
390 1088 1
415 1109 1
445 1125 1
483 1137 1
526 1141 1
578 1132 1
630 1116 1
684 1090 1
736 1060 1
783 1029 1
827 998 1
867 962 1
898 922 1
923 882 1
941 838 1
959 793 1
971 752 1
978 716 1
983 682 1
984 652 1
982 626 1
979 606 1
974 591 1
966 580 1
953 571 1
931 564 1
892 565 1
840 573 1
784 590 1
729 611 1
673 635 1
614 666 1
551 706 1
500 746 1
459 785 1
425 821 1
398 853 1
379 883 1
366 911 1
359 939 1
354 966 1
353 992 1
355 1015 1
358 1038 1
365 1058 1
372 1081 1
384 1100 1
396 1119 1
415 1134 1
439 1147 1
469 1154 1
514 1153 1
569 1139 1
630 1114 1
686 1086 1
737 1054 1
784 1024 1
825 993 1
867 954 1
905 911 1
935 865 1
961 819 1
981 779 1
992 742 1
997 711 1
999 684 1
999 658 1
994 634 1
987 613 1
977 597 1
965 580 1
948 567 1
930 557 1
906 550 1
877 550 1
840 557 1
798 570 1
756 589 1
708 619 1
655 654 1
597 697 1
546 743 1
502 784 1
468 823 1
436 862 1
406 902 1
380 940 1
364 973 1
353 999 1
346 1025 1
342 1044 1
342 1061 1
343 1076 1
348 1092 1
356 1108 1
367 1123 1
382 1140 1
402 1158 1
424 1177 1
449 1191 1
476 1203 1
510 1207 1
547 1206 1
594 1192 1
642 1170 1
688 1143 1
734 1113 1
777 1081 1
813 1051 1
843 1022 1
868 990 1
890 959 1
906 925 1
919 889 1
931 853 1
939 815 1
947 779 1
948 746 1
949 717 1
945 692 1
936 671 1
920 650 1
895 631 1
864 618 1
821 616 1
776 621 1
729 640 1
682 663 1
635 696 1
585 732 1
538 772 1
500 811 1
468 851 1
445 887 1
424 919 1
408 949 1
397 974 1
391 996 1
389 1015 1
389 1031 1
392 1045 1
397 1056 1
406 1071 1
420 1085 1
441 1101 1
471 1115 1
509 1128 1
558 1134 1
608 1132 1
660 1119 1
709 1100 1
758 1075 1
804 1044 1
849 1010 1
887 972 1
919 934 1
946 891 1
967 846 1
981 802 1
990 761 1
997 726 1
999 694 1
997 664 1
992 638 1
985 616 1
971 601 1
954 588 1
925 580 1
885 579 1
835 584 1
781 602 1
729 626 1
671 663 1
612 705 1
557 753 1
512 796 1
477 834 1
449 873 1
424 910 1
406 945 1
391 978 1
384 1006 1
378 1032 1
378 1056 1
381 1077 1
389 1096 1
403 1114 1
423 1130 1
453 1142 1
491 1151 1
536 1152 1
583 1142 1
627 1124 1
674 1100 1
719 1070 1
762 1040 1
803 1008 1
840 969 1
877 925 1
908 873 1
934 820 1
955 768 1
972 717 1
986 671 1
992 630 1
993 594 1
989 567 1
980 546 1
970 531 1
952 519 1
930 514 1
895 514 1
850 521 1
798 541 1
735 575 1
663 614 1
595 656 1
535 698 1
489 740 1
448 781 1
416 821 1
388 860 1
365 899 1
348 934 1
337 968 1
332 996 1
332 1023 1
335 1047 1
342 1071 1
356 1096 1
373 1120 1
398 1142 1
427 1161 1
459 1176 1
498 1184 1
546 1183 1
599 1172 1
652 1157 1
702 1131 1
751 1102 1
794 1072 1
832 1038 1
864 1002 1
891 961 1
914 917 1
935 863 1
951 809 1
963 756 1
969 703 1
973 652 1
974 610 1
971 576 1
962 557 1
951 542 1
932 536 1
901 539 1
858 551 1
803 574 1
748 605 1
693 640 1
634 680 1
574 732 1
517 789 1
471 841 1
437 886 1
412 929 1
393 972 1
381 1012 1
374 1051 1
373 1084 1
378 1114 1
388 1141 1
405 1167 1
429 1190 1
460 1210 1
496 1225 1
536 1234 1
581 1234 1
630 1219 1
683 1189 1
736 1145 1
785 1099 1
825 1052 1
856 1008 1
880 964 1
898 925 1
910 891 1
916 862 1
922 832 1
925 797 1
926 760 1
923 723 1
916 692 1
908 664 1
894 641 1
878 621 1
857 608 1
830 599 1
797 598 1
757 607 1
704 626 1
644 655 1
582 692 1
521 737 1
465 786 1
419 836 1
379 886 1
345 934 1
319 977 1
298 1018 1
286 1054 1
281 1083 1
283 1109 1
290 1133 1
304 1155 1
325 1174 1
351 1189 1
386 1197 1
427 1197 1
477 1187 1
535 1167 1
600 1134 1
664 1093 1
719 1051 1
766 1008 1
807 964 1
843 920 1
874 878 1
899 838 1
919 802 1
934 768 1
943 736 1
949 705 1
952 678 1
950 652 1
946 632 1
935 613 1
918 599 1
894 588 1
857 582 1
814 584 1
765 599 1
719 622 1
665 651 1
606 689 1
548 730 1
496 776 1
452 821 1
416 864 1
389 901 1
369 935 1
358 963 1
353 986 1
353 1005 1
359 1025 1
369 1045 1
386 1067 1
408 1088 1
437 1109 1
470 1126 1
513 1139 1
563 1146 1
615 1147 1
663 1135 1
709 1112 1
759 1078 1
808 1040 1
852 1001 1
890 959 1
920 915 1
946 866 1
983 769 1
991 732 1
994 701 1
993 673 1
986 650 1
973 629 1
953 609 1
926 593 1
891 583 1
844 582 1
793 589 1
741 612 1
680 645 1
615 689 1
550 737 1
500 781 1
465 820 1
437 857 1
418 890 1
403 917 1
393 943 1
387 967 1
384 991 1
384 1038 1
389 1061 1
399 1086 1
412 1110 1
429 1131 1
447 1147 1
471 1158 1
504 1161 1
550 1153 1
601 1134 1
658 1104 1
708 1073 1
753 1041 1
794 1007 1
829 970 1
861 928 1
888 883 1
912 836 1
946 746 1
954 708 1
955 677 1
949 650 1
941 626 1
926 607 1
901 590 1
860 578 1
807 578 1
749 591 1
692 614 1
638 648 1
583 692 1
533 740 1
453 825 1
423 861 1
400 894 1
381 926 1
367 956 1
358 983 1
352 1007 1
350 1026 1
349 1043 1
351 1059 1
359 1076 1
371 1094 1
389 1112 1
414 1127 1
482 1142 1
523 1138 1
574 1123 1
625 1102 1
676 1075 1
726 1043 1
772 1005 1
816 960 1
855 910 1
887 860 1
910 815 1
926 778 1
935 744 1
939 714 1
940 683 1
936 653 1
925 623 1
890 579 1
866 568 1
831 569 1
788 581 1
731 609 1
655 650 1
582 695 1
521 742 1
469 790 1
425 837 1
385 886 1
322 982 1
301 1022 1
289 1051 1
283 1072 1
283 1089 1
289 1105 1
302 1119 1
322 1133 1
349 1143 1
427 1153 1
476 1149 1
529 1139 1
591 1118 1
653 1090 1
712 1056 1
764 1018 1
812 976 1
851 932 1
908 844 1
928 798 1
937 758 1
941 721 1
939 689 1
929 661 1
913 638 1
884 619 1
839 608 1
785 608 1
728 619 1
671 642 1
611 676 1
549 722 1
491 771 1
436 824 1
393 877 1
356 931 1
330 980 1
309 1026 1
299 1061 1
292 1090 1
293 1111 1
300 1129 1
314 1146 1
341 1162 1
381 1175 1
439 1177 1
499 1170 1
561 1152 1
624 1124 1
682 1088 1
737 1048 1
786 1002 1
827 955 1
860 904 1
884 852 1
904 802 1
918 757 1
924 719 1
925 685 1
918 659 1
909 638 1
892 625 1
868 615 1
824 614 1
771 625 1
718 644 1
665 673 1
609 709 1
556 752 1
506 798 1
460 848 1
421 897 1
386 948 1
362 993 1
345 1035 1
335 1069 1
331 1098 1
331 1119 1
338 1137 1
371 1172 1
405 1188 1
443 1200 1
483 1206 1
533 1197 1
591 1175 1
649 1139 1
706 1099 1
757 1046 1
805 987 1
847 924 1
878 865 1
904 808 1
921 759 1
934 713 1
937 677 1
939 646 1
932 623 1
920 609 1
899 598 1
859 596 1
811 602 1
756 622 1
705 647 1
647 685 1
591 729 1
535 777 1
491 824 1
454 869 1
426 912 1
404 953 1
387 989 1
375 1022 1
370 1048 1
370 1068 1
374 1085 1
386 1102 1
403 1118 1
432 1133 1
464 1143 1
507 1146 1
560 1138 1
617 1121 1
677 1093 1
736 1058 1
790 1012 1
837 965 1
875 910 1
902 860 1
920 816 1
929 777 1
932 741 1
926 714 1
912 691 1
887 674 1
849 663 1
789 663 1
730 673 1
672 693 1
618 722 1
567 759 1
522 798 1
486 838 1
430 923 1
413 961 1
404 993 1
401 1020 1
404 1061 1
416 1082 1
434 1103 1
458 1119 1
521 1133 1
562 1122 1
612 1102 1
666 1073 1
721 1036 1
828 939 1
878 877 1
920 815 1
950 758 1
981 666 1
985 633 1
984 610 1
976 594 1
942 577 1
901 579 1
838 590 1
766 613 1
634 681 1
576 723 1
520 771 1
468 823 1
392 919 1
370 959 1
357 994 1
347 1031 1
345 1092 1
350 1117 1
365 1139 1
387 1156 1
442 1172 1
475 1165 1
513 1149 1
557 1123 1
609 1086 1
726 985 1
778 931 1
823 878 1
855 828 1
879 782 1
895 742 1
904 708 1
901 679 1
891 654 1
863 635 1
820 624 1
765 626 1
702 640 1
636 665 1
521 740 1
473 787 1
433 831 1
403 874 1
362 958 1
352 997 1
346 1032 1
346 1061 1
369 1107 1
394 1127 1
425 1142 1
519 1153 1
580 1138 1
644 1108 1
712 1063 1
829 952 1
872 893 1
905 833 1
944 717 1
949 671 1
947 634 1
938 607 1
898 573 1
861 569 1
811 576 1
747 601 1
613 680 1
556 725 1
505 775 1
432 874 1
446 855 0
