612 943 1
612 943 1
612 943 1
612 943 1
612 943 1
612 943 1
612 943 1
612 943 1
612 943 1
612 943 1
612 943 1
612 943 1
612 943 1
610 941 1
610 941 1
610 941 1
608 941 1
607 939 1
605 936 1
604 935 1
602 933 1
603 931 1
603 929 1
604 926 1
605 925 1
607 925 1
609 924 1
611 922 1
613 924 1
615 924 1
618 925 1
620 929 1
622 931 1
623 933 1
623 937 1
620 941 1
618 945 1
614 949 1
611 954 1
606 956 1
600 959 1
593 962 1
586 962 1
578 962 1
570 960 1
562 957 1
556 954 1
550 949 1
545 943 1
542 935 1
539 924 1
541 915 1
543 906 1
548 898 1
555 890 1
565 883 1
575 878 1
586 876 1
600 874 1
614 875 1
628 877 1
641 881 1
651 888 1
659 896 1
665 905 1
670 915 1
673 925 1
675 937 1
676 951 1
674 962 1
671 973 1
667 982 1
661 991 1
653 1000 1
640 1011 1
628 1020 1
614 1027 1
600 1032 1
586 1035 1
569 1036 1
551 1033 1
532 1028 1
515 1020 1
500 1010 1
486 995 1
475 981 1
465 964 1
454 935 1
453 923 1
454 907 1
456 893 1
458 878 1
466 863 1
477 851 1
490 840 1
506 831 1
523 825 1
543 820 1
566 817 1
589 817 1
611 819 1
630 822 1
647 829 1
663 837 1
676 847 1
688 858 1
699 870 1
709 885 1
719 901 1
726 915 1
734 931 1
740 947 1
747 963 1
748 977 1
749 987 1
750 998 1
749 1007 1
747 1016 1
744 1027 1
739 1036 1
733 1045 1
724 1054 1
716 1062 1
706 1070 1
695 1078 1
683 1086 1
672 1092 1
659 1098 1
644 1104 1
626 1108 1
607 1111 1
586 1112 1
566 1112 1
544 1109 1
524 1104 1
502 1098 1
481 1090 1
461 1081 1
444 1067 1
427 1052 1
414 1036 1
402 1019 1
393 1001 1
386 979 1
380 958 1
378 935 1
378 912 1
380 891 1
383 871 1
388 853 1
395 838 1
404 824 1
415 810 1
425 797 1
439 785 1
453 774 1
471 766 1
491 760 1
514 756 1
539 756 1
565 757 1
589 763 1
614 771 1
633 779 1
650 787 1
665 795 1
680 804 1
694 813 1
708 824 1
719 835 1
732 848 1
743 861 1
756 875 1
768 889 1
777 903 1
785 917 1
792 934 1
797 951 1
800 970 1
802 984 1
806 1000 1
806 1016 1
805 1030 1
802 1043 1
799 1055 1
796 1066 1
790 1076 1
785 1086 1
778 1096 1
771 1105 1
765 1115 1
757 1122 1
749 1130 1
738 1138 1
724 1146 1
709 1154 1
694 1164 1
672 1173 1
647 1181 1
622 1186 1
598 1189 1
576 1191 1
557 1191 1
540 1188 1
520 1183 1
504 1178 1
490 1172 1
473 1166 1
455 1157 1
436 1147 1
419 1136 1
404 1123 1
390 1111 1
375 1097 1
361 1080 1
347 1061 1
336 1042 1
327 1020 1
319 995 1
313 970 1
310 945 1
308 922 1
310 902 1
311 881 1
314 862 1
317 841 1
323 821 1
331 799 1
341 779 1
352 761 1
365 744 1
379 728 1
394 711 1
411 696 1
429 686 1
448 676 1
467 669 1
487 663 1
509 656 1
530 652 1
551 650 1
577 650 1
603 651 1
628 654 1
651 656 1
672 660 1
692 665 1
712 672 1
734 683 1
755 695 1
775 708 1
792 720 1
808 734 1
822 747 1
833 760 1
846 773 1
857 785 1
869 799 1
880 814 1
889 830 1
899 845 1
906 863 1
913 882 1
918 901 1
922 922 1
927 941 1
929 961 1
931 980 1
932 997 1
932 1014 1
932 1033 1
932 1048 1
930 1064 1
929 1081 1
925 1100 1
918 1115 1
912 1130 1
905 1144 1
896 1158 1
886 1171 1
876 1183 1
864 1193 1
852 1202 1
840 1210 1
828 1219 1
814 1226 1
799 1236 1
784 1244 1
771 1251 1
758 1255 1
744 1259 1
723 1262 1
700 1263 1
674 1261 1
648 1258 1
621 1251 1
598 1245 1
578 1240 1
559 1235 1
541 1231 1
519 1222 1
499 1215 1
478 1204 1
457 1193 1
438 1182 1
420 1172 1
404 1161 1
389 1152 1
375 1141 1
361 1127 1
347 1113 1
334 1099 1
322 1084 1
309 1067 1
298 1049 1
286 1028 1
275 1007 1
266 985 1
259 962 1
254 938 1
252 914 1
252 890 1
253 867 1
255 846 1
258 824 1
265 803 1
274 781 1
285 762 1
296 742 1
311 722 1
327 705 1
341 690 1
355 679 1
368 669 1
383 660 1
399 651 1
416 642 1
436 632 1
459 622 1
482 614 1
506 608 1
529 603 1
553 601 1
574 602 1
596 602 1
616 602 1
636 603 1
655 606 1
673 609 1
692 613 1
708 616 1
725 619 1
742 624 1
760 630 1
779 637 1
797 643 1
814 649 1
828 655 1
841 659 1
850 665 1
861 671 1
872 679 1
882 689 1
893 696 1
906 704 1
917 714 1
928 722 1
938 733 1
947 744 1
956 755 1
965 765 1
972 775 1
979 784 1
985 794 1
990 804 1
994 817 1
997 828 1
999 839 1
1000 852 1
1001 867 1
1001 885 1
1002 906 1
1002 929 1
1002 954 1
1001 978 1
1001 1003 1
1000 1024 1
998 1042 1
996 1058 1
996 1071 1
996 1085 1
995 1096 1
993 1106 1
992 1114 1
990 1124 1
987 1131 1
983 1144 1
979 1156 1
973 1170 1
967 1184 1
961 1198 1
953 1210 1
943 1225 1
934 1239 1
922 1251 1
908 1263 1
894 1274 1
878 1284 1
863 1295 1
846 1306 1
829 1316 1
811 1323 1
793 1329 1
774 1334 1
755 1337 1
734 1340 1
711 1340 1
688 1339 1
659 1335 1
629 1328 1
595 1320 1
559 1310 1
524 1302 1
494 1292 1
464 1283 1
432 1269 1
402 1254 1
371 1239 1
346 1223 1
322 1205 1
301 1187 1
280 1165 1
262 1142 1
246 1118 1
235 1095 1
224 1069 1
215 1041 1
208 1013 1
201 985 1
193 956 1
186 929 1
181 905 1
178 881 1
178 859 1
179 836 1
185 810 1
194 785 1
207 756 1
222 731 1
238 708 1
257 687 1
276 667 1
295 649 1
316 632 1
335 618 1
357 605 1
381 594 1
406 583 1
431 572 1
455 564 1
476 556 1
499 549 1
522 545 1
545 540 1
570 536 1
595 533 1
617 531 1
639 529 1
659 530 1
679 531 1
696 533 1
713 535 1
729 538 1
746 541 1
763 544 1
784 551 1
804 559 1
824 566 1
842 573 1
860 580 1
874 585 1
887 590 1
900 596 1
909 600 1
917 605 1
925 610 1
932 615 1
938 620 1
945 625 1
950 630 1
955 634 1
961 639 1
967 644 1
972 649 1
978 657 1
985 667 1
992 679 1
999 690 1
1006 704 1
1014 721 1
1020 739 1
1026 760 1
1031 779 1
1036 798 1
1040 814 1
1041 830 1
1043 843 1
1044 855 1
1045 864 1
1046 871 1
1046 877 1
1046 886 1
1045 893 1
1045 900 1
1044 908 1
1044 919 1
1043 934 1
1043 952 1
1042 971 1
1042 993 1
1042 1017 1
1042 1042 1
1042 1068 1
1043 1090 1
1043 1109 1
1042 1125 1
1040 1141 1
1040 1156 1
1039 1170 1
1037 1182 1
1036 1192 1
1036 1202 1
1034 1211 1
1032 1221 1
1030 1232 1
1028 1243 1
1026 1253 1
1025 1263 1
1022 1274 1
1017 1288 1
1011 1303 1
1001 1320 1
992 1336 1
981 1351 1
970 1367 1
957 1382 1
946 1395 1
935 1405 1
926 1413 1
917 1419 1
906 1426 1
895 1430 1
883 1435 1
868 1440 1
849 1444 1
827 1449 1
804 1454 1
780 1456 1
755 1458 1
732 1459 1
707 1457 1
683 1455 1
659 1452 1
637 1449 1
614 1446 1
593 1441 1
569 1439 1
545 1435 1
520 1431 1
493 1426 1
469 1421 1
446 1413 1
422 1406 1
397 1395 1
373 1386 1
348 1373 1
322 1359 1
294 1340 1
264 1321 1
239 1305 1
217 1288 1
201 1272 1
187 1257 1
175 1242 1
163 1224 1
151 1204 1
141 1183 1
132 1157 1
126 1130 1
121 1098 1
117 1063 1
112 1026 1
107 991 1
104 961 1
102 935 1
103 913 1
104 894 1
105 885 1
105 891 0
