216 728 1
216 728 1
216 728 1
216 728 1
216 728 1
216 728 1
216 728 1
216 728 1
216 728 1
216 728 1
215 728 1
213 728 1
209 730 1
205 733 1
196 740 1
187 748 1
179 755 1
172 763 1
167 769 1
164 774 1
162 780 1
163 786 1
165 793 1
171 801 1
179 810 1
192 820 1
207 829 1
224 839 1
240 849 1
254 857 1
268 864 1
280 871 1
289 877 1
295 883 1
299 887 1
304 891 1
306 895 1
307 899 1
308 903 1
303 913 1
296 922 1
282 932 1
265 943 1
249 951 1
237 956 1
221 960 1
203 959 1
184 957 1
169 951 1
156 943 1
146 933 1
138 922 1
133 913 1
129 906 1
125 901 1
123 895 1
121 891 1
122 885 1
124 876 1
132 869 1
146 861 1
165 854 1
186 848 1
208 843 1
231 838 1
250 833 1
267 829 1
279 826 1
289 822 1
297 819 1
303 814 1
309 809 1
314 803 1
316 798 1
318 792 1
318 783 1
315 775 1
310 766 1
301 757 1
288 750 1
271 742 1
250 736 1
231 733 1
212 731 1
200 730 1
205 731 0
543 781 1
543 781 1
543 781 1
543 781 1
543 781 1
543 781 1
543 781 1
543 781 1
541 781 1
541 781 1
538 783 1
533 787 1
527 792 1
519 800 1
512 808 1
505 816 1
500 824 1
496 832 1
494 838 1
492 843 1
493 848 1
494 854 1
498 861 1
505 868 1
514 876 1
527 885 1
542 893 1
555 900 1
567 908 1
578 914 1
587 919 1
591 922 1
596 926 1
599 928 1
600 929 1
601 931 1
601 932 1
599 934 1
593 942 1
582 950 1
566 959 1
545 967 1
523 974 1
503 977 1
484 978 1
469 976 1
459 974 1
451 972 1
446 969 1
441 964 1
438 961 1
436 958 1
436 955 1
436 952 1
436 950 1
437 947 1
446 940 1
460 934 1
480 927 1
504 920 1
529 914 1
551 908 1
572 902 1
585 897 1
596 892 1
603 889 1
609 886 1
615 881 1
618 877 1
620 874 1
621 870 1
622 866 1
621 860 1
618 854 1
614 845 1
605 837 1
593 826 1
577 817 1
560 810 1
546 803 1
533 798 1
536 799 0
866 768 1
866 768 1
866 768 1
866 768 1
864 768 1
864 768 1
859 770 1
851 774 1
840 780 1
826 789 1
811 799 1
795 809 1
783 819 1
773 827 1
767 834 1
762 841 1
758 845 1
756 848 1
756 852 1
759 857 1
764 863 1
775 870 1
791 877 1
811 886 1
835 896 1
854 904 1
871 912 1
883 918 1
892 924 1
898 928 1
902 931 1
905 934 1
906 935 1
907 937 1
906 939 1
904 945 1
894 956 1
878 965 1
857 974 1
835 980 1
815 984 1
793 984 1
773 982 1
754 980 1
740 974 1
732 967 1
726 963 1
720 958 1
717 954 1
715 951 1
715 947 1
716 942 1
718 937 1
724 931 1
735 921 1
750 912 1
770 904 1
792 897 1
813 892 1
835 889 1
856 886 1
873 884 1
888 881 1
901 877 1
911 874 1
918 869 1
923 864 1
927 860 1
929 854 1
931 848 1
932 840 1
929 829 1
924 817 1
915 803 1
903 789 1
888 777 1
872 768 1
861 763 1
851 760 1
854 761 0
