1042 357 1
1042 357 1
1042 357 1
1042 357 1
1042 357 1
1042 357 1
1042 357 1
1042 357 1
1040 357 1
1040 357 1
1039 361 1
1036 366 1
1035 374 1
1032 383 1
1030 396 1
1028 411 1
1027 427 1
1027 439 1
1026 451 1
1025 461 1
1023 471 1
1024 482 1
1024 493 1
1023 504 1
1023 514 1
1023 525 1
1024 546 1
1024 560 1
1024 576 1
1024 591 1
1024 609 1
1022 629 1
1023 644 1
1023 658 1
1023 676 1
1023 695 1
1023 708 1
1023 720 1
1023 730 1
1023 741 1
1021 752 1
1022 760 1
1020 768 1
1019 775 1
1018 781 1
1015 787 1
1007 793 1
998 798 1
988 804 1
977 808 1
967 811 1
958 813 1
950 815 1
943 814 1
936 814 1
929 811 1
921 807 1
915 800 1
908 792 1
902 782 1
897 774 1
894 767 1
893 762 1
891 757 1
892 754 1
892 751 1
892 749 1
892 747 1
892 747 1
893 745 1
894 745 1
894 745 1
895 745 1
896 745 1
896 745 1
897 745 1
899 745 1
902 746 1
907 749 1
917 762 1
924 775 1
929 789 1
933 803 1
936 817 1
936 834 1
936 851 1
934 870 1
931 890 1
921 910 1
912 927 1
904 937 1
899 947 1
894 954 1
890 961 1
886 965 1
885 968 1
883 971 1
883 972 1
883 972 1
883 972 0
734 416 1
734 416 1
734 418 1
735 421 1
736 426 1
737 434 1
739 443 1
742 455 1
745 469 1
749 485 1
754 505 1
759 528 1
764 553 1
771 580 1
781 621 1
789 644 1
796 666 1
803 688 1
808 705 1
812 718 1
815 726 1
818 734 1
820 741 1
821 748 1
822 756 1
822 764 1
820 771 1
813 789 1
802 803 1
786 818 1
766 833 1
744 845 1
726 851 1
708 855 1
694 854 1
681 851 1
674 845 1
668 840 1
663 834 1
659 828 1
657 823 1
657 817 1
657 812 1
657 807 1
658 802 1
659 799 1
662 794 1
678 787 1
693 786 1
709 786 1
719 786 1
728 788 1
736 790 1
744 796 1
751 805 1
756 814 1
762 827 1
766 847 1
767 865 1
766 887 1
764 907 1
759 927 1
752 947 1
745 965 1
740 979 1
735 987 1
733 992 1
730 997 1
729 1000 1
727 1002 1
728 1003 1
728 1003 0
442 497 1
442 497 1
442 497 1
440 497 1
440 497 1
442 500 1
447 506 1
453 516 1
462 528 1
473 544 1
484 562 1
497 583 1
511 606 1
526 629 1
545 659 1
552 671 1
557 681 1
562 689 1
567 698 1
570 704 1
574 711 1
577 718 1
579 725 1
582 733 1
583 743 1
585 754 1
585 766 1
586 776 1
585 786 1
583 796 1
580 805 1
570 818 1
555 829 1
539 836 1
524 844 1
510 847 1
498 849 1
489 849 1
478 847 1
468 842 1
460 837 1
454 831 1
449 826 1
446 822 1
445 819 1
445 816 1
445 813 1
446 811 1
449 808 1
451 806 1
456 804 1
465 803 1
474 804 1
487 805 1
501 808 1
515 816 1
529 824 1
544 838 1
555 852 1
565 866 1
571 881 1
576 897 1
575 916 1
570 940 1
559 968 1
542 1000 1
523 1031 1
506 1056 1
493 1074 1
484 1084 1
477 1090 1
475 1092 1
473 1094 1
471 1094 1
472 1094 0
232 643 1
232 643 1
232 643 1
232 644 1
232 646 1
234 649 1
237 657 1
242 667 1
249 682 1
260 702 1
275 727 1
292 754 1
310 781 1
330 814 1
348 839 1
359 858 1
371 877 1
374 885 1
377 893 1
380 899 1
380 904 1
379 908 1
375 917 1
358 927 1
329 937 1
293 946 1
261 950 1
236 949 1
214 946 1
198 940 1
181 931 1
167 921 1
157 911 1
152 905 1
149 900 1
147 897 1
148 895 1
148 893 1
149 892 1
152 890 1
159 889 1
169 886 1
187 886 1
207 887 1
227 889 1
244 894 1
259 901 1
270 910 1
280 920 1
287 932 1
292 946 1
292 966 1
286 991 1
269 1028 1
250 1063 1
227 1098 1
205 1128 1
185 1152 1
171 1166 1
161 1177 1
155 1181 1
152 1185 1
153 1184 0
