61 1199 1
61 1199 1
61 1199 1
61 1199 1
61 1199 1
61 1199 1
61 1199 1
61 1199 1
61 1198 1
61 1195 1
61 1191 1
65 1184 1
69 1174 1
75 1159 1
82 1144 1
90 1128 1
98 1111 1
107 1091 1
115 1071 1
121 1050 1
131 1016 1
135 995 1
138 975 1
141 957 1
142 941 1
143 928 1
143 914 1
143 903 1
141 888 1
141 874 1
139 861 1
138 850 1
136 841 1
134 833 1
131 826 1
126 819 1
121 813 1
116 809 1
113 806 1
111 804 1
109 804 1
107 804 1
107 803 1
107 803 1
107 803 1
107 803 1
107 803 1
106 804 1
104 804 1
105 805 1
103 807 1
104 812 1
104 821 1
104 832 1
105 854 1
105 868 1
106 882 1
106 906 1
107 921 1
108 934 1
109 943 1
110 952 1
111 969 1
113 987 1
114 1002 1
115 1014 1
116 1022 1
117 1030 1
118 1040 1
118 1050 1
119 1062 1
121 1075 1
122 1087 1
124 1096 1
125 1106 1
128 1115 1
129 1124 1
132 1134 1
135 1144 1
138 1154 1
143 1164 1
146 1172 1
150 1178 1
153 1183 1
156 1186 1
160 1190 1
163 1192 1
169 1193 1
176 1193 1
185 1190 1
196 1185 1
207 1177 1
220 1167 1
231 1153 1
241 1139 1
250 1124 1
257 1107 1
265 1088 1
272 1069 1
278 1048 1
284 1028 1
288 1005 1
291 983 1
292 963 1
294 945 1
295 926 1
295 908 1
293 891 1
291 878 1
288 865 1
285 855 1
282 847 1
279 841 1
275 836 1
273 831 1
271 829 1
271 827 1
270 827 1
270 827 1
270 827 1
270 827 1
270 827 1
270 827 1
270 827 1
270 827 1
267 828 1
266 830 1
264 833 1
261 837 1
259 845 1
256 852 1
254 862 1
254 873 1
252 884 1
252 895 1
252 904 1
252 912 1
252 920 1
253 929 1
254 937 1
255 946 1
256 955 1
258 964 1
260 974 1
262 983 1
264 992 1
268 1003 1
270 1015 1
272 1027 1
273 1037 1
276 1049 1
277 1062 1
280 1076 1
285 1089 1
288 1101 1
291 1111 1
294 1120 1
298 1129 1
302 1137 1
307 1146 1
310 1153 1
315 1160 1
319 1167 1
322 1172 1
325 1177 1
329 1181 1
334 1184 1
338 1187 1
344 1190 1
353 1192 1
361 1192 1
372 1189 1
383 1184 1
395 1178 1
407 1170 1
421 1159 1
433 1143 1
443 1129 1
450 1115 1
456 1098 1
461 1082 1
465 1064 1
468 1046 1
471 1028 1
473 1009 1
474 991 1
472 974 1
469 959 1
465 943 1
461 928 1
457 914 1
454 902 1
450 892 1
447 883 1
443 874 1
439 868 1
436 862 1
433 857 1
430 853 1
428 851 1
426 849 1
425 848 1
423 846 1
422 847 1
422 847 1
422 847 1
422 847 1
422 847 1
422 848 1
420 850 1
420 853 1
419 860 1
417 869 1
417 881 1
417 894 1
417 905 1
418 916 1
419 927 1
420 938 1
423 949 1
424 961 1
427 971 1
428 981 1
430 989 1
432 999 1
434 1008 1
437 1019 1
440 1030 1
443 1041 1
447 1052 1
450 1066 1
453 1079 1
456 1093 1
458 1105 1
460 1116 1
463 1125 1
464 1135 1
466 1144 1
468 1152 1
470 1160 1
473 1167 1
476 1173 1
480 1178 1
483 1182 1
487 1185 1
492 1187 1
496 1189 1
500 1189 1
506 1187 1
512 1184 1
521 1177 1
531 1166 1
545 1151 1
557 1134 1
569 1117 1
577 1102 1
582 1082 1
587 1063 1
590 1044 1
592 1025 1
594 1005 1
595 986 1
595 966 1
592 951 1
590 937 1
588 925 1
584 915 1
581 907 1
579 901 1
576 897 1
574 893 1
571 890 1
570 888 1
568 886 1
566 884 1
566 884 1
566 884 1
566 884 1
566 884 1
566 884 1
566 884 1
566 884 1
565 884 1
563 887 1
562 891 1
560 895 1
559 900 1
559 906 1
557 913 1
557 919 1
556 928 1
555 938 1
553 947 1
553 957 1
553 966 1
551 973 1
551 981 1
551 990 1
551 999 1
551 1008 1
551 1017 1
551 1026 1
551 1036 1
552 1045 1
553 1055 1
555 1064 1
557 1073 1
559 1083 1
562 1092 1
565 1102 1
570 1124 1
573 1133 1
575 1143 1
577 1151 1
579 1157 1
582 1162 1
585 1167 1
587 1171 1
590 1175 1
592 1178 1
595 1180 1
599 1182 1
603 1184 1
609 1185 1
615 1185 1
623 1183 1
629 1181 1
637 1178 1
643 1173 1
649 1168 1
656 1159 1
662 1149 1
670 1134 1
677 1120 1
684 1106 1
688 1091 1
692 1075 1
695 1059 1
698 1042 1
701 1025 1
701 1007 1
702 991 1
701 973 1
699 956 1
698 940 1
696 926 1
695 913 1
693 902 1
693 894 1
691 888 1
689 883 1
688 880 1
688 877 1
686 874 1
686 872 1
685 871 1
685 871 1
685 871 1
685 871 1
685 871 1
685 871 1
685 871 1
685 871 1
685 871 1
685 871 1
685 871 1
684 872 1
681 875 1
679 879 1
677 887 1
674 895 1
672 905 1
670 914 1
669 924 1
668 934 1
668 947 1
668 958 1
668 969 1
669 980 1
671 991 1
673 1004 1
675 1018 1
677 1032 1
678 1045 1
679 1057 1
680 1069 1
681 1081 1
682 1094 1
683 1106 1
685 1118 1
688 1129 1
692 1143 1
696 1155 1
701 1168 1
707 1179 1
712 1188 1
714 1195 1
717 1200 1
719 1205 1
720 1207 1
722 1210 1
723 1211 1
725 1213 1
728 1214 1
731 1214 1
737 1212 1
745 1207 1
755 1198 1
768 1183 1
781 1165 1
793 1142 1
802 1122 1
810 1102 1
815 1082 1
820 1063 1
822 1043 1
824 1022 1
824 999 1
824 977 1
821 956 1
819 935 1
816 918 1
813 904 1
810 891 1
807 881 1
803 873 1
800 867 1
797 862 1
795 860 1
793 858 1
791 858 1
791 858 1
791 858 1
791 858 1
791 858 1
791 858 1
791 858 1
791 858 1
789 862 1
786 866 1
785 874 1
782 883 1
780 894 1
778 907 1
776 920 1
774 935 1
774 949 1
775 962 1
775 975 1
776 984 1
777 993 1
777 1003 1
779 1012 1
780 1021 1
783 1029 1
785 1037 1
787 1045 1
789 1053 1
790 1062 1
793 1072 1
795 1083 1
798 1095 1
800 1106 1
802 1115 1
804 1125 1
806 1133 1
808 1143 1
809 1151 1
811 1160 1
811 1165 1
812 1170 1
814 1175 1
815 1178 1
816 1181 1
818 1183 1
820 1185 1
823 1186 1
828 1184 1
834 1181 1
841 1175 1
850 1166 1
863 1151 1
875 1135 1
888 1118 1
898 1103 1
906 1084 1
912 1066 1
917 1048 1
920 1029 1
922 1009 1
923 988 1
923 965 1
922 943 1
920 920 1
917 899 1
915 881 1
912 867 1
909 856 1
906 848 1
903 842 1
900 837 1
898 834 1
896 832 1
894 829 1
893 828 1
893 826 1
892 827 1
892 827 1
892 827 1
892 827 1
892 827 1
892 827 1
890 827 1
890 828 1
888 831 1
887 837 1
884 843 1
883 852 1
880 862 1
878 874 1
878 888 1
876 901 1
877 915 1
878 928 1
878 941 1
879 954 1
880 966 1
881 977 1
882 987 1
882 999 1
884 1012 1
886 1026 1
888 1039 1
890 1050 1
892 1063 1
896 1074 1
899 1085 1
901 1095 1
904 1103 1
907 1111 1
910 1117 1
913 1123 1
916 1128 1
918 1133 1
920 1136 1
921 1138 1
922 1140 1
923 1141 1
925 1143 1
926 1144 1
928 1145 1
932 1145 1
937 1141 1
945 1137 1
955 1128 1
965 1117 1
974 1105 1
982 1093 1
990 1077 1
996 1062 1
1001 1048 1
1005 1033 1
1008 1015 1
1011 998 1
1013 983 1
1016 967 1
1017 949 1
1019 930 1
1019 914 1
1020 898 1
1020 884 1
1020 871 1
1019 860 1
1018 850 1
1018 842 1
1016 834 1
1014 828 1
1014 823 1
1012 818 1
1010 815 1
1008 812 1
1006 809 1
1006 808 1
1004 808 1
1005 807 1
1005 807 1
1005 807 1
1005 807 1
1005 807 1
1005 807 1
1005 807 1
1004 807 1
1001 810 1
1000 814 1
997 820 1
994 828 1
989 837 1
986 848 1
984 859 1
981 871 1
980 883 1
978 894 1
979 902 1
979 910 1
979 917 1
981 925 1
984 935 1
986 945 1
989 955 1
992 965 1
995 975 1
997 984 1
1000 992 1
1004 1004 1
1007 1017 1
1010 1030 1
1014 1042 1
1017 1054 1
1020 1066 1
1023 1078 1
1028 1091 1
1031 1104 1
1034 1117 1
1036 1129 1
1038 1139 1
1040 1149 1
1043 1158 1
1045 1166 1
1046 1172 1
1047 1177 1
1048 1180 1
1049 1183 1
1049 1183 0
