554 322 1
553 322 1
550 322 1
546 323 1
539 326 1
527 332 1
512 340 1
498 350 1
484 361 1
471 375 1
457 389 1
445 405 1
437 418 1
430 430 1
426 440 1
423 451 1
420 462 1
418 473 1
417 486 1
415 504 1
413 525 1
411 543 1
403 563 1
396 582 1
389 598 1
384 609 1
378 621 1
372 632 1
366 650 1
360 668 1
356 682 1
353 695 1
347 715 1
344 734 1
339 753 1
335 770 1
331 785 1
328 797 1
324 810 1
320 823 1
317 837 1
312 851 1
307 865 1
304 879 1
299 893 1
292 916 1
287 935 1
283 953 1
278 971 1
272 990 1
266 1009 1
259 1031 1
251 1056 1
243 1081 1
235 1106 1
229 1126 1
223 1145 1
218 1161 1
216 1174 1
215 1184 1
215 1195 1
215 1206 1
217 1221 1
222 1238 1
230 1251 1
239 1266 1
251 1284 1
263 1301 1
272 1313 1
280 1322 1
289 1332 1
298 1341 1
307 1351 1
316 1357 1
327 1364 1
338 1368 1
349 1373 1
360 1374 1
369 1375 1
375 1375 1
388 1376 1
397 1376 1
407 1375 1
418 1373 1
429 1372 1
440 1369 1
449 1366 1
461 1363 1
472 1360 1
483 1356 1
494 1351 1
501 1347 1
509 1342 1
514 1336 1
520 1331 1
526 1326 1
536 1316 1
548 1301 1
563 1279 1
575 1255 1
588 1232 1
598 1211 1
606 1194 1
612 1178 1
617 1162 1
623 1146 1
628 1130 1
632 1112 1
637 1094 1
644 1075 1
649 1055 1
654 1036 1
659 1017 1
665 999 1
672 979 1
678 960 1
685 942 1
692 925 1
700 904 1
710 880 1
719 854 1
729 826 1
739 795 1
747 775 1
755 755 1
762 737 1
767 719 1
771 702 1
775 683 1
777 665 1
778 646 1
777 625 1
775 601 1
774 572 1
771 537 1
769 508 1
767 484 1
765 470 1
762 459 1
757 450 1
754 441 1
751 430 1
750 418 1
748 407 1
749 398 1
749 387 1
748 376 1
746 363 1
743 350 1
739 339 1
733 328 1
724 319 1
714 312 1
702 305 1
688 299 1
672 293 1
655 288 1
638 284 1
623 283 1
606 284 1
588 289 1
571 297 1
556 306 1
545 313 1
531 324 1
517 337 1
503 351 1
491 369 1
478 388 1
469 408 1
460 425 1
453 438 1
447 451 1
442 464 1
435 476 1
428 489 1
423 501 1
417 514 1
410 532 1
403 550 1
397 571 1
390 592 1
384 614 1
376 632 1
370 651 1
365 669 1
360 686 1
354 702 1
348 720 1
342 737 1
336 755 1
330 771 1
324 789 1
318 808 1
312 829 1
308 852 1
303 876 1
299 899 1
296 919 1
292 937 1
289 953 1
286 964 1
282 973 1
279 980 1
275 986 1
270 991 1
267 996 1
264 1001 1
261 1007 1
258 1018 1
252 1031 1
248 1047 1
243 1066 1
237 1086 1
233 1106 1
228 1127 1
225 1147 1
224 1164 1
225 1181 1
226 1193 1
230 1206 1
233 1217 1
240 1229 1
246 1241 1
254 1251 1
263 1262 1
274 1272 1
286 1282 1
299 1292 1
312 1300 1
324 1307 1
338 1312 1
352 1318 1
363 1321 1
376 1324 1
389 1326 1
405 1322 1
424 1314 1
445 1300 1
463 1287 1
479 1276 1
493 1267 1
505 1260 1
515 1253 1
521 1247 1
528 1237 1
535 1226 1
541 1210 1
547 1196 1
552 1184 1
557 1172 1
563 1157 1
571 1140 1
579 1121 1
589 1098 1
598 1075 1
605 1060 1
612 1048 1
618 1039 1
623 1030 1
631 1019 1
639 1005 1
648 990 1
656 973 1
662 956 1
669 939 1
672 924 1
678 906 1
684 886 1
691 864 1
698 839 1
706 814 1
711 794 1
718 774 1
725 756 1
732 737 1
739 717 1
746 696 1
752 677 1
758 659 1
765 644 1
771 629 1
778 613 1
785 594 1
791 576 1
797 560 1
801 545 1
806 533 1
811 516 1
814 500 1
817 484 1
818 470 1
818 457 1
818 446 1
816 437 1
814 429 1
811 418 1
803 407 1
793 393 1
779 378 1
765 364 1
750 352 1
735 341 1
721 333 1
708 326 1
693 322 1
675 320 1
654 323 1
632 331 1
609 343 1
585 359 1
564 378 1
542 401 1
518 426 1
495 449 1
475 468 1
457 483 1
441 497 1
425 511 1
407 526 1
389 544 1
369 560 1
350 576 1
336 593 1
325 611 1
315 630 1
307 650 1
297 674 1
288 697 1
277 723 1
268 750 1
260 775 1
254 800 1
248 824 1
243 848 1
238 873 1
235 903 1
230 933 1
226 966 1
225 997 1
225 1027 1
225 1055 1
226 1082 1
227 1107 1
228 1132 1
230 1154 1
231 1173 1
233 1190 1
236 1202 1
239 1215 1
245 1227 1
251 1239 1
256 1251 1
263 1263 1
272 1276 1
282 1290 1
295 1304 1
308 1316 1
322 1328 1
338 1338 1
353 1345 1
367 1351 1
379 1353 1
395 1355 1
415 1351 1
433 1343 1
453 1330 1
470 1314 1
487 1296 1
503 1272 1
518 1244 1
532 1211 1
548 1176 1
566 1144 1
585 1115 1
607 1087 1
627 1059 1
644 1035 1
658 1011 1
670 989 1
682 967 1
691 945 1
700 923 1
711 897 1
726 868 1
744 835 1
763 801 1
780 773 1
793 749 1
803 731 1
810 716 1
816 701 1
824 684 1
833 663 1
844 636 1
852 610 1
856 585 1
857 565 1
855 547 1
853 531 1
847 516 1
839 497 1
829 478 1
817 461 1
806 447 1
794 435 1
784 426 1
776 420 1
766 414 1
758 410 1
748 404 1
739 401 1
730 395 1
720 390 1
710 383 1
700 377 1
689 370 1
675 364 1
660 361 1
640 359 1
619 360 1
593 364 1
565 371 1
538 382 1
515 395 1
493 410 1
474 425 1
455 443 1
438 464 1
419 491 1
401 522 1
381 557 1
363 594 1
353 625 1
346 653 1
341 678 1
338 698 1
334 716 1
331 733 1
327 752 1
321 770 1
315 789 1
308 809 1
302 829 1
293 852 1
285 878 1
278 902 1
270 928 1
262 953 1
255 975 1
250 996 1
246 1018 1
244 1040 1
241 1061 1
238 1081 1
235 1099 1
232 1111 1
230 1122 1
229 1134 1
227 1148 1
227 1164 1
228 1182 1
231 1200 1
235 1218 1
240 1237 1
243 1250 1
248 1262 1
254 1274 1
264 1287 1
277 1299 1
291 1310 1
305 1317 1
319 1320 1
331 1321 1
346 1316 1
359 1311 1
373 1306 1
387 1298 1
402 1289 1
420 1275 1
437 1259 1
453 1246 1
469 1235 1
481 1227 1
493 1220 1
506 1211 1
517 1199 1
530 1184 1
542 1162 1
556 1138 1
570 1113 1
585 1089 1
600 1065 1
616 1040 1
630 1016 1
644 994 1
658 972 1
671 951 1
684 931 1
697 911 1
711 891 1
723 870 1
735 849 1
747 826 1
760 802 1
771 780 1
781 760 1
788 741 1
795 721 1
801 699 1
808 676 1
812 653 1
817 633 1
819 617 1
823 603 1
824 589 1
824 573 1
824 558 1
823 543 1
823 528 1
821 514 1
821 503 1
818 493 1
817 485 1
817 480 1
815 475 1
813 471 1
811 465 1
808 457 1
801 446 1
795 432 1
786 415 1
776 398 1
763 382 1
754 369 1
743 358 1
731 346 1
717 334 1
703 321 1
686 310 1
669 299 1
653 293 1
636 288 1
616 287 1
596 288 1
578 292 1
557 300 1
535 312 1
511 329 1
486 348 1
463 371 1
439 393 1
420 412 1
403 430 1
390 451 1
377 479 1
363 510 1
347 545 1
334 579 1
325 608 1
319 637 1
312 662 1
307 688 1
302 715 1
297 741 1
292 764 1
285 787 1
279 809 1
272 832 1
266 854 1
258 877 1
252 899 1
246 923 1
240 948 1
236 971 1
234 995 1
231 1019 1
229 1040 1
228 1063 1
226 1089 1
228 1114 1
231 1138 1
234 1159 1
237 1176 1
242 1192 1
249 1209 1
258 1227 1
268 1246 1
281 1265 1
294 1282 1
308 1298 1
319 1307 1
331 1314 1
344 1319 1
357 1322 1
372 1323 1
389 1322 1
406 1320 1
425 1316 1
444 1310 1
463 1304 1
481 1298 1
496 1294 1
509 1288 1
520 1282 1
531 1273 1
544 1264 1
557 1250 1
571 1234 1
585 1213 1
597 1190 1
610 1166 1
622 1143 1
633 1120 1
642 1090 1
648 1061 1
653 1031 1
657 1007 1
661 987 1
665 973 1
671 960 1
679 944 1
688 927 1
699 910 1
710 891 1
723 872 1
735 850 1
748 830 1
760 810 1
773 791 1
785 775 1
795 761 1
803 749 1
810 735 1
815 720 1
817 705 1
819 691 1
819 677 1
816 662 1
813 644 1
811 621 1
806 593 1
800 563 1
794 536 1
787 515 1
782 498 1
778 485 1
774 470 1
768 456 1
762 439 1
754 424 1
747 411 1
738 400 1
728 392 1
716 384 1
703 380 1
689 376 1
674 373 1
658 372 1
641 372 1
622 373 1
605 376 1
590 381 1
577 386 1
564 393 1
552 402 1
541 412 1
529 421 1
518 432 1
507 445 1
496 462 1
486 482 1
476 505 1
467 530 1
459 557 1
451 587 1
442 613 1
432 639 1
421 664 1
407 687 1
393 708 1
378 728 1
364 750 1
350 771 1
336 791 1
324 810 1
313 825 1
304 840 1
297 853 1
290 865 1
287 878 1
282 892 1
280 909 1
279 927 1
277 948 1
275 971 1
271 995 1
265 1021 1
259 1048 1
251 1075 1
242 1101 1
234 1128 1
226 1152 1
218 1175 1
213 1195 1
208 1212 1
206 1229 1
204 1245 1
206 1259 1
209 1272 1
213 1285 1
220 1299 1
229 1313 1
239 1326 1
252 1339 1
267 1349 1
283 1359 1
304 1367 1
327 1374 1
349 1378 1
371 1380 1
393 1379 1
416 1372 1
439 1358 1
463 1337 1
487 1314 1
510 1289 1
529 1264 1
548 1237 1
567 1206 1
585 1173 1
607 1130 1
632 1090 1
654 1056 1
670 1033 1
683 1014 1
692 998 1
701 981 1
709 963 1
718 944 1
726 923 1
735 902 1
743 883 1
751 865 1
760 848 1
770 833 1
781 818 1
797 802 1
813 787 1
829 773 1
841 760 1
853 745 1
865 728 1
877 709 1
887 687 1
895 665 1
900 644 1
901 621 1
898 597 1
891 574 1
879 552 1
864 527 1
846 504 1
824 482 1
803 464 1
780 446 1
757 428 1
735 412 1
716 397 1
700 386 1
689 378 1
678 373 1
666 369 1
654 366 1
642 364 1
631 365 1
618 367 1
598 376 1
579 388 1
556 408 1
534 428 1
515 449 1
497 471 1
480 493 1
464 514 1
450 536 1
436 557 1
422 580 1
410 604 1
396 627 1
383 649 1
372 666 1
363 680 1
354 691 1
345 701 1
333 710 1
320 723 1
305 737 1
289 754 1
274 770 1
262 786 1
253 802 1
246 820 1
242 838 1
239 858 1
238 882 1
236 907 1
236 935 1
233 960 1
230 980 1
226 997 1
222 1013 1
215 1029 1
209 1043 1
203 1056 1
196 1072 1
189 1087 1
184 1104 1
179 1123 1
176 1144 1
174 1167 1
175 1190 1
179 1213 1
183 1236 1
188 1255 1
197 1274 1
210 1291 1
224 1309 1
242 1322 1
258 1333 1
275 1339 1
295 1343 1
319 1345 1
341 1341 1
362 1335 1
381 1329 1
402 1321 1
419 1314 1
436 1306 1
451 1298 1
465 1286 1
481 1273 1
497 1254 1
517 1228 1
541 1189 1
567 1146 1
589 1103 1
607 1065 1
623 1029 1
636 1000 1
646 975 1
655 954 1
661 936 1
667 922 1
671 910 1
675 898 1
679 889 1
683 878 1
691 868 1
700 855 1
713 841 1
730 822 1
748 803 1
769 782 1
789 762 1
807 743 1
821 723 1
833 703 1
843 680 1
850 650 1
853 620 1
852 592 1
847 569 1
841 550 1
831 529 1
822 511 1
811 491 1
798 473 1
785 457 1
772 445 1
759 435 1
748 425 1
736 417 1
724 411 1
712 405 1
697 398 1
685 393 1
670 390 1
655 388 1
641 386 1
625 387 1
608 389 1
588 394 1
566 402 1
541 414 1
516 428 1
494 445 1
472 464 1
450 486 1
429 511 1
407 541 1
383 575 1
365 606 1
351 635 1
343 660 1
338 683 1
335 702 1
330 722 1
324 747 1
316 774 1
305 803 1
293 834 1
281 865 1
270 894 1
261 923 1
253 946 1
246 968 1
238 993 1
228 1019 1
218 1046 1
208 1073 1
200 1096 1
195 1113 1
195 1124 1
196 1135 1
198 1146 1
201 1157 1
206 1167 1
211 1177 1
214 1185 1
218 1193 1
224 1203 1
229 1216 1
237 1231 1
245 1245 1
252 1257 1
264 1269 1
276 1280 1
290 1290 1
307 1302 1
327 1314 1
347 1324 1
365 1332 1
383 1336 1
402 1338 1
420 1335 1
436 1328 1
450 1321 1
466 1309 1
481 1299 1
496 1284 1
509 1269 1
520 1252 1
530 1230 1
543 1205 1
554 1179 1
565 1157 1
574 1138 1
583 1120 1
589 1102 1
600 1084 1
615 1060 1
632 1041 1
645 1022 1
657 1004 1
668 987 1
680 969 1
693 951 1
708 930 1
719 914 1
729 901 1
736 889 1
745 878 1
755 866 1
764 852 1
774 835 1
783 819 1
790 800 1
797 782 1
802 766 1
807 752 1
812 739 1
814 726 1
818 715 1
820 705 1
821 697 1
823 689 1
824 683 1
826 675 1
826 665 1
826 651 1
822 632 1
818 614 1
814 599 1
809 586 1
806 577 1
801 568 1
798 560 1
792 552 1
789 545 1
786 538 1
783 531 1
779 523 1
775 514 1
769 504 1
763 491 1
755 477 1
745 461 1
737 446 1
728 434 1
720 424 1
712 417 1
705 411 1
699 405 1
691 398 1
684 391 1
677 386 1
670 381 1
664 377 1
657 373 1
650 370 1
642 368 1
633 365 1
619 365 1
602 365 1
584 367 1
565 369 1
547 372 1
529 378 1
511 387 1
497 398 1
483 411 1
472 424 1
462 440 1
451 457 1
441 474 1
430 491 1
421 508 1
411 524 1
399 537 1
388 548 1
375 557 1
363 564 1
353 571 1
344 577 1
335 583 1
327 594 1
319 605 1
312 619 1
305 633 1
299 649 1
292 666 1
285 684 1
278 706 1
273 728 1
267 750 1
261 768 1
256 784 1
250 795 1
244 805 1
238 812 1
233 818 1
229 822 1
226 827 1
222 830 1
219 833 1
216 838 1
214 844 1
212 853 1
210 868 1
207 887 1
205 911 1
202 938 1
199 967 1
195 999 1
191 1030 1
185 1058 1
180 1085 1
177 1107 1
174 1126 1
170 1141 1
169 1157 1
167 1171 1
166 1185 1
164 1199 1
163 1214 1
163 1230 1
162 1243 1
162 1253 1
164 1261 1
167 1269 1
173 1276 1
183 1284 1
197 1291 1
213 1299 1
229 1306 1
248 1311 1
266 1314 1
284 1317 1
301 1321 1
317 1325 1
332 1330 1
346 1335 1
359 1340 1
372 1345 1
386 1350 1
399 1355 1
413 1359 1
427 1362 1
440 1364 1
454 1364 1
468 1361 1
483 1356 1
499 1346 1
511 1334 1
523 1318 1
535 1297 1
545 1271 1
556 1243 1
564 1219 1
568 1200 1
572 1187 1
573 1178 1
575 1170 1
576 1159 1
579 1147 1
583 1134 1
590 1120 1
601 1100 1
616 1076 1
632 1052 1
647 1030 1
660 1011 1
670 996 1
679 984 1
687 973 1
693 964 1
699 956 1
704 945 1
712 935 1
717 924 1
720 916 1
725 909 1
728 904 1
733 898 1
738 893 1
742 889 1
748 885 1
753 880 1
759 874 1
766 868 1
772 859 1
778 849 1
784 838 1
791 824 1
799 807 1
807 789 1
815 772 1
820 757 1
822 744 1
825 731 1
826 720 1
827 710 1
827 701 1
827 695 1
827 688 1
827 681 1
827 671 1
828 655 1
830 638 1
832 617 1
834 597 1
835 579 1
837 564 1
835 550 1
833 534 1
830 518 1
826 503 1
821 491 1
816 480 1
810 471 1
803 460 1
795 451 1
787 442 1
777 432 1
767 422 1
758 414 1
749 406 1
739 399 1
731 393 1
722 387 1
709 379 1
695 370 1
681 362 1
667 355 1
657 350 1
646 345 1
636 342 1
623 340 1
610 338 1
595 340 1
578 344 1
559 353 1
539 363 1
515 381 1
495 401 1
477 421 1
461 444 1
445 468 1
431 494 1
420 522 1
410 549 1
402 575 1
394 599 1
388 621 1
383 640 1
376 655 1
370 669 1
364 681 1
358 691 1
353 700 1
348 710 1
342 718 1
334 728 1
325 740 1
313 755 1
301 771 1
289 789 1
278 806 1
271 823 1
265 839 1
260 856 1
256 876 1
252 898 1
249 921 1
246 943 1
244 960 1
241 974 1
238 986 1
235 998 1
231 1011 1
226 1025 1
220 1037 1
216 1047 1
211 1055 1
206 1063 1
204 1072 1
199 1081 1
196 1092 1
193 1104 1
193 1115 1
193 1126 1
195 1140 1
196 1153 1
198 1164 1
199 1176 1
197 1187 1
195 1199 1
192 1213 1
189 1228 1
186 1242 1
183 1256 1
182 1270 1
182 1283 1
183 1295 1
187 1309 1
194 1325 1
205 1342 1
220 1361 1
237 1381 1
257 1394 1
276 1405 1
296 1412 1
316 1416 1
338 1418 1
362 1415 1
384 1408 1
404 1400 1
420 1390 1
437 1381 1
454 1367 1
473 1351 1
490 1334 1
504 1320 1
518 1306 1
531 1293 1
544 1279 1
560 1265 1
577 1253 1
592 1242 1
608 1230 1
624 1212 1
639 1194 1
656 1171 1
674 1141 1
695 1108 1
714 1078 1
732 1054 1
744 1037 1
753 1024 1
760 1011 1
765 999 1
770 985 1
776 971 1
781 955 1
789 939 1
797 920 1
805 902 1
813 881 1
822 862 1
829 843 1
836 826 1
842 810 1
847 796 1
851 785 1
855 774 1
859 767 1
861 760 1
864 754 1
866 748 1
868 743 1
870 734 1
872 720 1
874 703 1
875 684 1
873 664 1
869 641 1
862 618 1
852 591 1
843 566 1
833 545 1
822 527 1
814 512 1
805 498 1
799 487 1
793 477 1
790 468 1
786 462 1
783 454 1
778 445 1
773 436 1
767 426 1
759 414 1
749 402 1
739 388 1
730 376 1
719 363 1
708 351 1
697 339 1
685 330 1
672 322 1
655 319 1
634 316 1
607 318 1
581 325 1
555 337 1
531 351 1
512 365 1
496 379 1
481 396 1
469 414 1
456 433 1
443 452 1
432 468 1
422 481 1
414 490 1
406 497 1
400 502 1
392 507 1
384 511 1
376 517 1
366 528 1
357 539 1
348 553 1
340 570 1
332 589 1
323 612 1
314 636 1
303 663 1
293 690 1
283 713 1
272 734 1
263 753 1
254 770 1
244 784 1
234 796 1
225 807 1
216 818 1
208 829 1
202 841 1
194 854 1
188 871 1
184 889 1
179 907 1
177 925 1
175 940 1
172 953 1
169 963 1
165 972 1
160 981 1
154 989 1
148 998 1
142 1009 1
136 1021 1
130 1034 1
123 1047 1
117 1061 1
111 1076 1
106 1093 1
101 1112 1
98 1132 1
97 1153 1
97 1174 1
97 1191 1
100 1207 1
103 1220 1
106 1230 1
111 1239 1
115 1246 1
120 1253 1
128 1261 1
140 1270 1
154 1282 1
168 1298 1
186 1315 1
202 1330 1
219 1346 1
235 1362 1
252 1378 1
267 1389 1
280 1398 1
293 1404 1
306 1409 1
319 1413 1
332 1414 1
347 1415 1
364 1412 1
383 1407 1
401 1399 1
418 1391 1
431 1383 1
443 1375 1
455 1364 1
470 1350 1
484 1334 1
498 1317 1
512 1297 1
526 1275 1
538 1254 1
549 1235 1
558 1220 1
566 1208 1
574 1198 1
580 1192 1
587 1186 1
595 1180 1
604 1174 1
614 1171 1
624 1166 1
635 1160 1
647 1153 1
662 1142 1
677 1131 1
693 1119 1
707 1108 1
720 1095 1
732 1082 1
745 1068 1
754 1057 1
762 1048 1
767 1042 1
771 1036 1
776 1031 1
780 1025 1
783 1021 1
786 1017 1
788 1012 1
791 1009 1
795 1004 1
799 998 1
803 993 1
809 985 1
815 979 1
822 970 1
830 958 1
838 941 1
846 920 1
856 897 1
861 872 1
865 850 1
867 831 1
867 813 1
865 796 1
864 779 1
862 765 1
860 751 1
858 736 1
856 723 1
854 712 1
852 704 1
851 698 1
849 693 1
848 687 1
846 678 1
843 666 1
841 654 1
838 643 1
836 633 1
834 622 1
830 607 1
827 589 1
821 571 1
817 557 1
812 545 1
807 535 1
803 527 1
799 520 1
796 512 1
792 506 1
789 498 1
785 490 1
784 485 1
781 480 1
780 475 1
777 470 1
774 464 1
769 458 1
764 449 1
759 441 1
754 432 1
747 423 1
741 414 1
736 406 1
730 400 1
724 393 1
719 388 1
713 382 1
709 378 1
704 373 1
699 369 1
696 366 1
692 363 1
687 360 1
683 357 1
678 356 1
671 354 1
661 354 1
651 355 1
637 356 1
623 359 1
607 363 1
590 368 1
576 374 1
563 380 1
550 389 1
538 400 1
527 411 1
517 420 1
509 430 1
502 437 1
496 447 1
490 457 1
485 467 1
480 477 1
473 490 1
465 503 1
452 522 1
440 541 1
427 561 1
415 581 1
404 600 1
392 619 1
379 635 1
368 651 1
355 668 1
340 686 1
324 706 1
310 728 1
297 747 1
287 765 1
279 781 1
271 796 1
265 810 1
259 824 1
253 837 1
247 851 1
241 863 1
234 876 1
228 887 1
224 896 1
219 904 1
214 909 1
211 912 1
208 915 1
206 917 1
203 920 1
201 924 1
198 930 1
193 941 1
189 954 1
184 970 1
178 993 1
170 1017 1
164 1045 1
158 1075 1
155 1104 1
153 1130 1
153 1155 1
153 1174 1
155 1190 1
157 1201 1
160 1213 1
164 1223 1
167 1232 1
171 1242 1
175 1250 1
180 1257 1
184 1264 1
190 1271 1
196 1280 1
204 1289 1
213 1298 1
223 1306 1
233 1314 1
245 1321 1
259 1328 1
275 1333 1
290 1336 1
307 1339 1
324 1341 1
342 1339 1
360 1337 1
377 1334 1
397 1330 1
415 1326 1
434 1319 1
452 1313 1
469 1306 1
485 1300 1
501 1292 1
519 1283 1
538 1270 1
556 1258 1
573 1244 1
591 1226 1
613 1206 1
630 1185 1
646 1165 1
659 1146 1
669 1131 1
677 1118 1
682 1108 1
686 1100 1
691 1092 1
694 1085 1
699 1076 1
705 1066 1
712 1053 1
718 1042 1
724 1032 1
728 1023 1
735 1015 1
738 1008 1
742 1001 1
747 994 1
753 982 1
762 967 1
772 948 1
781 928 1
790 911 1
801 891 1
814 862 1
828 830 1
842 799 1
854 776 1
862 760 1
867 749 1
872 738 1
877 725 1
882 713 1
885 700 1
886 691 1
888 683 1
888 675 1
888 664 1
883 652 1
880 639 1
876 627 1
874 619 1
871 614 1
871 609 1
869 606 1
869 604 1
869 601 1
867 595 1
866 585 1
863 573 1
860 560 1
856 547 1
850 534 1
842 519 1
832 501 1
821 483 1
810 467 1
799 454 1
790 443 1
782 432 1
772 421 1
760 408 1
748 396 1
733 381 1
716 367 1
700 354 1
687 343 1
674 335 1
658 330 1
639 328 1
613 332 1
579 341 1
539 351 1
500 362 1
467 374 1
437 390 1
410 408 1
384 428 1
356 449 1
330 473 1
308 496 1
286 521 1
267 546 1
249 572 1
232 599 1
216 627 1
202 653 1
189 677 1
179 699 1
172 716 1
167 731 1
162 743 1
159 754 1
155 764 1
151 774 1
147 784 1
142 795 1
137 806 1
132 815 1
129 823 1
127 831 1
124 837 1
122 850 1
121 868 1
118 892 1
117 924 1
115 960 1
115 998 1
114 1031 1
113 1058 1
113 1083 1
113 1105 1
115 1126 1
119 1147 1
124 1166 1
130 1183 1
136 1198 1
143 1211 1
150 1223 1
158 1236 1
169 1250 1
182 1264 1
198 1277 1
216 1288 1
237 1299 1
261 1310 1
284 1319 1
307 1325 1
329 1327 1
340 1328 1
333 1328 0
