597 1316 1
597 1316 1
597 1316 1
597 1316 1
597 1316 1
597 1316 1
597 1316 1
597 1316 1
597 1316 1
597 1316 1
597 1316 1
597 1316 1
596 1315 1
595 1314 1
593 1313 1
593 1311 1
591 1311 1
589 1308 1
589 1306 1
587 1304 1
588 1301 1
588 1298 1
589 1295 1
589 1293 1
591 1291 1
592 1289 1
593 1287 1
594 1287 1
595 1287 1
596 1287 1
596 1287 1
596 1287 1
597 1287 1
598 1288 1
599 1288 1
600 1289 1
601 1290 1
602 1291 1
602 1293 1
604 1297 1
605 1302 1
606 1307 1
607 1313 1
607 1320 1
607 1326 1
607 1330 1
607 1333 1
607 1336 1
607 1339 1
607 1342 1
608 1344 1
608 1347 1
608 1350 1
608 1353 1
608 1357 1
608 1360 1
608 1366 1
607 1371 1
605 1375 1
605 1380 1
603 1383 1
601 1387 1
599 1390 1
597 1392 1
594 1394 1
591 1395 1
587 1397 1
584 1398 1
580 1399 1
577 1399 1
574 1398 1
571 1398 1
568 1397 1
566 1395 1
562 1393 1
559 1391 1
556 1389 1
553 1386 1
550 1382 1
547 1378 1
544 1373 1
540 1367 1
535 1359 1
531 1350 1
527 1341 1
524 1331 1
522 1323 1
519 1314 1
518 1305 1
518 1297 1
516 1290 1
516 1282 1
516 1274 1
517 1266 1
519 1258 1
520 1253 1
522 1250 1
523 1245 1
525 1240 1
528 1236 1
530 1232 1
533 1229 1
536 1225 1
539 1222 1
540 1221 1
542 1218 1
543 1217 1
545 1215 1
547 1213 1
548 1213 1
551 1211 1
553 1211 1
555 1211 1
557 1210 1
560 1210 1
564 1209 1
569 1209 1
574 1209 1
580 1210 1
588 1211 1
597 1211 1
605 1213 1
613 1214 1
619 1216 1
625 1217 1
629 1218 1
632 1219 1
634 1219 1
636 1220 1
637 1220 1
638 1220 1
638 1221 1
639 1221 1
640 1221 1
641 1222 1
644 1224 1
646 1226 1
650 1230 1
653 1234 1
658 1239 1
661 1244 1
664 1250 1
670 1257 1
673 1262 1
676 1267 1
677 1270 1
680 1273 1
680 1275 1
682 1278 1
683 1280 1
684 1284 1
685 1288 1
685 1293 1
686 1299 1
687 1306 1
687 1312 1
686 1318 1
686 1324 1
685 1329 1
685 1333 1
683 1336 1
684 1340 1
684 1343 1
684 1345 1
684 1348 1
684 1350 1
685 1352 1
685 1356 1
685 1359 1
686 1361 1
686 1364 1
687 1367 1
687 1371 1
688 1376 1
688 1380 1
688 1386 1
688 1392 1
688 1397 1
688 1403 1
688 1408 1
688 1411 1
688 1415 1
688 1418 1
688 1420 1
688 1423 1
686 1427 1
687 1429 1
687 1432 1
685 1435 1
685 1439 1
681 1445 1
675 1450 1
669 1455 1
662 1460 1
655 1464 1
648 1467 1
642 1470 1
635 1471 1
629 1473 1
624 1474 1
616 1474 1
607 1474 1
598 1474 1
589 1474 1
580 1473 1
573 1473 1
568 1473 1
563 1471 1
559 1471 1
552 1468 1
546 1466 1
540 1463 1
532 1461 1
527 1458 1
523 1456 1
517 1453 1
512 1449 1
507 1444 1
503 1441 1
499 1436 1
494 1430 1
490 1423 1
486 1415 1
481 1407 1
479 1400 1
475 1392 1
472 1384 1
470 1375 1
467 1364 1
466 1352 1
466 1340 1
465 1328 1
465 1315 1
465 1306 1
465 1297 1
465 1289 1
465 1283 1
465 1277 1
464 1273 1
464 1268 1
463 1266 1
463 1264 1
463 1259 1
462 1256 1
462 1251 1
462 1246 1
464 1239 1
466 1231 1
469 1221 1
476 1209 1
484 1195 1
492 1183 1
500 1172 1
506 1164 1
512 1156 1
515 1151 1
518 1146 1
520 1143 1
522 1141 1
524 1139 1
526 1137 1
527 1135 1
530 1133 1
535 1132 1
540 1130 1
547 1129 1
556 1127 1
564 1127 1
571 1127 1
577 1127 1
582 1127 1
585 1128 1
587 1128 1
589 1129 1
591 1129 1
594 1131 1
596 1132 1
599 1134 1
601 1136 1
605 1137 1
608 1139 1
612 1141 1
617 1143 1
623 1147 1
627 1149 1
632 1152 1
635 1153 1
638 1155 1
640 1155 1
643 1156 1
645 1156 1
648 1157 1
650 1157 1
652 1157 1
654 1157 1
656 1157 1
658 1157 1
660 1157 1
662 1157 1
666 1157 1
669 1157 1
674 1158 1
678 1159 1
683 1161 1
690 1163 1
695 1166 1
700 1168 1
705 1172 1
710 1175 1
713 1178 1
716 1181 1
719 1185 1
721 1188 1
724 1192 1
726 1195 1
730 1200 1
732 1203 1
734 1207 1
736 1211 1
739 1215 1
741 1222 1
746 1230 1
749 1239 1
753 1248 1
756 1256 1
761 1265 1
765 1273 1
769 1282 1
774 1289 1
775 1294 1
777 1299 1
779 1303 1
780 1306 1
780 1309 1
781 1313 1
781 1316 1
782 1322 1
783 1328 1
783 1334 1
784 1342 1
784 1349 1
785 1356 1
787 1362 1
787 1369 1
789 1374 1
789 1377 1
789 1380 1
789 1385 1
788 1388 1
788 1391 1
787 1395 1
787 1398 1
785 1402 1
783 1407 1
782 1412 1
779 1418 1
776 1424 1
773 1431 1
770 1437 1
768 1445 1
765 1451 1
764 1457 1
761 1462 1
761 1467 1
760 1471 1
758 1474 1
759 1476 1
759 1478 1
758 1480 1
758 1483 1
756 1485 1
756 1488 1
756 1491 1
753 1496 1
751 1502 1
750 1508 1
748 1514 1
747 1521 1
745 1528 1
744 1533 1
745 1536 1
743 1539 1
744 1541 1
744 1544 1
743 1545 1
743 1548 1
741 1550 1
741 1552 1
739 1554 1
736 1555 1
732 1558 1
726 1560 1
720 1562 1
713 1564 1
707 1566 1
701 1567 1
697 1567 1
694 1568 1
691 1568 1
688 1568 1
685 1568 1
682 1568 1
677 1569 1
675 1569 1
667 1569 1
660 1568 1
652 1568 1
643 1566 1
637 1566 1
631 1564 1
625 1562 1
619 1559 1
614 1558 1
609 1555 1
604 1554 1
599 1552 1
594 1550 1
588 1547 1
580 1543 1
573 1540 1
564 1536 1
555 1531 1
544 1528 1
533 1523 1
524 1518 1
517 1516 1
512 1513 1
507 1510 1
503 1509 1
500 1507 1
497 1506 1
492 1504 1
488 1501 1
482 1498 1
476 1494 1
470 1490 1
464 1485 1
457 1480 1
450 1476 1
444 1470 1
437 1465 1
431 1460 1
425 1454 1
418 1448 1
414 1443 1
410 1438 1
407 1433 1
404 1428 1
401 1422 1
399 1416 1
397 1409 1
395 1403 1
393 1397 1
393 1390 1
394 1382 1
394 1373 1
395 1362 1
396 1351 1
397 1340 1
398 1330 1
398 1321 1
399 1313 1
399 1305 1
400 1297 1
400 1289 1
402 1281 1
403 1274 1
407 1268 1
409 1259 1
411 1252 1
414 1244 1
415 1237 1
417 1228 1
418 1218 1
420 1209 1
421 1199 1
423 1190 1
424 1182 1
425 1174 1
427 1166 1
428 1159 1
431 1152 1
433 1144 1
436 1136 1
441 1127 1
446 1120 1
452 1112 1
459 1104 1
466 1096 1
474 1088 1
481 1080 1
489 1072 1
497 1064 1
506 1056 1
514 1050 1
521 1044 1
528 1039 1
535 1035 1
540 1032 1
545 1029 1
549 1028 1
554 1026 1
558 1026 1
561 1025 1
563 1025 1
565 1025 1
568 1025 1
570 1025 1
572 1025 1
576 1025 1
578 1025 1
582 1025 1
587 1025 1
592 1026 1
600 1026 1
609 1028 1
621 1029 1
632 1031 1
641 1034 1
648 1035 1
656 1037 1
663 1038 1
669 1040 1
675 1041 1
681 1043 1
686 1045 1
692 1047 1
696 1050 1
699 1051 1
702 1053 1
704 1054 1
706 1056 1
708 1058 1
710 1060 1
713 1063 1
716 1066 1
720 1071 1
723 1077 1
727 1083 1
732 1092 1
738 1100 1
741 1109 1
746 1117 1
748 1123 1
750 1128 1
753 1134 1
754 1139 1
756 1143 1
758 1149 1
761 1154 1
764 1160 1
767 1164 1
769 1169 1
771 1175 1
774 1178 1
778 1183 1
781 1188 1
785 1192 1
790 1196 1
793 1199 1
795 1201 1
797 1204 1
798 1205 1
800 1208 1
801 1212 1
804 1217 1
808 1226 1
812 1235 1
817 1244 1
821 1253 1
825 1261 1
829 1268 1
832 1276 1
836 1282 1
840 1290 1
843 1297 1
845 1304 1
847 1309 1
848 1315 1
850 1320 1
850 1324 1
852 1329 1
853 1334 1
854 1340 1
855 1346 1
856 1353 1
858 1361 1
858 1370 1
860 1379 1
861 1388 1
862 1396 1
864 1404 1
864 1412 1
865 1420 1
865 1427 1
866 1435 1
866 1441 1
867 1448 1
867 1454 1
867 1458 1
867 1461 1
868 1465 1
866 1468 1
867 1471 1
865 1477 1
863 1482 1
862 1489 1
862 1497 1
862 1505 1
862 1513 1
862 1519 1
862 1524 1
862 1529 1
860 1534 1
857 1540 1
851 1548 1
845 1557 1
837 1568 1
829 1579 1
821 1589 1
814 1597 1
807 1605 1
800 1611 1
793 1616 1
787 1621 1
781 1624 1
775 1627 1
767 1630 1
760 1633 1
753 1635 1
745 1637 1
739 1638 1
734 1640 1
731 1641 1
727 1642 1
724 1643 1
721 1643 1
716 1645 1
709 1645 1
699 1646 1
685 1646 1
670 1647 1
654 1648 1
642 1648 1
629 1646 1
616 1647 1
605 1645 1
597 1645 1
589 1643 1
583 1642 1
578 1641 1
573 1639 1
568 1638 1
563 1635 1
558 1633 1
552 1631 1
545 1627 1
538 1624 1
531 1619 1
524 1615 1
517 1611 1
510 1607 1
504 1602 1
499 1599 1
494 1595 1
490 1593 1
485 1590 1
480 1587 1
472 1582 1
464 1576 1
454 1570 1
445 1562 1
434 1553 1
425 1544 1
417 1534 1
410 1528 1
403 1521 1
399 1516 1
394 1510 1
390 1503 1
385 1495 1
381 1489 1
377 1483 1
372 1478 1
367 1473 1
363 1469 1
359 1465 1
354 1462 1
351 1459 1
349 1457 1
346 1453 1
343 1450 1
341 1446 1
337 1440 1
334 1433 1
330 1424 1
327 1415 1
323 1405 1
321 1395 1
318 1382 1
315 1366 1
312 1349 1
309 1334 1
307 1320 1
307 1308 1
307 1297 1
309 1285 1
310 1275 1
313 1265 1
317 1258 1
320 1251 1
323 1244 1
325 1238 1
327 1234 1
329 1229 1
330 1226 1
330 1223 1
331 1219 1
332 1216 1
333 1211 1
334 1208 1
337 1203 1
340 1197 1
343 1193 1
348 1187 1
352 1181 1
356 1175 1
359 1172 1
362 1169 1
363 1166 1
364 1164 1
364 1162 1
364 1162 1
364 1160 1
365 1158 1
368 1153 1
375 1144 1
383 1132 1
393 1115 1
404 1097 1
414 1080 1
422 1064 1
427 1052 1
431 1040 1
434 1031 1
437 1025 1
441 1017 1
444 1011 1
446 1006 1
449 1001 1
451 996 1
455 992 1
460 987 1
465 981 1
474 975 1
483 969 1
493 963 1
504 958 1
513 954 1
521 950 1
529 947 1
535 945 1
541 943 1
548 940 1
553 940 1
559 938 1
564 938 1
567 938 1
570 937 1
573 937 1
575 937 1
579 938 1
581 938 1
584 939 1
586 939 1
589 940 1
592 941 1
595 941 1
600 943 1
605 945 1
612 947 1
616 950 1
620 952 1
625 955 1
630 958 1
635 961 1
639 964 1
644 967 1
649 972 1
655 976 1
663 982 1
672 988 1
680 995 1
687 1001 1
693 1006 1
697 1010 1
701 1014 1
704 1018 1
708 1022 1
712 1025 1
716 1029 1
721 1034 1
724 1037 1
727 1040 1
730 1043 1
731 1045 1
734 1048 1
737 1051 1
741 1054 1
747 1059 1
752 1062 1
757 1066 1
762 1071 1
766 1074 1
770 1077 1
773 1080 1
776 1082 1
779 1085 1
784 1089 1
790 1092 1
799 1099 1
807 1106 1
815 1111 1
822 1117 1
828 1121 1
831 1125 1
834 1128 1
838 1132 1
841 1135 1
845 1140 1
849 1146 1
855 1153 1
859 1161 1
864 1168 1
868 1176 1
872 1183 1
874 1189 1
875 1192 1
876 1197 1
877 1202 1
877 1207 1
877 1213 1
877 1221 1
878 1229 1
879 1237 1
880 1245 1
880 1251 1
880 1258 1
880 1263 1
881 1268 1
881 1274 1
881 1283 1
882 1292 1
883 1302 1
885 1312 1
885 1321 1
887 1330 1
887 1337 1
888 1343 1
889 1348 1
891 1355 1
893 1361 1
895 1367 1
897 1373 1
900 1381 1
902 1386 1
905 1391 1
908 1397 1
914 1404 1
919 1410 1
925 1418 1
931 1426 1
938 1435 1
944 1443 1
949 1451 1
952 1456 1
954 1461 1
956 1466 1
957 1469 1
958 1473 1
957 1477 1
957 1482 1
955 1488 1
952 1498 1
948 1508 1
944 1519 1
939 1530 1
932 1541 1
925 1551 1
918 1559 1
912 1569 1
905 1577 1
899 1585 1
894 1595 1
889 1602 1
884 1608 1
881 1613 1
876 1618 1
872 1622 1
867 1626 1
862 1631 1
855 1637 1
848 1644 1
842 1651 1
834 1659 1
826 1669 1
813 1678 1
797 1688 1
781 1697 1
765 1705 1
749 1711 1
733 1717 1
720 1720 1
709 1725 1
701 1727 1
695 1729 1
690 1731 1
685 1732 1
680 1733 1
675 1733 1
669 1733 1
663 1733 1
656 1732 1
650 1732 1
642 1731 1
635 1729 1
625 1728 1
616 1726 1
603 1724 1
592 1724 1
581 1722 1
572 1721 1
562 1718 1
553 1716 1
544 1713 1
535 1709 1
527 1706 1
518 1703 1
511 1700 1
503 1697 1
495 1694 1
487 1689 1
481 1686 1
473 1683 1
466 1677 1
459 1674 1
453 1670 1
446 1666 1
439 1662 1
432 1658 1
426 1653 1
418 1647 1
410 1640 1
402 1633 1
392 1625 1
381 1617 1
372 1609 1
363 1600 1
353 1592 1
342 1581 1
330 1569 1
319 1556 1
309 1544 1
300 1533 1
292 1521 1
285 1510 1
279 1499 1
272 1488 1
268 1479 1
264 1471 1
261 1463 1
258 1454 1
256 1445 1
254 1436 1
254 1427 1
254 1418 1
254 1409 1
254 1401 1
254 1393 1
255 1384 1
255 1375 1
255 1364 1
256 1352 1
256 1338 1
257 1324 1
257 1310 1
256 1297 1
256 1282 1
255 1269 1
255 1258 1
255 1248 1
256 1236 1
258 1226 1
258 1214 1
259 1201 1
260 1191 1
261 1180 1
263 1170 1
266 1161 1
270 1150 1
273 1141 1
277 1131 1
282 1124 1
286 1115 1
291 1107 1
296 1098 1
301 1089 1
307 1079 1
314 1069 1
322 1058 1
329 1048 1
339 1039 1
349 1029 1
359 1021 1
370 1012 1
381 1003 1
391 994 1
400 985 1
409 977 1
417 969 1
423 963 1
429 957 1
434 952 1
441 946 1
446 940 1
452 934 1
457 929 1
464 922 1
474 915 1
484 906 1
495 898 1
506 891 1
517 884 1
528 878 1
539 873 1
552 868 1
566 864 1
579 861 1
591 858 1
603 858 1
614 856 1
626 858 1
636 859 1
644 860 1
651 863 1
656 864 1
662 867 1
667 870 1
672 872 1
678 876 1
686 881 1
695 887 1
705 893 1
715 900 1
727 910 1
740 920 1
751 929 1
764 939 1
776 950 1
788 960 1
798 970 1
805 978 1
811 984 1
815 990 1
818 994 1
821 999 1
825 1005 1
828 1012 1
833 1022 1
838 1031 1
843 1041 1
850 1054 1
858 1069 1
866 1084 1
875 1103 1
884 1118 1
891 1132 1
897 1146 1
904 1159 1
909 1171 1
913 1182 1
917 1192 1
922 1201 1
925 1211 1
930 1219 1
935 1228 1
941 1237 1
947 1246 1
952 1252 1
957 1258 1
961 1265 1
967 1270 1
973 1276 1
978 1283 1
985 1290 1
990 1298 1
995 1307 1
1000 1318 1
1006 1329 1
1011 1339 1
1015 1351 1
1019 1365 1
1023 1379 1
1027 1393 1
1030 1406 1
1032 1417 1
1034 1426 1
1036 1434 1
1037 1441 1
1038 1448 1
1038 1454 1
1038 1457 1
1038 1460 1
1038 1463 1
1038 1467 1
1038 1470 1
1036 1476 1
1037 1485 1
1037 1496 1
1036 1511 1
1033 1527 1
1030 1542 1
1027 1557 1
1025 1572 1
1022 1586 1
1019 1599 1
1017 1609 1
1014 1618 1
1010 1625 1
1005 1635 1
998 1643 1
990 1653 1
982 1664 1
974 1674 1
968 1681 1
959 1688 1
950 1696 1
936 1706 1
922 1716 1
909 1726 1
898 1736 1
886 1746 1
873 1753 1
859 1761 1
848 1766 1
838 1770 1
829 1773 1
819 1774 1
810 1776 1
801 1777 1
792 1777 1
782 1775 1
775 1775 1
766 1775 1
755 1773 1
741 1771 1
726 1771 1
710 1771 1
692 1770 1
674 1770 1
655 1770 1
636 1770 1
617 1770 1
596 1770 1
574 1770 1
554 1769 1
534 1767 1
518 1768 1
506 1767 1
496 1767 1
487 1765 1
478 1763 1
468 1761 1
458 1758 1
448 1754 1
439 1749 1
429 1743 1
417 1736 1
404 1728 1
389 1719 1
373 1709 1
359 1701 1
345 1692 1
332 1683 1
322 1676 1
313 1670 1
303 1664 1
295 1659 1
285 1650 1
274 1641 1
262 1630 1
250 1618 1
240 1606 1
231 1594 1
223 1582 1
217 1569 1
212 1555 1
206 1539 1
201 1523 1
199 1505 1
196 1483 1
194 1459 1
195 1431 1
198 1398 1
198 1404 0
