119 1402 1
119 1402 1
119 1402 1
119 1402 1
119 1402 1
119 1402 1
119 1402 1
119 1402 1
119 1402 0
123 1389 1
123 1389 1
123 1389 1
123 1389 1
123 1389 1
123 1389 1
123 1389 1
123 1389 1
123 1389 1
123 1389 1
123 1389 1
123 1389 1
123 1389 1
123 1389 1
123 1389 1
123 1389 1
123 1389 1
123 1388 1
123 1388 1
123 1385 1
123 1382 1
125 1378 1
126 1373 1
127 1367 1
129 1359 1
131 1350 1
134 1338 1
137 1323 1
140 1308 1
146 1293 1
149 1281 1
153 1271 1
155 1262 1
158 1254 1
161 1247 1
164 1241 1
166 1237 1
169 1234 1
171 1230 1
172 1227 1
173 1225 1
175 1222 1
178 1220 1
184 1219 1
190 1216 1
198 1214 1
206 1209 1
214 1204 1
223 1199 1
229 1193 1
237 1188 1
243 1182 1
249 1175 1
255 1167 1
261 1159 1
268 1148 1
272 1138 1
275 1128 1
277 1116 1
278 1105 1
278 1096 1
277 1087 1
277 1079 1
275 1072 1
273 1065 1
270 1060 1
267 1056 1
262 1053 1
255 1049 1
247 1047 1
238 1046 1
227 1046 1
208 1047 1
199 1049 1
189 1052 1
180 1057 1
171 1063 1
164 1072 1
156 1081 1
149 1093 1
143 1104 1
139 1114 1
136 1122 1
133 1131 1
133 1140 1
133 1149 1
133 1157 1
134 1165 1
135 1174 1
137 1180 1
138 1187 1
140 1193 1
142 1197 1
142 1201 1
144 1205 1
145 1210 1
147 1214 1
149 1220 1
154 1226 1
162 1234 1
170 1241 1
181 1248 1
191 1255 1
200 1262 1
210 1267 1
217 1272 1
226 1276 1
236 1280 1
245 1285 1
254 1289 1
260 1293 1
267 1297 1
273 1302 1
278 1306 1
285 1310 1
288 1314 1
290 1317 1
293 1320 1
295 1324 1
297 1327 1
297 1329 1
298 1332 1
298 1336 1
297 1340 1
295 1344 1
292 1350 1
288 1357 1
283 1363 1
278 1369 1
274 1375 1
269 1382 1
263 1387 1
257 1392 1
249 1396 1
243 1400 1
235 1403 1
225 1406 1
214 1408 1
205 1409 1
198 1410 1
192 1410 1
186 1409 1
179 1409 1
173 1407 1
167 1404 1
162 1401 1
157 1398 1
153 1393 1
154 1394 0
507 1423 1
507 1423 1
507 1423 1
507 1423 1
507 1423 1
507 1423 1
507 1423 1
507 1423 1
507 1423 1
507 1423 1
507 1423 1
507 1423 1
507 1423 1
507 1423 1
507 1423 1
507 1423 1
507 1423 1
507 1423 1
507 1423 1
507 1423 1
507 1423 1
507 1423 1
507 1423 1
507 1423 1
507 1423 1
507 1423 1
507 1423 1
507 1423 1
507 1423 1
507 1421 1
507 1421 1
507 1421 1
507 1418 1
508 1415 1
510 1409 1
511 1405 1
514 1400 1
516 1395 1
519 1390 1
521 1384 1
524 1378 1
527 1371 1
532 1363 1
535 1355 1
539 1347 1
543 1338 1
549 1330 1
553 1321 1
559 1310 1
565 1298 1
571 1286 1
575 1275 1
580 1265 1
585 1256 1
589 1248 1
593 1241 1
597 1232 1
602 1221 1
607 1212 1
609 1205 1
613 1197 1
616 1190 1
618 1184 1
620 1180 1
620 1174 1
621 1169 1
622 1166 1
622 1163 1
622 1158 1
622 1155 1
622 1152 1
621 1150 1
621 1147 1
620 1146 1
620 1144 1
619 1144 1
617 1142 1
615 1140 1
614 1139 1
611 1137 1
606 1136 1
600 1134 1
593 1133 1
587 1133 1
582 1131 1
576 1130 1
571 1130 1
567 1130 1
562 1130 1
557 1130 1
551 1130 1
546 1130 1
540 1131 1
533 1133 1
526 1134 1
518 1136 1
512 1138 1
505 1142 1
500 1147 1
495 1153 1
492 1157 1
489 1162 1
485 1166 1
484 1169 1
482 1171 1
481 1174 1
481 1176 1
480 1177 1
480 1179 1
479 1180 1
479 1181 1
479 1183 1
479 1184 1
479 1187 1
480 1189 1
480 1192 1
481 1196 1
482 1201 1
483 1205 1
485 1210 1
487 1216 1
489 1222 1
493 1227 1
499 1233 1
505 1237 1
510 1241 1
516 1244 1
520 1247 1
524 1251 1
528 1253 1
532 1254 1
536 1256 1
539 1257 1
542 1258 1
545 1259 1
548 1260 1
552 1261 1
555 1261 1
558 1262 1
561 1263 1
564 1264 1
566 1265 1
568 1266 1
569 1266 1
571 1267 1
572 1268 1
573 1269 1
575 1270 1
576 1271 1
578 1272 1
579 1273 1
581 1275 1
582 1276 1
584 1277 1
587 1281 1
590 1284 1
594 1289 1
599 1294 1
603 1300 1
608 1304 1
613 1309 1
616 1311 1
620 1315 1
623 1318 1
625 1319 1
628 1322 1
629 1323 1
632 1325 1
633 1326 1
636 1328 1
639 1330 1
642 1331 1
645 1333 1
649 1335 1
652 1337 1
656 1339 1
659 1341 1
662 1342 1
664 1344 1
667 1346 1
669 1347 1
671 1348 1
672 1349 1
674 1350 1
674 1351 1
674 1351 1
675 1351 1
675 1352 1
675 1352 1
676 1352 1
677 1353 1
677 1354 1
678 1355 1
679 1356 1
680 1358 1
682 1360 1
682 1362 1
684 1365 1
685 1367 1
687 1369 1
687 1371 1
688 1374 1
689 1377 1
689 1380 1
690 1382 1
690 1385 1
690 1387 1
690 1390 1
689 1392 1
690 1395 1
690 1397 1
688 1400 1
689 1401 1
689 1402 1
688 1402 1
688 1402 1
687 1403 1
685 1404 1
685 1405 1
683 1406 1
682 1406 1
680 1407 1
679 1407 1
676 1407 1
673 1408 1
669 1407 1
665 1407 1
661 1407 1
658 1405 1
654 1406 1
651 1406 1
646 1405 1
641 1404 1
637 1404 1
633 1404 1
629 1404 1
625 1404 1
620 1404 1
616 1404 1
611 1404 1
606 1404 1
602 1404 1
597 1405 1
591 1406 1
583 1408 1
574 1409 1
567 1411 1
561 1412 1
555 1413 1
551 1415 1
548 1415 1
547 1416 1
548 1416 0
794 1453 1
794 1453 1
794 1453 1
794 1453 1
794 1453 1
794 1453 1
794 1453 1
794 1453 1
794 1453 1
794 1453 1
794 1453 1
794 1453 1
794 1453 1
794 1453 1
794 1452 1
794 1449 1
795 1444 1
796 1438 1
798 1430 1
801 1418 1
805 1406 1
810 1390 1
815 1374 1
818 1357 1
821 1343 1
824 1331 1
826 1320 1
827 1309 1
828 1297 1
829 1286 1
829 1272 1
829 1260 1
830 1248 1
831 1233 1
833 1219 1
835 1207 1
836 1196 1
837 1183 1
838 1172 1
839 1159 1
840 1148 1
841 1137 1
841 1131 1
841 1125 1
841 1120 1
840 1117 1
840 1115 1
839 1113 1
839 1111 1
839 1111 1
836 1111 1
835 1111 1
832 1111 1
828 1111 1
822 1111 1
814 1113 1
806 1115 1
799 1118 1
792 1123 1
787 1128 1
782 1132 1
779 1136 1
776 1139 1
775 1142 1
773 1145 1
774 1150 1
772 1155 1
773 1161 1
774 1169 1
774 1175 1
775 1179 1
776 1184 1
778 1190 1
781 1198 1
785 1204 1
790 1212 1
794 1218 1
799 1225 1
806 1232 1
812 1240 1
818 1246 1
825 1254 1
832 1260 1
840 1265 1
848 1271 1
856 1276 1
862 1279 1
869 1282 1
876 1285 1
882 1288 1
889 1292 1
899 1297 1
907 1301 1
915 1306 1
921 1311 1
927 1315 1
933 1321 1
939 1327 1
943 1331 1
947 1335 1
952 1340 1
955 1343 1
958 1346 1
962 1351 1
965 1356 1
968 1360 1
970 1365 1
972 1370 1
974 1376 1
976 1383 1
977 1389 1
977 1395 1
977 1400 1
976 1405 1
976 1410 1
973 1414 1
971 1418 1
969 1422 1
967 1426 1
965 1429 1
963 1431 1
961 1434 1
959 1435 1
956 1439 1
953 1439 1
950 1439 1
946 1439 1
941 1438 1
936 1435 1
932 1432 1
926 1427 1
921 1422 1
917 1418 1
912 1413 1
908 1409 1
905 1406 1
903 1404 1
901 1402 1
899 1401 1
897 1399 1
895 1399 1
895 1398 1
893 1398 1
893 1398 1
891 1396 1
890 1397 1
888 1397 1
887 1397 1
883 1397 1
880 1397 1
877 1397 1
873 1397 1
867 1398 1
862 1399 1
857 1399 1
853 1400 1
849 1400 1
846 1400 1
842 1401 1
840 1401 1
841 1401 0
