1044 519 1
1044 519 1
1042 519 1
1042 519 1
1043 520 1
1043 520 1
1041 522 1
1042 525 1
1042 530 1
1040 535 1
1040 541 1
1040 546 1
1039 552 1
1037 557 1
1038 563 1
1036 569 1
1036 575 1
1034 582 1
1032 591 1
1031 601 1
1029 610 1
1028 617 1
1026 623 1
1026 628 1
1024 635 1
1023 640 1
1022 647 1
1020 654 1
1020 664 1
1018 675 1
1017 685 1
1014 695 1
1011 705 1
1006 716 1
1000 725 1
996 736 1
991 747 1
986 759 1
983 770 1
980 778 1
978 786 1
976 790 1
974 797 1
974 803 1
973 809 1
973 817 1
973 825 1
973 833 1
973 841 1
974 851 1
978 862 1
982 874 1
987 888 1
991 900 1
994 909 1
996 921 1
998 930 1
999 942 1
1000 955 1
1000 966 1
999 978 1
999 987 1
998 996 1
996 1005 1
995 1013 1
993 1023 1
990 1031 1
983 1038 1
976 1044 1
967 1050 1
958 1053 1
943 1054 1
930 1054 1
922 1052 1
914 1050 1
907 1046 1
901 1042 1
895 1037 1
891 1032 1
888 1026 1
887 1021 1
885 1013 1
886 1008 1
886 1002 1
886 997 1
886 994 1
887 992 1
887 990 1
887 988 1
887 987 1
888 987 1
889 984 1
889 984 1
890 984 1
890 982 1
891 981 1
891 981 1
893 979 1
893 978 1
895 977 1
897 975 1
898 975 1
900 973 1
901 973 1
903 971 1
904 972 1
906 970 1
907 971 1
909 971 1
911 971 1
913 971 1
916 971 1
918 972 1
920 973 1
922 973 1
924 974 1
925 975 1
927 977 1
931 979 1
935 981 1
939 984 1
943 988 1
946 992 1
949 999 1
954 1006 1
957 1017 1
960 1028 1
964 1039 1
966 1049 1
967 1059 1
967 1071 1
965 1092 1
964 1101 1
962 1113 1
959 1121 1
954 1132 1
944 1152 1
935 1165 1
927 1177 1
920 1186 1
923 1183 0
824 600 1
824 600 1
822 600 1
822 600 1
820 605 1
819 609 1
816 614 1
813 619 1
812 623 1
812 627 1
810 630 1
810 634 1
810 639 1
810 645 1
810 650 1
810 657 1
811 663 1
811 668 1
811 674 1
812 681 1
812 688 1
812 695 1
813 701 1
814 709 1
815 716 1
818 725 1
820 735 1
822 744 1
823 753 1
823 760 1
822 766 1
820 773 1
820 776 1
819 778 1
819 781 1
819 783 1
819 786 1
820 790 1
822 796 1
827 803 1
830 809 1
834 815 1
835 821 1
837 828 1
837 837 1
838 848 1
838 859 1
838 872 1
838 883 1
837 894 1
837 903 1
837 913 1
838 921 1
838 930 1
838 937 1
838 947 1
837 957 1
837 966 1
836 974 1
834 982 1
835 990 1
835 998 1
836 1005 1
837 1013 1
839 1021 1
840 1029 1
841 1037 1
840 1043 1
840 1051 1
838 1057 1
838 1060 1
837 1064 1
835 1067 1
833 1070 1
832 1072 1
829 1074 1
822 1075 1
814 1077 1
807 1077 1
799 1078 1
795 1078 1
791 1077 1
788 1075 1
785 1073 1
783 1070 1
783 1064 1
781 1059 1
783 1054 1
783 1048 1
785 1042 1
785 1038 1
786 1035 1
786 1032 1
787 1030 1
787 1028 1
788 1026 1
788 1026 1
789 1025 1
789 1023 1
789 1023 1
789 1023 1
789 1023 1
789 1023 1
789 1023 1
789 1023 1
789 1023 1
791 1025 1
794 1027 1
802 1032 1
812 1040 1
820 1048 1
828 1058 1
833 1065 1
838 1073 1
841 1082 1
842 1094 1
843 1105 1
842 1117 1
840 1128 1
840 1137 1
838 1146 1
836 1158 1
834 1169 1
832 1179 1
832 1188 1
830 1196 1
830 1204 1
828 1214 1
828 1223 1
826 1233 1
825 1241 1
826 1247 1
824 1253 1
825 1259 1
825 1262 1
825 1266 1
825 1269 1
826 1271 1
826 1273 1
826 1275 1
826 1276 1
824 1280 1
819 1290 1
813 1298 1
810 1301 1
812 1300 0
683 658 1
683 658 1
683 658 1
683 658 1
683 658 1
682 658 1
680 659 1
677 662 1
672 667 1
667 672 1
664 675 1
663 677 1
661 680 1
661 683 1
661 686 1
661 691 1
663 696 1
663 700 1
665 705 1
666 710 1
666 715 1
667 722 1
668 730 1
669 738 1
669 747 1
670 755 1
671 762 1
672 769 1
674 776 1
674 782 1
676 789 1
678 798 1
681 807 1
683 816 1
685 825 1
686 832 1
687 838 1
687 845 1
688 850 1
688 853 1
688 859 1
686 866 1
686 875 1
684 883 1
682 891 1
682 897 1
682 904 1
683 916 1
688 927 1
697 939 1
705 950 1
712 958 1
717 966 1
723 973 1
727 979 1
731 985 1
733 990 1
736 993 1
737 997 1
738 1002 1
738 1006 1
738 1014 1
736 1023 1
736 1034 1
734 1044 1
734 1055 1
732 1067 1
730 1075 1
722 1091 1
716 1102 1
711 1109 1
708 1116 1
706 1122 1
705 1124 1
702 1129 1
702 1132 1
700 1135 1
700 1138 1
697 1143 1
698 1147 1
695 1150 1
695 1154 1
693 1156 1
692 1158 1
692 1160 1
690 1161 1
690 1162 1
687 1162 1
684 1162 1
679 1160 1
670 1158 1
661 1150 1
655 1141 1
647 1130 1
643 1122 1
640 1113 1
637 1104 1
636 1097 1
636 1090 1
636 1084 1
636 1080 1
636 1076 1
637 1073 1
638 1069 1
641 1066 1
649 1061 1
656 1058 1
663 1056 1
672 1057 1
679 1057 1
686 1057 1
692 1059 1
698 1061 1
703 1065 1
710 1078 1
713 1091 1
717 1106 1
718 1121 1
718 1137 1
715 1157 1
709 1176 1
700 1196 1
692 1215 1
683 1234 1
677 1247 1
672 1258 1
667 1266 1
664 1274 1
661 1281 1
659 1287 1
660 1286 0
499 784 1
499 784 1
499 784 1
499 784 1
499 784 1
499 784 1
499 784 1
499 784 1
499 784 1
499 784 1
499 784 1
499 784 1
497 784 1
497 784 1
495 787 1
494 791 1
492 796 1
489 803 1
488 812 1
486 823 1
487 833 1
487 844 1
487 854 1
488 864 1
487 872 1
485 880 1
482 888 1
480 895 1
478 901 1
477 906 1
475 910 1
475 916 1
475 923 1
476 933 1
478 944 1
480 956 1
483 966 1
486 975 1
489 982 1
492 990 1
493 996 1
495 1003 1
495 1009 1
496 1016 1
498 1023 1
498 1030 1
500 1036 1
501 1043 1
503 1050 1
504 1055 1
506 1061 1
506 1067 1
507 1076 1
507 1084 1
506 1093 1
504 1102 1
504 1108 1
502 1115 1
501 1119 1
501 1122 1
500 1125 1
499 1127 1
499 1129 1
498 1129 1
498 1129 1
498 1129 1
498 1129 1
498 1130 1
498 1130 1
497 1130 1
495 1132 1
493 1133 1
488 1136 1
481 1144 1
473 1152 1
467 1159 1
463 1163 1
458 1167 1
455 1170 1
453 1172 1
452 1173 1
450 1175 1
450 1175 1
450 1176 1
447 1176 1
447 1176 1
443 1174 1
436 1169 1
429 1160 1
423 1147 1
418 1136 1
416 1128 1
414 1120 1
412 1113 1
413 1106 1
413 1100 1
413 1094 1
414 1091 1
415 1088 1
417 1086 1
418 1085 1
420 1085 1
424 1083 1
428 1084 1
431 1085 1
433 1085 1
436 1085 1
437 1086 1
439 1089 1
440 1101 1
442 1114 1
444 1128 1
447 1146 1
450 1162 1
451 1175 1
452 1188 1
452 1214 1
450 1237 1
440 1262 1
429 1285 1
419 1305 1
410 1320 1
402 1333 1
404 1331 0
