133 1522 1
133 1522 1
133 1522 1
133 1522 1
133 1522 1
133 1522 1
132 1521 1
131 1516 1
131 1512 1
129 1502 1
129 1491 1
125 1478 1
124 1464 1
121 1444 1
118 1426 1
115 1410 1
114 1397 1
112 1386 1
111 1375 1
111 1364 1
110 1352 1
110 1343 1
110 1335 1
110 1327 1
111 1318 1
112 1308 1
116 1295 1
120 1283 1
127 1272 1
130 1262 1
134 1252 1
136 1241 1
139 1228 1
141 1214 1
142 1201 1
143 1189 1
143 1177 1
144 1164 1
144 1150 1
144 1135 1
142 1120 1
143 1104 1
141 1080 1
141 1066 1
139 1051 1
140 1039 1
139 1027 1
139 1014 1
138 1001 1
138 988 1
137 978 1
137 968 1
136 959 1
135 949 1
135 939 1
133 928 1
131 917 1
130 906 1
127 894 1
122 880 1
117 865 1
112 855 1
107 844 1
104 838 1
102 833 1
100 829 1
100 827 1
100 825 1
99 824 1
99 824 1
99 824 1
99 824 1
99 824 1
99 824 1
98 825 1
96 826 1
94 829 1
93 836 1
92 839 1
93 837 0
101 976 1
101 976 1
101 976 1
100 980 1
100 988 1
101 997 1
102 1011 1
104 1024 1
106 1037 1
107 1047 1
108 1057 1
108 1068 1
109 1079 1
110 1090 1
112 1101 1
113 1111 1
116 1120 1
119 1129 1
121 1138 1
123 1146 1
126 1155 1
130 1165 1
135 1174 1
138 1185 1
143 1196 1
148 1209 1
155 1228 1
159 1241 1
162 1252 1
166 1261 1
169 1272 1
175 1284 1
180 1296 1
186 1310 1
191 1321 1
195 1330 1
197 1337 1
200 1342 1
201 1346 1
202 1348 1
202 1350 1
202 1352 1
203 1353 1
203 1353 1
203 1354 1
203 1354 1
203 1354 1
204 1355 1
204 1356 1
204 1357 1
205 1359 1
206 1363 1
206 1370 1
208 1377 1
208 1384 1
210 1392 1
211 1399 1
212 1405 1
213 1410 1
215 1415 1
217 1420 1
219 1424 1
221 1428 1
224 1431 1
227 1434 1
230 1435 1
232 1437 1
234 1438 1
234 1438 1
235 1438 1
235 1438 1
235 1438 1
235 1438 1
236 1438 1
236 1438 1
237 1438 1
239 1435 1
241 1433 1
247 1422 1
253 1409 1
257 1394 1
261 1375 1
264 1358 1
266 1346 1
268 1336 1
269 1327 1
270 1318 1
270 1308 1
270 1301 1
270 1293 1
269 1286 1
269 1278 1
268 1274 1
267 1270 1
267 1266 1
266 1263 1
266 1260 1
266 1256 1
264 1253 1
265 1246 1
263 1238 1
262 1227 1
261 1214 1
259 1201 1
258 1187 1
256 1171 1
255 1151 1
253 1132 1
252 1116 1
252 1100 1
250 1084 1
251 1070 1
251 1056 1
251 1041 1
251 1029 1
252 1017 1
254 1006 1
254 993 1
254 981 1
252 967 1
251 950 1
249 934 1
247 918 1
244 902 1
241 891 1
238 880 1
234 872 1
231 867 1
229 862 1
227 859 1
225 857 1
225 856 1
225 854 1
225 854 1
224 855 1
224 855 1
224 855 1
224 855 1
224 855 1
224 855 1
224 855 1
224 855 1
223 856 1
220 858 1
218 863 1
215 870 1
212 880 1
209 892 1
207 904 1
206 912 1
204 922 1
204 931 1
203 941 1
204 950 1
205 961 1
208 971 1
212 984 1
217 998 1
223 1015 1
229 1033 1
235 1051 1
241 1072 1
249 1093 1
256 1110 1
262 1126 1
269 1140 1
273 1151 1
278 1159 1
282 1166 1
286 1170 1
288 1173 1
291 1175 1
292 1177 1
293 1177 1
293 1178 1
294 1179 1
296 1182 1
298 1190 1
303 1201 1
308 1220 1
313 1240 1
320 1260 1
324 1280 1
329 1298 1
332 1312 1
335 1322 1
336 1329 1
338 1334 1
339 1337 1
339 1339 1
340 1341 1
340 1341 1
340 1342 1
340 1342 1
340 1342 1
340 1342 1
340 1342 1
341 1343 1
341 1343 1
341 1343 1
341 1343 1
341 1344 1
341 1344 1
341 1344 1
341 1345 1
341 1345 1
341 1345 1
341 1346 1
341 1346 1
341 1346 1
341 1347 1
341 1347 1
342 1348 1
344 1352 1
345 1355 1
347 1360 1
348 1365 1
350 1372 1
351 1379 1
353 1385 1
354 1390 1
356 1395 1
357 1398 1
357 1400 1
358 1403 1
358 1404 1
359 1405 1
359 1405 1
359 1405 1
359 1406 1
359 1406 1
359 1406 1
359 1406 1
359 1408 1
359 1409 1
360 1410 1
361 1412 1
361 1413 1
362 1415 1
362 1415 1
363 1417 1
363 1418 1
364 1419 1
365 1420 1
365 1420 1
365 1421 1
365 1421 1
366 1421 1
366 1421 1
367 1422 1
369 1422 1
371 1423 1
374 1423 1
377 1423 1
380 1421 1
385 1418 1
390 1415 1
394 1410 1
399 1405 1
404 1400 1
409 1394 1
415 1387 1
421 1376 1
426 1365 1
431 1354 1
434 1342 1
438 1331 1
442 1318 1
444 1305 1
445 1289 1
447 1275 1
447 1265 1
448 1254 1
448 1246 1
448 1237 1
448 1227 1
448 1216 1
448 1205 1
448 1194 1
448 1183 1
447 1167 1
447 1150 1
445 1132 1
442 1114 1
439 1096 1
435 1078 1
431 1058 1
426 1041 1
421 1025 1
416 1012 1
409 998 1
402 985 1
395 973 1
387 962 1
381 952 1
374 943 1
370 937 1
365 932 1
361 927 1
357 924 1
353 920 1
351 919 1
348 917 1
348 917 1
346 917 1
347 916 1
347 916 1
347 916 1
347 916 1
347 916 1
347 916 1
345 916 1
345 918 1
345 921 1
344 929 1
344 940 1
344 954 1
344 970 1
346 985 1
348 999 1
351 1013 1
355 1025 1
358 1036 1
363 1046 1
368 1056 1
373 1065 1
378 1076 1
386 1089 1
393 1104 1
400 1117 1
407 1129 1
413 1140 1
421 1151 1
428 1162 1
433 1171 1
438 1181 1
442 1189 1
446 1196 1
449 1203 1
452 1209 1
456 1216 1
458 1222 1
460 1226 1
461 1231 1
462 1234 1
463 1237 1
464 1240 1
465 1245 1
466 1249 1
468 1256 1
469 1261 1
469 1268 1
470 1277 1
471 1289 1
473 1300 1
474 1312 1
476 1322 1
477 1329 1
478 1335 1
479 1340 1
480 1346 1
481 1351 1
482 1357 1
483 1365 1
484 1374 1
483 1383 1
481 1391 1
480 1399 1
480 1405 1
479 1408 1
479 1411 1
478 1414 1
478 1414 1
478 1415 1
478 1415 1
478 1416 1
478 1416 1
478 1416 1
478 1416 1
478 1416 1
478 1416 1
478 1416 1
478 1416 1
478 1416 1
478 1416 1
478 1416 1
478 1416 1
478 1416 1
478 1416 1
478 1416 1
478 1416 1
478 1416 1
478 1416 1
478 1416 1
478 1416 1
478 1416 1
478 1416 1
478 1416 1
479 1414 1
482 1414 1
485 1412 1
492 1407 1
498 1403 1
504 1398 1
510 1393 1
515 1389 1
521 1384 1
526 1379 1
530 1375 1
534 1369 1
539 1363 1
543 1355 1
546 1349 1
550 1341 1
553 1333 1
557 1325 1
560 1314 1
566 1299 1
570 1284 1
573 1269 1
577 1256 1
579 1242 1
580 1229 1
581 1216 1
581 1206 1
580 1195 1
578 1187 1
577 1178 1
575 1168 1
572 1157 1
569 1146 1
565 1137 1
562 1128 1
557 1121 1
553 1114 1
549 1107 1
545 1097 1
542 1086 1
538 1075 1
535 1062 1
530 1049 1
527 1037 1
522 1022 1
519 1010 1
516 999 1
515 989 1
512 981 1
510 973 1
507 965 1
503 957 1
500 951 1
497 946 1
496 941 1
493 938 1
492 936 1
490 933 1
490 932 1
488 932 1
489 930 1
489 930 1
489 930 1
489 930 1
489 930 1
489 930 1
489 930 1
489 930 1
489 930 1
489 932 1
487 934 1
487 937 1
485 943 1
483 951 1
481 962 1
479 972 1
477 984 1
476 996 1
476 1009 1
476 1021 1
477 1034 1
478 1045 1
480 1054 1
483 1062 1
487 1070 1
491 1079 1
494 1088 1
498 1098 1
502 1106 1
506 1114 1
509 1122 1
513 1131 1
518 1141 1
521 1151 1
524 1160 1
526 1170 1
529 1179 1
531 1187 1
534 1197 1
537 1207 1
540 1218 1
544 1233 1
548 1249 1
551 1265 1
554 1284 1
557 1302 1
560 1320 1
563 1337 1
566 1355 1
569 1369 1
571 1382 1
572 1391 1
573 1399 1
574 1406 1
574 1412 1
574 1417 1
574 1421 1
574 1425 1
574 1428 1
574 1431 1
574 1435 1
574 1440 1
574 1446 1
573 1453 1
573 1461 1
572 1468 1
572 1473 1
571 1478 1
571 1483 1
570 1485 1
570 1490 1
568 1493 1
569 1495 1
569 1498 1
568 1500 1
568 1502 1
568 1502 1
568 1503 1
568 1503 1
568 1503 1
568 1503 1
568 1503 1
568 1503 1
568 1503 1
568 1503 1
568 1503 1
568 1503 1
568 1503 1
568 1503 1
568 1503 1
568 1503 1
568 1503 1
569 1503 1
571 1502 1
574 1500 1
577 1498 1
581 1494 1
587 1489 1
594 1482 1
601 1475 1
607 1469 1
612 1463 1
618 1458 1
621 1451 1
625 1446 1
628 1439 1
632 1429 1
636 1420 1
640 1408 1
642 1395 1
645 1381 1
646 1367 1
648 1351 1
649 1339 1
650 1329 1
651 1320 1
651 1314 1
651 1308 1
651 1303 1
651 1299 1
652 1294 1
652 1291 1
652 1286 1
652 1279 1
652 1273 1
652 1266 1
653 1257 1
653 1244 1
655 1230 1
655 1212 1
655 1194 1
653 1179 1
653 1164 1
653 1149 1
652 1134 1
652 1121 1
650 1111 1
647 1100 1
644 1088 1
640 1076 1
636 1064 1
632 1051 1
627 1036 1
621 1020 1
617 1006 1
613 993 1
608 983 1
605 975 1
603 969 1
600 964 1
598 959 1
595 954 1
592 949 1
589 944 1
585 941 1
582 938 1
578 934 1
576 933 1
574 931 1
572 931 1
572 931 1
571 931 1
569 932 1
570 934 1
570 940 1
570 954 1
571 971 1
573 990 1
575 1010 1
576 1031 1
578 1048 1
580 1064 1
584 1078 1
587 1089 1
591 1097 1
593 1103 1
595 1106 1
595 1108 1
596 1110 1
597 1110 1
597 1111 1
598 1113 1
599 1116 1
602 1119 1
605 1125 1
611 1133 1
620 1147 1
632 1164 1
642 1181 1
652 1197 1
660 1211 1
668 1227 1
676 1246 1
681 1260 1
686 1272 1
689 1282 1
692 1291 1
695 1301 1
697 1309 1
699 1316 1
702 1323 1
704 1327 1
706 1331 1
707 1333 1
708 1336 1
710 1340 1
712 1343 1
714 1348 1
717 1352 1
719 1360 1
722 1368 1
723 1375 1
725 1383 1
727 1391 1
728 1398 1
730 1404 1
731 1411 1
732 1416 1
732 1420 1
733 1424 1
733 1427 1
733 1430 1
733 1432 1
733 1434 1
734 1437 1
734 1438 1
734 1438 1
734 1439 1
734 1439 1
734 1440 1
734 1440 1
734 1440 1
734 1440 1
734 1441 1
734 1441 1
734 1441 1
734 1442 1
734 1442 1
734 1443 1
734 1443 1
734 1443 1
734 1444 1
734 1444 1
734 1444 1
734 1445 1
734 1445 1
734 1445 1
734 1445 1
734 1446 1
734 1446 1
734 1446 1
734 1446 1
734 1446 1
734 1446 1
734 1446 1
734 1446 1
734 1446 1
734 1446 1
734 1446 1
734 1446 1
734 1446 1
734 1446 1
734 1446 1
734 1446 1
734 1446 1
734 1446 1
734 1446 1
734 1446 1
734 1446 1
734 1446 1
735 1444 1
738 1441 1
743 1435 1
747 1429 1
752 1423 1
758 1415 1
762 1408 1
767 1400 1
770 1393 1
773 1385 1
777 1376 1
778 1366 1
778 1357 1
779 1346 1
780 1335 1
778 1322 1
776 1303 1
774 1284 1
770 1267 1
767 1253 1
764 1237 1
762 1223 1
760 1209 1
757 1199 1
755 1188 1
753 1180 1
750 1171 1
750 1161 1
749 1150 1
749 1139 1
750 1129 1
753 1118 1
754 1106 1
755 1093 1
756 1078 1
758 1063 1
756 1049 1
754 1038 1
751 1027 1
746 1017 1
741 1007 1
737 999 1
732 991 1
728 984 1
724 978 1
718 973 1
712 968 1
705 964 1
701 961 1
696 959 1
694 959 1
692 957 1
689 959 1
689 959 1
687 963 1
688 970 1
690 979 1
693 992 1
698 1008 1
704 1024 1
711 1040 1
717 1054 1
722 1068 1
726 1082 1
730 1096 1
733 1110 1
737 1121 1
742 1132 1
749 1144 1
757 1157 1
763 1170 1
770 1181 1
775 1191 1
777 1197 1
782 1205 1
785 1212 1
788 1222 1
793 1233 1
798 1245 1
803 1257 1
810 1270 1
815 1282 1
821 1295 1
826 1307 1
830 1319 1
835 1332 1
838 1345 1
840 1358 1
842 1371 1
843 1382 1
845 1392 1
845 1400 1
846 1406 1
846 1411 1
845 1415 1
845 1418 1
845 1420 1
843 1424 1
844 1426 1
843 1428 1
843 1430 1
843 1430 1
843 1431 1
843 1431 1
843 1431 1
843 1431 1
843 1431 1
843 1431 1
843 1431 1
843 1431 1
843 1431 1
843 1431 1
843 1431 1
843 1431 1
843 1431 1
843 1431 1
843 1431 1
843 1431 1
843 1431 1
843 1431 1
843 1431 1
843 1431 1
843 1431 1
843 1431 1
843 1431 1
843 1431 1
843 1431 1
843 1431 1
843 1431 1
843 1431 1
843 1431 1
843 1431 1
843 1431 1
843 1431 1
843 1431 1
843 1431 1
843 1431 1
843 1431 1
843 1431 1
843 1431 1
843 1431 1
843 1431 1
843 1431 1
843 1431 1
843 1431 1
843 1431 1
844 1431 1
844 1431 1
847 1428 1
848 1428 1
850 1426 1
852 1426 1
853 1425 1
854 1425 1
854 1424 1
855 1424 1
855 1424 1
855 1422 1
857 1421 1
858 1418 1
860 1414 1
862 1409 1
864 1402 1
865 1391 1
867 1376 1
867 1356 1
868 1335 1
866 1310 1
865 1288 1
862 1269 1
859 1255 1
856 1242 1
853 1233 1
851 1225 1
849 1220 1
849 1217 1
849 1214 1
849 1212 1
849 1211 1
849 1210 1
849 1208 1
849 1205 1
849 1200 1
851 1193 1
852 1184 1
855 1170 1
858 1154 1
861 1139 1
863 1123 1
865 1109 1
867 1093 1
868 1076 1
866 1060 1
864 1042 1
861 1023 1
855 1003 1
850 986 1
844 968 1
840 955 1
835 943 1
831 934 1
828 926 1
826 921 1
823 916 1
822 915 1
820 913 1
821 911 1
820 912 1
820 912 1
820 912 1
820 912 1
820 912 1
820 912 1
819 912 1
816 912 1
813 915 1
810 918 1
807 924 1
804 934 1
801 945 1
799 958 1
797 970 1
799 984 1
801 996 1
804 1009 1
806 1022 1
809 1034 1
811 1044 1
814 1054 1
817 1063 1
822 1074 1
828 1088 1
834 1101 1
841 1114 1
847 1127 1
854 1141 1
859 1156 1
864 1172 1
869 1185 1
874 1199 1
879 1212 1
884 1227 1
888 1239 1
892 1252 1
895 1263 1
899 1275 1
904 1288 1
910 1302 1
913 1314 1
917 1324 1
920 1332 1
923 1339 1
925 1346 1
927 1354 1
929 1361 1
930 1368 1
931 1374 1
932 1381 1
932 1386 1
933 1391 1
933 1396 1
934 1402 1
934 1407 1
934 1412 1
935 1416 1
935 1421 1
935 1425 1
935 1431 1
935 1437 1
935 1442 1
935 1448 1
935 1453 1
935 1457 1
935 1460 1
935 1463 1
934 1465 1
934 1467 1
934 1469 1
934 1469 1
934 1470 1
934 1470 1
934 1470 1
934 1470 1
934 1471 1
934 1471 1
934 1471 1
934 1471 1
934 1471 1
934 1471 1
934 1469 1
935 1467 1
937 1465 1
938 1462 1
941 1458 1
942 1451 1
944 1443 1
944 1432 1
945 1423 1
945 1414 1
945 1405 1
946 1396 1
946 1384 1
948 1370 1
950 1355 1
953 1340 1
955 1327 1
959 1313 1
963 1296 1
965 1281 1
968 1267 1
970 1254 1
972 1240 1
974 1225 1
976 1207 1
978 1190 1
979 1167 1
980 1142 1
980 1115 1
980 1088 1
979 1063 1
977 1040 1
972 1017 1
966 996 1
956 976 1
942 958 1
928 942 1
914 930 1
903 919 1
896 914 1
891 909 1
888 907 1
887 906 1
887 904 1
886 905 1
886 905 1
886 905 1
886 905 1
886 905 1
886 905 1
886 905 1
885 905 1
883 908 1
883 913 1
883 920 1
883 934 1
883 951 1
886 970 1
890 994 1
896 1020 1
903 1046 1
910 1072 1
919 1097 1
927 1119 1
934 1138 1
940 1156 1
946 1172 1
952 1187 1
959 1200 1
967 1214 1
975 1229 1
984 1243 1
991 1255 1
998 1265 1
1004 1275 1
1010 1285 1
1016 1296 1
1022 1307 1
1027 1315 1
1031 1323 1
1035 1329 1
1037 1333 1
1039 1338 1
1040 1340 1
1042 1344 1
1044 1347 1
1044 1350 1
1045 1355 1
1045 1361 1
1045 1359 0
