896 339 1
895 339 1
895 343 1
894 347 1
892 355 1
890 366 1
885 383 1
879 405 1
869 433 1
857 463 1
843 501 1
820 561 1
805 604 1
790 647 1
774 686 1
757 726 1
739 764 1
722 802 1
699 842 1
678 883 1
657 914 1
636 943 1
614 972 1
588 1006 1
563 1042 1
536 1078 1
507 1117 1
478 1154 1
451 1184 1
424 1210 1
397 1233 1
371 1251 1
348 1266 1
328 1273 1
306 1278 1
286 1280 1
267 1278 1
250 1271 1
234 1254 1
221 1227 1
209 1190 1
204 1144 1
203 1101 1
204 1058 1
211 1006 1
220 953 1
233 899 1
249 845 1
268 794 1
288 749 1
311 704 1
335 663 1
357 625 1
381 589 1
408 551 1
434 514 1
460 477 1
487 438 1
516 402 1
543 366 1
573 332 1
601 300 1
629 273 1
654 251 1
677 233 1
699 220 1
720 210 1
740 203 1
758 199 1
776 199 1
793 199 1
812 204 1
832 211 1
852 222 1
870 235 1
884 253 1
898 278 1
908 308 1
912 343 1
914 380 1
909 421 1
901 465 1
888 512 1
872 562 1
852 614 1
830 666 1
808 716 1
785 762 1
762 806 1
739 848 1
718 891 1
697 930 1
676 969 1
653 1004 1
629 1039 1
605 1073 1
581 1106 1
556 1136 1
529 1165 1
501 1193 1
472 1219 1
443 1244 1
416 1267 1
389 1286 1
366 1302 1
345 1313 1
324 1320 1
304 1322 1
284 1320 1
263 1316 1
241 1311 1
221 1304 1
204 1297 1
185 1284 1
167 1266 1
151 1239 1
136 1208 1
128 1171 1
126 1130 1
130 1084 1
143 1031 1
157 977 1
175 922 1
193 871 1
213 822 1
238 772 1
268 721 1
300 667 1
335 617 1
369 570 1
396 530 1
423 493 1
447 459 1
474 427 1
502 396 1
532 365 1
563 335 1
592 309 1
621 285 1
650 264 1
681 243 1
708 226 1
735 211 1
757 201 1
777 194 1
795 191 1
811 192 1
827 196 1
843 204 1
860 217 1
878 235 1
891 260 1
905 291 1
915 327 1
921 372 1
924 420 1
925 470 1
920 522 1
911 572 1
899 622 1
885 670 1
867 717 1
847 759 1
824 799 1
797 837 1
770 871 1
740 901 1
706 933 1
672 965 1
638 998 1
602 1030 1
566 1058 1
531 1086 1
496 1116 1
461 1144 1
426 1175 1
393 1204 1
362 1231 1
334 1255 1
306 1276 1
282 1289 1
257 1300 1
235 1307 1
214 1308 1
197 1303 1
184 1292 1
172 1264 1
163 1224 1
163 1174 1
168 1123 1
179 1073 1
192 1026 1
205 976 1
220 926 1
237 874 1
256 822 1
276 774 1
300 727 1
324 679 1
350 634 1
376 591 1
400 555 1
421 524 1
442 497 1
465 473 1
489 450 1
515 428 1
540 404 1
564 381 1
589 359 1
613 336 1
636 315 1
659 295 1
683 278 1
706 261 1
728 248 1
747 237 1
767 228 1
786 222 1
803 217 1
818 215 1
833 216 1
847 219 1
860 225 1
873 232 1
886 246 1
899 263 1
910 287 1
918 319 1
924 358 1
926 401 1
924 444 1
921 487 1
912 532 1
904 575 1
892 617 1
877 659 1
859 701 1
839 743 1
813 785 1
787 822 1
759 859 1
728 894 1
694 930 1
661 966 1
629 1000 1
597 1028 1
564 1056 1
530 1083 1
494 1111 1
456 1137 1
419 1165 1
381 1190 1
343 1217 1
310 1239 1
279 1260 1
253 1275 1
228 1287 1
207 1296 1
188 1303 1
171 1308 1
154 1310 1
141 1306 1
127 1296 1
112 1279 1
100 1254 1
92 1220 1
85 1180 1
85 1134 1
89 1084 1
98 1027 1
111 971 1
127 919 1
144 878 1
160 842 1
178 810 1
200 777 1
225 741 1
252 702 1
279 662 1
307 621 1
336 581 1
367 540 1
398 500 1
428 461 1
454 425 1
483 391 1
514 357 1
544 327 1
575 297 1
603 271 1
632 248 1
660 228 1
686 210 1
711 196 1
735 186 1
758 178 1
780 174 1
801 172 1
821 176 1
841 184 1
860 199 1
880 219 1
896 247 1
910 287 1
918 333 1
922 385 1
919 438 1
913 488 1
902 533 1
890 575 1
875 616 1
858 655 1
839 696 1
820 735 1
799 772 1
780 806 1
759 837 1
737 866 1
714 897 1
691 928 1
668 958 1
642 986 1
614 1014 1
583 1041 1
551 1066 1
517 1091 1
481 1117 1
442 1142 1
401 1167 1
360 1193 1
321 1215 1
285 1236 1
254 1253 1
225 1268 1
203 1277 1
186 1281 1
173 1282 1
162 1278 1
152 1269 1
143 1252 1
135 1225 1
131 1193 1
132 1157 1
139 1115 1
153 1065 1
170 1005 1
182 945 1
193 891 1
204 845 1
217 798 1
233 758 1
252 714 1
274 667 1
298 620 1
322 577 1
346 539 1
368 507 1
389 476 1
411 449 1
435 422 1
462 394 1
491 366 1
522 338 1
554 313 1
585 290 1
613 269 1
641 250 1
668 232 1
694 215 1
717 203 1
740 191 1
757 184 1
772 180 1
784 178 1
793 179 1
804 180 1
815 184 1
826 189 1
838 195 1
848 205 1
859 216 1
871 230 1
884 250 1
897 273 1
906 300 1
913 334 1
916 371 1
915 412 1
911 454 1
903 496 1
892 538 1
877 580 1
859 619 1
842 652 1
821 694 1
800 729 1
777 764 1
755 797 1
731 831 1
707 861 1
680 892 1
655 920 1
631 948 1
608 973 1
585 996 1
560 1022 1
533 1051 1
504 1080 1
475 1108 1
450 1132 1
425 1154 1
402 1172 1
378 1188 1
354 1204 1
327 1217 1
301 1229 1
274 1240 1
251 1247 1
233 1252 1
215 1253 1
200 1251 1
188 1245 1
177 1234 1
166 1217 1
159 1195 1
155 1165 1
156 1129 1
166 1082 1
178 1031 1
188 983 1
198 939 1
209 897 1
222 859 1
238 822 1
258 781 1
280 743 1
303 707 1
325 674 1
347 642 1
367 613 1
387 586 1
408 558 1
431 532 1
453 504 1
476 477 1
498 449 1
520 422 1
543 396 1
566 371 1
587 347 1
609 327 1
630 308 1
650 292 1
669 277 1
689 263 1
707 251 1
726 241 1
744 232 1
762 226 1
779 221 1
797 218 1
813 218 1
828 219 1
841 223 1
854 229 1
868 238 1
880 249 1
890 262 1
899 278 1
907 297 1
914 316 1
920 341 1
923 368 1
925 397 1
925 426 1
922 455 1
916 486 1
908 521 1
898 557 1
885 595 1
869 633 1
853 672 1
834 713 1
813 752 1
794 786 1
773 818 1
752 852 1
733 882 1
715 911 1
697 938 1
679 962 1
661 983 1
644 1003 1
624 1025 1
605 1046 1
583 1067 1
560 1089 1
536 1111 1
511 1133 1
485 1156 1
460 1179 1
435 1200 1
411 1218 1
388 1235 1
365 1250 1
346 1262 1
328 1270 1
312 1277 1
296 1279 1
281 1281 1
267 1281 1
251 1274 1
235 1266 1
219 1251 1
204 1230 1
191 1204 1
182 1176 1
175 1143 1
172 1105 1
174 1057 1
177 1003 1
180 948 1
185 900 1
192 860 1
202 827 1
213 795 1
226 765 1
240 735 1
258 705 1
278 676 1
299 645 1
320 616 1
341 585 1
361 557 1
381 529 1
401 503 1
421 478 1
444 451 1
469 423 1
497 392 1
527 359 1
558 328 1
583 305 1
607 288 1
630 276 1
650 268 1
670 262 1
690 257 1
711 255 1
730 253 1
752 254 1
772 255 1
791 256 1
809 258 1
825 260 1
838 263 1
852 266 1
864 271 1
873 276 1
882 282 1
890 290 1
896 300 1
903 314 1
908 333 1
913 359 1
916 388 1
916 420 1
913 454 1
908 487 1
902 521 1
894 553 1
885 585 1
877 615 1
867 646 1
857 675 1
845 704 1
832 734 1
817 763 1
802 792 1
783 822 1
764 852 1
745 883 1
721 916 1
695 950 1
670 982 1
645 1012 1
620 1041 1
595 1067 1
569 1093 1
542 1117 1
515 1139 1
487 1162 1
459 1185 1
432 1205 1
406 1222 1
386 1236 1
367 1246 1
350 1255 1
334 1261 1
319 1266 1
303 1269 1
288 1270 1
272 1268 1
255 1263 1
238 1253 1
223 1239 1
208 1220 1
195 1197 1
186 1172 1
182 1142 1
182 1110 1
186 1073 1
193 1037 1
199 1001 1
208 968 1
218 936 1
229 904 1
245 871 1
264 837 1
283 801 1
303 763 1
321 726 1
340 686 1
354 652 1
367 623 1
380 595 1
393 569 1
406 541 1
420 512 1
435 485 1
449 460 1
464 435 1
481 411 1
500 387 1
522 362 1
543 336 1
563 312 1
582 291 1
599 275 1
613 262 1
624 254 1
635 248 1
644 243 1
653 241 1
661 239 1
668 239 1
676 239 1
685 238 1
697 238 1
712 239 1
727 241 1
743 244 1
761 247 1
781 252 1
800 257 1
816 262 1
831 268 1
848 275 1
862 282 1
874 290 1
885 297 1
893 306 1
902 318 1
908 333 1
913 348 1
917 365 1
919 385 1
917 407 1
913 436 1
906 467 1
899 499 1
888 534 1
875 571 1
861 606 1
845 640 1
829 677 1
809 710 1
791 744 1
773 776 1
754 806 1
735 835 1
716 863 1
696 894 1
676 923 1
659 953 1
642 980 1
624 1006 1
606 1031 1
588 1057 1
570 1079 1
555 1100 1
540 1118 1
525 1134 1
510 1150 1
491 1168 1
471 1187 1
447 1206 1
420 1223 1
393 1240 1
365 1256 1
341 1264 1
316 1271 1
293 1274 1
270 1272 1
249 1267 1
229 1258 1
211 1247 1
195 1233 1
183 1214 1
175 1191 1
172 1164 1
173 1130 1
178 1094 1
184 1055 1
191 1018 1
196 983 1
201 947 1
206 911 1
213 877 1
220 838 1
228 795 1
236 749 1
245 701 1
259 655 1
277 610 1
296 568 1
316 529 1
339 493 1
362 458 1
389 426 1
415 397 1
443 374 1
470 353 1
495 335 1
520 318 1
544 302 1
565 288 1
585 277 1
604 267 1
622 257 1
642 247 1
662 237 1
682 230 1
701 222 1
718 217 1
737 212 1
757 207 1
780 204 1
803 199 1
828 197 1
849 195 1
869 195 1
884 195 1
898 196 1
910 199 1
919 202 1
927 208 1
935 214 1
942 225 1
948 239 1
953 258 1
956 284 1
958 318 1
959 355 1
955 396 1
949 437 1
938 477 1
925 519 1
911 561 1
894 602 1
876 642 1
859 679 1
841 715 1
825 746 1
808 777 1
790 806 1
773 832 1
754 860 1
733 887 1
712 916 1
691 945 1
669 972 1
649 998 1
627 1023 1
605 1048 1
584 1071 1
563 1094 1
541 1114 1
518 1134 1
496 1154 1
471 1174 1
447 1193 1
422 1209 1
398 1222 1
378 1233 1
359 1241 1
342 1247 1
325 1249 1
309 1250 1
292 1248 1
276 1244 1
262 1239 1
252 1234 1
242 1225 1
233 1211 1
226 1191 1
221 1164 1
222 1127 1
227 1082 1
236 1033 1
248 979 1
260 928 1
272 882 1
283 840 1
293 800 1
303 766 1
315 732 1
329 701 1
344 670 1
361 636 1
379 605 1
399 572 1
419 541 1
439 512 1
460 483 1
481 456 1
504 430 1
527 403 1
550 378 1
572 355 1
594 333 1
614 315 1
633 300 1
652 288 1
669 276 1
687 265 1
706 258 1
723 252 1
738 248 1
749 246 1
754 245 1
768 242 1
777 243 1
785 243 1
793 244 1
801 246 1
807 249 1
813 252 1
819 256 1
827 261 1
835 270 1
846 284 1
858 301 1
868 326 1
880 354 1
887 384 1
893 414 1
897 442 1
900 472 1
901 503 1
898 535 1
895 568 1
888 600 1
878 630 1
864 662 1
849 694 1
831 726 1
812 757 1
793 788 1
771 818 1
749 848 1
725 880 1
701 910 1
678 941 1
655 969 1
634 994 1
615 1016 1
598 1036 1
581 1054 1
566 1073 1
545 1097 1
520 1125 1
492 1154 1
466 1180 1
442 1204 1
420 1223 1
399 1241 1
381 1257 1
362 1269 1
344 1276 1
328 1281 1
310 1283 1
293 1279 1
275 1271 1
259 1255 1
245 1236 1
234 1207 1
223 1171 1
216 1130 1
208 1091 1
204 1048 1
203 1007 1
203 967 1
206 924 1
212 880 1
224 837 1
239 792 1
257 751 1
282 708 1
312 665 1
345 620 1
377 574 1
409 531 1
437 489 1
469 449 1
500 413 1
526 385 1
545 364 1
561 346 1
574 331 1
585 318 1
599 308 1
614 299 1
629 290 1
644 283 1
659 279 1
677 275 1
699 273 1
724 272 1
749 270 1
772 270 1
794 273 1
814 276 1
830 282 1
843 288 1
856 297 1
867 308 1
878 320 1
889 334 1
899 350 1
906 368 1
911 387 1
913 412 1
912 438 1
906 466 1
900 496 1
890 525 1
879 558 1
867 589 1
855 622 1
841 654 1
824 690 1
806 726 1
788 759 1
772 787 1
756 812 1
741 835 1
721 862 1
700 890 1
680 916 1
660 939 1
638 961 1
614 984 1
591 1006 1
565 1032 1
539 1059 1
513 1086 1
487 1112 1
462 1137 1
437 1163 1
413 1187 1
393 1206 1
375 1225 1
358 1238 1
345 1249 1
331 1258 1
318 1264 1
306 1267 1
292 1268 1
278 1265 1
266 1256 1
254 1245 1
242 1229 1
231 1208 1
219 1180 1
211 1148 1
205 1114 1
206 1077 1
207 1039 1
214 997 1
223 952 1
234 909 1
246 869 1
260 832 1
274 798 1
288 767 1
299 741 1
310 714 1
318 685 1
327 654 1
336 623 1
346 590 1
359 558 1
372 528 1
386 500 1
400 476 1
417 451 1
432 427 1
449 405 1
468 384 1
491 364 1
513 347 1
537 331 1
562 314 1
585 298 1
605 283 1
622 270 1
635 263 1
646 256 1
655 251 1
664 246 1
676 243 1
688 241 1
703 241 1
721 241 1
740 243 1
760 248 1
780 253 1
796 259 1
810 267 1
824 274 1
836 282 1
846 292 1
856 303 1
864 315 1
872 331 1
878 348 1
884 370 1
888 394 1
891 420 1
890 451 1
887 484 1
881 520 1
876 554 1
867 594 1
853 638 1
835 682 1
816 722 1
799 757 1
782 789 1
767 819 1
747 849 1
727 882 1
704 913 1
683 942 1
659 970 1
635 1000 1
609 1032 1
580 1064 1
553 1097 1
525 1129 1
499 1162 1
474 1187 1
455 1205 1
438 1218 1
425 1230 1
412 1240 1
400 1247 1
386 1254 1
372 1259 1
358 1264 1
344 1266 1
331 1265 1
317 1261 1
301 1254 1
284 1243 1
269 1229 1
255 1214 1
245 1194 1
236 1176 1
230 1149 1
226 1122 1
223 1093 1
224 1061 1
228 1029 1
234 995 1
243 962 1
251 929 1
261 895 1
270 863 1
280 832 1
290 798 1
302 765 1
314 729 1
329 695 1
342 661 1
356 630 1
370 601 1
384 574 1
399 549 1
415 525 1
431 500 1
449 478 1
466 457 1
484 433 1
510 409 1
537 384 1
562 362 1
584 343 1
604 325 1
623 311 1
640 298 1
654 287 1
669 276 1
683 265 1
700 256 1
718 246 1
739 238 1
760 230 1
776 226 1
790 224 1
802 224 1
812 224 1
820 226 1
828 228 1
836 232 1
843 237 1
851 243 1
859 252 1
868 263 1
877 280 1
887 300 1
896 322 1
905 345 1
912 369 1
917 393 1
922 418 1
925 445 1
927 474 1
925 503 1
919 534 1
910 568 1
900 603 1
887 639 1
870 676 1
852 713 1
829 753 1
805 793 1
776 834 1
745 873 1
712 913 1
681 947 1
653 980 1
625 1008 1
598 1035 1
570 1058 1
541 1081 1
510 1105 1
482 1129 1
455 1153 1
431 1172 1
408 1191 1
384 1207 1
360 1221 1
336 1232 1
315 1241 1
295 1246 1
276 1248 1
259 1249 1
244 1245 1
232 1240 1
222 1230 1
213 1216 1
205 1196 1
199 1168 1
199 1135 1
203 1097 1
209 1055 1
217 1011 1
226 966 1
236 924 1
244 886 1
254 851 1
266 815 1
279 780 1
293 747 1
308 713 1
323 679 1
340 645 1
361 605 1
387 560 1
415 515 1
440 480 1
463 448 1
485 423 1
509 398 1
535 374 1
560 351 1
584 329 1
607 309 1
632 291 1
654 278 1
675 267 1
691 260 1
708 254 1
727 248 1
747 244 1
767 240 1
786 241 1
802 241 1
816 243 1
828 246 1
840 251 1
851 256 1
864 263 1
877 272 1
891 284 1
903 298 1
912 313 1
922 335 1
930 358 1
935 386 1
940 418 1
941 453 1
938 489 1
932 527 1
922 565 1
910 607 1
893 649 1
875 688 1
855 725 1
835 759 1
814 789 1
792 821 1
766 854 1
737 888 1
708 922 1
679 954 1
652 985 1
623 1017 1
594 1046 1
568 1073 1
545 1097 1
521 1121 1
500 1143 1
479 1167 1
459 1186 1
440 1203 1
422 1217 1
405 1227 1
389 1236 1
374 1243 1
359 1249 1
347 1252 1
334 1254 1
322 1254 1
307 1249 1
294 1244 1
279 1233 1
265 1219 1
255 1197 1
246 1170 1
240 1136 1
238 1102 1
239 1068 1
243 1030 1
249 992 1
257 952 1
266 913 1
275 877 1
286 841 1
296 807 1
308 776 1
320 748 1
331 720 1
341 691 1
351 657 1
365 617 1
382 573 1
400 534 1
419 501 1
436 473 1
453 447 1
471 423 1
489 401 1
509 381 1
530 361 1
552 341 1
575 323 1
593 308 1
611 294 1
629 282 1
643 272 1
656 264 1
667 257 1
680 251 1
694 244 1
708 238 1
726 232 1
741 228 1
757 225 1
770 225 1
783 226 1
795 228 1
808 233 1
820 239 1
831 246 1
842 255 1
854 267 1
865 279 1
875 292 1
884 308 1
895 326 1
906 349 1
915 374 1
922 401 1
926 429 1
928 460 1
930 493 1
927 528 1
919 565 1
907 605 1
892 644 1
874 684 1
855 720 1
837 754 1
814 788 1
793 819 1
768 849 1
740 882 1
711 915 1
685 947 1
662 976 1
641 1001 1
621 1026 1
598 1051 1
576 1073 1
551 1095 1
526 1116 1
504 1135 1
482 1154 1
463 1172 1
442 1187 1
420 1201 1
399 1210 1
381 1218 1
365 1222 1
348 1225 1
332 1227 1
314 1229 1
297 1231 1
279 1231 1
262 1228 1
243 1221 1
226 1210 1
209 1193 1
196 1173 1
186 1152 1
179 1130 1
174 1110 1
172 1090 1
170 1072 1
174 1050 1
178 1022 1
185 991 1
193 959 1
202 926 1
213 893 1
227 861 1
244 825 1
264 789 1
284 755 1
302 722 1
319 690 1
338 658 1
361 622 1
387 583 1
414 547 1
438 517 1
461 491 1
482 466 1
507 439 1
533 411 1
557 388 1
576 369 1
594 353 1
611 341 1
627 329 1
643 317 1
659 305 1
673 296 1
690 287 1
708 280 1
725 275 1
741 273 1
757 271 1
775 272 1
792 273 1
807 276 1
821 280 1
834 284 1
845 293 1
858 300 1
868 315 1
878 333 1
886 354 1
893 381 1
897 409 1
899 438 1
900 467 1
899 496 1
897 523 1
896 551 1
893 580 1
889 612 1
883 643 1
874 673 1
863 704 1
852 733 1
838 761 1
824 790 1
804 819 1
784 851 1
759 886 1
730 920 1
703 954 1
677 984 1
652 1015 1
626 1047 1
596 1083 1
566 1117 1
538 1150 1
510 1180 1
483 1207 1
457 1233 1
431 1256 1
408 1275 1
389 1288 1
372 1295 1
358 1299 1
343 1297 1
329 1291 1
313 1279 1
297 1263 1
284 1245 1
273 1225 1
263 1203 1
255 1172 1
249 1138 1
245 1098 1
242 1061 1
243 1024 1
247 988 1
254 953 1
263 916 1
273 877 1
284 840 1
297 802 1
311 766 1
325 731 1
338 697 1
352 663 1
367 629 1
385 594 1
403 560 1
421 525 1
436 494 1
449 466 1
463 439 1
477 415 1
497 388 1
519 359 1
546 331 1
571 306 1
589 290 1
605 276 1
619 266 1
633 260 1
648 253 1
665 249 1
685 245 1
707 243 1
728 241 1
749 241 1
769 242 1
790 246 1
810 251 1
829 258 1
849 265 1
866 273 1
882 282 1
896 291 1
908 302 1
917 312 1
926 325 1
934 342 1
941 362 1
946 385 1
949 410 1
950 439 1
947 468 1
943 504 1
938 536 1
928 573 1
914 610 1
899 648 1
881 684 1
862 718 1
842 753 1
822 787 1
798 823 1
775 856 1
751 889 1
726 921 1
702 952 1
678 984 1
654 1018 1
632 1050 1
610 1084 1
589 1114 1
566 1144 1
544 1172 1
523 1196 1
505 1216 1
488 1235 1
473 1253 1
458 1265 1
444 1276 1
432 1284 1
418 1290 1
406 1294 1
391 1297 1
378 1298 1
360 1296 1
343 1293 1
322 1287 1
304 1279 1
287 1268 1
271 1256 1
256 1242 1
242 1223 1
228 1202 1
218 1175 1
207 1144 1
202 1110 1
199 1073 1
200 1034 1
202 995 1
204 955 1
208 916 1
216 878 1
227 845 1
241 814 1
256 785 1
271 755 1
290 726 1
308 700 1
325 676 1
343 652 1
360 626 1
378 599 1
395 572 1
411 543 1
428 515 1
446 488 1
466 463 1
486 440 1
506 418 1
528 399 1
552 382 1
575 366 1
596 351 1
614 339 1
631 328 1
646 318 1
661 310 1
677 302 1
693 296 1
709 292 1
723 289 1
735 288 1
745 288 1
753 289 1
762 290 1
770 292 1
776 293 1
782 294 1
786 296 1
791 298 1
798 303 1
804 307 1
811 314 1
820 326 1
829 339 1
838 357 1
847 378 1
856 406 1
866 439 1
875 477 1
882 514 1
887 552 1
888 589 1
886 628 1
883 662 1
878 692 1
872 717 1
865 740 1
855 763 1
841 790 1
824 818 1
804 847 1
784 876 1
761 906 1
737 936 1
711 967 1
687 999 1
665 1031 1
642 1063 1
618 1095 1
592 1125 1
565 1154 1
538 1181 1
516 1200 1
498 1217 1
481 1231 1
465 1246 1
449 1258 1
431 1269 1
417 1276 1
403 1283 1
389 1286 1
372 1287 1
352 1285 1
331 1281 1
309 1275 1
289 1267 1
273 1258 1
261 1248 1
250 1234 1
241 1215 1
236 1189 1
232 1159 1
232 1122 1
234 1084 1
239 1041 1
245 1000 1
252 960 1
260 922 1
266 885 1
273 847 1
281 808 1
294 768 1
306 730 1
320 697 1
333 667 1
345 638 1
361 608 1
380 571 1
402 539 1
422 508 1
440 485 1
457 464 1
473 444 1
493 424 1
518 402 1
542 381 1
564 362 1
585 344 1
608 327 1
632 311 1
654 299 1
676 287 1
695 279 1
710 272 1
723 268 1
734 265 1
745 265 1
757 265 1
771 265 1
787 266 1
803 268 1
820 273 1
838 279 1
855 286 1
870 292 1
882 299 1
894 307 1
902 316 1
908 325 1
914 339 1
920 359 1
925 383 1
928 410 1
930 438 1
931 465 1
933 494 1
931 524 1
928 557 1
921 590 1
910 627 1
897 665 1
886 700 1
875 733 1
861 766 1
844 799 1
827 830 1
809 859 1
790 886 1
771 911 1
752 937 1
732 963 1
710 991 1
688 1020 1
666 1047 1
647 1070 1
631 1088 1
615 1105 1
598 1120 1
581 1135 1
564 1150 1
546 1165 1
529 1180 1
511 1194 1
491 1207 1
468 1221 1
441 1238 1
413 1253 1
386 1267 1
364 1275 1
343 1280 1
327 1283 1
310 1282 1
290 1277 1
271 1267 1
253 1252 1
239 1232 1
225 1204 1
213 1172 1
202 1136 1
197 1101 1
195 1065 1
195 1028 1
195 985 1
195 942 1
199 900 1
207 860 1
218 822 1
232 783 1
256 739 1
281 701 1
308 665 1
337 626 1
368 582 1
400 539 1
428 501 1
453 470 1
480 440 1
510 409 1
545 376 1
578 346 1
606 321 1
630 302 1
649 287 1
668 277 1
684 271 1
703 266 1
723 263 1
743 263 1
763 264 1
782 269 1
801 277 1
821 288 1
856 318 1
870 337 1
883 358 1
895 385 1
904 415 1
910 449 1
911 486 1
909 527 1
901 571 1
890 617 1
874 663 1
852 710 1
829 756 1
804 802 1
777 843 1
720 921 1
691 957 1
666 988 1
644 1017 1
622 1043 1
600 1067 1
580 1089 1
560 1109 1
542 1125 1
524 1141 1
505 1157 1
482 1176 1
456 1194 1
427 1211 1
363 1244 1
332 1257 1
304 1264 1
279 1267 1
258 1263 1
240 1252 1
224 1232 1
212 1202 1
206 1162 1
205 1117 1
209 1070 1
216 1023 1
225 975 1
237 923 1
250 870 1
265 815 1
281 762 1
301 710 1
320 663 1
344 619 1
398 532 1
427 490 1
457 451 1
488 415 1
522 382 1
559 350 1
596 319 1
631 294 1
660 275 1
685 261 1
705 252 1
724 247 1
745 243 1
794 237 1
814 237 1
831 239 1
847 243 1
860 249 1
873 257 1
887 268 1
900 280 1
913 299 1
924 322 1
933 351 1
939 386 1
946 470 1
945 515 1
940 560 1
930 605 1
919 649 1
907 691 1
894 730 1
880 767 1
867 803 1
848 842 1
824 881 1
798 921 1
771 957 1
745 990 1
719 1021 1
689 1057 1
654 1096 1
614 1141 1
532 1230 1
499 1262 1
470 1287 1
451 1304 1
459 1298 0
