683 939 1
683 939 1
683 939 1
683 939 1
683 939 1
683 939 1
683 939 1
683 939 1
683 939 1
683 939 1
683 939 1
683 939 1
683 939 1
683 939 1
683 939 1
682 938 1
680 938 1
680 938 1
678 935 1
676 934 1
676 934 1
674 932 1
674 932 1
674 930 1
673 929 1
673 927 1
673 926 1
674 924 1
674 923 1
674 922 1
675 920 1
676 920 1
677 920 1
678 919 1
679 919 1
680 919 1
682 920 1
684 922 1
686 923 1
688 926 1
689 929 1
691 932 1
692 937 1
693 941 1
692 946 1
692 952 1
687 959 1
683 964 1
677 970 1
669 976 1
661 980 1
652 983 1
645 985 1
637 986 1
629 985 1
622 983 1
615 980 1
606 975 1
597 969 1
588 963 1
580 953 1
572 941 1
564 926 1
558 909 1
553 892 1
550 875 1
548 861 1
549 839 1
552 823 1
563 807 1
575 790 1
591 777 1
608 765 1
628 756 1
645 751 1
660 747 1
674 748 1
688 750 1
704 755 1
720 763 1
735 774 1
752 785 1
764 799 1
775 814 1
785 830 1
794 846 1
802 865 1
807 887 1
810 908 1
811 929 1
811 952 1
807 969 1
804 985 1
799 999 1
792 1015 1
784 1029 1
774 1043 1
762 1056 1
748 1066 1
731 1077 1
711 1088 1
688 1097 1
665 1102 1
640 1105 1
615 1106 1
587 1101 1
560 1096 1
537 1088 1
514 1077 1
492 1063 1
474 1049 1
459 1035 1
447 1021 1
436 1009 1
427 996 1
419 983 1
415 971 1
412 958 1
412 942 1
413 923 1
415 902 1
419 879 1
423 854 1
429 827 1
435 802 1
441 778 1
448 757 1
455 738 1
463 721 1
472 705 1
480 693 1
491 681 1
503 671 1
519 659 1
535 651 1
548 645 1
561 640 1
575 637 1
590 635 1
608 637 1
627 639 1
646 643 1
667 649 1
691 658 1
715 671 1
739 686 1
762 704 1
783 720 1
800 737 1
814 754 1
826 769 1
837 786 1
846 804 1
853 823 1
861 843 1
865 865 1
868 888 1
870 913 1
868 941 1
865 970 1
861 998 1
856 1025 1
851 1052 1
843 1080 1
835 1108 1
824 1135 1
810 1164 1
791 1189 1
770 1209 1
747 1228 1
725 1244 1
702 1257 1
680 1267 1
653 1273 1
623 1275 1
587 1273 1
551 1265 1
517 1254 1
485 1239 1
454 1221 1
426 1198 1
401 1172 1
380 1144 1
359 1115 1
342 1082 1
330 1049 1
320 1016 1
313 983 1
308 949 1
307 916 1
308 884 1
311 852 1
317 820 1
327 787 1
336 761 1
346 735 1
358 710 1
370 687 1
385 665 1
402 643 1
422 624 1
441 606 1
461 593 1
480 581 1
498 570 1
515 561 1
532 553 1
551 547 1
573 544 1
599 542 1
622 542 1
642 544 1
662 550 1
682 558 1
702 566 1
721 577 1
741 589 1
762 601 1
780 617 1
796 631 1
812 645 1
826 659 1
839 672 1
850 686 1
860 699 1
868 709 1
876 722 1
884 736 1
893 753 1
900 772 1
909 792 1
917 813 1
926 837 1
934 860 1
940 880 1
945 899 1
950 915 1
952 929 1
954 941 1
955 953 1
957 964 1
958 974 1
958 983 1
956 994 1
956 1004 1
953 1015 1
952 1028 1
949 1041 1
948 1055 1
945 1070 1
943 1089 1
940 1106 1
934 1126 1
925 1149 1
914 1170 1
901 1193 1
886 1218 1
868 1244 1
849 1271 1
828 1296 1
811 1315 1
794 1331 1
779 1341 1
766 1349 1
755 1354 1
742 1359 1
732 1361 1
720 1364 1
707 1366 1
691 1368 1
675 1370 1
660 1371 1
645 1373 1
631 1373 1
617 1374 1
600 1373 1
582 1373 1
565 1371 1
546 1369 1
526 1366 1
505 1361 1
482 1355 1
460 1344 1
439 1331 1
420 1316 1
399 1299 1
377 1280 1
358 1260 1
340 1240 1
324 1218 1
309 1196 1
298 1175 1
287 1151 1
277 1128 1
266 1103 1
258 1078 1
250 1053 1
242 1028 1
235 1003 1
230 980 1
226 958 1
223 937 1
220 915 1
219 893 1
217 869 1
219 845 1
221 822 1
223 799 1
228 775 1
233 755 1
238 734 1
243 715 1
246 699 1
251 685 1
256 670 1
261 654 1
267 638 1
273 623 1
284 605 1
296 586 1
310 567 1
323 550 1
338 535 1
351 523 1
364 511 1
376 502 1
385 494 1
395 488 1
404 484 1
413 479 1
427 475 1
442 471 1
462 468 1
484 466 1
505 466 1
525 466 1
546 467 1
564 467 1
583 469 1
602 473 1
621 476 1
639 482 1
658 488 1
675 494 1
692 500 1
704 505 1
717 511 1
731 519 1
747 528 1
763 539 1
782 553 1
799 565 1
817 579 1
832 593 1
846 607 1
857 621 1
867 635 1
878 651 1
889 667 1
898 684 1
908 701 1
917 721 1
926 742 1
935 766 1
942 790 1
951 816 1
960 844 1
968 871 1
976 895 1
982 918 1
988 939 1
992 960 1
995 978 1
998 994 1
1000 1011 1
1002 1025 1
1004 1038 1
1006 1051 1
1006 1064 1
1007 1077 1
1008 1092 1
1008 1107 1
1009 1120 1
1009 1134 1
1006 1150 1
1004 1167 1
1000 1186 1
995 1205 1
989 1225 1
983 1243 1
976 1262 1
967 1279 1
958 1300 1
947 1318 1
936 1337 1
924 1358 1
912 1378 1
898 1397 1
887 1412 1
874 1425 1
863 1438 1
851 1451 1
834 1462 1
818 1473 1
801 1482 1
784 1489 1
764 1497 1
741 1505 1
714 1512 1
681 1518 1
646 1521 1
607 1522 1
570 1521 1
532 1518 1
497 1514 1
462 1508 1
432 1498 1
403 1486 1
375 1471 1
348 1456 1
323 1442 1
298 1425 1
274 1407 1
251 1388 1
226 1367 1
206 1345 1
187 1320 1
169 1296 1
152 1269 1
138 1243 1
127 1214 1
119 1186 1
113 1154 1
111 1119 1
112 1082 1
111 1040 1
111 996 1
111 947 1
111 902 1
111 864 1
112 830 1
114 800 1
117 771 1
122 737 1
128 702 1
135 663 1
146 622 1
158 586 1
172 554 1
186 525 1
201 498 1
218 473 1
235 450 1
252 428 1
266 408 1
281 392 1
295 378 1
310 365 1
327 352 1
343 341 1
362 330 1
380 321 1
397 315 1
415 309 1
437 304 1
459 300 1
488 297 1
513 295 1
537 295 1
556 296 1
571 298 1
582 299 1
593 301 1
604 303 1
615 305 1
625 308 1
636 311 1
645 315 1
654 319 1
666 324 1
676 330 1
689 337 1
702 346 1
714 356 1
729 366 1
743 378 1
760 393 1
774 406 1
787 418 1
796 427 1
809 440 1
821 454 1
835 471 1
846 485 1
857 499 1
868 512 1
878 526 1
888 540 1
896 552 1
904 563 1
912 575 1
920 587 1
929 601 1
936 615 1
943 628 1
950 643 1
957 658 1
965 674 1
971 689 1
977 703 1
984 716 1
989 730 1
995 746 1
1000 760 1
1004 773 1
1007 784 1
1010 795 1
1012 807 1
1015 823 1
1017 839 1
1019 854 1
1021 871 1
1023 887 1
1024 903 1
1026 919 1
1027 935 1
1029 952 1
1031 969 1
1033 985 1
1035 1002 1
1037 1020 1
1039 1037 1
1040 1054 1
1041 1070 1
1042 1083 1
1042 1096 1
1042 1109 1
1042 1123 1
1042 1137 1
1042 1153 1
1040 1170 1
1039 1187 1
1040 1207 1
1040 1229 1
1040 1252 1
1040 1276 1
1039 1300 1
1039 1324 1
1039 1344 1
1038 1363 1
1038 1378 1
1037 1389 1
1035 1397 1
1035 1403 1
1033 1408 1
1033 1410 1
1033 1412 1
1033 1416 1
1031 1420 1
1028 1429 1
1020 1444 1
1008 1464 1
990 1490 1
970 1517 1
950 1541 1
933 1560 1
917 1575 1
905 1586 1
895 1596 1
890 1601 1
884 1606 1
879 1610 1
873 1613 1
867 1616 1
856 1620 1
844 1624 1
826 1631 1
803 1639 1
776 1648 1
748 1659 1
720 1668 1
698 1675 1
676 1681 1
654 1686 1
632 1690 1
610 1693 1
590 1698 1
569 1699 1
552 1700 1
532 1701 1
512 1699 1
494 1697 1
475 1695 1
455 1692 1
433 1686 1
411 1680 1
390 1673 1
369 1667 1
351 1662 1
332 1657 1
315 1651 1
296 1645 1
279 1638 1
261 1628 1
243 1616 1
225 1603 1
206 1589 1
190 1575 1
176 1561 1
164 1548 1
156 1536 1
149 1525 1
142 1514 1
136 1503 1
129 1491 1
123 1478 1
117 1462 1
110 1440 1
103 1414 1
96 1386 1
90 1358 1
85 1331 1
80 1304 1
76 1274 1
72 1235 1
71 1210 1
72 1224 0
