151 1200 1
151 1199 1
152 1196 1
155 1193 1
160 1188 1
170 1178 1
185 1161 1
203 1137 1
222 1113 1
238 1088 1
249 1064 1
264 1027 1
266 1010 1
268 993 1
268 980 1
265 969 1
256 962 1
245 960 1
233 960 1
223 964 1
212 971 1
205 982 1
200 993 1
197 1003 1
198 1013 1
202 1026 1
212 1038 1
226 1050 1
245 1061 1
264 1071 1
283 1082 1
297 1096 1
307 1110 1
311 1124 1
310 1140 1
303 1157 1
290 1174 1
268 1188 1
243 1200 1
219 1205 1
197 1208 1
181 1206 1
169 1201 1
160 1192 1
156 1183 1
158 1187 0
509 1161 1
509 1159 1
509 1158 1
509 1156 1
510 1150 1
512 1138 1
515 1117 1
522 1088 1
528 1053 1
535 1020 1
541 991 1
543 974 1
543 964 1
541 954 1
533 952 1
516 953 1
497 958 1
478 969 1
464 980 1
455 989 1
450 994 1
447 1001 1
445 1011 1
450 1018 1
460 1027 1
480 1036 1
501 1046 1
524 1055 1
543 1065 1
559 1075 1
570 1083 1
579 1092 1
584 1099 1
588 1108 1
589 1118 1
587 1127 1
583 1135 1
577 1141 1
571 1145 1
564 1149 1
558 1151 1
552 1149 1
547 1146 1
543 1139 1
542 1135 1
543 1138 0
757 1144 1
757 1142 1
757 1139 1
760 1134 1
765 1116 1
775 1089 1
784 1056 1
789 1018 1
792 982 1
791 942 1
788 920 1
781 911 1
775 906 1
766 903 1
756 905 1
745 907 1
735 915 1
727 922 1
722 928 1
719 933 1
717 944 1
718 954 1
722 964 1
737 975 1
758 987 1
780 999 1
801 1014 1
820 1030 1
836 1045 1
844 1055 1
849 1064 1
853 1074 1
854 1087 1
850 1102 1
842 1116 1
831 1127 1
819 1132 1
806 1134 1
794 1130 1
781 1121 1
771 1111 1
772 1112 0
