1037 515 1
1037 515 1
1037 515 1
1037 515 1
1037 515 1
1037 515 1
1037 515 1
1037 515 1
1037 515 1
1037 515 1
1035 515 1
1035 515 1
1034 519 1
1033 527 1
1031 538 1
1030 553 1
1030 571 1
1030 591 1
1029 612 1
1029 634 1
1029 654 1
1029 672 1
1029 687 1
1029 699 1
1029 708 1
1029 715 1
1029 721 1
1028 726 1
1028 729 1
1028 732 1
1028 736 1
1028 739 1
1027 742 1
1027 746 1
1025 755 1
1016 766 1
1000 780 1
980 792 1
961 803 1
945 808 1
935 812 1
927 813 1
921 814 1
912 814 1
906 814 1
902 813 1
897 813 1
893 812 1
890 810 1
888 810 1
886 809 1
886 807 1
885 807 1
883 805 1
883 805 1
884 805 1
882 802 1
882 802 1
884 802 1
884 800 1
885 798 1
885 798 1
887 796 1
888 796 1
891 796 1
897 795 1
902 795 1
907 795 1
913 796 1
917 797 1
923 801 1
933 814 1
937 828 1
942 842 1
943 856 1
943 872 1
941 889 1
938 904 1
934 915 1
928 927 1
925 936 1
920 945 1
917 951 1
913 957 1
911 960 1
909 962 1
909 964 1
907 965 1
908 965 0
731 678 1
731 678 1
731 678 1
731 678 1
731 678 1
731 678 1
731 680 1
734 686 1
739 697 1
746 713 1
756 733 1
766 753 1
777 771 1
784 785 1
792 798 1
796 808 1
800 818 1
802 826 1
803 833 1
801 840 1
798 852 1
790 862 1
775 872 1
758 880 1
744 884 1
733 886 1
726 887 1
720 887 1
715 887 1
711 886 1
708 886 1
706 884 1
704 882 1
704 881 1
703 879 1
703 877 1
705 875 1
708 872 1
713 869 1
719 866 1
727 864 1
732 864 1
737 864 1
742 867 1
748 877 1
752 890 1
755 906 1
753 926 1
749 950 1
741 973 1
732 995 1
725 1016 1
719 1033 1
713 1043 1
709 1050 1
711 1048 0
526 791 1
526 791 1
526 791 1
526 791 1
526 791 1
526 791 1
526 791 1
526 791 1
527 792 1
529 796 1
536 804 1
547 817 1
560 830 1
575 848 1
589 866 1
602 883 1
611 898 1
616 908 1
619 916 1
621 923 1
618 934 1
608 946 1
587 961 1
561 976 1
539 983 1
520 988 1
503 991 1
490 991 1
480 989 1
474 987 1
468 984 1
464 980 1
462 977 1
461 974 1
461 972 1
462 968 1
465 966 1
471 962 1
481 959 1
492 955 1
502 953 1
510 951 1
518 952 1
525 956 1
530 961 1
533 971 1
535 983 1
531 1001 1
525 1020 1
518 1037 1
511 1051 1
506 1060 1
501 1067 1
500 1071 1
501 1069 0
314 906 1
314 906 1
314 906 1
314 906 1
314 906 1
314 906 1
314 906 1
314 906 1
316 909 1
319 914 1
328 923 1
339 935 1
351 949 1
363 963 1
371 973 1
377 981 1
381 986 1
383 990 1
384 994 1
379 1003 1
369 1015 1
345 1033 1
314 1051 1
278 1066 1
237 1080 1
219 1084 1
209 1084 1
201 1084 1
197 1082 1
192 1080 1
191 1079 1
189 1077 1
191 1073 1
193 1069 1
198 1063 1
206 1057 1
215 1053 1
223 1050 1
229 1048 1
235 1049 1
242 1052 1
245 1057 1
249 1065 1
252 1076 1
253 1091 1
250 1108 1
245 1128 1
237 1149 1
229 1168 1
229 1169 1
229 1169 0
