65 1295 1
65 1295 1
65 1295 1
65 1293 1
65 1290 1
65 1284 1
66 1273 1
66 1260 1
67 1245 1
70 1224 1
72 1203 1
75 1182 1
79 1160 1
84 1138 1
94 1102 1
101 1065 1
103 1032 1
105 999 1
110 960 1
116 925 1
121 894 1
124 866 1
126 844 1
127 821 1
128 796 1
128 765 1
128 733 1
128 707 1
127 692 1
127 682 1
125 676 1
125 672 1
123 669 1
123 667 1
117 668 1
112 669 1
103 678 1
95 692 1
89 704 1
84 718 1
80 734 1
77 746 1
75 756 1
75 765 1
75 775 1
76 795 1
80 811 1
88 827 1
95 844 1
103 864 1
109 886 1
116 908 1
121 930 1
126 950 1
130 967 1
132 983 1
135 1001 1
136 1019 1
137 1032 1
138 1042 1
139 1050 1
140 1061 1
141 1073 1
142 1086 1
143 1099 1
144 1112 1
145 1124 1
146 1137 1
147 1151 1
150 1165 1
153 1175 1
158 1184 1
162 1192 1
164 1198 1
167 1203 1
170 1208 1
172 1211 1
174 1214 1
177 1217 1
179 1219 1
181 1221 1
183 1223 1
186 1224 1
189 1226 1
194 1227 1
199 1228 1
205 1228 1
212 1228 1
220 1223 1
230 1217 1
242 1208 1
253 1197 1
264 1184 1
272 1170 1
278 1153 1
283 1132 1
289 1110 1
294 1087 1
298 1064 1
303 1042 1
307 1021 1
311 1001 1
313 982 1
316 963 1
318 945 1
320 927 1
320 909 1
318 890 1
316 873 1
314 855 1
312 838 1
310 823 1
307 808 1
305 795 1
302 783 1
299 774 1
298 769 1
296 765 1
296 762 1
294 760 1
294 758 1
294 755 1
292 752 1
290 750 1
288 747 1
286 746 1
284 744 1
282 744 1
279 744 1
274 745 1
268 750 1
260 757 1
254 767 1
247 778 1
243 790 1
239 804 1
238 818 1
238 832 1
238 848 1
240 867 1
245 890 1
248 912 1
252 933 1
257 955 1
263 975 1
267 993 1
270 1012 1
274 1028 1
278 1042 1
282 1057 1
285 1075 1
289 1094 1
293 1112 1
297 1129 1
301 1144 1
304 1159 1
308 1172 1
311 1182 1
314 1192 1
316 1201 1
319 1209 1
322 1219 1
327 1230 1
330 1241 1
335 1250 1
340 1257 1
344 1262 1
348 1266 1
351 1269 1
356 1271 1
360 1271 1
365 1269 1
372 1262 1
378 1252 1
385 1237 1
392 1214 1
399 1187 1
403 1155 1
406 1123 1
408 1097 1
410 1073 1
410 1051 1
410 1030 1
410 1006 1
411 981 1
414 958 1
417 940 1
420 926 1
423 916 1
426 906 1
428 896 1
430 883 1
432 866 1
432 849 1
433 832 1
433 816 1
431 803 1
429 792 1
427 784 1
424 776 1
420 769 1
417 764 1
414 759 1
412 756 1
409 755 1
407 755 1
404 757 1
401 761 1
397 767 1
394 776 1
391 786 1
389 799 1
387 814 1
386 833 1
386 850 1
387 869 1
388 886 1
389 902 1
391 917 1
393 934 1
397 953 1
400 974 1
405 992 1
409 1015 1
413 1034 1
415 1053 1
417 1071 1
417 1087 1
419 1101 1
421 1112 1
423 1122 1
424 1130 1
427 1140 1
429 1149 1
431 1159 1
434 1170 1
439 1180 1
444 1192 1
448 1204 1
453 1218 1
457 1230 1
461 1240 1
464 1249 1
468 1256 1
472 1261 1
477 1267 1
480 1270 1
483 1273 1
488 1275 1
493 1273 1
498 1269 1
502 1261 1
509 1244 1
515 1219 1
520 1192 1
524 1161 1
527 1133 1
528 1104 1
530 1075 1
530 1046 1
531 1019 1
532 996 1
534 976 1
536 963 1
538 951 1
541 937 1
541 924 1
542 913 1
542 904 1
542 894 1
541 885 1
539 876 1
536 865 1
533 856 1
529 849 1
526 843 1
523 839 1
521 836 1
519 834 1
517 834 1
515 834 1
513 836 1
510 839 1
507 845 1
502 854 1
498 866 1
493 880 1
490 895 1
489 908 1
488 923 1
489 938 1
491 954 1
494 969 1
498 984 1
502 1000 1
508 1019 1
514 1039 1
519 1059 1
524 1079 1
527 1099 1
530 1117 1
532 1134 1
535 1154 1
538 1173 1
541 1191 1
545 1208 1
550 1226 1
555 1244 1
561 1260 1
566 1273 1
571 1285 1
575 1295 1
578 1304 1
582 1309 1
584 1312 1
586 1314 1
587 1315 1
588 1317 1
590 1316 1
592 1314 1
598 1307 1
608 1290 1
621 1263 1
635 1225 1
645 1186 1
653 1149 1
657 1114 1
661 1082 1
663 1053 1
663 1028 1
660 1006 1
657 985 1
653 965 1
650 944 1
648 924 1
648 904 1
647 884 1
647 865 1
646 851 1
644 838 1
642 827 1
641 816 1
638 808 1
637 803 1
635 798 1
634 797 1
632 795 1
632 794 1
630 794 1
628 794 1
625 796 1
622 800 1
617 807 1
614 816 1
609 827 1
606 839 1
602 853 1
600 868 1
600 885 1
601 904 1
604 926 1
609 948 1
615 972 1
619 994 1
624 1019 1
631 1041 1
636 1066 1
642 1090 1
648 1110 1
652 1128 1
657 1147 1
660 1164 1
663 1182 1
666 1198 1
671 1215 1
676 1234 1
681 1251 1
686 1266 1
691 1278 1
696 1292 1
701 1304 1
705 1314 1
707 1321 1
710 1327 1
712 1333 1
713 1336 1
714 1339 1
716 1342 1
717 1344 1
719 1346 1
721 1348 1
721 1349 1
723 1349 1
725 1345 1
730 1338 1
738 1318 1
749 1291 1
762 1259 1
771 1224 1
778 1191 1
784 1158 1
786 1123 1
787 1091 1
785 1062 1
784 1036 1
781 1010 1
776 981 1
773 949 1
768 917 1
765 889 1
762 865 1
759 850 1
756 837 1
753 829 1
752 825 1
750 821 1
750 820 1
748 818 1
748 818 1
746 819 1
744 820 1
741 822 1
735 828 1
730 836 1
725 845 1
719 861 1
715 878 1
712 895 1
710 914 1
711 934 1
713 956 1
718 976 1
722 996 1
728 1016 1
734 1035 1
737 1052 1
741 1069 1
744 1086 1
748 1107 1
752 1126 1
756 1146 1
762 1167 1
767 1186 1
773 1205 1
778 1222 1
783 1238 1
789 1252 1
795 1264 1
799 1275 1
803 1283 1
806 1290 1
809 1298 1
812 1304 1
817 1310 1
819 1316 1
822 1321 1
825 1325 1
826 1327 1
828 1329 1
829 1330 1
831 1332 1
833 1333 1
836 1334 1
840 1336 1
844 1335 1
847 1333 1
852 1329 1
858 1321 1
866 1306 1
877 1285 1
887 1258 1
895 1229 1
900 1195 1
901 1161 1
902 1131 1
901 1105 1
899 1081 1
899 1060 1
896 1037 1
893 1015 1
889 991 1
885 968 1
881 947 1
876 928 1
872 910 1
867 891 1
864 876 1
859 863 1
857 854 1
854 848 1
852 844 1
852 843 1
850 841 1
850 841 1
850 841 1
849 843 1
847 846 1
844 855 1
841 868 1
837 885 1
834 905 1
832 927 1
833 950 1
834 972 1
835 991 1
838 1011 1
844 1029 1
848 1050 1
854 1073 1
860 1096 1
863 1116 1
866 1137 1
869 1157 1
872 1176 1
876 1195 1
880 1211 1
885 1227 1
889 1243 1
894 1255 1
899 1266 1
902 1274 1
907 1282 1
912 1289 1
917 1294 1
921 1298 1
925 1300 1
928 1301 1
932 1300 1
936 1296 1
943 1288 1
950 1274 1
957 1257 1
963 1231 1
970 1203 1
972 1171 1
975 1140 1
976 1112 1
978 1085 1
979 1059 1
980 1033 1
981 1007 1
982 986 1
983 967 1
983 951 1
983 936 1
983 918 1
982 900 1
980 883 1
978 869 1
975 858 1
971 850 1
968 842 1
963 837 1
960 832 1
955 828 1
951 827 1
947 825 1
943 826 1
939 826 1
936 827 1
933 830 1
930 834 1
927 841 1
924 846 1
924 855 1
922 865 1
923 878 1
923 892 1
924 906 1
927 922 1
930 940 1
935 959 1
940 977 1
944 998 1
949 1019 1
955 1039 1
960 1060 1
965 1081 1
970 1101 1
976 1119 1
980 1136 1
986 1153 1
991 1171 1
996 1188 1
1001 1201 1
1006 1215 1
1013 1229 1
1018 1242 1
1023 1254 1
1028 1262 1
1032 1270 1
1036 1276 1
1035 1274 0
